0.2421 0.9 0.407959968929
0.28341 0.99 0.464773851378
0.308241 0.999 0.493727671641
0.3206241 0.9999 0.518692663379
0.31736241 0.99999 0.534341141438
0.328736241 0.999999 0.537175173606
0.3073736241 0.9999999 0.52981615608
0.30613736241 0.99999999 0.52608198976
0.291613736241 0.999999999 0.525898439271
0.309061373624 0.9999999999 0.517295075248
0.310806137362 0.99999999999 0.497659843791
0.319980613736 0.999999999999 0.471813017567
0.318198061374 1.0 0.465265920629
0.320719806137 1.0 0.478791925094
0.312871980614 1.0 0.490483486921
0.314787198061 1.0 0.500125703469
0.327578719806 1.0 0.516495423283
0.327057871981 1.0 0.535102890189
0.341405787198 1.0 0.547244147285
0.33114057872 1.0 0.550064013666
0.324714057872 1.0 0.547864677772
0.343871405787 1.0 0.546713470443
0.343087140579 1.0 0.541790246322
0.311508714058 1.0 0.529122120022
0.304750871406 1.0 0.507920013371
0.265375087141 1.0 0.481254347721
0.280337508714 1.0 0.478534452557
0.278233750871 1.0 0.502825306017
0.291523375087 1.0 0.525484729904
0.326152337509 1.0 0.543701385148
0.323315233751 1.0 0.558481697292
0.340131523375 1.0 0.567456957675
0.342713152338 1.0 0.57668709237
0.358271315234 1.0 0.578459998545
0.320227131523 1.0 0.572020113086
0.351522713152 1.0 0.559572278188
0.351952271315 1.0 0.545049374734
0.338495227132 1.0 0.535714704042
0.323649522713 1.0 0.520944548153
0.342864952271 1.0 0.500784558229
0.309686495227 1.0 0.492636683216
0.314468649523 1.0 0.504676767547
0.306846864952 1.0 0.517902918976
0.323184686495 1.0 0.533091873773
0.33741846865 1.0 0.551972685192
0.327141846865 1.0 0.562705834174
0.335114184686 1.0 0.569600497124
0.334111418469 1.0 0.578180463068
0.343911141847 1.0 0.590470788675
0.346691114185 1.0 0.593988846623
0.315469111418 1.0 0.586701312937
0.322246911142 1.0 0.575161548797
0.296824691114 1.0 0.563573699776
0.286182469111 1.0 0.551205124816
0.274318246911 1.0 0.551635232827
0.288431824691 1.0 0.567635007216
0.290743182469 1.0 0.585349674953
0.301774318247 1.0 0.601965811153
0.333477431825 1.0 0.610390929347
0.334847743182 1.0 0.608785239689
0.328684774318 1.0 0.60458524894
0.330768477432 1.0 0.603170283801
0.346276847743 1.0 0.599931156303
0.328927684774 1.0 0.586432692106
0.307392768477 1.0 0.563380697093
0.329539276848 1.0 0.543759005482
0.335353927685 1.0 0.53177654452
0.338635392768 1.0 0.521268792627
0.312863539277 1.0 0.511347493561
0.334586353928 1.0 0.521114065896
0.319658635393 1.0 0.53364428021
0.340665863539 1.0 0.548108073445
0.317566586354 1.0 0.560553275148
0.312556658635 1.0 0.56783325215
0.328255665864 1.0 0.580156246785
0.335225566586 1.0 0.598770900558
0.339522556659 1.0 0.614331883023
0.307552255666 1.0 0.620144065919
0.334955225567 1.0 0.617185167512
0.316095522557 1.0 0.615441694914
0.296209552256 1.0 0.6115718599
0.288820955226 1.0 0.602751316427
0.285382095523 1.0 0.597439642391
0.293138209552 1.0 0.606728542245
0.282213820955 1.0 0.615301421735
0.292821382096 1.0 0.631429132799
0.31728213821 1.0 0.637817614186
0.324228213821 1.0 0.636010711681
0.306922821382 1.0 0.624439956703
0.331292282138 1.0 0.616303740341
0.344529228214 1.0 0.609580627171
0.337752922821 1.0 0.60145232955
0.345175292282 1.0 0.588741664979
0.345917529228 1.0 0.570475279586
0.330691752923 1.0 0.563472399717
0.303069175292 1.0 0.561335136867
0.315606917529 1.0 0.570330033479
0.296160691753 1.0 0.57541854793
0.335616069175 1.0 0.581929500643
0.331461606918 1.0 0.589364904981
0.309446160692 1.0 0.589336290043
0.316244616069 1.0 0.588979994232
0.332224461607 1.0 0.604079234519
0.342822446161 1.0 0.619779571042
0.354682244616 1.0 0.634033597362
0.336968224462 1.0 0.63655013935
0.356796822446 1.0 0.636107369859
0.320079682245 1.0 0.643376595061
0.302907968224 1.0 0.64124969421
0.285890796822 1.0 0.631674650863
0.274289079682 1.0 0.619923181484
0.281228907968 1.0 0.624198286725
0.294522890797 1.0 0.623218280575
0.30305228908 1.0 0.624045906674
0.293105228908 1.0 0.627391639154
0.340710522891 1.0 0.62869957908
0.327471052289 1.0 0.626925357312
0.343247105229 1.0 0.616693955627
0.334924710523 1.0 0.600742393365
0.334092471052 1.0 0.597326516861
0.316909247105 1.0 0.601052254984
0.340390924711 1.0 0.603969737571
0.335539092471 1.0 0.600629242551
0.337753909247 1.0 0.591765609044
0.323575390925 1.0 0.597192488948
0.325757539092 1.0 0.600336195666
0.347575753909 1.0 0.602085044222
0.324557575391 1.0 0.601570242232
0.322255757539 1.0 0.599465417321
0.328325575754 1.0 0.606688253399
0.328932557575 1.0 0.616472488975
0.308293255758 1.0 0.622083700207
0.334129325576 1.0 0.624362405242
0.334012932558 1.0 0.624970524587
0.330401293256 1.0 0.633540246841
0.336340129326 1.0 0.642318551127
0.309034012933 1.0 0.637518466203
0.284703401293 1.0 0.622602825936
0.279570340129 1.0 0.618724061482
0.293457034013 1.0 0.626318268564
0.283145703401 1.0 0.623867928853
0.30281457034 1.0 0.620612363707
0.301181457034 1.0 0.62030414328
0.327118145703 1.0 0.623211234408
0.32251181457 1.0 0.631024698006
0.307651181457 1.0 0.631593764269
0.323265118146 1.0 0.621973066677
0.334726511815 1.0 0.609423333024
0.334072651181 1.0 0.604962581659
0.332207265118 1.0 0.608858141839
0.316720726512 1.0 0.608652132097
0.314272072651 1.0 0.603436883706
0.328427207265 1.0 0.598402402314
0.359542720727 1.0 0.602830003022
0.327554272073 1.0 0.608821034637
0.330655427207 1.0 0.61380463374
0.357965542721 1.0 0.618745472347
0.361596554272 1.0 0.623863464711
0.335859655427 1.0 0.624138715504
0.333285965543 1.0 0.626722963249
0.340228596554 1.0 0.62699538607
0.342722859655 1.0 0.626988780816
0.321372285966 1.0 0.626914963678
0.319237228597 1.0 0.619623756556
0.29202372286 1.0 0.606674179072
0.265902372286 1.0 0.585834927092
0.258790237229 1.0 0.568509287336
0.288679023723 1.0 0.577085470719
0.301567902372 1.0 0.584018897026
0.301956790237 1.0 0.589304274987
0.318195679024 1.0 0.59675516936
0.338719567902 1.0 0.600451973276
0.35517195679 1.0 0.614478944387
0.338817195679 1.0 0.626069029368
0.307481719568 1.0 0.626406904318
0.351148171957 1.0 0.619064923399
0.337514817196 1.0 0.608192205089
0.33075148172 1.0 0.610033152107
0.341775148172 1.0 0.612311747402
0.338377514817 1.0 0.607136243944
0.333537751482 1.0 0.604663337582
0.321353775148 1.0 0.610781400245
0.346235377515 1.0 0.611958369179
0.329823537751 1.0 0.616525782819
0.322782353775 1.0 0.616415536586
0.310378235378 1.0 0.611566282916
0.327137823538 1.0 0.605063712106
0.338713782354 1.0 0.606475864726
0.330871378235 1.0 0.608835518342
0.344487137824 1.0 0.600039339474
0.332348713782 1.0 0.584485390492
0.317634871378 1.0 0.566557061109
0.305363487138 1.0 0.550166783717
0.285236348714 1.0 0.529895435751
0.276023634871 1.0 0.509419876857
0.290402363487 1.0 0.518776541393
0.280140236349 1.0 0.52180977658
0.266514023635 1.0 0.531447243838
0.309251402363 1.0 0.548427899382
0.298225140236 1.0 0.560307659104
0.309722514024 1.0 0.573605935899
0.299172251402 1.0 0.58739754715
0.31431722514 1.0 0.594404785327
0.312231722514 1.0 0.594680345521
0.322823172251 1.0 0.594434431363
0.289682317225 1.0 0.597745226942
0.317868231723 1.0 0.601914925345
0.292786823172 1.0 0.599592421604
0.287578682317 1.0 0.588988221825
0.282557868232 1.0 0.590106665049
0.306355786823 1.0 0.597751836126
0.312335578682 1.0 0.601212150277
0.299433557868 1.0 0.596727040503
0.317943355787 1.0 0.59461593281
0.328794335579 1.0 0.595182980072
0.299279433558 1.0 0.595078970694
0.303527943356 1.0 0.587132925884
0.316552794336 1.0 0.572853321197
0.312455279434 1.0 0.560713420734
0.314745527943 1.0 0.548802791137
0.276274552794 1.0 0.529740704882
0.255327455279 1.0 0.499780719511
0.238832745528 1.0 0.49539649429
0.281283274553 1.0 0.517374203137
0.300828327455 1.0 0.534207465929
0.296482832746 1.0 0.550568996254
0.326648283275 1.0 0.566607024396
0.329664828327 1.0 0.583832878637
0.336266482833 1.0 0.600379436366
0.335126648283 1.0 0.608257134151
0.335012664828 1.0 0.60690456669
0.351201266483 1.0 0.605978594851
0.317720126648 1.0 0.611171983654
0.331472012665 1.0 0.616897560779
0.328347201266 1.0 0.61556794206
0.303734720127 1.0 0.605303853383
0.311173472013 1.0 0.603014661689
0.316417347201 1.0 0.610616532656
0.34934173472 1.0 0.61239136625
0.305834173472 1.0 0.612970531976
0.328483417347 1.0 0.609465390944
0.340648341735 1.0 0.609828179357
0.346364834173 1.0 0.618593509227
0.339736483417 1.0 0.626815746661
0.330973648342 1.0 0.626212984044
0.342697364834 1.0 0.614245782069
0.341169736483 1.0 0.602155117401
0.326616973648 1.0 0.596690393294
0.283761697365 1.0 0.588216887065
0.295676169736 1.0 0.568285631314
0.272567616974 1.0 0.559668925534
0.301756761697 1.0 0.576201434539
0.30467567617 1.0 0.592674432052
0.312167567617 1.0 0.606921403364
0.304816756762 1.0 0.619072926559
0.332881675676 1.0 0.626664314664
0.334788167568 1.0 0.62604817498
0.326878816757 1.0 0.627303214326
0.335087881676 1.0 0.625960297344
0.337708788168 1.0 0.623631574432
0.319070878817 1.0 0.623810666514
0.341507087882 1.0 0.618132638116
0.310450708788 1.0 0.614056073076
0.337045070879 1.0 0.6075554765
0.342404507088 1.0 0.600567756051
0.350140450709 1.0 0.603046538396
0.337414045071 1.0 0.607335007067
0.313641404507 1.0 0.608869019172
0.313964140451 1.0 0.608357651998
0.339196414045 1.0 0.605581893088
0.357019641405 1.0 0.608703999785
0.34260196414 1.0 0.622675040089
0.340260196414 1.0 0.631750418176
0.317526019641 1.0 0.630518941141
0.336852601964 1.0 0.624084645862
0.321685260196 1.0 0.620100030127
0.28416852602 1.0 0.620294138049
0.293016852602 1.0 0.612612896285
0.29570168526 1.0 0.614482995644
0.289670168526 1.0 0.62589416198
0.283667016853 1.0 0.629767222496
0.295666701685 1.0 0.63863474934
0.307666670169 1.0 0.642101819729
0.334066667017 1.0 0.633106054316
0.317806666702 1.0 0.626082119927
0.33148066667 1.0 0.624264987283
0.338248066667 1.0 0.622149598355
0.359624806667 1.0 0.616112392386
0.349162480667 1.0 0.606547849811
0.347216248067 1.0 0.600560259927
0.316421624807 1.0 0.601578946592
0.348442162481 1.0 0.603633848577
0.337244216248 1.0 0.605108746196
0.301024421625 1.0 0.601127821391
0.321702442162 1.0 0.597819582814
0.344470244216 1.0 0.601394799861
0.328747024422 1.0 0.603486509773
0.326274702442 1.0 0.601159072616
0.333227470244 1.0 0.595738500736
0.344722747024 1.0 0.601016007456
0.347672274702 1.0 0.616925361254
0.35066722747 1.0 0.626256021983
0.326666722747 1.0 0.62893450831
0.296366672275 1.0 0.62651872543
0.298736667227 1.0 0.623324583042
0.298973666723 1.0 0.615634579645
0.275597366672 1.0 0.610820635803
0.285859736667 1.0 0.623288032157
0.297685973667 1.0 0.634332434876
0.254768597367 1.0 0.642008814411
0.304476859737 1.0 0.643555680439
0.336447685974 1.0 0.634553994366
0.338744768597 1.0 0.636917173484
0.34437447686 1.0 0.634111895628
0.335937447686 1.0 0.620145360191
0.327893744769 1.0 0.604705886704
0.328889374477 1.0 0.588021041621
0.340688937448 1.0 0.589713935985
0.313968893745 1.0 0.589136363256
0.305896889374 1.0 0.581790750598
0.321289688937 1.0 0.576034900242
0.339028968894 1.0 0.575989034606
0.334502896889 1.0 0.568560331349
0.327750289689 1.0 0.56343457214
0.325275028969 1.0 0.571706728446
0.338527502897 1.0 0.588824052823
0.30475275029 1.0 0.601902055861
0.335575275029 1.0 0.609313538266
0.353057527503 1.0 0.615592925384
0.34130575275 1.0 0.625305801287
0.355430575275 1.0 0.636194742913
0.328043057528 1.0 0.638585282268
0.313604305753 1.0 0.630947839891
0.283360430575 1.0 0.612386654106
0.292036043058 1.0 0.600948714334
0.278503604306 1.0 0.607079449439
0.278050360431 1.0 0.609301903144
0.306805036043 1.0 0.611236909762
0.304280503604 1.0 0.614772931894
0.32472805036 1.0 0.616834624817
0.324972805036 1.0 0.62047301663
0.325897280504 1.0 0.614245440044
0.32688972805 1.0 0.598261536859
0.331488972805 1.0 0.580384639625
0.346348897281 1.0 0.567894683885
0.330734889728 1.0 0.561015840168
0.306673488973 1.0 0.547625782367
0.323167348897 1.0 0.529048056374
0.30681673489 1.0 0.516498655376
0.309681673489 1.0 0.521629182077
0.343268167349 1.0 0.526227016274
0.314226816735 1.0 0.532255760897
0.321222681673 1.0 0.542211260331
0.341722268167 1.0 0.563083683957
0.317672226817 1.0 0.586334688609
0.364767222682 1.0 0.599256138848
0.328076722268 1.0 0.603273449953
0.322607672227 1.0 0.603506793223
0.344560767223 1.0 0.608499936914
0.321556076722 1.0 0.610647960929
0.292255607672 1.0 0.601573360968
0.275825560767 1.0 0.584698813593
0.266082556077 1.0 0.56306786516
0.278608255608 1.0 0.568778270449
0.286160825561 1.0 0.564768186145
0.287816082556 1.0 0.564496709652
0.319481608256 1.0 0.575983669399
0.337048160826 1.0 0.586272868468
0.336104816083 1.0 0.594228949931
0.318010481608 1.0 0.58995277398
0.324301048161 1.0 0.577402459843
0.338430104816 1.0 0.570737976761
0.347943010482 1.0 0.562750685506
0.320994301048 1.0 0.5523870231
0.313799430105 1.0 0.532202890566
0.30857994301 1.0 0.509463260197
0.320657994301 1.0 0.495276254724
0.31286579943 1.0 0.504940724698
0.323786579943 1.0 0.513528312613
0.332078657994 1.0 0.521831770637
0.363507865799 1.0 0.535105693389
0.34145078658 1.0 0.545195531167
0.328445078658 1.0 0.559573683765
0.342444507866 1.0 0.571290759533
0.332144450787 1.0 0.578253701041
0.339214445079 1.0 0.576343062595
0.326421444508 1.0 0.56848200092
0.328742144451 1.0 0.558648777407
0.305574214445 1.0 0.543394390785
0.278957421445 1.0 0.525421993267
0.271795742144 1.0 0.503619312233
0.299879574214 1.0 0.505333791985
0.302687957421 1.0 0.50363517711
0.308368795742 1.0 0.510113185199
0.328736879574 1.0 0.528628733983
0.347873687957 1.0 0.541623407775
0.355187368796 1.0 0.545832774732
0.35231873688 1.0 0.548124484342
0.327731873688 1.0 0.550739741001
0.350473187369 1.0 0.547009428234
0.314947318737 1.0 0.535345700045
0.322194731874 1.0 0.515625874757
0.316619473187 1.0 0.500623947896
0.319661947319 1.0 0.489720763462
0.319966194732 1.0 0.477173130428
0.298396619473 1.0 0.479982646074
0.316039661947 1.0 0.485574803404
0.288103966195 1.0 0.499001482305
0.290710396619 1.0 0.517170189257
0.307171039662 1.0 0.525512534118
0.289017103966 1.0 0.525512689603
0.292601710397 1.0 0.53054133367
0.29926017104 1.0 0.537479102654
0.326926017104 1.0 0.534526380929
0.30089260171 1.0 0.518861226346
0.273089260171 1.0 0.494755855027
0.264008926017 1.0 0.470089391182
0.261300892602 1.0 0.4501967462
0.26103008926 1.0 0.429057536
0.264603008926 1.0 0.431680930065
0.228960300893 1.0 0.451128061936
0.294696030089 1.0 0.469090660679
0.316569603009 1.0 0.494159352571
0.318756960301 1.0 0.518735831472
0.31357569603 1.0 0.534345458248
0.307657569603 1.0 0.537175605287
0.31606575696 1.0 0.529816199248
0.282706575696 1.0 0.526081994077
0.30727065757 1.0 0.525898439703
0.307027065757 1.0 0.517295075291
0.289902706576 1.0 0.497659843795
0.301690270658 1.0 0.471813017568
0.321769027066 1.0 0.465265920629
0.341776902707 1.0 0.478791925094
0.331177690271 1.0 0.490483486921
0.317517769027 1.0 0.500125703469
0.312551776903 1.0 0.516495423283
0.30935517769 1.0 0.535102890189
0.336935517769 1.0 0.547244147285
0.342393551777 1.0 0.550064013666
0.314139355178 1.0 0.547864677772
0.301413935518 1.0 0.546713470443
0.315441393552 1.0 0.541790246322
0.304244139355 1.0 0.529122120022
0.304924413936 1.0 0.507920013371
0.276192441394 1.0 0.481254347721
0.280519244139 1.0 0.478534452557
0.293551924414 1.0 0.502825306017
0.297555192441 1.0 0.525484729904
0.301555519244 1.0 0.543701385148
0.310055551924 1.0 0.558481697292
0.326205555192 1.0 0.567456957675
0.334120555519 1.0 0.57668709237
0.334912055552 1.0 0.578459998545
0.320591205555 1.0 0.572020113086
0.311059120556 1.0 0.559572278188
0.310105912056 1.0 0.545049374734
0.341510591206 1.0 0.535714704042
0.321251059121 1.0 0.520944548153
0.341725105912 1.0 0.500784558229
0.323972510591 1.0 0.492636683216
0.316797251059 1.0 0.504676767547
0.335879725106 1.0 0.517902918976
0.344987972511 1.0 0.533091873773
0.331498797251 1.0 0.551972685192
0.318449879725 1.0 0.562705834174
0.324344987973 1.0 0.569600497124
0.328534498797 1.0 0.578180463068
0.34515344988 1.0 0.590470788675
0.340515344988 1.0 0.593988846623
0.355351534499 1.0 0.586701312937
0.31543515345 1.0 0.575161548797
0.314143515345 1.0 0.563573699776
0.287914351534 1.0 0.551205124816
0.278091435153 1.0 0.551635232827
0.268109143515 1.0 0.567635007216
0.293210914352 1.0 0.585349674953
0.325421091435 1.0 0.601965811153
0.301642109144 1.0 0.610390929347
0.332564210914 1.0 0.608785239689
0.340156421091 1.0 0.60458524894
0.344515642109 1.0 0.603170283801
0.333251564211 1.0 0.599931156303
0.315925156421 1.0 0.586432692106
0.331292515642 1.0 0.563380697093
0.336429251564 1.0 0.543759005482
0.314442925156 1.0 0.53177654452
0.331144292516 1.0 0.521268792627
0.297714429252 1.0 0.511347493561
0.329471442925 1.0 0.521114065896
0.318247144293 1.0 0.53364428021
0.344124714429 1.0 0.548108073445
0.326012471443 1.0 0.560553275148
0.338601247144 1.0 0.56783325215
0.314660124714 1.0 0.580156246785
0.309566012471 1.0 0.598770900558
0.326156601247 1.0 0.614331883023
0.334115660125 1.0 0.620144065919
0.350211566012 1.0 0.617185167512
0.326621156601 1.0 0.615441694914
0.30626211566 1.0 0.6115718599
0.304226211566 1.0 0.602751316427
0.267122621157 1.0 0.597439642391
0.285912262116 1.0 0.606728542245
0.300391226212 1.0 0.615301421735
0.300939122621 1.0 0.631429132799
0.320793912262 1.0 0.637817614186
0.347079391226 1.0 0.636010711681
0.351507939123 1.0 0.624439956703
0.363650793912 1.0 0.616303740341
0.343265079391 1.0 0.609580627171
0.361926507939 1.0 0.60145232955
0.353892650794 1.0 0.588741664979
0.349489265079 1.0 0.570475279586
0.331948926508 1.0 0.563472399717
0.317594892651 1.0 0.561335136867
0.324259489265 1.0 0.570330033479
0.306025948927 1.0 0.57541854793
0.316802594893 1.0 0.581929500643
0.329580259489 1.0 0.589364904981
0.341658025949 1.0 0.589336290043
0.338365802595 1.0 0.588979994232
0.318236580259 1.0 0.604079234519
0.336923658026 1.0 0.619779571042
0.340592365803 1.0 0.634033597362
0.33285923658 1.0 0.63655013935
0.321285923658 1.0 0.636107369859
0.311128592366 1.0 0.643376595061
0.323612859237 1.0 0.64124969421
0.282561285924 1.0 0.631674650863
0.280256128592 1.0 0.619923181484
0.297125612859 1.0 0.624198286725
0.265512561286 1.0 0.623218280575
0.284851256129 1.0 0.624045906674
0.299385125613 1.0 0.627391639154
0.347638512561 1.0 0.62869957908
0.332663851256 1.0 0.626925357312
0.305966385126 1.0 0.616693955627
0.329396638513 1.0 0.600742393365
0.322739663851 1.0 0.597326516861
0.324773966385 1.0 0.601052254984
0.310577396639 1.0 0.603969737571
0.312757739664 1.0 0.600629242551
0.322875773966 1.0 0.591765609044
0.304987577397 1.0 0.597192488948
0.33379875774 1.0 0.600336195666
0.332179875774 1.0 0.602085044222
0.340117987577 1.0 0.601570242232
0.328311798758 1.0 0.599465417321
0.335231179876 1.0 0.606688253399
0.311623117988 1.0 0.616472488975
0.314662311799 1.0 0.622083700207
0.33566623118 1.0 0.624362405242
0.306266623118 1.0 0.624970524587
0.334826662312 1.0 0.633540246841
0.316082666231 1.0 0.642318551127
0.290808266623 1.0 0.637518466203
0.292780826662 1.0 0.622602825936
0.298378082666 1.0 0.618724061482
0.312437808267 1.0 0.626318268564
0.303043780827 1.0 0.623867928853
0.311104378083 1.0 0.620612363707
0.309210437808 1.0 0.62030414328
0.323421043781 1.0 0.623211234408
0.328442104378 1.0 0.631024698006
0.346944210438 1.0 0.631593764269
0.335294421044 1.0 0.621973066677
0.335929442104 1.0 0.609423333024
0.31709294421 1.0 0.604962581659
0.325109294421 1.0 0.608858141839
0.317810929442 1.0 0.608652132097
0.299981092944 1.0 0.603436883706
0.311698109294 1.0 0.598402402314
0.316469810929 1.0 0.602830003022
0.332246981093 1.0 0.608821034637
0.324824698109 1.0 0.61380463374
0.345682469811 1.0 0.618745472347
0.334268246981 1.0 0.623863464711
0.327726824698 1.0 0.624138715504
0.31807268247 1.0 0.626722963249
0.335107268247 1.0 0.62699538607
0.318810726825 1.0 0.626988780816
0.336981072682 1.0 0.626914963678
0.298298107268 1.0 0.619623756556
0.293529810727 1.0 0.606674179072
0.283152981073 1.0 0.585834927092
0.281215298107 1.0 0.568509287336
0.306221529811 1.0 0.577085470719
0.283522152981 1.0 0.584018897026
0.298352215298 1.0 0.589304274987
0.32323522153 1.0 0.59675516936
0.302323522153 1.0 0.600451973276
0.346132352215 1.0 0.614478944387
0.342413235222 1.0 0.626069029368
0.334841323522 1.0 0.626406904318
0.322384132352 1.0 0.619064923399
0.302238413235 1.0 0.608192205089
0.352423841324 1.0 0.610033152107
0.343042384132 1.0 0.612311747402
0.311504238413 1.0 0.607136243944
0.336250423841 1.0 0.604663337582
0.356725042384 1.0 0.610781400245
0.349772504238 1.0 0.611958369179
0.326577250424 1.0 0.616525782819
0.309857725042 1.0 0.616415536586
0.326185772504 1.0 0.611566282916
0.31341857725 1.0 0.605063712106
0.324741857725 1.0 0.606475864726
0.315974185773 1.0 0.608835518342
0.368197418577 1.0 0.600039339474
0.336519741858 1.0 0.584485390492
0.327051974186 1.0 0.566557061109
0.288305197419 1.0 0.550166783717
0.261030519742 1.0 0.529895435751
0.277203051974 1.0 0.509419876857
0.269820305197 1.0 0.518776541393
0.28078203052 1.0 0.52180977658
0.296278203052 1.0 0.531447243838
0.308627820305 1.0 0.548427899382
0.343162782031 1.0 0.560307659104
0.328616278203 1.0 0.573605935899
0.33706162782 1.0 0.58739754715
0.308206162782 1.0 0.594404785327
0.313420616278 1.0 0.594680345521
0.313042061628 1.0 0.594434431363
0.304904206163 1.0 0.597745226942
0.302290420616 1.0 0.601914925345
0.317329042062 1.0 0.599592421604
0.280132904206 1.0 0.588988221825
0.272813290421 1.0 0.590106665049
0.274781329042 1.0 0.597751836126
0.312778132904 1.0 0.601212150277
0.29137781329 1.0 0.596727040503
0.305437781329 1.0 0.59461593281
0.316743778133 1.0 0.595182980072
0.296274377813 1.0 0.595078970694
0.314927437781 1.0 0.587132925884
0.314092743778 1.0 0.572853321197
0.311309274378 1.0 0.560713420734
0.275030927438 1.0 0.548802791137
0.292103092744 1.0 0.529740704882
0.275810309274 1.0 0.499780719511
0.274181030927 1.0 0.49539649429
0.263218103093 1.0 0.517374203137
0.289121810309 1.0 0.534207465929
0.312412181031 1.0 0.550568996254
0.314741218103 1.0 0.566607024396
0.31767412181 1.0 0.583832878637
0.335967412181 1.0 0.600379436366
0.334196741218 1.0 0.608257134151
0.325919674122 1.0 0.60690456669
0.376391967412 1.0 0.605978594851
0.345439196741 1.0 0.611171983654
0.318043919674 1.0 0.616897560779
0.313504391967 1.0 0.61556794206
0.310350439197 1.0 0.605303853383
0.32263504392 1.0 0.603014661689
0.320263504392 1.0 0.610616532656
0.320926350439 1.0 0.61239136625
0.322792635044 1.0 0.612970531976
0.332879263504 1.0 0.609465390944
0.36358792635 1.0 0.609828179357
0.346858792635 1.0 0.618593509227
0.342485879264 1.0 0.626815746661
0.312348587926 1.0 0.626212984044
0.336334858793 1.0 0.614245782069
0.340533485879 1.0 0.602155117401
0.300453348588 1.0 0.596690393294
0.321645334859 1.0 0.588216887065
0.288664533486 1.0 0.568285631314
0.295266453349 1.0 0.559668925534
0.271626645335 1.0 0.576201434539
0.271062664533 1.0 0.592674432052
0.299806266453 1.0 0.606921403364
0.329680626645 1.0 0.619072926559
0.333568062665 1.0 0.626664314664
0.345656806266 1.0 0.62604817498
0.354065680627 1.0 0.627303214326
0.324306568063 1.0 0.625960297344
0.356430656806 1.0 0.623631574432
0.356043065681 1.0 0.623810666514
0.336204306568 1.0 0.618132638116
0.311720430657 1.0 0.614056073076
0.323672043066 1.0 0.6075554765
0.323967204307 1.0 0.600567756051
0.318596720431 1.0 0.603046538396
0.292859672043 1.0 0.607335007067
0.346985967204 1.0 0.608869019172
0.35509859672 1.0 0.608357651998
0.314509859672 1.0 0.605581893088
0.349150985967 1.0 0.608703999785
0.329215098597 1.0 0.622675040089
0.33352150986 1.0 0.631750418176
0.359152150986 1.0 0.630518941141
0.332015215099 1.0 0.624084645862
0.31760152151 1.0 0.620100030127
0.281060152151 1.0 0.620294138049
0.282806015215 1.0 0.612612896285
0.271280601522 1.0 0.614482995644
0.277328060152 1.0 0.62589416198
0.269832806015 1.0 0.629767222496
0.323083280602 1.0 0.63863474934
0.32300832806 1.0 0.642101819729
0.327500832806 1.0 0.633106054316
0.340550083281 1.0 0.626082119927
0.336455008328 1.0 0.624264987283
0.335145500833 1.0 0.622149598355
0.342214550083 1.0 0.616112392386
0.342921455008 1.0 0.606547849811
0.328592145501 1.0 0.600560259927
0.32715921455 1.0 0.601578946592
0.302715921455 1.0 0.603633848577
0.293071592146 1.0 0.605108746196
0.335307159215 1.0 0.601127821391
0.319730715921 1.0 0.597819582814
0.331673071592 1.0 0.601394799861
0.295067307159 1.0 0.603486509773
0.324706730716 1.0 0.601159072616
0.338470673072 1.0 0.595738500736
0.319147067307 1.0 0.601016007456
0.316314706731 1.0 0.616925361254
0.339431470673 1.0 0.626256021983
0.350743147067 1.0 0.62893450831
0.309574314707 1.0 0.62651872543
0.304557431471 1.0 0.623324583042
0.283355743147 1.0 0.615634579645
0.282135574315 1.0 0.610820635803
0.291913557431 1.0 0.623288032157
0.282091355743 1.0 0.634332434876
0.289209135574 1.0 0.642008814411
0.320520913557 1.0 0.643555680439
0.345252091356 1.0 0.634553994366
0.325225209136 1.0 0.636917173484
0.341222520914 1.0 0.634111895628
0.336522252091 1.0 0.620145360191
0.335152225209 1.0 0.604705886704
0.323315222521 1.0 0.588021041621
0.322131522252 1.0 0.589713935985
0.328313152225 1.0 0.589136363256
0.321731315223 1.0 0.581790750598
0.310273131522 1.0 0.576034900242
0.333427313152 1.0 0.575989034606
0.330342731315 1.0 0.568560331349
0.321934273132 1.0 0.56343457214
0.328293427313 1.0 0.571706728446
0.332529342731 1.0 0.588824052823
0.323052934273 1.0 0.601902055861
0.344605293427 1.0 0.609313538266
0.322460529343 1.0 0.615592925384
0.347246052934 1.0 0.625305801287
0.328124605293 1.0 0.636194742913
0.320812460529 1.0 0.638585282268
0.302981246053 1.0 0.630947839891
0.292198124605 1.0 0.612386654106
0.294719812461 1.0 0.600948714334
0.288671981246 1.0 0.607079449439
0.288067198125 1.0 0.609301903144
0.317706719812 1.0 0.611236909762
0.321570671981 1.0 0.614772931894
0.331857067198 1.0 0.616834624817
0.33288570672 1.0 0.62047301663
0.328488570672 1.0 0.614245440044
0.334348857067 1.0 0.598261536859
0.334934885707 1.0 0.580384639625
0.326893488571 1.0 0.567894683885
0.339589348857 1.0 0.561015840168
0.339958934886 1.0 0.547625782367
0.335495893489 1.0 0.529048056374
0.315249589349 1.0 0.516498655376
0.333924958935 1.0 0.521629182077
0.337592495893 1.0 0.526227016274
0.327159249589 1.0 0.532255760897
0.327915924959 1.0 0.542211260331
0.346891592496 1.0 0.563083683957
0.36678915925 1.0 0.586334688609
0.334578915925 1.0 0.599256138848
0.342157891592 1.0 0.603273449953
0.333015789159 1.0 0.603506793223
0.345601578916 1.0 0.608499936914
0.311760157892 1.0 0.610647960929
0.310176015789 1.0 0.601573360968
0.283017601579 1.0 0.584698813593
0.285701760158 1.0 0.56306786516
0.294070176016 1.0 0.568778270449
0.286807017602 1.0 0.564768186145
0.30948070176 1.0 0.564496709652
0.318948070176 1.0 0.575983669399
0.334294807018 1.0 0.586272868468
0.341229480702 1.0 0.594228949931
0.34102294807 1.0 0.58995277398
0.333802294807 1.0 0.577402459843
0.355580229481 1.0 0.570737976761
0.346058022948 1.0 0.562750685506
0.304605802295 1.0 0.5523870231
0.331960580229 1.0 0.532202890566
0.308596058023 1.0 0.509463260197
0.292759605802 1.0 0.495276254724
0.32267596058 1.0 0.504940724698
0.315767596058 1.0 0.513528312613
0.310576759606 1.0 0.521831770637
0.314557675961 1.0 0.535105693389
0.346455767596 1.0 0.545195531167
0.31634557676 1.0 0.559573683765
0.338534557676 1.0 0.571290759533
0.331753455768 1.0 0.578253701041
0.310375345577 1.0 0.576343062595
0.307337534558 1.0 0.56848200092
0.321433753456 1.0 0.558648777407
0.285043375346 1.0 0.543394390785
0.291304337535 1.0 0.525421993267
0.272130433753 1.0 0.503619312233
0.290913043375 1.0 0.505333791985
0.297291304338 1.0 0.50363517711
0.283529130434 1.0 0.510113185199
0.321752913043 1.0 0.528628733983
0.318375291304 1.0 0.541623407775
0.33783752913 1.0 0.545832774732
0.323583752913 1.0 0.548124484342
0.333858375291 1.0 0.550739741001
0.347485837529 1.0 0.547009428234
0.319148583753 1.0 0.535345700045
0.326214858375 1.0 0.515625874757
0.327821485838 1.0 0.500623947896
0.313582148584 1.0 0.489720763462
0.322958214858 1.0 0.477173130428
0.303195821486 1.0 0.479982646074
0.298519582149 1.0 0.485574803404
0.324151958215 1.0 0.499001482305
0.315915195821 1.0 0.517170189257
0.328591519582 1.0 0.525512534118
0.311859151958 1.0 0.525512689603
0.308385915196 1.0 0.53054133367
0.29003859152 1.0 0.537479102654
0.308003859152 1.0 0.534526380929
0.300800385915 1.0 0.518861226346
0.289280038592 1.0 0.494755855027
0.277328003859 1.0 0.470089391182
0.254532800386 1.0 0.4501967462
0.245953280039 1.0 0.429057536
0.257695328004 1.0 0.431680930065
0.3065695328 1.0 0.451128061936
0.28625695328 1.0 0.469090660679
0.295025695328 1.0 0.494159352571
0.313002569533 1.0 0.518735831472
0.313000256953 1.0 0.534345458248
0.290500025695 1.0 0.537175605287
0.32335000257 1.0 0.529816199248
0.309535000257 1.0 0.526081994077
0.309953500026 1.0 0.525898439703
0.309995350003 1.0 0.517295075291
0.291099535 1.0 0.497659843795
0.3072099535 1.0 0.471813017568
0.32322099535 1.0 0.465265920629
0.328422099535 1.0 0.478791925094
0.339742209954 1.0 0.490483486921
0.307574220995 1.0 0.500125703469
0.3241574221 1.0 0.516495423283
0.35731574221 1.0 0.535102890189
0.349831574221 1.0 0.547244147285
0.349983157422 1.0 0.550064013666
0.348198315742 1.0 0.547864677772
0.331819831574 1.0 0.546713470443
0.334681983157 1.0 0.541790246322
0.320568198316 1.0 0.529122120022
0.313756819832 1.0 0.507920013371
0.275275681983 1.0 0.481254347721
0.287627568198 1.0 0.478534452557
0.27086275682 1.0 0.502825306017
0.295286275682 1.0 0.525484729904
0.295928627568 1.0 0.543701385148
0.327492862757 1.0 0.558481697292
0.318049286276 1.0 0.567456957675
0.351304928628 1.0 0.57668709237
0.326730492863 1.0 0.578459998545
0.327873049286 1.0 0.572020113086
0.329787304929 1.0 0.559572278188
0.349778730493 1.0 0.545049374734
0.340077873049 1.0 0.535714704042
0.344507787305 1.0 0.520944548153
0.30805077873 1.0 0.500784558229
0.305305077873 1.0 0.492636683216
0.312230507787 1.0 0.504676767547
0.306623050779 1.0 0.517902918976
0.338462305078 1.0 0.533091873773
0.337146230508 1.0 0.551972685192
0.357714623051 1.0 0.562705834174
0.353471462305 1.0 0.569600497124
0.321547146231 1.0 0.578180463068
0.335454714623 1.0 0.590470788675
0.348545471462 1.0 0.593988846623
0.326454547146 1.0 0.586701312937
0.329645454715 1.0 0.575161548797
0.313764545471 1.0 0.563573699776
0.277976454547 1.0 0.551205124816
0.264497645455 1.0 0.551635232827
0.274849764545 1.0 0.567635007216
0.304684976455 1.0 0.585349674953
0.292368497645 1.0 0.601965811153
0.300136849765 1.0 0.610390929347
0.343213684976 1.0 0.608785239689
0.316921368498 1.0 0.60458524894
0.30529213685 1.0 0.603170283801
0.320329213685 1.0 0.599931156303
0.358732921368 1.0 0.586432692106
0.312173292137 1.0 0.563380697093
0.339917329214 1.0 0.543759005482
0.315691732921 1.0 0.53177654452
0.324969173292 1.0 0.521268792627
0.346596917329 1.0 0.511347493561
0.315459691733 1.0 0.521114065896
0.310545969173 1.0 0.53364428021
0.311854596917 1.0 0.548108073445
0.329085459692 1.0 0.560553275148
0.347008545969 1.0 0.56783325215
0.342500854597 1.0 0.580156246785
0.33215008546 1.0 0.598770900558
0.331115008546 1.0 0.614331883023
0.352611500855 1.0 0.620144065919
0.321461150085 1.0 0.617185167512
0.321946115009 1.0 0.615441694914
0.296794611501 1.0 0.6115718599
0.30237946115 1.0 0.602751316427
0.278637946115 1.0 0.597439642391
0.281663794612 1.0 0.606728542245
0.255866379461 1.0 0.615301421735
0.307286637946 1.0 0.631429132799
0.315128663795 1.0 0.637817614186
0.361812866379 1.0 0.636010711681
0.325981286638 1.0 0.624439956703
0.358398128664 1.0 0.616303740341
0.340939812866 1.0 0.609580627171
0.362593981287 1.0 0.60145232955
0.362059398129 1.0 0.588741664979
0.340405939813 1.0 0.570475279586
0.313040593981 1.0 0.563472399717
0.352604059398 1.0 0.561335136867
0.31336040594 1.0 0.570330033479
0.328336040594 1.0 0.57541854793
0.324433604059 1.0 0.581929500643
0.315043360406 1.0 0.589364904981
0.325804336041 1.0 0.589336290043
0.330480433604 1.0 0.588979994232
0.32644804336 1.0 0.604079234519
0.355744804336 1.0 0.619779571042
0.333474480434 1.0 0.634033597362
0.331247448043 1.0 0.63655013935
0.319324744804 1.0 0.636107369859
0.31813247448 1.0 0.643376595061
0.297313247448 1.0 0.64124969421
0.279031324745 1.0 0.631674650863
0.277203132474 1.0 0.619923181484
0.287820313247 1.0 0.624198286725
0.290682031325 1.0 0.623218280575
0.302668203132 1.0 0.624045906674
0.333566820313 1.0 0.627391639154
0.303356682031 1.0 0.62869957908
0.343535668203 1.0 0.626925357312
0.32235356682 1.0 0.616693955627
0.353535356682 1.0 0.600742393365
0.340453535668 1.0 0.597326516861
0.325645353567 1.0 0.601052254984
0.327764535357 1.0 0.603969737571
0.305476453536 1.0 0.600629242551
0.321247645354 1.0 0.591765609044
0.333624764535 1.0 0.597192488948
0.332162476454 1.0 0.600336195666
0.333816247645 1.0 0.602085044222
0.333081624765 1.0 0.601570242232
0.332108162476 1.0 0.599465417321
0.341010816248 1.0 0.606688253399
0.342801081625 1.0 0.616472488975
0.343880108162 1.0 0.622083700207
0.310688010816 1.0 0.624362405242
0.309168801082 1.0 0.624970524587
0.318016880108 1.0 0.633540246841
0.313501688011 1.0 0.642318551127
0.285150168801 1.0 0.637518466203
0.29221501688 1.0 0.622602825936
0.262321501688 1.0 0.618724061482
0.292632150169 1.0 0.626318268564
0.292963215017 1.0 0.623867928853
0.312796321502 1.0 0.620612363707
0.31927963215 1.0 0.62030414328
0.364027963215 1.0 0.623211234408
0.323502796322 1.0 0.631024698006
0.351850279632 1.0 0.631593764269
0.358285027963 1.0 0.621973066677
0.334628502796 1.0 0.609423333024
0.34216285028 1.0 0.604962581659
0.323116285028 1.0 0.608858141839
0.322111628503 1.0 0.608652132097
0.30941116285 1.0 0.603436883706
0.338741116285 1.0 0.598402402314
0.312874111629 1.0 0.602830003022
0.312087411163 1.0 0.608821034637
0.319208741116 1.0 0.61380463374
0.341520874112 1.0 0.618745472347
0.346452087411 1.0 0.623863464711
0.332545208741 1.0 0.624138715504
0.359054520874 1.0 0.626722963249
