0.2259 0.9 0.351474406144
0.28269 0.99 0.40232944552
0.311769 0.999 0.412188681669
0.3011769 0.9999 0.41883590049
0.31001769 0.99999 0.418806651096
0.292901769 0.999999 0.423088261237
0.2974901769 0.9999999 0.436351341896
0.29794901769 0.99999999 0.449062378638
0.318694901769 0.999999999 0.461840028363
0.312669490177 0.9999999999 0.466857688486
0.302166949018 0.99999999999 0.474165754516
0.302916694902 0.999999999999 0.486173719196
0.29939166949 1.0 0.505171104655
0.332339166949 1.0 0.510717248878
0.308633916695 1.0 0.523430106359
0.322463391669 1.0 0.528604314361
0.335546339167 1.0 0.521295935185
0.333254633917 1.0 0.515531580947
0.355525463392 1.0 0.506583153748
0.314552546339 1.0 0.487795834792
0.337455254634 1.0 0.480861240163
0.327145525463 1.0 0.475540032245
0.347714552546 1.0 0.474975897004
0.329971455255 1.0 0.472799370487
0.297597145525 1.0 0.463522794691
0.284459714553 1.0 0.459486206712
0.288545971455 1.0 0.471919250302
0.280854597146 1.0 0.486486705922
0.291785459715 1.0 0.503160091806
0.308178545971 1.0 0.520511761517
0.335017854597 1.0 0.529455038076
0.33230178546 1.0 0.531034720343
0.320330178546 1.0 0.525411249162
0.334433017855 1.0 0.522908532187
0.352043301785 1.0 0.53455910832
0.337604330179 1.0 0.55144242321
0.339760433018 1.0 0.562073567292
0.351676043302 1.0 0.564461161669
0.32406760433 1.0 0.56794812369
0.310506760433 1.0 0.579140636229
0.328050676043 1.0 0.591317578819
0.315405067604 1.0 0.597264841622
0.32134050676 1.0 0.601520497214
0.302134050676 1.0 0.602054265634
0.329013405068 1.0 0.596043070738
0.325401340507 1.0 0.595153876783
0.327740134051 1.0 0.586282613226
0.336074013405 1.0 0.568716796842
0.335107401341 1.0 0.563779231624
0.303510740134 1.0 0.563615953175
0.342651074013 1.0 0.571349537829
0.334865107401 1.0 0.572154216379
0.33408651074 1.0 0.564192445499
0.288108651074 1.0 0.561892200479
0.270910865107 1.0 0.570941617092
0.291691086511 1.0 0.578758140397
0.271269108651 1.0 0.586705676173
0.287226910865 1.0 0.596707758083
0.331122691087 1.0 0.59879037336
0.332812269109 1.0 0.589028152778
0.348281226911 1.0 0.581267712579
0.326428122691 1.0 0.581018829665
0.337742812269 1.0 0.587279165807
0.328974281227 1.0 0.596133246203
0.331697428123 1.0 0.596980344682
0.334669742812 1.0 0.603011343369
0.330466974281 1.0 0.6070294186
0.342646697428 1.0 0.611238424405
0.321364669743 1.0 0.614854066579
0.308436466974 1.0 0.615061058892
0.336843646697 1.0 0.622050401106
0.31988436467 1.0 0.628181183801
0.338888436467 1.0 0.63016367353
0.349788843647 1.0 0.63170240628
0.340978884365 1.0 0.621460771927
0.321197888436 1.0 0.613345074319
0.332719788844 1.0 0.611862379465
0.323971978884 1.0 0.616594288668
0.319497197888 1.0 0.623178962326
0.322649719789 1.0 0.618968640023
0.322964971979 1.0 0.617773705725
0.286096497198 1.0 0.618132962991
0.26440964972 1.0 0.619360778744
0.282940964972 1.0 0.62204927122
0.289294096497 1.0 0.621475916365
0.30702940965 1.0 0.624108080404
0.329502940965 1.0 0.63283003686
0.293050294096 1.0 0.633543354412
0.33710502941 1.0 0.629960806643
0.339710502941 1.0 0.623227507325
0.350771050294 1.0 0.62227645616
0.370777105029 1.0 0.634990827741
0.341277710503 1.0 0.638485435048
0.31672777105 1.0 0.637653024009
0.343972777105 1.0 0.635314729588
0.313397277711 1.0 0.629386102071
0.337339727771 1.0 0.62405417727
0.328033972777 1.0 0.620807435843
0.313603397278 1.0 0.614063707828
0.317560339728 1.0 0.613080486216
0.338656033973 1.0 0.620916964311
0.346165603397 1.0 0.626029205033
0.32441656034 1.0 0.620456255526
0.336641656034 1.0 0.608668703041
0.354064165603 1.0 0.605853545816
0.32610641656 1.0 0.611350516375
0.346710641656 1.0 0.614695579482
0.316371064166 1.0 0.613854187184
0.299837106417 1.0 0.607546036877
0.290083710642 1.0 0.605551878782
0.299908371064 1.0 0.60740532509
0.300890837106 1.0 0.607513523451
0.296489083711 1.0 0.601983545407
0.317648908371 1.0 0.603303366458
0.335964890837 1.0 0.61120316131
0.329696489084 1.0 0.610147382969
0.308369648908 1.0 0.607748435555
0.317036964891 1.0 0.609566538262
0.321503696489 1.0 0.610686245724
0.312050369649 1.0 0.621449824811
0.312005036965 1.0 0.623060008827
0.339000503696 1.0 0.622583318676
0.31200005037 1.0 0.623484038322
0.311100005037 1.0 0.615419399514
0.317310000504 1.0 0.610044695146
0.33413100005 1.0 0.608797180366
0.346613100005 1.0 0.609300231172
0.321761310001 1.0 0.61028327328
0.347176131 1.0 0.611423997678
0.3371176131 1.0 0.609015817685
0.35141176131 1.0 0.610873255721
0.315941176131 1.0 0.604440872256
0.353794117613 1.0 0.602674615667
0.328779411761 1.0 0.600071874044
0.320877941176 1.0 0.601794252063
0.304787794118 1.0 0.607157606439
0.315778779412 1.0 0.605184140304
0.298877877941 1.0 0.608290356481
0.254887787794 1.0 0.606982282047
0.291888778779 1.0 0.604482902386
0.330688877878 1.0 0.603237773532
0.320168887788 1.0 0.604233944959
0.311016888779 1.0 0.606175073374
0.340701688878 1.0 0.617780601411
0.304070168888 1.0 0.62164750544
0.326507016889 1.0 0.621450856357
0.321550701689 1.0 0.62003945511
0.347155070169 1.0 0.623733763853
0.351515507017 1.0 0.632485621835
0.326751550702 1.0 0.631084842154
0.30987515507 1.0 0.623934256398
0.308187515507 1.0 0.609832224135
0.313418751551 1.0 0.614886622063
0.319341875155 1.0 0.632359273214
0.322634187516 1.0 0.650823653154
0.343663418752 1.0 0.662678970252
0.328666341875 1.0 0.663801200261
0.322666634188 1.0 0.667590595973
0.337366663419 1.0 0.667649710853
0.347836666342 1.0 0.6547238178
0.332683666634 1.0 0.650001286053
0.323068366663 1.0 0.64025354289
0.335606836666 1.0 0.636376350349
0.318860683667 1.0 0.632264319231
0.300986068367 1.0 0.619687757616
0.272198606837 1.0 0.617071557273
0.267519860684 1.0 0.610332640576
0.276951986068 1.0 0.610920928543
0.297695198607 1.0 0.607229304685
0.311469519861 1.0 0.607282942323
0.326346951986 1.0 0.61421832217
0.353034695199 1.0 0.628037651094
0.32960346952 1.0 0.643633719168
0.343460346952 1.0 0.653992714543
0.344846034695 1.0 0.660873460439
0.31078460347 1.0 0.666455679362
0.318178460347 1.0 0.672691569069
0.327917846035 1.0 0.671527370319
0.327091784603 1.0 0.661769357816
0.32970917846 1.0 0.646125568155
0.319170917846 1.0 0.634129638963
0.328017091785 1.0 0.651257576792
0.337901709178 1.0 0.665900190505
0.344290170918 1.0 0.675920357755
0.315229017092 1.0 0.680560491373
0.351022901709 1.0 0.684288467696
0.314102290171 1.0 0.681381944255
0.319410229017 1.0 0.666730213909
0.338841022902 1.0 0.653018278159
0.32998410229 1.0 0.636351941292
0.329998410229 1.0 0.623342567962
0.316499841023 1.0 0.608535023121
0.309749984102 1.0 0.587606479025
0.29917499841 1.0 0.575410514148
0.252217499841 1.0 0.560351229218
0.283521749984 1.0 0.561767016113
0.258752174998 1.0 0.558737860466
0.2724752175 1.0 0.56524269391
0.28824752175 1.0 0.582239192054
0.299724752175 1.0 0.594500847944
0.323372475217 1.0 0.612094139383
0.291537247522 1.0 0.629991247394
0.300953724752 1.0 0.65066762589
0.277595372475 1.0 0.663257482448
0.313959537248 1.0 0.663754201728
0.332895953725 1.0 0.664177776372
0.312289595372 1.0 0.655733555939
0.281428959537 1.0 0.648261737221
0.301742895954 1.0 0.628898115735
0.295674289595 1.0 0.623940497841
0.31126742896 1.0 0.638878212263
0.321826742896 1.0 0.655264027217
0.32468267429 1.0 0.664006702973
0.301568267429 1.0 0.664387957339
0.302856826743 1.0 0.663766027369
0.317385682674 1.0 0.649973896736
0.296338568267 1.0 0.630792129198
0.297833856827 1.0 0.61289483977
0.316883385683 1.0 0.595448780478
0.279188338568 1.0 0.582779220484
0.277218833857 1.0 0.563086586238
0.265321883386 1.0 0.542401654416
0.263232188339 1.0 0.544076791272
0.265723218834 1.0 0.560139572318
0.283072321883 1.0 0.574796215755
0.268607232188 1.0 0.586863716365
0.326560723219 1.0 0.60811554461
0.349456072322 1.0 0.622827741619
0.338245607232 1.0 0.635479151569
0.330824560723 1.0 0.653089372192
0.323782456072 1.0 0.66593631612
0.310478245607 1.0 0.681127691232
0.308247824561 1.0 0.684045395905
0.322424782456 1.0 0.68019026931
0.322042478246 1.0 0.676305568082
0.323804247825 1.0 0.661721196243
0.314080424782 1.0 0.645414854975
0.316708042478 1.0 0.652386098393
0.321470804248 1.0 0.654823285549
0.318347080425 1.0 0.662416025487
0.313534708042 1.0 0.671018463005
0.304953470804 1.0 0.672017820102
0.32929534708 1.0 0.667031975463
0.302029534708 1.0 0.660648362028
0.308302953471 1.0 0.654220977528
0.339530295347 1.0 0.643316281946
0.339953029535 1.0 0.627060301349
0.303995302953 1.0 0.614915739035
0.303999530295 1.0 0.606601825092
0.29139995303 1.0 0.598207847159
0.299139995303 1.0 0.60166912188
0.28191399953 1.0 0.610054576673
0.287391399953 1.0 0.615488237783
0.309539139995 1.0 0.621402015443
0.311753914 1.0 0.632316884503
0.3308753914 1.0 0.63676856722
0.30848753914 1.0 0.640982283243
0.334148753914 1.0 0.649149418001
0.337614875391 1.0 0.656655556682
0.347861487539 1.0 0.66768748742
0.340786148754 1.0 0.668093383429
0.350878614875 1.0 0.664736527956
0.314987861488 1.0 0.662515962346
0.311398786149 1.0 0.649864220246
0.291239878615 1.0 0.635749269715
0.297323987861 1.0 0.63444553798
0.306032398786 1.0 0.62812228327
0.319503239879 1.0 0.625547297308
0.317250323988 1.0 0.63093752852
0.317025032399 1.0 0.632338290299
0.33680250324 1.0 0.62309453291
0.336980250324 1.0 0.619221326734
0.346898025032 1.0 0.621751104692
0.327189802503 1.0 0.621458063976
0.32161898025 1.0 0.617668885512
0.314761898025 1.0 0.605297919643
0.310476189803 1.0 0.604452178865
0.29204761898 1.0 0.608257892396
0.255104761898 1.0 0.606297359326
0.25321047619 1.0 0.604414410114
0.270121047619 1.0 0.602122382354
0.294312104762 1.0 0.605494103336
0.319231210476 1.0 0.60668775784
0.333423121048 1.0 0.601702001833
0.347442312105 1.0 0.599518114081
0.34614423121 1.0 0.602828768512
0.332514423121 1.0 0.605320542175
0.359951442312 1.0 0.610383971937
0.337495144231 1.0 0.608901611162
0.326249514423 1.0 0.611586457239
0.326024951442 1.0 0.609983756626
0.334102495144 1.0 0.602016326887
0.306110249514 1.0 0.600345354867
0.311411024951 1.0 0.607827246339
0.322741102495 1.0 0.618714048355
0.31397411025 1.0 0.623797190949
0.325697411025 1.0 0.622880296636
0.331369741102 1.0 0.623410561288
0.32743697411 1.0 0.621707807798
0.323443697411 1.0 0.609599120818
0.348244369741 1.0 0.610007499774
0.341724436974 1.0 0.608224399831
0.308672443697 1.0 0.610480399879
0.33596724437 1.0 0.611451747908
0.314396724437 1.0 0.602560015201
0.302339672444 1.0 0.608624157912
0.295733967244 1.0 0.609830527705
0.292373396724 1.0 0.607756043712
0.287537339672 1.0 0.603419109461
0.274453733967 1.0 0.607863162368
0.314545373397 1.0 0.613745449714
0.32035453734 1.0 0.615253242311
0.367735453734 1.0 0.611663009059
0.328373545373 1.0 0.605610644579
0.347837354537 1.0 0.609526423633
0.332683735454 1.0 0.620390073678
0.323068373545 1.0 0.626050273144
0.320306837355 1.0 0.621195873997
0.318230683735 1.0 0.612772495361
0.330623068374 1.0 0.610963098132
0.311162306837 1.0 0.617294700104
0.296616230684 1.0 0.620131488127
0.312261623068 1.0 0.626795719348
0.321026162307 1.0 0.634745123518
0.339902616231 1.0 0.636718423742
0.354390261623 1.0 0.638973861483
0.327939026162 1.0 0.63486774682
0.337893902616 1.0 0.619903051097
0.333489390262 1.0 0.623453056511
0.324948939026 1.0 0.629271726822
0.315994893903 1.0 0.633950896087
0.29619948939 1.0 0.632530195388
0.305019948939 1.0 0.622420238272
0.285201994894 1.0 0.623024130097
0.272420199489 1.0 0.624529281809
0.261242019949 1.0 0.622566121527
0.289824201995 1.0 0.619698731603
0.291782420199 1.0 0.618499416102
0.33157824202 1.0 0.619784210711
0.335557824202 1.0 0.623425218357
0.34225578242 1.0 0.615391372149
0.322225578242 1.0 0.611684226853
0.306722557824 1.0 0.614384685936
0.343872255782 1.0 0.622148477107
0.340387225578 1.0 0.631861663827
0.329238722558 1.0 0.628988016515
0.293023872256 1.0 0.629014132853
0.329902387226 1.0 0.628057085102
0.327290238723 1.0 0.618796562061
0.336029023872 1.0 0.615455308441
0.335102902387 1.0 0.61064153851
0.346710290239 1.0 0.60711484182
0.338871029024 1.0 0.602343021914
0.328187102902 1.0 0.597746930396
0.32441871029 1.0 0.596544620983
0.315041871029 1.0 0.586592995355
0.305104187103 1.0 0.581320311526
0.34011041871 1.0 0.581248936766
0.325611041871 1.0 0.589721091465
0.290861104187 1.0 0.598995778982
0.304486110419 1.0 0.596047631966
0.259948611042 1.0 0.591632099377
0.282494861104 1.0 0.582862265745
0.29464948611 1.0 0.579950205263
0.298564948611 1.0 0.569962462333
0.289956494861 1.0 0.565865696126
0.318795649486 1.0 0.572609935125
0.332479564949 1.0 0.571453414858
0.318547956495 1.0 0.562504364716
0.322554795649 1.0 0.563663773303
0.355355479565 1.0 0.570016215247
0.339735547956 1.0 0.586551848064
0.330973554796 1.0 0.595108944222
0.32469735548 1.0 0.594904359116
0.316869735548 1.0 0.602919427527
0.296286973555 1.0 0.607371006339
0.288828697355 1.0 0.605530638513
0.326782869736 1.0 0.598686147592
0.331478286974 1.0 0.582244475764
0.333747828697 1.0 0.568659910204
0.31867478287 1.0 0.564383237296
0.325267478287 1.0 0.561973219351
0.340326747829 1.0 0.551655390294
0.326532674783 1.0 0.533229608643
0.353953267478 1.0 0.523479571785
0.340495326748 1.0 0.525208336397
0.317549532675 1.0 0.530802830483
0.310754953267 1.0 0.529666820137
0.312775495327 1.0 0.520611642395
0.269777549533 1.0 0.51248623412
0.275377754953 1.0 0.49617195961
0.306537775495 1.0 0.488911976853
0.28265377755 1.0 0.474816082453
0.297365377755 1.0 0.466032360701
0.317736537775 1.0 0.473095305223
0.305373653778 1.0 0.474007004808
0.327537365378 1.0 0.476155517051
0.339653736538 1.0 0.481064406786
0.314765373654 1.0 0.489161192007
0.337476537365 1.0 0.506455115367
0.325347653737 1.0 0.514443636239
0.337634765374 1.0 0.521978913575
0.335263476537 1.0 0.530215936009
0.305326347654 1.0 0.536439102353
0.305932634765 1.0 0.528283778476
0.314093263477 1.0 0.51302851626
0.330209326348 1.0 0.493396590641
0.299420932635 1.0 0.474884955084
0.325142093263 1.0 0.468239345769
0.307914209326 1.0 0.461784224838
0.298991420933 1.0 0.449700792137
0.303499142093 1.0 0.435769739519
0.303049914209 1.0 0.423184678504
0.303904991421 1.0 0.420065574142
0.292290499142 1.0 0.418725506991
0.298329049914 1.0 0.413206276759
0.300732904991 1.0 0.406613699441
0.245173290499 1.0 0.396541933949
0.26211732905 1.0 0.375748803901
0.245811732905 1.0 0.370150577797
0.26578117329 1.0 0.388489463923
0.266878117329 1.0 0.406030951298
0.270587811733 1.0 0.412558832246
0.307858781173 1.0 0.418872915548
0.333185878117 1.0 0.418810352602
0.305118587812 1.0 0.423088631387
0.319411858781 1.0 0.436351378912
0.324441185878 1.0 0.449062382339
0.303344118588 1.0 0.461840028733
0.302134411859 1.0 0.466857688523
0.313713441186 1.0 0.474165754519
0.306771344119 1.0 0.486173719196
0.299777134412 1.0 0.505171104655
0.323377713441 1.0 0.510717248878
0.300537771344 1.0 0.523430106359
0.331553777134 1.0 0.528604314361
0.325655377713 1.0 0.521295935185
0.323265537771 1.0 0.515531580947
0.356326553777 1.0 0.506583153748
0.357832655378 1.0 0.487795834792
0.319283265538 1.0 0.480861240163
0.308228326554 1.0 0.475540032245
0.332322832655 1.0 0.474975897004
0.314932283266 1.0 0.472799370487
0.304193228327 1.0 0.463522794691
0.286919322833 1.0 0.459486206712
0.260891932283 1.0 0.471919250302
0.287989193228 1.0 0.486486705922
0.306898919323 1.0 0.503160091806
0.288989891932 1.0 0.520511761517
0.328598989193 1.0 0.529455038076
0.341559898919 1.0 0.531034720343
0.343755989892 1.0 0.525411249162
0.361975598989 1.0 0.522908532187
0.327797559899 1.0 0.53455910832
0.32527975599 1.0 0.55144242321
0.336727975599 1.0 0.562073567292
0.35857279756 1.0 0.564461161669
0.338257279756 1.0 0.56794812369
0.320025727976 1.0 0.579140636229
0.328102572798 1.0 0.591317578819
0.32531025728 1.0 0.597264841622
0.296231025728 1.0 0.601520497214
0.328423102573 1.0 0.602054265634
0.335242310257 1.0 0.596043070738
0.326924231026 1.0 0.595153876783
0.317992423103 1.0 0.586282613226
0.32879924231 1.0 0.568716796842
0.328079924231 1.0 0.563779231624
0.324407992423 1.0 0.563615953175
0.341140799242 1.0 0.571349537829
0.294214079924 1.0 0.572154216379
0.317421407992 1.0 0.564192445499
0.258542140799 1.0 0.561892200479
0.28865421408 1.0 0.570941617092
0.289865421408 1.0 0.578758140397
0.282786542141 1.0 0.586705676173
0.280278654214 1.0 0.596707758083
0.299827865421 1.0 0.59879037336
0.332382786542 1.0 0.589028152778
0.331138278654 1.0 0.581267712579
0.320213827865 1.0 0.581018829665
0.324521382787 1.0 0.587279165807
0.355552138279 1.0 0.596133246203
0.346955213828 1.0 0.596980344682
0.339795521383 1.0 0.603011343369
0.330079552138 1.0 0.6070294186
0.334507955214 1.0 0.611238424405
0.334950795521 1.0 0.614854066579
0.332295079552 1.0 0.615061058892
0.336529507955 1.0 0.622050401106
0.346852950796 1.0 0.628181183801
0.33618529508 1.0 0.63016367353
0.308118529508 1.0 0.63170240628
0.313411852951 1.0 0.621460771927
0.338241185295 1.0 0.613345074319
0.33442411853 1.0 0.611862379465
0.351142411853 1.0 0.616594288668
0.322214241185 1.0 0.623178962326
0.337321424119 1.0 0.618968640023
0.289332142412 1.0 0.617773705725
0.280933214241 1.0 0.618132962991
0.256693321424 1.0 0.619360778744
0.276769332142 1.0 0.62204927122
0.289576933214 1.0 0.621475916365
0.307957693321 1.0 0.624108080404
0.327795769332 1.0 0.63283003686
0.338779576933 1.0 0.633543354412
0.318277957693 1.0 0.629960806643
0.335127795769 1.0 0.623227507325
0.349412779577 1.0 0.62227645616
0.333741277958 1.0 0.634990827741
0.340274127796 1.0 0.638485435048
0.32562741278 1.0 0.637653024009
0.349362741278 1.0 0.635314729588
0.325636274128 1.0 0.629386102071
0.329563627413 1.0 0.62405417727
0.309256362741 1.0 0.620807435843
0.352225636274 1.0 0.614063707828
0.341222563627 1.0 0.613080486216
0.310422256363 1.0 0.620916964311
0.310942225636 1.0 0.626029205033
0.355994222564 1.0 0.620456255526
0.353299422256 1.0 0.608668703041
0.351229942226 1.0 0.605853545816
0.334822994223 1.0 0.611350516375
0.326882299422 1.0 0.614695579482
0.327888229942 1.0 0.613854187184
0.295588822994 1.0 0.607546036877
0.285158882299 1.0 0.605551878782
0.26971588823 1.0 0.60740532509
0.274471588823 1.0 0.607513523451
0.292947158882 1.0 0.601983545407
0.301094715888 1.0 0.603303366458
0.325309471589 1.0 0.61120316131
0.321430947159 1.0 0.610147382969
0.349843094716 1.0 0.607748435555
0.332884309472 1.0 0.609566538262
0.314988430947 1.0 0.610686245724
0.324898843095 1.0 0.621449824811
0.312389884309 1.0 0.623060008827
0.312938988431 1.0 0.622583318676
0.338193898843 1.0 0.623484038322
0.327219389884 1.0 0.615419399514
0.329721938988 1.0 0.610044695146
0.317372193899 1.0 0.608797180366
0.33233721939 1.0 0.609300231172
0.337433721939 1.0 0.61028327328
0.314543372194 1.0 0.611423997678
0.327554337219 1.0 0.609015817685
0.327055433722 1.0 0.610873255721
0.360305543372 1.0 0.604440872256
0.336630554337 1.0 0.602674615667
0.341463055434 1.0 0.600071874044
0.352746305543 1.0 0.601794252063
0.318774630554 1.0 0.607157606439
0.301877463055 1.0 0.605184140304
0.280387746306 1.0 0.608290356481
0.271038774631 1.0 0.606982282047
0.314203877463 1.0 0.604482902386
0.279820387746 1.0 0.603237773532
0.313282038775 1.0 0.604233944959
0.297728203877 1.0 0.606175073374
0.328572820388 1.0 0.617780601411
0.331657282039 1.0 0.62164750544
0.326565728204 1.0 0.621450856357
0.34045657282 1.0 0.62003945511
0.324745657282 1.0 0.623733763853
0.327674565728 1.0 0.632485621835
0.329767456573 1.0 0.631084842154
0.317376745657 1.0 0.623934256398
0.331437674566 1.0 0.609832224135
0.306743767457 1.0 0.614886622063
0.338474376746 1.0 0.632359273214
0.318247437675 1.0 0.650823653154
0.332424743767 1.0 0.662678970252
0.338342474377 1.0 0.663801200261
0.326334247438 1.0 0.667590595973
0.344033424744 1.0 0.667649710853
0.360203342474 1.0 0.6547238178
0.337520334247 1.0 0.650001286053
0.341552033425 1.0 0.64025354289
0.344655203342 1.0 0.636376350349
0.344065520334 1.0 0.632264319231
0.302606552033 1.0 0.619687757616
0.295760655203 1.0 0.617071557273
0.26537606552 1.0 0.610332640576
0.268637606552 1.0 0.610920928543
0.299563760655 1.0 0.607229304685
0.278356376066 1.0 0.607282942323
0.332035637607 1.0 0.61421832217
0.327503563761 1.0 0.628037651094
0.322550356376 1.0 0.643633719168
0.338255035638 1.0 0.653992714543
0.312825503564 1.0 0.660873460439
0.321082550356 1.0 0.666455679362
0.337208255036 1.0 0.672691569069
0.353220825504 1.0 0.671527370319
0.32602208255 1.0 0.661769357816
0.332302208255 1.0 0.646125568155
0.325730220826 1.0 0.634129638963
0.336773022083 1.0 0.651257576792
0.310877302208 1.0 0.665900190505
0.335287730221 1.0 0.675920357755
0.351228773022 1.0 0.680560491373
0.354622877302 1.0 0.684288467696
0.34326228773 1.0 0.681381944255
0.333126228773 1.0 0.666730213909
0.315012622877 1.0 0.653018278159
0.344701262288 1.0 0.636351941292
0.324270126229 1.0 0.623342567962
0.308727012623 1.0 0.608535023121
0.282872701262 1.0 0.587606479025
0.271287270126 1.0 0.575410514148
0.264728727013 1.0 0.560351229218
0.282972872701 1.0 0.561767016113
0.27129728727 1.0 0.558737860466
0.288129728727 1.0 0.56524269391
0.280812972873 1.0 0.582239192054
0.311581297287 1.0 0.594500847944
0.305658129729 1.0 0.612094139383
0.314065812973 1.0 0.629991247394
0.319406581297 1.0 0.65066762589
0.31634065813 1.0 0.663257482448
0.353834065813 1.0 0.663754201728
0.299083406581 1.0 0.664177776372
0.304408340658 1.0 0.655733555939
0.294140834066 1.0 0.648261737221
0.272414083407 1.0 0.628898115735
0.275641408341 1.0 0.623940497841
0.299364140834 1.0 0.638878212263
0.336836414083 1.0 0.655264027217
0.309983641408 1.0 0.664006702973
0.325298364141 1.0 0.664387957339
0.295329836414 1.0 0.663766027369
0.349032983641 1.0 0.649973896736
0.298603298364 1.0 0.630792129198
0.299860329836 1.0 0.61289483977
0.300886032984 1.0 0.595448780478
0.307288603298 1.0 0.582779220484
0.28722886033 1.0 0.563086586238
0.272622886033 1.0 0.542401654416
0.270262288603 1.0 0.544076791272
0.25112622886 1.0 0.560139572318
0.281612622886 1.0 0.574796215755
0.278361262289 1.0 0.586863716365
0.309536126229 1.0 0.60811554461
0.342353612623 1.0 0.622827741619
0.343835361262 1.0 0.635479151569
0.344883536126 1.0 0.653089372192
0.327888353613 1.0 0.66593631612
0.329788835361 1.0 0.681127691232
0.335378883536 1.0 0.684045395905
0.326037888354 1.0 0.68019026931
0.317003788835 1.0 0.676305568082
0.326900378884 1.0 0.661721196243
0.297290037888 1.0 0.645414854975
0.303329003789 1.0 0.652386098393
0.310232900379 1.0 0.654823285549
0.341523290038 1.0 0.662416025487
0.332052329004 1.0 0.671018463005
0.3221052329 1.0 0.672017820102
0.35891052329 1.0 0.667031975463
0.317591052329 1.0 0.660648362028
0.335059105233 1.0 0.654220977528
0.356605910523 1.0 0.643316281946
0.350660591052 1.0 0.627060301349
0.326666059105 1.0 0.614915739035
0.295466605911 1.0 0.606601825092
0.271646660591 1.0 0.598207847159
0.285464666059 1.0 0.60166912188
0.276946466606 1.0 0.610054576673
0.303094646661 1.0 0.615488237783
0.330909464666 1.0 0.621402015443
0.367890946467 1.0 0.632316884503
0.337389094647 1.0 0.63676856722
0.361338909465 1.0 0.640982283243
0.335833890946 1.0 0.649149418001
0.332383389095 1.0 0.656655556682
0.347338338909 1.0 0.66768748742
0.321833833891 1.0 0.668093383429
0.344483383389 1.0 0.664736527956
0.326048338339 1.0 0.662515962346
0.344904833834 1.0 0.649864220246
0.309890483383 1.0 0.635749269715
0.344189048338 1.0 0.63444553798
0.340418904834 1.0 0.62812228327
0.313041890483 1.0 0.625547297308
0.328304189048 1.0 0.63093752852
0.341530418905 1.0 0.632338290299
0.34735304189 1.0 0.62309453291
0.343435304189 1.0 0.619221326734
0.343043530419 1.0 0.621751104692
0.325904353042 1.0 0.621458063976
0.334990435304 1.0 0.617668885512
0.31879904353 1.0 0.605297919643
0.311779904353 1.0 0.604452178865
0.295777990435 1.0 0.608257892396
0.279777799044 1.0 0.606297359326
0.286277779904 1.0 0.604414410114
0.31032777799 1.0 0.602122382354
0.321732777799 1.0 0.605494103336
0.31657327778 1.0 0.60668775784
0.337657327778 1.0 0.601702001833
0.326265732778 1.0 0.599518114081
0.320626573278 1.0 0.602828768512
0.327262657328 1.0 0.605320542175
0.318026265733 1.0 0.610383971937
0.312602626573 1.0 0.608901611162
0.312960262657 1.0 0.611586457239
0.337296026266 1.0 0.609983756626
0.325329602627 1.0 0.602016326887
0.329532960263 1.0 0.600345354867
0.323653296026 1.0 0.607827246339
0.320365329603 1.0 0.618714048355
0.31373653296 1.0 0.623797190949
0.338273653296 1.0 0.622880296636
0.34702736533 1.0 0.623410561288
0.325402736533 1.0 0.621707807798
0.335840273653 1.0 0.609599120818
0.315284027365 1.0 0.610007499774
0.360928402737 1.0 0.608224399831
0.348392840274 1.0 0.610480399879
0.336339284027 1.0 0.611451747908
0.300033928403 1.0 0.602560015201
0.27300339284 1.0 0.608624157912
0.250500339284 1.0 0.609830527705
0.280650033928 1.0 0.607756043712
0.303465003393 1.0 0.603419109461
0.312946500339 1.0 0.607863162368
0.334594650034 1.0 0.613745449714
0.356559465003 1.0 0.615253242311
0.3344559465 1.0 0.611663009059
0.32504559465 1.0 0.605610644579
0.345704559465 1.0 0.609526423633
0.344170455947 1.0 0.620390073678
0.328717045595 1.0 0.626050273144
0.344271704559 1.0 0.621195873997
0.334127170456 1.0 0.612772495361
0.316012717046 1.0 0.610963098132
0.311501271705 1.0 0.617294700104
0.32275012717 1.0 0.620131488127
0.322975012717 1.0 0.626795719348
0.316697501272 1.0 0.634745123518
0.345769750127 1.0 0.636718423742
0.328876975013 1.0 0.638973861483
0.343387697501 1.0 0.63486774682
0.35473876975 1.0 0.619903051097
0.325273876975 1.0 0.623453056511
0.336727387698 1.0 0.629271726822
0.33607273877 1.0 0.633950896087
0.310807273877 1.0 0.632530195388
0.294780727388 1.0 0.622420238272
0.271578072739 1.0 0.623024130097
0.285457807274 1.0 0.624529281809
0.269745780727 1.0 0.622566121527
0.297874578073 1.0 0.619698731603
0.303387457807 1.0 0.618499416102
0.312038745781 1.0 0.619784210711
0.318303874578 1.0 0.623425218357
0.327930387458 1.0 0.615391372149
0.332493038746 1.0 0.611684226853
0.331149303875 1.0 0.614384685936
0.328314930387 1.0 0.622148477107
0.321731493039 1.0 0.631861663827
0.314773149304 1.0 0.628988016515
0.29967731493 1.0 0.629014132853
0.314367731493 1.0 0.628057085102
0.320336773149 1.0 0.618796562061
0.317333677315 1.0 0.615455308441
0.338633367731 1.0 0.61064153851
0.312863336773 1.0 0.60711484182
0.321986333677 1.0 0.602343021914
0.347198633368 1.0 0.597746930396
0.319119863337 1.0 0.596544620983
0.355911986334 1.0 0.586592995355
0.347891198633 1.0 0.581320311526
0.321889119863 1.0 0.581248936766
0.326488911986 1.0 0.589721091465
0.334148891199 1.0 0.598995778982
0.29171488912 1.0 0.596047631966
0.283871488912 1.0 0.591632099377
0.258787148891 1.0 0.582862265745
0.286878714889 1.0 0.579950205263
0.284287871489 1.0 0.569962462333
0.311928787149 1.0 0.565865696126
0.322792878715 1.0 0.572609935125
0.332879287871 1.0 0.571453414858
0.359087928787 1.0 0.562504364716
0.327508792879 1.0 0.563663773303
0.326150879288 1.0 0.570016215247
0.332315087929 1.0 0.586551848064
0.335631508793 1.0 0.595108944222
0.351263150879 1.0 0.594904359116
0.322226315088 1.0 0.602919427527
0.336422631509 1.0 0.607371006339
0.308142263151 1.0 0.605530638513
0.334114226315 1.0 0.598686147592
0.329511422632 1.0 0.582244475764
0.318251142263 1.0 0.568659910204
0.343225114226 1.0 0.564383237296
0.362822511423 1.0 0.561973219351
0.334182251142 1.0 0.551655390294
0.357418225114 1.0 0.533229608643
0.320141822511 1.0 0.523479571785
0.343414182251 1.0 0.525208336397
0.348441418225 1.0 0.530802830483
0.305744141823 1.0 0.529666820137
0.307774414182 1.0 0.520611642395
0.290877441418 1.0 0.51248623412
0.282887744142 1.0 0.49617195961
0.297388774414 1.0 0.488911976853
0.304238877441 1.0 0.474816082453
0.277023887744 1.0 0.466032360701
0.314802388774 1.0 0.473095305223
0.343780238877 1.0 0.474007004808
0.348478023888 1.0 0.476155517051
0.344447802389 1.0 0.481064406786
0.327844780239 1.0 0.489161192007
0.330684478024 1.0 0.506455115367
0.341768447802 1.0 0.514443636239
0.35007684478 1.0 0.521978913575
0.341007684478 1.0 0.530215936009
0.335600768448 1.0 0.536439102353
0.318860076845 1.0 0.528283778476
0.298286007684 1.0 0.51302851626
0.303428600768 1.0 0.493396590641
0.320142860077 1.0 0.474884955084
0.299314286008 1.0 0.468239345769
0.316131428601 1.0 0.461784224838
0.30521314286 1.0 0.449700792137
0.321221314286 1.0 0.435769739519
0.299422131429 1.0 0.423184678504
0.303542213143 1.0 0.420065574142
0.298554221314 1.0 0.418725506991
0.262955422131 1.0 0.413206276759
0.283695542213 1.0 0.406613699441
0.247069554221 1.0 0.396541933949
0.266806955422 1.0 0.375748803901
0.240880695542 1.0 0.370150577797
0.267988069554 1.0 0.388489463923
0.283298806955 1.0 0.406030951298
0.292929880696 1.0 0.412558832246
0.32449298807 1.0 0.418872915548
0.315049298807 1.0 0.418810352602
0.309604929881 1.0 0.423088631387
0.311760492988 1.0 0.436351378912
0.288576049299 1.0 0.449062382339
0.29165760493 1.0 0.461840028733
0.288365760493 1.0 0.466857688523
0.306036576049 1.0 0.474165754519
0.287103657605 1.0 0.486173719196
0.29511036576 1.0 0.505171104655
0.316611036576 1.0 0.510717248878
0.343061103658 1.0 0.523430106359
0.325906110366 1.0 0.528604314361
0.356590611037 1.0 0.521295935185
0.348859061104 1.0 0.515531580947
0.34088590611 1.0 0.506583153748
0.349088590611 1.0 0.487795834792
0.313008859061 1.0 0.480861240163
0.333700885906 1.0 0.475540032245
0.329470088591 1.0 0.474975897004
0.312847008859 1.0 0.472799370487
0.326484700886 1.0 0.463522794691
0.287348470089 1.0 0.459486206712
0.275334847009 1.0 0.471919250302
0.286733484701 1.0 0.486486705922
0.28967334847 1.0 0.503160091806
0.325967334847 1.0 0.520511761517
0.304396733485 1.0 0.529455038076
0.309439673348 1.0 0.531034720343
0.327043967335 1.0 0.525411249162
0.336004396733 1.0 0.522908532187
0.367500439673 1.0 0.53455910832
0.319350043967 1.0 0.55144242321
0.333435004397 1.0 0.562073567292
0.34024350044 1.0 0.564461161669
0.353524350044 1.0 0.56794812369
0.318852435004 1.0 0.579140636229
0.3045852435 1.0 0.591317578819
0.32205852435 1.0 0.597264841622
0.322905852435 1.0 0.601520497214
0.334690585244 1.0 0.602054265634
0.334969058524 1.0 0.596043070738
0.352096905852 1.0 0.595153876783
0.317809690585 1.0 0.586282613226
0.349480969059 1.0 0.568716796842
0.323848096906 1.0 0.563779231624
0.334784809691 1.0 0.563615953175
0.340378480969 1.0 0.571349537829
0.322937848097 1.0 0.572154216379
0.30949378481 1.0 0.564192445499
0.288349378481 1.0 0.561892200479
0.281734937848 1.0 0.570941617092
0.310773493785 1.0 0.578758140397
0.288477349378 1.0 0.586705676173
0.285347734938 1.0 0.596707758083
0.313834773494 1.0 0.59879037336
0.329283477349 1.0 0.589028152778
0.326328347735 1.0 0.581267712579
0.312532834773 1.0 0.581018829665
0.332753283477 1.0 0.587279165807
0.323975328348 1.0 0.596133246203
0.333897532835 1.0 0.596980344682
0.342089753283 1.0 0.603011343369
0.314108975328 1.0 0.6070294186
0.333810897533 1.0 0.611238424405
0.344781089753 1.0 0.614854066579
0.317978108975 1.0 0.615061058892
0.316197810898 1.0 0.622050401106
0.32861978109 1.0 0.628181183801
0.329861978109 1.0 0.63016367353
0.325486197811 1.0 0.63170240628
0.334048619781 1.0 0.621460771927
0.334904861978 1.0 0.613345074319
0.320590486198 1.0 0.611862379465
0.33175904862 1.0 0.616594288668
0.330175904862 1.0 0.623178962326
0.343517590486 1.0 0.618968640023
0.316051759049 1.0 0.617773705725
0.295305175905 1.0 0.618132962991
0.28153051759 1.0 0.619360778744
0.301753051759 1.0 0.62204927122
0.290275305176 1.0 0.621475916365
0.308027530518 1.0 0.624108080404
0.294502753052 1.0 0.63283003686
0.345350275305 1.0 0.633543354412
0.310835027531 1.0 0.629960806643
0.341583502753 1.0 0.623227507325
0.337458350275 1.0 0.62227645616
0.338845835028 1.0 0.634990827741
0.342584583503 1.0 0.638485435048
0.35915845835 1.0 0.637653024009
0.323915845835 1.0 0.635314729588
0.331191584584 1.0 0.629386102071
0.304019158458 1.0 0.62405417727
0.322901915846 1.0 0.620807435843
0.322990191585 1.0 0.614063707828
0.320299019158 1.0 0.613080486216
0.324529901916 1.0 0.620916964311
0.329452990192 1.0 0.626029205033
0.331745299019 1.0 0.620456255526
0.350874529902 1.0 0.608668703041
0.33928745299 1.0 0.605853545816
0.326428745299 1.0 0.611350516375
0.30174287453 1.0 0.614695579482
0.297474287453 1.0 0.613854187184
0.302447428745 1.0 0.607546036877
0.311044742875 1.0 0.605551878782
0.259704474287 1.0 0.60740532509
0.265370447429 1.0 0.607513523451
0.273137044743 1.0 0.601983545407
0.292813704474 1.0 0.603303366458
0.319981370447 1.0 0.61120316131
0.327198137045 1.0 0.610147382969
0.327019813704 1.0 0.607748435555
0.31350198137 1.0 0.609566538262
0.333750198137 1.0 0.610686245724
0.333975019814 1.0 0.621449824811
0.323197501981 1.0 0.623060008827
0.334719750198 1.0 0.622583318676
0.31967197502 1.0 0.623484038322
0.307367197502 1.0 0.615419399514
0.32143671975 1.0 0.610044695146
0.335443671975 1.0 0.608797180366
0.335044367198 1.0 0.609300231172
0.32600443672 1.0 0.61028327328
0.335900443672 1.0 0.611423997678
0.324290044367 1.0 0.609015817685
0.333029004437 1.0 0.610873255721
0.339302900444 1.0 0.604440872256
0.324630290044 1.0 0.602674615667
0.324063029004 1.0 0.600071874044
0.3231063029 1.0 0.601794252063
0.29331063029 1.0 0.607157606439
0.295731063029 1.0 0.605184140304
0.282473106303 1.0 0.608290356481
0.27034731063 1.0 0.606982282047
0.274534731063 1.0 0.604482902386
0.294753473106 1.0 0.603237773532
0.308475347311 1.0 0.604233944959
0.304447534731 1.0 0.606175073374
0.338244753473 1.0 0.617780601411
0.354224475347 1.0 0.62164750544
0.327022447535 1.0 0.621450856357
0.325202244753 1.0 0.62003945511
0.319620224475 1.0 0.623733763853
0.330762022448 1.0 0.632485621835
0.325576202245 1.0 0.631084842154
0.323257620224 1.0 0.623934256398
0.308625762022 1.0 0.609832224135
0.334162576202 1.0 0.614886622063
0.32321625762 1.0 0.632359273214
0.335621625762 1.0 0.650823653154
0.305362162576 1.0 0.662678970252
0.340136216258 1.0 0.663801200261
0.338213621626 1.0 0.667590595973
0.344321362163 1.0 0.667649710853
0.336832136216 1.0 0.6547238178
