0.0549 0.9 0.369184714413
0.06759 0.99 0.444941174505
0.085959 0.999 0.488244601885
0.0940959 0.9999 0.525261199577
0.09580959 0.99999 0.562895024123
0.070780959 0.999999 0.58336699679
0.0925780959 0.9999999 0.587138855409
0.09295780959 0.99999999 0.58175744467
0.089395780959 0.999999999 0.567881860903
0.0872395780959 0.9999999999 0.552595938029
0.0753239578096 0.99999999999 0.523196012595
0.084032395781 0.999999999999 0.480654254016
0.0813032395781 1.0 0.448720657957
0.0819303239578 1.0 0.413765284683
0.0846930323958 1.0 0.372162084691
0.0957693032396 1.0 0.330550503886
0.096876930324 1.0 0.288662357138
0.0852876930324 1.0 0.270689695167
0.0778287693032 1.0 0.265941929469
0.0860828769303 1.0 0.277573314276
0.096808287693 1.0 0.291863046723
0.0870808287693 1.0 0.3017979035
0.0951080828769 1.0 0.306521505841
0.0842108082877 1.0 0.309996142746
0.0831210808288 1.0 0.321916135776
0.0659121080829 1.0 0.326180126768
0.0551912108083 1.0 0.320925096731
0.0595191210808 1.0 0.344929090692
0.0563519121081 1.0 0.374147074089
0.0803351912108 1.0 0.409250131457
0.0719335191211 1.0 0.433256617479
0.0944933519121 1.0 0.429233010737
0.0895493351912 1.0 0.425629169661
0.0935549335191 1.0 0.42464110276
0.0966554933519 1.0 0.421445221135
0.111365549335 1.0 0.408241236116
0.111936554934 1.0 0.383120940843
0.102993655493 1.0 0.367910583914
0.101199365549 1.0 0.375207305362
0.101019936555 1.0 0.3914858686
0.100101993655 1.0 0.425413095105
0.100910199366 1.0 0.466908510716
0.101891019937 1.0 0.504719364813
0.0830891019937 1.0 0.544272710472
0.112708910199 1.0 0.573474262578
0.10307089102 1.0 0.60769573921
0.098507089102 1.0 0.640180794173
0.0863507089102 1.0 0.655906054424
0.101335070891 1.0 0.672807478514
0.106433507089 1.0 0.690419695339
0.0916433507089 1.0 0.688901903711
0.0901643350709 1.0 0.665710573313
0.116116433507 1.0 0.622042015827
0.0764116433507 1.0 0.579385351692
0.0742411643351 1.0 0.543411685913
0.0578241164335 1.0 0.499749897423
0.0534824116434 1.0 0.496165360443
0.0674482411643 1.0 0.534725429686
0.0751448241164 1.0 0.57042727921
0.0678144824116 1.0 0.606540261344
0.0985814482412 1.0 0.642788169434
0.109758144824 1.0 0.67279598116
0.0964758144824 1.0 0.715427603041
0.0951475814482 1.0 0.735598087041
0.0941147581448 1.0 0.737505382375
0.0859114758145 1.0 0.716584820644
0.0913911475814 1.0 0.682570027829
0.107239114758 1.0 0.662230302883
0.0989239114758 1.0 0.638148142967
0.0908923911476 1.0 0.618423081019
0.0873892391148 1.0 0.592099364688
0.115838923911 1.0 0.569620147231
0.106083892391 1.0 0.535514172812
0.0961083892391 1.0 0.50145018482
0.0879108389239 1.0 0.483559545879
0.0834910838924 1.0 0.469223140665
0.0893491083892 1.0 0.474148785038
0.0980349108389 1.0 0.484552935188
0.0935034910839 1.0 0.51110637735
0.109250349108 1.0 0.529568799904
0.0937250349108 1.0 0.533619063549
0.0876725034911 1.0 0.52913907989
0.0915672503491 1.0 0.521274016186
0.0793567250349 1.0 0.525433252851
0.0763356725035 1.0 0.516702378146
0.0616335672503 1.0 0.526505391118
0.056563356725 1.0 0.549038043219
0.0650563356725 1.0 0.578869325756
0.0767056335673 1.0 0.607354962806
0.0877705633567 1.0 0.60940798417
0.107777056336 1.0 0.602705793994
0.0854777056336 1.0 0.617448843241
0.105747770563 1.0 0.627000583318
0.0996747770563 1.0 0.615985158982
0.103567477706 1.0 0.582762296879
0.111156747771 1.0 0.554768582039
0.0930156747771 1.0 0.552610942927
0.0912015674777 1.0 0.549178528462
0.0973201567478 1.0 0.564915551593
0.106032015675 1.0 0.573657720804
0.111403201567 1.0 0.603812767664
0.0831403201567 1.0 0.624199299452
0.104614032016 1.0 0.629998058947
0.0986614032016 1.0 0.649469142826
0.10436614032 1.0 0.658320301632
0.092336614032 1.0 0.681671849596
0.0821336614032 1.0 0.711641944227
0.11441336614 1.0 0.733760517918
0.090641336614 1.0 0.741796531534
0.0927641336614 1.0 0.722410447605
0.0812764133661 1.0 0.685298756536
0.0792276413366 1.0 0.650582585447
0.0799227641337 1.0 0.612907286515
0.0565922764134 1.0 0.572376671393
0.0551592276413 1.0 0.551313837964
0.0649159227641 1.0 0.574194539316
0.0658915922764 1.0 0.589142658889
0.0650891592276 1.0 0.618889096642
0.0776089159228 1.0 0.64600518053
0.0896608915923 1.0 0.679761344258
0.0908660891592 1.0 0.720098317091
0.101786608916 1.0 0.737725844833
0.101978660892 1.0 0.728176876388
0.0920978660892 1.0 0.692231920275
0.0920097866089 1.0 0.657790400656
0.101000978661 1.0 0.644626697936
0.100100097866 1.0 0.624659309712
0.0865100097866 1.0 0.621558161851
0.0914510009787 1.0 0.608784779493
0.0928451000979 1.0 0.59443640594
0.10018451001 1.0 0.59078951496
0.095518451001 1.0 0.581060245671
0.0941518451001 1.0 0.58900660797
0.09851518451 1.0 0.597535237284
0.109751518451 1.0 0.627285992933
0.103675151845 1.0 0.66574968192
0.107567515185 1.0 0.702890069922
0.0908567515185 1.0 0.716481955
0.0909856751518 1.0 0.713704479649
0.100898567515 1.0 0.709412966178
0.100089856752 1.0 0.699952872956
0.0712089856752 1.0 0.689468447622
0.0728208985675 1.0 0.661545269081
0.0666820898568 1.0 0.657490563872
0.0687682089857 1.0 0.68487379143
0.0788768208986 1.0 0.701494839731
0.0771876820899 1.0 0.712761800599
0.087818768209 1.0 0.728885578732
0.0951818768209 1.0 0.745024763224
0.104918187682 1.0 0.760798824429
0.0923918187682 1.0 0.75356119101
0.0983391818768 1.0 0.723290806934
0.0998339181877 1.0 0.690972536683
0.100883391819 1.0 0.657492466201
0.0910883391819 1.0 0.627937131213
0.0919088339182 1.0 0.594373363302
0.108190883392 1.0 0.568019564005
0.0927190883392 1.0 0.572898676203
0.110071908834 1.0 0.589472168011
0.104607190883 1.0 0.594098666459
0.114860719088 1.0 0.594252018117
0.118586071909 1.0 0.598689198409
0.0982586071909 1.0 0.619831520576
0.0836258607191 1.0 0.656867469364
0.0911625860719 1.0 0.708779433181
0.100016258607 1.0 0.745570750779
0.0847016258607 1.0 0.756655701421
0.0867701625861 1.0 0.740201388872
0.104977016259 1.0 0.705439082004
0.0968977016259 1.0 0.679604423696
0.0807897701626 1.0 0.642312172369
0.0692789770163 1.0 0.590007205631
0.0618278977016 1.0 0.557274260992
0.0538827897702 1.0 0.582370887068
0.064788278977 1.0 0.597149535556
0.0928788278977 1.0 0.61643889478
0.10738788279 1.0 0.650501687215
0.092638788279 1.0 0.678953210594
0.103763878828 1.0 0.70845978322
0.0868763878828 1.0 0.720794372288
0.112187638788 1.0 0.709693533754
0.0976187638788 1.0 0.674136679366
0.0880618763879 1.0 0.626556358496
0.0898061876388 1.0 0.594348101455
0.104380618764 1.0 0.567635335919
0.0977380618764 1.0 0.555281028044
0.108773806188 1.0 0.559754059944
0.106277380619 1.0 0.553960624146
0.0943277380619 1.0 0.552102002302
0.0940327738062 1.0 0.556653185937
0.0913032773806 1.0 0.575509382391
0.105430327738 1.0 0.610028620402
0.105943032774 1.0 0.646233592369
0.110494303277 1.0 0.694900731478
0.0947494303277 1.0 0.737560723982
0.108474943033 1.0 0.756781490785
0.106247494303 1.0 0.749504903809
0.0817247494303 1.0 0.732401252708
0.077472474943 1.0 0.718818740434
0.0842472474943 1.0 0.69850294292
0.0588247247494 1.0 0.664569140427
0.0634824724749 1.0 0.638226232969
0.0648482472475 1.0 0.670223915313
0.0811848247247 1.0 0.702149756681
0.0765184824725 1.0 0.726891055444
0.0868518482472 1.0 0.740940319838
0.0923851848247 1.0 0.775187608108
0.0983385184825 1.0 0.789647882774
0.0971338518482 1.0 0.778986790892
0.0979133851848 1.0 0.758806610467
0.0925913385185 1.0 0.718634601532
0.0983591338518 1.0 0.684119920539
0.119635913385 1.0 0.633902371397
0.100163591339 1.0 0.582400217789
0.0937163591339 1.0 0.547518317152
0.0876716359134 1.0 0.535122872318
0.102367163591 1.0 0.542582467326
0.104736716359 1.0 0.544668169782
0.101373671636 1.0 0.550836759105
0.101937367164 1.0 0.558175370864
0.0983937367164 1.0 0.584285903742
0.0989393736716 1.0 0.63243430833
0.110693937367 1.0 0.683285112397
0.104669393737 1.0 0.715266208519
0.0896669393737 1.0 0.723558107395
0.0980666939374 1.0 0.708334891315
0.0935066693937 1.0 0.677815719882
0.0831506669394 1.0 0.644253078887
0.0767150666939 1.0 0.596039053134
0.0634715066694 1.0 0.535443409674
0.0747471506669 1.0 0.499135041516
0.0650747150667 1.0 0.525174999939
0.0749074715067 1.0 0.543837589526
0.0875907471507 1.0 0.571731466021
0.0843590747151 1.0 0.621201399551
0.0903359074715 1.0 0.660671373514
0.0927335907472 1.0 0.691863557503
0.0947733590747 1.0 0.708804718337
0.0877773359075 1.0 0.703633871244
0.105977733591 1.0 0.676243147184
0.0942977733591 1.0 0.629129299284
0.108429777336 1.0 0.578582642671
0.104442977734 1.0 0.545019869697
0.111244297773 1.0 0.521697405778
0.100224429777 1.0 0.513325195395
0.0892224429777 1.0 0.50667457644
0.0773222442978 1.0 0.498311435843
0.0995322244298 1.0 0.517727870389
0.090953222443 1.0 0.554780439545
0.0855953222443 1.0 0.606687165573
0.0904595322244 1.0 0.654168521838
0.0873459532224 1.0 0.705257578901
0.0942345953222 1.0 0.747673832949
0.102123459532 1.0 0.769978913518
0.101112345953 1.0 0.767914095088
0.0929112345953 1.0 0.754622180727
0.0776911234595 1.0 0.7549881502
0.068069112346 1.0 0.734018382295
0.0590069112346 1.0 0.689018608227
0.0482006911235 1.0 0.65859065204
0.0669200691123 1.0 0.680768690231
0.0687920069112 1.0 0.691307926419
0.0761792006911 1.0 0.726411758337
0.0967179200691 1.0 0.750339144856
0.104171792007 1.0 0.756615161278
0.0905171792007 1.0 0.739237146678
0.0936517179201 1.0 0.732018001455
0.093065171792 1.0 0.713767400989
0.0876065171792 1.0 0.679671686903
0.100560651718 1.0 0.630377097569
0.100056065172 1.0 0.563969951518
0.104505606517 1.0 0.512024264058
0.0995505606517 1.0 0.477530832236
0.0909550560652 1.0 0.461448896856
0.0945955056065 1.0 0.460136542422
0.0985595505607 1.0 0.470819199708
0.0971559550561 1.0 0.491001538777
0.0844155955056 1.0 0.523016637699
0.0903415595506 1.0 0.562820580279
0.0810341559551 1.0 0.603251026285
0.0873034155955 1.0 0.644257886207
0.0915303415596 1.0 0.669370597683
0.094653034156 1.0 0.675153833842
0.0985653034156 1.0 0.660994960288
0.103456530342 1.0 0.628390416849
0.0733456530342 1.0 0.583635797333
0.0766345653034 1.0 0.525421513117
0.0625634565303 1.0 0.457867909081
0.056656345653 1.0 0.420442563073
0.0659656345653 1.0 0.46205165027
0.0695965634565 1.0 0.506210562035
0.0753596563457 1.0 0.558876072439
0.0876359656346 1.0 0.628141539584
0.102363596563 1.0 0.686983438503
0.0894363596563 1.0 0.728488881861
0.0944436359656 1.0 0.748979514457
0.100344363597 1.0 0.748808537466
0.10273443636 1.0 0.728208245462
0.097573443636 1.0 0.687409755712
0.0907573443636 1.0 0.630839093278
0.108975734436 1.0 0.585233828377
0.0900975734436 1.0 0.545112510704
0.103509757344 1.0 0.525846206248
0.111150975734 1.0 0.511106828803
0.103815097573 1.0 0.494499649282
0.0868815097573 1.0 0.499139256889
0.112188150976 1.0 0.529109532293
0.0958188150976 1.0 0.581856528149
0.0950818815098 1.0 0.637624131863
0.092308188151 1.0 0.688431415147
0.101930818815 1.0 0.719178535281
0.0938930818815 1.0 0.748754711747
0.0885893081882 1.0 0.769398516251
0.0943589308188 1.0 0.772054121899
0.0940358930819 1.0 0.773968702543
0.0895035893082 1.0 0.755516391178
0.0764503589308 1.0 0.719936097757
0.0580450358931 1.0 0.699977965929
0.0715045035893 1.0 0.712633536406
0.0773504503589 1.0 0.714886753606
0.0725350450359 1.0 0.729224084626
0.0882535045036 1.0 0.751866364641
0.10152535045 1.0 0.751587339335
0.110952535045 1.0 0.748120916376
0.101095253505 1.0 0.73585948344
0.11180952535 1.0 0.709154801424
0.096680952535 1.0 0.676010222362
0.0969680952535 1.0 0.631248932474
0.0780968095254 1.0 0.586832855531
0.0906096809525 1.0 0.548168923284
0.101760968095 1.0 0.542711741439
0.10647609681 1.0 0.53490821845
0.101547609681 1.0 0.527003830338
0.101954760968 1.0 0.538644947621
0.111895476097 1.0 0.57094580647
0.0984895476097 1.0 0.637064905222
0.093548954761 1.0 0.693601695033
0.117354895476 1.0 0.732298146235
0.111635489548 1.0 0.766456096198
0.0948635489548 1.0 0.788033715475
0.0814863548955 1.0 0.787335480769
0.10354863549 1.0 0.763626748263
0.109354863549 1.0 0.718759858444
0.0910354863549 1.0 0.656308092853
0.0748035486355 1.0 0.581077386529
0.0749803548635 1.0 0.498535423489
0.0632980354864 1.0 0.454476576416
0.0639298035486 1.0 0.487915809316
0.0801929803549 1.0 0.503719849059
0.0845192980355 1.0 0.540911162923
0.0966519298035 1.0 0.60773709711
0.11136519298 1.0 0.666625973604
0.100236519298 1.0 0.709791579567
0.10182365193 1.0 0.736685395321
0.093882365193 1.0 0.742107043402
0.0912882365193 1.0 0.749035989933
0.106328823652 1.0 0.73643330318
0.113232882365 1.0 0.701988624785
0.0851232882365 1.0 0.65588475977
0.103912328824 1.0 0.611228023413
0.0967912328824 1.0 0.596346478941
0.0960791232882 1.0 0.600666741871
0.103207912329 1.0 0.607611644237
0.101220791233 1.0 0.608624099042
0.0893220791233 1.0 0.616008058322
0.103432207912 1.0 0.644683808245
0.101243220791 1.0 0.689687368685
0.0992243220791 1.0 0.728358129804
0.100822432208 1.0 0.747882266468
0.0901822432208 1.0 0.765812478673
0.0972182243221 1.0 0.795610802074
0.101521822432 1.0 0.808986257995
0.0785521822432 1.0 0.797920095305
0.0753552182243 1.0 0.772629718493
0.0660355218224 1.0 0.742296863128
0.0723035521822 1.0 0.746718079642
0.0558303552182 1.0 0.768542652271
0.0730830355218 1.0 0.781151808504
0.0946083035522 1.0 0.78783704219
0.0850608303552 1.0 0.814132048933
0.103906083036 1.0 0.825701612596
0.113890608304 1.0 0.828121550571
0.10138906083 1.0 0.808633415288
0.093838906083 1.0 0.769970514598
0.0921838906083 1.0 0.746343136268
0.0947183890608 1.0 0.723473299027
0.0940718389061 1.0 0.704558018917
0.0976071838906 1.0 0.690720945568
0.109660718389 1.0 0.688174278667
0.106366071839 1.0 0.669803680585
0.0898366071839 1.0 0.65234621272
0.0980836607184 1.0 0.657597630552
0.0962083660718 1.0 0.671979754764
0.101420836607 1.0 0.712071792532
0.105542083661 1.0 0.748284813023
0.0978542083661 1.0 0.770110381044
0.0925854208366 1.0 0.78145602433
0.0992585420837 1.0 0.770465640988
0.0936258542084 1.0 0.749803844461
0.0975625854208 1.0 0.721914504796
0.104256258542 1.0 0.675731502948
0.0806256258542 1.0 0.624964430514
0.0827625625854 1.0 0.567613640263
0.0820762562585 1.0 0.499822890623
0.0568076256259 1.0 0.478728157361
0.0650807625626 1.0 0.523916447381
0.0695080762563 1.0 0.560287434819
0.0654508076256 1.0 0.599628852104
0.0830450807626 1.0 0.651580718547
0.100104508076 1.0 0.689461746931
0.103610450808 1.0 0.72691946531
0.0994610450808 1.0 0.752358227176
0.102646104508 1.0 0.756555080762
0.0858646104508 1.0 0.761010119884
0.118386461045 1.0 0.772987173851
0.109938646105 1.0 0.761830941257
0.10189386461 1.0 0.72526506024
0.088489386461 1.0 0.683678262299
0.0907489386461 1.0 0.652763070475
0.0972748938646 1.0 0.662427230547
0.0961274893865 1.0 0.671822044282
0.0834127489386 1.0 0.68426415283
0.0974412748939 1.0 0.70002545416
0.106944127489 1.0 0.704708525835
0.108794412749 1.0 0.721766659752
0.0900794412749 1.0 0.731018581905
0.114307944127 1.0 0.751446287856
0.0969307944127 1.0 0.783040154797
0.105093079441 1.0 0.801918243719
0.0969093079441 1.0 0.816030258417
0.0978909307944 1.0 0.802021069501
0.0844890930794 1.0 0.772179242069
0.0651489093079 1.0 0.746543458487
0.0506148909308 1.0 0.723083429197
0.0599614890931 1.0 0.731004973591
0.0698961489093 1.0 0.721062053216
0.0780896148909 1.0 0.710105997527
0.0843089614891 1.0 0.738317682844
0.0894308961489 1.0 0.749650122694
0.0917430896149 1.0 0.747335020949
0.109074308961 1.0 0.724411051617
0.0982074308961 1.0 0.692319449174
0.0989207430896 1.0 0.683368762368
0.086392074309 1.0 0.672040404643
0.113939207431 1.0 0.686356338259
0.104093920743 1.0 0.688842690854
0.0923093920743 1.0 0.684337481392
0.102830939207 1.0 0.667233846472
0.0948830939207 1.0 0.65730661625
0.0949883093921 1.0 0.680294984513
0.0958988309392 1.0 0.69904376003
0.0959898830939 1.0 0.726906958349
0.102298988309 1.0 0.746716976121
0.0984298988309 1.0 0.756704617551
0.0953429898831 1.0 0.759027823681
0.0995342989883 1.0 0.747628106979
0.0945534298988 1.0 0.728017192256
0.0913553429899 1.0 0.706724519875
0.087435534299 1.0 0.689835664835
0.0789435534299 1.0 0.660227336017
0.096994355343 1.0 0.621258028472
0.0816994355343 1.0 0.56612421935
0.0711699435534 1.0 0.557063953307
0.0719169943553 1.0 0.603720530399
0.0818916994355 1.0 0.643807552718
0.0720891699436 1.0 0.680925449838
0.0873089169944 1.0 0.71469135961
0.0969308916994 1.0 0.730208953405
0.10689308917 1.0 0.742518830199
0.088089308917 1.0 0.740832975108
0.106008930892 1.0 0.7450738377
0.0862008930892 1.0 0.752734095231
0.102220089309 1.0 0.752053227204
0.0975220089309 1.0 0.759136943605
0.0844522008931 1.0 0.748943623836
0.0993452200893 1.0 0.718351549827
0.0828345220089 1.0 0.699870324139
0.102783452201 1.0 0.691372549949
0.0858783452201 1.0 0.716466368385
0.092287834522 1.0 0.742857930629
0.0947287834522 1.0 0.757350154534
0.0913728783452 1.0 0.759371800746
0.0937372878345 1.0 0.752140094716
0.0921737287835 1.0 0.746347388596
0.0929173728783 1.0 0.742639359028
0.117291737288 1.0 0.756492718418
0.0873291737288 1.0 0.754039810118
0.101432917373 1.0 0.730760218656
0.0965432917373 1.0 0.697628376966
0.0888543291737 1.0 0.661273451075
0.0565854329174 1.0 0.633696511346
0.0587585432917 1.0 0.606703671053
0.0670758543292 1.0 0.61388347054
0.0769075854329 1.0 0.629264119418
0.0823907585433 1.0 0.647192925507
0.0964390758543 1.0 0.696530131285
0.0933439075854 1.0 0.740241437719
0.120034390759 1.0 0.760605434232
0.110103439076 1.0 0.760180356337
0.0920103439076 1.0 0.744433894529
0.0938010343908 1.0 0.751915363057
0.0939801034391 1.0 0.767979053896
0.101198010344 1.0 0.777955793033
0.0947198010344 1.0 0.778935208094
0.0976719801034 1.0 0.762022230848
0.10066719801 1.0 0.737730934399
0.082066719801 1.0 0.710577745908
0.0964066719801 1.0 0.690110270947
0.087040667198 1.0 0.713959094201
0.0987040667198 1.0 0.741026174881
0.088170406672 1.0 0.745282506711
0.0979170406672 1.0 0.723698717725
0.0889917040667 1.0 0.685848039579
0.105199170407 1.0 0.677546675051
0.0942199170407 1.0 0.691314816999
0.102121991704 1.0 0.69515613443
0.10561219917 1.0 0.702404801645
0.079861219917 1.0 0.693765017481
0.0826861219917 1.0 0.663407894211
0.0703686121992 1.0 0.64055443011
0.0529368612199 1.0 0.625104805233
0.068293686122 1.0 0.63396894695
0.0644293686122 1.0 0.64331134045
0.0820429368612 1.0 0.650054199061
0.0829042936861 1.0 0.65188356918
0.0919904293686 1.0 0.645618827806
0.103699042937 1.0 0.627924697213
0.0922699042937 1.0 0.609218245759
0.0965269904294 1.0 0.612116406677
0.0789526990429 1.0 0.636258415671
0.0960952699043 1.0 0.652915204647
0.0879095269904 1.0 0.670176508923
0.097890952699 1.0 0.6673851381
0.0880890952699 1.0 0.672949492285
0.095208909527 1.0 0.689984277596
0.0905208909527 1.0 0.692524015319
0.0990520890953 1.0 0.72138404739
0.0927052089095 1.0 0.740930208747
0.099270520891 1.0 0.766364949561
0.109827052089 1.0 0.781062660251
0.0937827052089 1.0 0.770905654135
0.103878270521 1.0 0.758841969634
0.106687827052 1.0 0.741134737684
0.0934687827052 1.0 0.739665541197
0.0912468782705 1.0 0.730720043071
0.0766246878271 1.0 0.71002128159
0.0796624687827 1.0 0.666858993929
0.0637662468783 1.0 0.613477726316
0.0657766246878 1.0 0.560545220044
0.0524776624688 1.0 0.523657276293
0.0619477662469 1.0 0.541731882509
0.0763947766247 1.0 0.543291149395
0.0742394776625 1.0 0.559516895925
0.0731239477662 1.0 0.610921859492
0.0919123947766 1.0 0.6616085974
0.100091239478 1.0 0.694752882943
0.0964091239478 1.0 0.707973316415
0.0807409123948 1.0 0.717009939319
0.0827740912395 1.0 0.738109205232
0.0829774091239 1.0 0.763277978756
0.109997740912 1.0 0.770285039753
0.0802997740912 1.0 0.751179198063
0.0890299774091 1.0 0.723995419486
0.0890029977409 1.0 0.698428886381
0.0818002997741 1.0 0.67176519907
0.0837800299774 1.0 0.657621061822
0.104678002998 1.0 0.650692616074
0.0887678002998 1.0 0.640949504919
0.09437678003 1.0 0.622907865103
0.090437678003 1.0 0.591707174397
0.0882437678003 1.0 0.568846396646
0.08082437678 1.0 0.562148487
0.083682437678 1.0 0.567830872263
0.0866682437678 1.0 0.586791941606
0.0896668243768 1.0 0.607013949461
0.0755666824377 1.0 0.623760552199
0.0732566682438 1.0 0.625944696319
0.0550256668244 1.0 0.617446431674
0.0514025666824 1.0 0.603032683562
0.0663402566682 1.0 0.595052323775
0.0669340256668 1.0 0.576455605
0.0435934025667 1.0 0.557607903172
0.0547593402567 1.0 0.55381467566
0.0810759340257 1.0 0.534163723349
0.0747075934026 1.0 0.505542612035
0.0677707593403 1.0 0.493392136782
0.073377075934 1.0 0.47562901112
0.0712377075934 1.0 0.482956426594
0.0746237707593 1.0 0.505584782851
0.0704623770759 1.0 0.538653072705
0.0583462377076 1.0 0.561457540918
0.0733346237708 1.0 0.570028483386
0.0793334623771 1.0 0.579879203577
0.0781333462377 1.0 0.598618149598
0.0816133346238 1.0 0.621538750374
0.0828613334624 1.0 0.638284392753
0.0811861333462 1.0 0.662539868006
0.0738186133346 1.0 0.682027350488
0.0766818613335 1.0 0.677924781213
0.0787681861333 1.0 0.654780901047
0.0717768186133 1.0 0.624527985492
0.0845776818613 1.0 0.610992454058
0.0795577681861 1.0 0.597628720744
0.0727557768186 1.0 0.567957657478
0.0666755776819 1.0 0.522600271771
0.0633675577682 1.0 0.470610715577
0.0522367557768 1.0 0.420021239554
0.0457236755777 1.0 0.420386196503
0.0558723675578 1.0 0.466406934898
0.0658872367558 1.0 0.511829671672
0.0650887236756 1.0 0.556370748152
0.0785088723676 1.0 0.610607244715
0.0861508872368 1.0 0.661577135922
0.0833150887237 1.0 0.694749736795
0.0776315088724 1.0 0.7079730018
0.0869631508872 1.0 0.717009907858
0.0743963150887 1.0 0.738109202086
0.0758396315089 1.0 0.763277978442
0.0939839631509 1.0 0.770285039722
0.0876983963151 1.0 0.75117919806
0.0933698396315 1.0 0.723995419485
0.0849369839632 1.0 0.698428886381
0.0813936983963 1.0 0.67176519907
0.0918393698396 1.0 0.657621061822
0.081183936984 1.0 0.650692616074
0.0819183936984 1.0 0.640949504919
0.0882918393698 1.0 0.622907865103
0.084429183937 1.0 0.591707174397
0.0912429183937 1.0 0.568846396646
0.0856242918394 1.0 0.562148487
0.0832624291839 1.0 0.567830872263
0.0794262429184 1.0 0.586791941606
0.0970426242918 1.0 0.607013949461
0.0889042624292 1.0 0.623760552199
0.0754904262429 1.0 0.625944696319
0.0579490426243 1.0 0.617446431674
0.0498949042624 1.0 0.621885802469
0.0661894904262 1.0 0.630247523743
0.0732189490426 1.0 0.643570606303
0.0775218949043 1.0 0.650080125646
0.10675218949 1.0 0.651886161839
0.102475218949 1.0 0.645619087072
0.0957475218949 1.0 0.62792472314
0.105874752189 1.0 0.609218248352
0.0834874752189 1.0 0.612116406936
0.0983487475219 1.0 0.636258415697
0.0944348747522 1.0 0.65291520465
0.107543487475 1.0 0.670176508923
0.0953543487475 1.0 0.6673851381
0.0869354348748 1.0 0.672949492285
0.0977935434875 1.0 0.689984277596
0.0979793543487 1.0 0.692524015319
0.0961979354349 1.0 0.72138404739
0.0969197935435 1.0 0.740930208747
0.0960919793543 1.0 0.766364949561
0.101409197935 1.0 0.781062660251
0.0965409197935 1.0 0.770905654135
0.100554091979 1.0 0.758841969634
0.108155409198 1.0 0.741134737684
0.10621554092 1.0 0.739665541197
0.107821554092 1.0 0.730720043071
0.0917821554092 1.0 0.71002128159
0.0829782155409 1.0 0.666858993929
0.0766978215541 1.0 0.613477726316
0.0670697821554 1.0 0.560545220044
0.0481069782155 1.0 0.551424781767
0.0660106978216 1.0 0.586942328644
0.0750010697822 1.0 0.618170937841
0.0921001069782 1.0 0.646083607349
0.0938100106978 1.0 0.696419199469
0.11288100107 1.0 0.740230344538
0.096788100107 1.0 0.760604324914
0.0852788100107 1.0 0.760180245405
0.103027881001 1.0 0.744433883436
0.1030027881 1.0 0.751915361947
0.10750027881 1.0 0.767979053785
0.102550027881 1.0 0.777955793022
0.0903550027881 1.0 0.778935208093
0.0900355002788 1.0 0.762022230848
0.0891035500279 1.0 0.737730934399
0.116910355003 1.0 0.710577745908
0.0926910355003 1.0 0.690110270947
0.11186910355 1.0 0.713959094201
0.104786910355 1.0 0.741026174881
0.0878786910355 1.0 0.745282506711
0.109587869104 1.0 0.723698717725
0.0937587869104 1.0 0.685848039579
0.089475878691 1.0 0.677546675051
0.105247587869 1.0 0.691314816999
0.100524758787 1.0 0.69515613443
0.113552475879 1.0 0.702404801645
0.0887552475879 1.0 0.693765017481
0.0736755247588 1.0 0.663407894211
0.0667675524759 1.0 0.64055443011
0.0588767552476 1.0 0.625088736191
0.0706876755248 1.0 0.638785047842
0.0619687675525 1.0 0.656631350712
0.0790968767552 1.0 0.682207829638
0.102409687676 1.0 0.71481959759
0.0885409687676 1.0 0.730221777203
0.0997540968768 1.0 0.742520112579
0.0945754096877 1.0 0.740833103346
0.0796575409688 1.0 0.745073850523
0.0844657540969 1.0 0.752734096513
0.0912465754097 1.0 0.752053227333
0.108124657541 1.0 0.759136943618
0.0999124657541 1.0 0.748943623837
0.113491246575 1.0 0.718351549827
0.107649124658 1.0 0.699870324139
0.101664912466 1.0 0.691372549949
0.111866491247 1.0 0.716466368385
0.109286649125 1.0 0.742857930629
0.0937286649125 1.0 0.757350154534
0.0822728664912 1.0 0.759371800746
0.0946272866491 1.0 0.752140094716
0.0949627286649 1.0 0.746347388596
0.107596272866 1.0 0.742639359028
0.0818596272866 1.0 0.756492718418
0.111685962729 1.0 0.754039810118
0.104768596273 1.0 0.730760218656
0.0959768596273 1.0 0.697628376966
0.0707976859627 1.0 0.661273451075
0.0772797685963 1.0 0.633696511346
0.0626279768596 1.0 0.629859431913
0.060262797686 1.0 0.655776175988
0.0654262797686 1.0 0.676908944394
0.0812426279769 1.0 0.705690686645
0.0963242627977 1.0 0.737876151756
0.0888324262798 1.0 0.749605969585
0.098883242628 1.0 0.747330605639
0.0926883242628 1.0 0.724410610086
0.104668832426 1.0 0.692319405021
0.0887668832426 1.0 0.683368757952
0.0970766883243 1.0 0.672040404202
0.0880076688324 1.0 0.686356338215
0.0916007668832 1.0 0.68884269085
0.108160076688 1.0 0.684337481392
0.0999160076688 1.0 0.667233846471
0.0990916007669 1.0 0.65730661625
0.117909160077 1.0 0.680294984513
0.0909909160077 1.0 0.69904376003
0.0873990916008 1.0 0.726906958349
0.10683990916 1.0 0.746716976121
0.075483990916 1.0 0.756704617551
0.0975483990916 1.0 0.759027823681
0.100654839909 1.0 0.747628106979
0.106365483991 1.0 0.728017192256
0.0952365483991 1.0 0.706724519875
0.0941236548399 1.0 0.689835664835
0.064312365484 1.0 0.660227336017
0.0631312365484 1.0 0.621258028472
0.0675131236548 1.0 0.56612421935
0.0535513123655 1.0 0.5249485788
0.0692551312365 1.0 0.544964743582
0.0708255131237 1.0 0.561905684866
0.0754825513124 1.0 0.599790677109
0.100248255131 1.0 0.651596901047
0.105424825513 1.0 0.689463365181
0.105942482551 1.0 0.726919627135
0.0996942482551 1.0 0.752358243359
0.0972694248255 1.0 0.75655508238
0.107826942483 1.0 0.761010120046
0.0863826942483 1.0 0.772987173867
0.118438269425 1.0 0.761830941259
0.102743826942 1.0 0.72526506024
0.0894743826942 1.0 0.683678262299
0.0962474382694 1.0 0.652763070475
0.105024743827 1.0 0.662427230547
0.112202474383 1.0 0.671822044282
0.0841202474383 1.0 0.68426415283
0.0894120247438 1.0 0.70002545416
0.0944412024744 1.0 0.704708525835
0.0922441202474 1.0 0.721766659752
0.102824412025 1.0 0.731018581905
0.102982441202 1.0 0.751446287856
0.10479824412 1.0 0.783040154797
0.095079824412 1.0 0.801918243719
0.0959079824412 1.0 0.816030258417
0.0878907982441 1.0 0.802021069501
0.0789890798244 1.0 0.772179242069
0.0708989079824 1.0 0.746543458487
0.0583898907982 1.0 0.743066116707
0.0616389890798 1.0 0.765488292921
0.070063898908 1.0 0.776158136025
0.0799063898908 1.0 0.787337674942
0.0925906389891 1.0 0.814082112208
0.101959063899 1.0 0.825696618923
0.10739590639 1.0 0.828121051204
0.087239590639 1.0 0.808633365351
0.0852239590639 1.0 0.769970509605
0.0940223959064 1.0 0.746343135768
0.106602239591 1.0 0.723473298977
0.0979602239591 1.0 0.704558018912
0.0979960223959 1.0 0.690720945567
0.10339960224 1.0 0.688174278667
0.104839960224 1.0 0.669803680585
0.0995839960224 1.0 0.65234621272
0.0864583996022 1.0 0.657597630552
0.0878458399602 1.0 0.671979754764
0.088884583996 1.0 0.712071792532
0.0907884583996 1.0 0.748284813023
0.11347884584 1.0 0.770110381044
0.095947884584 1.0 0.78145602433
0.0950947884584 1.0 0.770465640988
0.0941094788458 1.0 0.749803844461
0.102110947885 1.0 0.721914504796
0.102911094788 1.0 0.675731502948
0.100291109479 1.0 0.624964430514
0.0883291109479 1.0 0.567613640263
0.0673329110948 1.0 0.499822890623
0.0607332911095 1.0 0.450401012861
0.0816733291109 1.0 0.475528034163
0.0684673329111 1.0 0.502725729933
0.0779467332911 1.0 0.540811751011
0.0860946733291 1.0 0.607727155919
0.101309467333 1.0 0.666624979485
0.105530946733 1.0 0.709791480155
0.104153094673 1.0 0.73668538538
0.0941153094673 1.0 0.742107042408
0.0904115309467 1.0 0.749035989834
0.0864411530947 1.0 0.73643330317
0.0995441153095 1.0 0.701988624784
0.0990544115309 1.0 0.65588475977
0.100805441153 1.0 0.611228023413
0.0946805441153 1.0 0.596346478941
0.0877680544115 1.0 0.600666741871
0.0996768054412 1.0 0.607611644237
0.107167680544 1.0 0.608624099042
0.106116768054 1.0 0.616008058322
0.102411676805 1.0 0.644683808245
0.0939411676805 1.0 0.689687368685
0.101194116768 1.0 0.728358129804
0.112719411677 1.0 0.747882266468
0.0949719411677 1.0 0.765812478673
0.102197194117 1.0 0.795610802074
0.112819719412 1.0 0.808986257995
0.0895819719412 1.0 0.797920095305
0.0755581971941 1.0 0.772629718493
0.0732558197194 1.0 0.742296863128
0.0631255819719 1.0 0.70211784749
0.0630125581972 1.0 0.704634443184
0.0693012558197 1.0 0.702311053641
0.077130125582 1.0 0.72796651463
0.0761130125582 1.0 0.751740607641
0.0976113012558 1.0 0.751574763635
0.100661130126 1.0 0.748119658806
0.100066113013 1.0 0.735859357683
0.100906611301 1.0 0.709154788848
0.11809066113 1.0 0.676010221105
0.097309066113 1.0 0.631248932349
0.0826309066113 1.0 0.586832855518
0.0757630906611 1.0 0.548168923283
0.0822763090661 1.0 0.542711741439
0.0973276309066 1.0 0.53490821845
0.0925327630907 1.0 0.527003830338
0.111853276309 1.0 0.538644947621
0.0975853276309 1.0 0.57094580647
0.108758532763 1.0 0.637064905222
0.0918758532763 1.0 0.693601695033
0.110887585328 1.0 0.732298146235
0.0938887585328 1.0 0.766456096198
0.105688875853 1.0 0.788033715475
0.101468887585 1.0 0.787335480769
0.103746888759 1.0 0.763626748263
0.0994746888759 1.0 0.718759858444
0.0882474688876 1.0 0.656308092853
0.0781247468888 1.0 0.581077386529
0.0645124746889 1.0 0.498535423489
0.0658512474689 1.0 0.460121687875
0.0641851247469 1.0 0.499586245645
0.0811185124747 1.0 0.524956669224
0.0720118512475 1.0 0.560750683158
0.0927011851247 1.0 0.628329000656
0.0920701185125 1.0 0.68700218461
0.0911070118512 1.0 0.728490756472
0.0964107011851 1.0 0.748979701918
0.103241070119 1.0 0.748808556212
0.0967241070119 1.0 0.728208247337
0.0960724107012 1.0 0.687409755899
0.0969072410701 1.0 0.630839093297
0.090690724107 1.0 0.585233828379
0.0864690724107 1.0 0.545112510704
0.0905469072411 1.0 0.525846206248
0.101754690724 1.0 0.511106828803
0.110075469072 1.0 0.494499649282
0.0992075469072 1.0 0.499139256889
0.0954207546907 1.0 0.529109532293
0.112142075469 1.0 0.581856528149
0.0994142075469 1.0 0.637624131863
0.0981414207547 1.0 0.688431415147
0.0827141420755 1.0 0.719178535281
0.0928714142075 1.0 0.748754711747
0.106487141421 1.0 0.769398516251
0.0925487141421 1.0 0.772054121899
0.0902548714142 1.0 0.773968702543
0.0819254871414 1.0 0.755516391178
0.0783925487141 1.0 0.719936097757
0.0636392548714 1.0 0.696723343766
0.0783639254871 1.0 0.713153989193
0.0834363925487 1.0 0.720911679353
0.0686436392549 1.0 0.729372133631
0.0806643639255 1.0 0.750635182385
0.101666436393 1.0 0.756644765031
0.0884666436393 1.0 0.739240107053
0.0952466643639 1.0 0.732018297492
0.108524666436 1.0 0.713767430593
0.0963524666436 1.0 0.679671689863
0.113135246664 1.0 0.630377097865
0.113913524666 1.0 0.563969951548
0.106791352467 1.0 0.512024264061
0.0952791352467 1.0 0.477530832237
0.0977279135247 1.0 0.461448896856
0.113272791352 1.0 0.460136542422
0.0986272791352 1.0 0.470819199708
0.0827627279135 1.0 0.491001538777
0.0856762727914 1.0 0.523016637699
0.0895676272791 1.0 0.562820580279
0.101656762728 1.0 0.603251026285
0.102865676273 1.0 0.644257886207
0.0894865676273 1.0 0.669370597683
0.0998486567627 1.0 0.675153833842
0.0963848656763 1.0 0.660994960288
0.111338486568 1.0 0.628390416849
0.0831338486568 1.0 0.583635797333
0.0848133848657 1.0 0.525421513117
0.0588813384866 1.0 0.457867909081
0.0616881338487 1.0 0.435327333044
0.0727688133849 1.0 0.48076486859
0.0783768813385 1.0 0.523416252091
0.0681376881338 1.0 0.569689332278
0.0851137688134 1.0 0.620997186177
0.0922113768813 1.0 0.660650952177
0.109121137688 1.0 0.691861515369
0.0793121137688 1.0 0.708804514124
0.0925312113769 1.0 0.703633850822
0.0902531211377 1.0 0.676243145142
0.0873253121138 1.0 0.629129299079
0.0978325312114 1.0 0.578582642651
0.0997832531211 1.0 0.545019869695
0.114378325312 1.0 0.521697405778
0.112237832531 1.0 0.513325195395
0.0931237832531 1.0 0.50667457644
0.107412378325 1.0 0.498311435843
0.0971412378325 1.0 0.517727870389
0.113214123783 1.0 0.554780439545
0.0932214123783 1.0 0.606687165573
0.113722141238 1.0 0.654168521838
0.102272214124 1.0 0.705257578901
0.0966272214124 1.0 0.747673832949
0.102362722141 1.0 0.769978913518
0.0849362722141 1.0 0.767914095088
0.0993936272214 1.0 0.754622180727
0.0909393627221 1.0 0.7549881502
0.0783939362722 1.0 0.734018382295
0.0699393936272 1.0 0.689018608227
0.0618939393627 1.0 0.665537889741
0.0583893939363 1.0 0.694848501959
0.0616389393936 1.0 0.713709490819
0.0709638939394 1.0 0.728047028858
0.0943963893939 1.0 0.74105591718
0.103039638939 1.0 0.775199167842
0.0841039638939 1.0 0.789649038747
0.0975103963894 1.0 0.77898690649
0.0952510396389 1.0 0.758806622027
0.102225103964 1.0 0.718634602688
0.0912225103964 1.0 0.684119920654
0.0973222510396 1.0 0.633902371408
0.088932225104 1.0 0.582400217791
0.0916932225104 1.0 0.547518317152
0.085669322251 1.0 0.535122872318
0.0985669322251 1.0 0.542582467326
0.0845566932225 1.0 0.544668169782
0.0921556693223 1.0 0.550836759105
0.0830155669322 1.0 0.558175370864
0.0992015566932 1.0 0.584285903742
0.0945201556693 1.0 0.63243430833
0.106652015567 1.0 0.683285112397
0.0970652015567 1.0 0.715266208519
0.0934065201557 1.0 0.723558107395
0.0813406520156 1.0 0.708334891315
0.0936340652016 1.0 0.677815719882
0.10116340652 1.0 0.644253078887
0.091116340652 1.0 0.596039053134
0.0739116340652 1.0 0.535443409674
0.0595911634065 1.0 0.509681489926
0.0572591163407 1.0 0.545396411004
0.0696259116341 1.0 0.57469501618
0.0780625911634 1.0 0.614193442842
0.0816062591163 1.0 0.650277142021
0.0882606259116 1.0 0.678930756075
0.0862260625912 1.0 0.708457537768
0.102222606259 1.0 0.720794147743
0.0858222606259 1.0 0.709693511299
0.0931822260626 1.0 0.67413667712
0.111018222606 1.0 0.626556358272
0.0930018222606 1.0 0.594348101433
0.0867001822261 1.0 0.567635335917
0.114870018223 1.0 0.555281028044
0.109587001822 1.0 0.559754059944
0.0901587001822 1.0 0.553960624146
