0.1143 0.9 0.524947312567
0.14373 0.99 0.585215667965
0.152973 0.999 0.588705638889
0.1745973 0.9999 0.581221575882
0.17495973 0.99999 0.571428544074
0.163295973 0.999999 0.556520070656
0.1594295973 0.9999999 0.528625415858
0.16354295973 0.99999999 0.493325671485
0.160354295973 0.999999999 0.462587397744
0.164535429597 0.9999999999 0.440489597836
0.14425354296 0.99999999999 0.428772320505
0.177325354296 0.999999999999 0.413906565272
0.17523253543 1.0 0.409222548008
0.142623253543 1.0 0.40728659591
0.159162325354 1.0 0.408712345819
0.156316232535 1.0 0.416114475799
0.152431623254 1.0 0.420694430457
0.157443162325 1.0 0.433989765412
0.160644316233 1.0 0.446674917091
0.149264431623 1.0 0.460674740469
0.121126443162 1.0 0.477295333421
0.130912644316 1.0 0.48665578077
0.142691264432 1.0 0.504406709947
0.166369126443 1.0 0.505291098349
0.159736912644 1.0 0.514206030923
0.154573691264 1.0 0.518338963218
0.162157369126 1.0 0.511941349838
0.162015736913 1.0 0.496944316249
0.171901573691 1.0 0.47504915905
0.160290157369 1.0 0.456994406164
0.187029015737 1.0 0.449485104554
0.178902901574 1.0 0.446864185837
0.187090290157 1.0 0.440916483192
0.192409029016 1.0 0.428782164803
0.176740902902 1.0 0.42688698477
0.16977409029 1.0 0.43619196008
0.164577409029 1.0 0.443230444293
0.187457740903 1.0 0.452443630499
0.17804577409 1.0 0.474219677986
0.155504577409 1.0 0.51163444083
0.180250457741 1.0 0.542138646935
0.185425045774 1.0 0.560179191178
0.158942504577 1.0 0.570212946311
0.178794250458 1.0 0.58207694423
0.160979425046 1.0 0.588720292464
0.138497942505 1.0 0.578625885849
0.12364979425 1.0 0.56565373551
0.139264979425 1.0 0.567727848566
0.158826497943 1.0 0.559114471022
0.145482649794 1.0 0.554660923862
0.151348264979 1.0 0.554253862541
0.180734826498 1.0 0.549571756159
0.15667348265 1.0 0.541558487951
0.165967348265 1.0 0.519820101834
0.171396734826 1.0 0.493353915221
0.182739673483 1.0 0.46488833649
0.169473967348 1.0 0.452556114381
0.191547396735 1.0 0.452794799762
0.164954739673 1.0 0.448884909982
0.165895473967 1.0 0.44265588772
0.166889547397 1.0 0.448758553163
0.15798895474 1.0 0.46570344037
0.182298895474 1.0 0.482424943173
0.185629889547 1.0 0.492203639952
0.160762988955 1.0 0.501693449866
0.178976298895 1.0 0.524997134294
0.17449762989 1.0 0.540868845925
0.176749762989 1.0 0.551128931987
0.150874976299 1.0 0.550440265702
0.13748749763 1.0 0.546209879856
0.133448749763 1.0 0.552328107179
0.165444874976 1.0 0.555044929624
0.136244487498 1.0 0.559926904339
0.16302444875 1.0 0.561807937103
0.179202444875 1.0 0.563662869805
0.157420244487 1.0 0.558929571184
0.180442024449 1.0 0.544695718048
0.180044202445 1.0 0.530624098402
0.148504420244 1.0 0.518273582571
0.183150442024 1.0 0.502956903356
0.171315044202 1.0 0.484106572084
0.18633150442 1.0 0.466370824049
0.185133150442 1.0 0.458749155793
0.176013315044 1.0 0.455664384308
0.174201331504 1.0 0.447518014787
0.15062013315 1.0 0.442809152981
0.188762013315 1.0 0.455791908329
0.154776201332 1.0 0.487688534142
0.167577620133 1.0 0.512230021103
0.175157762013 1.0 0.523087248219
0.198415776201 1.0 0.524324543555
0.16474157762 1.0 0.533773004674
0.178474157762 1.0 0.54326944133
0.140247415776 1.0 0.539123608208
0.139124741578 1.0 0.531019394391
0.141712474158 1.0 0.534163496507
0.136571247416 1.0 0.528214061424
0.174757124742 1.0 0.519791686298
0.180375712474 1.0 0.517808326269
0.188137571247 1.0 0.524137359453
0.175413757125 1.0 0.520872386256
0.168741375712 1.0 0.504872156326
0.185174137571 1.0 0.478536692716
0.192217413757 1.0 0.453649123358
0.191121741376 1.0 0.452962015781
0.157712174138 1.0 0.458231637756
0.185871217414 1.0 0.456948945696
0.169787121741 1.0 0.463255930202
0.160078712174 1.0 0.473167056396
0.193307871217 1.0 0.497251307524
0.186730787122 1.0 0.52355201037
0.171673078712 1.0 0.53879970861
0.169267307871 1.0 0.554901992794
0.171726730787 1.0 0.564962514538
0.182772673079 1.0 0.565758433704
0.171277267308 1.0 0.56252026782
0.162027726731 1.0 0.54952994432
0.141302772673 1.0 0.538455840132
0.152730277267 1.0 0.521996592037
0.155673027727 1.0 0.519665294834
0.148767302773 1.0 0.523533835153
0.134576730277 1.0 0.53063719084
0.163757673028 1.0 0.54287808894
0.178375767303 1.0 0.559367000276
0.16993757673 1.0 0.568156021184
0.208693757673 1.0 0.565910754634
0.165769375767 1.0 0.555435307708
0.148876937577 1.0 0.532776061556
0.156187693758 1.0 0.506858008833
0.169518769376 1.0 0.492595772399
0.181651876938 1.0 0.490183451856
0.165765187694 1.0 0.487452954743
0.167776518769 1.0 0.478057450095
0.175177651877 1.0 0.470007082541
0.174117765188 1.0 0.476423058217
0.169511776519 1.0 0.496489557022
0.173551177652 1.0 0.510065572242
0.170355117765 1.0 0.516104601605
0.185335511777 1.0 0.519162722118
0.150833551178 1.0 0.517650517413
0.154583355118 1.0 0.524488400953
0.141458335512 1.0 0.52292462477
0.133845833551 1.0 0.529542330283
0.138484583355 1.0 0.54193749647
0.129948458336 1.0 0.556202422023
0.156994845834 1.0 0.559513836529
0.179499484583 1.0 0.55015784022
0.163749948458 1.0 0.558805661693
0.154974994846 1.0 0.565293161282
0.192797499485 1.0 0.562908249954
0.183079749948 1.0 0.549175428719
0.176707974995 1.0 0.527943437791
0.210270797499 1.0 0.527809899937
0.16952707975 1.0 0.538121243501
0.157352707975 1.0 0.545842546468
0.160635270797 1.0 0.549620339121
0.17626352708 1.0 0.545911326889
0.180526352708 1.0 0.565493554299
0.162052635271 1.0 0.592751651836
0.185405263527 1.0 0.609061972253
0.180540526353 1.0 0.615033356551
0.155754052635 1.0 0.60599862895
0.175775405264 1.0 0.595879117296
0.159777540526 1.0 0.5743382628
0.160877754053 1.0 0.542290420536
0.139387775405 1.0 0.504717275985
0.134538777541 1.0 0.487679344777
0.143953877754 1.0 0.50878670139
0.152095387775 1.0 0.521402282667
0.150209538778 1.0 0.55071954805
0.160820953878 1.0 0.588876789219
0.173582095388 1.0 0.619938726015
0.175758209539 1.0 0.643214759521
0.188575820954 1.0 0.648553263253
0.169157582095 1.0 0.645510140967
0.18701575821 1.0 0.625930767137
0.169901575821 1.0 0.59425965107
0.196990157582 1.0 0.584128453188
0.190699015758 1.0 0.585855219619
0.180169901576 1.0 0.591748156742
0.207016990158 1.0 0.587661354749
0.200701699016 1.0 0.571733982328
0.197370169902 1.0 0.575458506468
0.18173701699 1.0 0.591132661246
0.191873701699 1.0 0.602873403366
0.17218737017 1.0 0.608263049407
0.181018737017 1.0 0.600611431489
0.163901873702 1.0 0.593578392668
0.15679018737 1.0 0.593178859368
0.129079018737 1.0 0.589877852996
0.135307901874 1.0 0.588243186451
0.161130790187 1.0 0.603911181864
0.136713079019 1.0 0.617797118303
0.143271307902 1.0 0.626732067121
0.16192713079 1.0 0.620323918052
0.170992713079 1.0 0.623705396485
0.193499271308 1.0 0.641194258074
0.177749927131 1.0 0.652674385637
0.177974992713 1.0 0.649250575468
0.189697499271 1.0 0.632254255819
0.197169749927 1.0 0.631612399276
0.170016974993 1.0 0.642504955928
0.187101697499 1.0 0.650332033371
0.18251016975 1.0 0.642817513887
0.185651016975 1.0 0.625736289055
0.188665101697 1.0 0.634863936799
0.17096651017 1.0 0.653812058567
0.168296651017 1.0 0.666808516611
0.180629665102 1.0 0.667631812071
0.17286296651 1.0 0.652657196762
0.167586296651 1.0 0.628131824079
0.179658629665 1.0 0.587134591232
0.152965862967 1.0 0.541424636636
0.132296586297 1.0 0.491690149161
0.11132965863 1.0 0.462047348625
0.144332965863 1.0 0.485230027259
0.155733296586 1.0 0.49711060323
0.157773329659 1.0 0.517834166972
0.171477332966 1.0 0.565124349694
0.158447733297 1.0 0.603194874652
0.17334477333 1.0 0.636901885558
0.172134477333 1.0 0.655246775278
0.170213447733 1.0 0.660187380459
0.165521344773 1.0 0.655651417929
0.170452134477 1.0 0.634443310425
0.182645213448 1.0 0.639973511979
0.200064521345 1.0 0.661310040661
0.173006452134 1.0 0.67295594199
0.167600645213 1.0 0.678999864473
0.161660064521 1.0 0.668866733305
0.157466006452 1.0 0.673285276914
0.182246600645 1.0 0.693149606674
0.170324660065 1.0 0.701757569954
0.173632466006 1.0 0.695793692064
0.153263246601 1.0 0.673593233693
0.18272632466 1.0 0.660789512196
0.155072632466 1.0 0.661725543575
0.119007263247 1.0 0.660616501419
0.160400726325 1.0 0.65670220295
0.151040072632 1.0 0.66032587178
0.152804007263 1.0 0.667125759492
0.158380400726 1.0 0.673299739232
0.157138040073 1.0 0.672302248869
0.178613804007 1.0 0.682725644406
0.165461380401 1.0 0.703535466532
0.16954613804 1.0 0.718498072742
0.181654613804 1.0 0.714545915153
0.19456546138 1.0 0.690257581634
0.169756546138 1.0 0.674134380259
0.169975654614 1.0 0.677384772864
0.183497565461 1.0 0.66601103108
0.166849756546 1.0 0.638510246774
0.179584975655 1.0 0.605857864584
0.169158497565 1.0 0.590427188891
0.180715849757 1.0 0.596838271169
0.158471584976 1.0 0.597579406186
0.191347158498 1.0 0.584116504109
0.16853471585 1.0 0.565318904301
0.178853471585 1.0 0.535268697392
0.159185347158 1.0 0.493280575522
0.170718534716 1.0 0.446654248942
0.153871853472 1.0 0.393538753465
0.155787185347 1.0 0.352558297216
0.160478718535 1.0 0.368291092735
0.155547871853 1.0 0.37262066232
0.145154787185 1.0 0.389423852544
0.171115478719 1.0 0.431280386472
0.176411547872 1.0 0.467412466532
0.181441154787 1.0 0.498143175825
0.161244115479 1.0 0.526456140618
0.185324411548 1.0 0.544096775483
0.196732441155 1.0 0.551548356052
0.184373244115 1.0 0.552372095833
0.163337324412 1.0 0.581005274623
0.171133732441 1.0 0.623998069684
0.176413373244 1.0 0.655046410986
0.178741337324 1.0 0.671505425182
0.179874133732 1.0 0.675129445399
0.185387413373 1.0 0.69383648688
0.172438741337 1.0 0.717384512338
0.184643874134 1.0 0.723885173784
0.187664387413 1.0 0.71017564032
0.169966438741 1.0 0.677406968911
0.155596643874 1.0 0.660634130553
0.159559664387 1.0 0.660333368553
0.135655966439 1.0 0.64964286166
0.138665596644 1.0 0.635267660144
0.138066559664 1.0 0.641161053738
0.129006655966 1.0 0.641089894009
0.165900665597 1.0 0.641949502454
0.16509006656 1.0 0.644158196601
0.196509006656 1.0 0.654768894595
0.162750900666 1.0 0.676735007642
0.196275090067 1.0 0.684021221796
0.169927509007 1.0 0.673258964565
0.178092750901 1.0 0.645531342502
0.18610927509 1.0 0.621595648073
0.186010927509 1.0 0.608352348141
0.189601092751 1.0 0.588174503477
0.184560109275 1.0 0.555081776036
0.166056010928 1.0 0.511661868197
0.172305601093 1.0 0.480026839836
0.181030560109 1.0 0.472227997642
0.176503056011 1.0 0.466540174204
0.156250305601 1.0 0.451709580966
0.18032503056 1.0 0.426888981064
0.162032503056 1.0 0.393250623272
0.177303250306 1.0 0.357597315543
0.162630325031 1.0 0.319053449027
0.144963032503 1.0 0.277169776488
0.13869630325 1.0 0.243514564997
0.146169630325 1.0 0.252720459533
0.146016963033 1.0 0.259935067648
0.159501696303 1.0 0.277530523021
0.15995016963 1.0 0.316943572056
0.174395016963 1.0 0.354760138366
0.165039501696 1.0 0.386559810547
0.17940395017 1.0 0.410202016334
0.180840395017 1.0 0.425178854311
0.161184039502 1.0 0.435763476781
0.18531840395 1.0 0.445512112295
0.195831840395 1.0 0.479124385822
0.18338318404 1.0 0.518890312501
0.183938318404 1.0 0.548489604093
0.17499383184 1.0 0.564053565277
0.179499383184 1.0 0.571020546562
0.177249938318 1.0 0.593932416659
0.161724993832 1.0 0.615719597407
0.195272499383 1.0 0.621745481662
0.195027249938 1.0 0.612622581575
0.177902724994 1.0 0.599077715722
0.159990272499 1.0 0.600275393433
0.14829902725 1.0 0.596976859848
0.136329902725 1.0 0.581215459882
0.123432990272 1.0 0.562946296271
0.150943299027 1.0 0.566020688649
0.149194329903 1.0 0.562091917426
0.13911943299 1.0 0.558528792181
0.155211943299 1.0 0.557202493167
0.19822119433 1.0 0.55945958101
0.181822119433 1.0 0.567062729699
0.163982211943 1.0 0.566269549429
0.192798221194 1.0 0.562655420465
0.174979822119 1.0 0.546450673117
0.205597982212 1.0 0.530224774349
0.172659798221 1.0 0.518597053374
0.163065979822 1.0 0.500042167207
0.179206597982 1.0 0.482131881401
0.186220659798 1.0 0.456587001282
0.17162206598 1.0 0.436715812537
0.170162206598 1.0 0.427042970312
0.17451622066 1.0 0.413569448312
0.192951622066 1.0 0.396276299906
0.199295162207 1.0 0.371627544251
0.175629516221 1.0 0.340265248949
0.179562951622 1.0 0.304626667998
0.154756295162 1.0 0.265526226611
0.136075629516 1.0 0.224588460819
0.131507562952 1.0 0.206965069543
0.154450756295 1.0 0.228739305312
0.15314507563 1.0 0.24773189332
0.156614507563 1.0 0.273310579981
0.166861450756 1.0 0.312288418034
0.164286145076 1.0 0.349064377175
0.173028614508 1.0 0.380303797585
0.181102861451 1.0 0.404279752104
0.198110286145 1.0 0.419901007536
0.171911028615 1.0 0.426635231905
0.164791102861 1.0 0.428680989472
0.191979110286 1.0 0.450211706486
0.182097911029 1.0 0.471591330184
0.194609791103 1.0 0.484828198464
0.18056097911 1.0 0.487989704526
0.175556097911 1.0 0.487060288815
0.166955609791 1.0 0.504739902918
0.162495560979 1.0 0.518428561084
0.171049556098 1.0 0.52042335696
0.17460495561 1.0 0.50992874624
0.171360495561 1.0 0.494482036342
0.170136049556 1.0 0.498436907379
0.159213604956 1.0 0.500635987803
0.139221360496 1.0 0.49626329948
0.13812213605 1.0 0.473576912394
0.120912213605 1.0 0.463640110068
0.14529122136 1.0 0.442758489482
0.149529122136 1.0 0.429518648163
0.159852912214 1.0 0.429786985419
0.164485291221 1.0 0.437982699662
0.185648529122 1.0 0.445679196509
0.159864852912 1.0 0.450576517319
0.177086485291 1.0 0.446258695547
0.172508648529 1.0 0.442333962524
0.164850864853 1.0 0.444604737612
0.171285086485 1.0 0.446659071416
0.179128508649 1.0 0.447194559395
0.166412850865 1.0 0.440424596505
0.193941285086 1.0 0.432165562814
0.156194128509 1.0 0.426203548584
0.155119412851 1.0 0.420330847498
0.171211941285 1.0 0.41334251764
0.175521194129 1.0 0.399090963839
0.159752119413 1.0 0.376480197686
0.160875211941 1.0 0.346403877075
0.165487521194 1.0 0.310431726918
0.149748752119 1.0 0.270563717402
0.146374875212 1.0 0.229025734665
0.146937487521 1.0 0.208033807527
0.154193748752 1.0 0.226181167149
0.123419374875 1.0 0.243756831403
0.150941937488 1.0 0.268803793139
0.164494193749 1.0 0.306504963608
0.162249419375 1.0 0.341779372767
0.142224941937 1.0 0.371368407548
0.169022494194 1.0 0.393583798171
0.149202249419 1.0 0.407378792381
0.143620224942 1.0 0.413866705413
0.180862022494 1.0 0.417072521742
0.175586202249 1.0 0.421101663221
0.140858620225 1.0 0.424448696527
0.151785862022 1.0 0.42226277907
0.154678586202 1.0 0.418536841791
0.14956785862 1.0 0.416813835629
0.160756785862 1.0 0.416853454558
0.166375678586 1.0 0.416192258393
0.159737567859 1.0 0.409587847657
0.150973756786 1.0 0.401641712991
0.159997375679 1.0 0.395549918219
0.134799737568 1.0 0.391344760545
0.133179973757 1.0 0.387273936846
0.119517997376 1.0 0.378690202479
0.116351799738 1.0 0.38521372654
0.130435179974 1.0 0.396588877674
0.143543517997 1.0 0.416000715961
0.1610543518 1.0 0.426842870811
0.17720543518 1.0 0.429519407684
0.173420543518 1.0 0.437955941888
0.171242054352 1.0 0.445676520732
0.171024205435 1.0 0.450576249741
0.180002420544 1.0 0.446258668789
0.178200242054 1.0 0.442333959848
0.160020024205 1.0 0.444604737345
0.153702002421 1.0 0.44665907139
0.177370200242 1.0 0.447194559393
0.202237020024 1.0 0.440424596505
0.176823702002 1.0 0.432165562814
0.1796823702 1.0 0.426203548584
0.16016823702 1.0 0.420330847498
0.175316823702 1.0 0.41334251764
0.20023168237 1.0 0.399090963839
0.164023168237 1.0 0.376480197686
0.182902316824 1.0 0.346403877075
0.149690231682 1.0 0.310431726918
0.147269023168 1.0 0.270563717402
0.138926902317 1.0 0.229025734665
0.130892690232 1.0 0.21108481442
0.138189269023 1.0 0.232312069265
0.163218926902 1.0 0.24959258204
0.14232189269 1.0 0.273496648853
0.158232189269 1.0 0.312307024921
0.157123218927 1.0 0.349066237864
0.175912321893 1.0 0.380303983654
0.163391232189 1.0 0.404279770711
0.170239123219 1.0 0.419901009397
0.182623912322 1.0 0.426635232091
0.172162391232 1.0 0.42868098949
0.172016239123 1.0 0.450211706488
0.169301623912 1.0 0.471591330185
0.160930162391 1.0 0.484828198464
0.167293016239 1.0 0.487989704526
0.176029301624 1.0 0.487060288815
0.176902930162 1.0 0.504739902918
0.165290293016 1.0 0.518428561084
0.168629029302 1.0 0.52042335696
0.19506290293 1.0 0.50992874624
0.172506290293 1.0 0.494482036342
0.185550629029 1.0 0.498436907379
0.160755062903 1.0 0.500635987803
0.12137550629 1.0 0.49626329948
0.128237550629 1.0 0.507083465276
0.133423755063 1.0 0.525470601579
0.145642375506 1.0 0.542136301667
0.147764237551 1.0 0.556533230605
0.153376423755 1.0 0.55700293701
0.173737642376 1.0 0.559439625394
0.168573764238 1.0 0.567060734137
0.157257376424 1.0 0.566269349873
0.177725737642 1.0 0.56265540051
0.174372573764 1.0 0.546450671121
0.178537257376 1.0 0.53022477415
0.179853725738 1.0 0.518597053354
0.154785372574 1.0 0.500042167205
0.183778537257 1.0 0.482131881401
0.178577853726 1.0 0.456587001282
0.182557785373 1.0 0.436715812537
0.183855778537 1.0 0.427042970312
0.186685577854 1.0 0.413569448312
0.178868557785 1.0 0.396276299906
0.175386855779 1.0 0.371627544251
0.163338685578 1.0 0.340265248949
0.169333868558 1.0 0.304626667998
0.169933386856 1.0 0.265526226611
0.133993338686 1.0 0.224588460819
0.136699333869 1.0 0.208082663279
0.152269933387 1.0 0.230498637407
0.143026993339 1.0 0.25008236786
0.143002699334 1.0 0.276545253042
0.165500269933 1.0 0.316845045058
0.168650026993 1.0 0.354750285666
0.173465002699 1.0 0.386558825277
0.15954650027 1.0 0.410201917807
0.177054650027 1.0 0.425178844458
0.168005465003 1.0 0.435763475796
0.1680005465 1.0 0.445512112196
0.14820005465 1.0 0.479124385813
0.174120005465 1.0 0.5188903125
0.161412000547 1.0 0.548489604093
0.170941200055 1.0 0.564053565277
0.187194120005 1.0 0.571020546562
0.187019412001 1.0 0.593932416659
0.1816019412 1.0 0.615719597407
0.16396019412 1.0 0.621745481662
0.175696019412 1.0 0.612622581575
0.188569601941 1.0 0.599077715722
0.165556960194 1.0 0.600275393433
0.153355696019 1.0 0.596976859848
0.133235569602 1.0 0.581215459882
0.11052355696 1.0 0.585677273243
0.120852355696 1.0 0.605720604937
0.16688523557 1.0 0.624518634895
0.153488523557 1.0 0.640292376543
0.180948852356 1.0 0.64399248401
0.166594885236 1.0 0.654752323336
0.168759488524 1.0 0.676733350516
0.173475948852 1.0 0.684021056083
0.180247594885 1.0 0.673258947993
0.176424759489 1.0 0.645531340845
0.172442475949 1.0 0.621595647908
0.184644247595 1.0 0.608352348125
0.178664424759 1.0 0.588174503476
0.146566442476 1.0 0.555081776036
0.183856644248 1.0 0.511661868197
0.179485664425 1.0 0.480026839836
0.181748566442 1.0 0.472227997642
0.190974856644 1.0 0.466540174204
0.192797485664 1.0 0.451709580966
0.172279748566 1.0 0.426888981064
0.162127974857 1.0 0.393250623272
0.159312797486 1.0 0.357597315543
0.152731279749 1.0 0.319053449027
0.153873127975 1.0 0.277169776488
0.149487312797 1.0 0.270181118795
0.14184873128 1.0 0.304716157237
0.157284873128 1.0 0.344098446154
0.167828487313 1.0 0.386571630927
0.158082848731 1.0 0.43099516431
0.176908284873 1.0 0.467383944316
0.186890828487 1.0 0.498140323603
0.181589082849 1.0 0.526455855395
0.194558908285 1.0 0.54409674696
0.179655890828 1.0 0.551548353199
0.191665589083 1.0 0.552372095548
0.187466558908 1.0 0.581005274594
0.190646655891 1.0 0.623998069681
0.178364665589 1.0 0.655046410986
0.181636466559 1.0 0.671505425182
0.181963646656 1.0 0.675129445399
0.172996364666 1.0 0.69383648688
0.181099636467 1.0 0.717384512338
0.169309963647 1.0 0.723885173784
0.165430996365 1.0 0.71017564032
0.159643099636 1.0 0.677406968911
0.169864309964 1.0 0.660634130553
0.144786430996 1.0 0.660333368553
0.1350786431 1.0 0.64964286166
0.13680786431 1.0 0.639446283672
0.136080786431 1.0 0.653882561467
0.123408078643 1.0 0.665540881002
0.152740807864 1.0 0.673141251383
0.170974080786 1.0 0.672286400084
0.183597408079 1.0 0.682724059527
0.174059740808 1.0 0.703535308044
0.170405974081 1.0 0.718498056894
0.162840597408 1.0 0.714545913568
0.192684059741 1.0 0.690257581476
0.198368405974 1.0 0.674134380243
0.171936840597 1.0 0.677384772862
0.18909368406 1.0 0.66601103108
0.187209368406 1.0 0.638510246774
0.205020936841 1.0 0.605857864584
0.189702093684 1.0 0.590427188891
0.179170209368 1.0 0.596838271169
0.172717020937 1.0 0.597579406186
0.175671702094 1.0 0.584116504109
0.178667170209 1.0 0.565318904301
0.166366717021 1.0 0.535268697392
0.171436671702 1.0 0.493280575522
0.17014366717 1.0 0.446654248942
0.149314366717 1.0 0.393538753465
0.140031436672 1.0 0.392400142474
0.141803143667 1.0 0.431492077385
0.144680314367 1.0 0.471591984225
0.153068031437 1.0 0.515282305072
0.146706803144 1.0 0.564869163503
0.178470680314 1.0 0.603169356033
0.175347068031 1.0 0.636899333696
0.157934706803 1.0 0.655246520091
0.17329347068 1.0 0.66018735494
0.206329347068 1.0 0.655651415377
0.171832934707 1.0 0.63444331017
0.180983293471 1.0 0.639973511953
0.186398329347 1.0 0.661310040658
0.174339832935 1.0 0.67295594199
0.172233983293 1.0 0.678999864473
0.171123398329 1.0 0.668866733305
0.169212339833 1.0 0.673285276914
0.180721233983 1.0 0.693149606674
0.179172123398 1.0 0.701757569954
0.17361721234 1.0 0.695793692064
0.165861721234 1.0 0.673593233693
0.186686172123 1.0 0.660789512196
0.163568617212 1.0 0.661725543575
0.148656861721 1.0 0.660616501419
0.133665686172 1.0 0.649364313474
0.148366568617 1.0 0.646367774837
0.148036656862 1.0 0.635223374537
0.152503665686 1.0 0.628474692744
0.152950366569 1.0 0.620498180615
0.170995036657 1.0 0.623722822741
0.176399503666 1.0 0.641196000699
0.161639950367 1.0 0.6526745599
0.189863995037 1.0 0.649250592894
0.182786399504 1.0 0.632254257562
0.17307863995 1.0 0.63161239945
0.166707863995 1.0 0.642504955946
0.1723707864 1.0 0.650332033373
0.17563707864 1.0 0.642817513887
0.170563707864 1.0 0.625736289055
0.168256370786 1.0 0.634863936799
0.168025637079 1.0 0.653812058567
0.164402563708 1.0 0.666808516611
0.181140256371 1.0 0.667631812071
0.162114025637 1.0 0.652657196762
0.165611402564 1.0 0.628131824079
0.165961140256 1.0 0.587134591232
0.179496114026 1.0 0.541424636636
0.149349611403 1.0 0.491690149161
0.14183496114 1.0 0.467237941196
0.160883496114 1.0 0.495910977206
0.153788349611 1.0 0.521306190352
0.160278834961 1.0 0.550709938819
0.164527883496 1.0 0.588875828296
0.17755278835 1.0 0.619938629923
0.159055278835 1.0 0.643214749912
0.161705527883 1.0 0.648553262292
0.180870552788 1.0 0.645510140871
0.172887055279 1.0 0.625930767128
0.172088705528 1.0 0.594259651069
0.172908870553 1.0 0.584128453188
0.178390887055 1.0 0.585855219619
0.187939088706 1.0 0.591748156742
0.196093908871 1.0 0.587661354749
0.161809390887 1.0 0.571733982328
0.151180939089 1.0 0.575458506468
0.155518093909 1.0 0.591132661246
0.152351809391 1.0 0.602873403366
0.172735180939 1.0 0.608263049407
0.178373518094 1.0 0.600611431489
0.171737351809 1.0 0.593578392668
0.149473735181 1.0 0.593178859368
0.140047373518 1.0 0.589877852996
0.127404737352 1.0 0.585940510543
0.123440473735 1.0 0.581101813502
0.139244047374 1.0 0.571483063878
0.158824404737 1.0 0.561041900714
0.152682440474 1.0 0.550310646638
0.168268244047 1.0 0.558820942335
0.160826824405 1.0 0.565294689347
0.16638268244 1.0 0.56290840276
0.192138268244 1.0 0.549175444
0.178513826824 1.0 0.527943439319
0.169951382682 1.0 0.52780990009
0.158295138268 1.0 0.538121243517
0.156229513827 1.0 0.54584254647
0.165022951383 1.0 0.549620339121
0.175802295138 1.0 0.545911326889
0.190380229514 1.0 0.565493554299
0.161238022951 1.0 0.592751651836
0.177223802295 1.0 0.609061972253
0.19322238023 1.0 0.615033356551
0.172322238023 1.0 0.60599862895
0.181032223802 1.0 0.595879117296
0.19180322238 1.0 0.5743382628
0.158680322238 1.0 0.542290420536
0.122968032224 1.0 0.504717275985
0.157196803222 1.0 0.484925554065
0.149819680322 1.0 0.503508825621
0.140981968032 1.0 0.51709137997
0.155398196803 1.0 0.529992945321
0.16133981968 1.0 0.542813664388
0.176333981968 1.0 0.559360557821
0.185033398197 1.0 0.568155376938
0.17780333982 1.0 0.565910690209
0.168980333982 1.0 0.555435301265
0.177998033398 1.0 0.532776060911
0.19509980334 1.0 0.506858008768
0.185109980334 1.0 0.492595772393
0.176010998033 1.0 0.490183451856
0.164301099803 1.0 0.487452954743
0.17033010998 1.0 0.478057450095
0.182633010998 1.0 0.470007082541
0.1793633011 1.0 0.476423058217
0.16643633011 1.0 0.496489557022
0.171443633011 1.0 0.510065572242
0.152144363301 1.0 0.516104601605
0.15291443633 1.0 0.519162722118
0.148491443633 1.0 0.517650517413
0.157949144363 1.0 0.524488400953
0.134594914436 1.0 0.52292462477
0.136759491444 1.0 0.51341921935
0.145075949144 1.0 0.513864340113
0.145907594914 1.0 0.518050893746
0.149590759491 1.0 0.518775369531
0.157159075949 1.0 0.517706694592
0.174115907595 1.0 0.524127196286
0.169511590759 1.0 0.520871369939
0.164551159076 1.0 0.504872054695
0.164955115908 1.0 0.478536682552
0.166795511591 1.0 0.453649122342
0.193979551159 1.0 0.452962015679
0.170597955116 1.0 0.458231637746
0.179959795512 1.0 0.456948945695
0.167395979551 1.0 0.463255930202
0.168839597955 1.0 0.473167056396
0.157283959796 1.0 0.497251307524
0.17232839598 1.0 0.52355201037
0.170232839598 1.0 0.53879970861
0.17092328396 1.0 0.554901992794
0.187192328396 1.0 0.564962514538
0.17981923284 1.0 0.565758433704
0.179981923284 1.0 0.56252026782
0.150298192328 1.0 0.54952994432
0.141929819233 1.0 0.538455840132
0.132992981923 1.0 0.539911531943
0.127599298192 1.0 0.549046569989
0.145059929819 1.0 0.556352381977
0.145905992982 1.0 0.561450484867
0.174790599298 1.0 0.563627124582
0.16417905993 1.0 0.558925996662
0.163117905993 1.0 0.544695360596
0.171111790599 1.0 0.530624062656
0.17461117906 1.0 0.518273578997
0.171361117906 1.0 0.502956902999
0.188136111791 1.0 0.484106572049
0.190713611179 1.0 0.466370824046
0.169371361118 1.0 0.458749155792
0.171737136112 1.0 0.455664384308
0.148573713611 1.0 0.447518014787
0.154357371361 1.0 0.442809152981
0.181035737136 1.0 0.455791908329
0.169303573714 1.0 0.487688534142
0.196030357371 1.0 0.512230021103
0.186103035737 1.0 0.523087248219
0.172510303574 1.0 0.524324543555
0.170251030357 1.0 0.533773004674
0.160125103036 1.0 0.54326944133
0.118612510304 1.0 0.539123608208
0.11266125103 1.0 0.531662830039
0.129166125103 1.0 0.539610580666
0.14341661251 1.0 0.54572315963
0.141241661251 1.0 0.553321792723
0.164424166125 1.0 0.554119949427
0.181142416613 1.0 0.549558364848
0.183714241661 1.0 0.54155714882
0.181271424166 1.0 0.519819967921
0.175627142417 1.0 0.493353901829
0.170562714242 1.0 0.464888335151
0.170056271424 1.0 0.452556114247
0.177205627142 1.0 0.452794799749
0.188720562714 1.0 0.448884909981
0.159272056271 1.0 0.442655887719
0.149127205627 1.0 0.448758553163
0.181412720563 1.0 0.46570344037
0.178341272056 1.0 0.482424943173
0.175334127206 1.0 0.492203639952
0.165133412721 1.0 0.501693449866
0.185713341272 1.0 0.524997134294
0.172471334127 1.0 0.540868845925
0.143247133413 1.0 0.551128931987
0.143924713341 1.0 0.550440265702
0.130492471334 1.0 0.546209879856
0.133649247133 1.0 0.549229830657
0.150164924713 1.0 0.540972442326
0.137416492471 1.0 0.531261465866
0.157741649247 1.0 0.520044506713
0.192174164925 1.0 0.512111904187
0.152417416492 1.0 0.496961371684
0.156541741649 1.0 0.475050864593
0.172254174165 1.0 0.456994576719
0.178325417416 1.0 0.449485121609
0.157332541742 1.0 0.446864187542
0.185833254174 1.0 0.440916483362
0.172483325417 1.0 0.42878216482
0.177448332542 1.0 0.426886984772
0.168944833254 1.0 0.43619196008
0.190594483325 1.0 0.443230444293
0.189159448333 1.0 0.452443630499
0.158415944833 1.0 0.474219677986
0.168841594483 1.0 0.51163444083
0.187884159448 1.0 0.542138646935
0.173588415945 1.0 0.560179191178
0.195558841594 1.0 0.570212946311
0.145555884159 1.0 0.58207694423
0.145955588416 1.0 0.588720292464
0.143295558842 1.0 0.578625885849
0.135829555884 1.0 0.57223211349
0.118882955588 1.0 0.584898409926
0.127088295559 1.0 0.589915347717
0.133308829556 1.0 0.59171247148
0.138430882956 1.0 0.58935531924
0.174043088296 1.0 0.581286543917
0.16410430883 1.0 0.571435040878
0.160410430883 1.0 0.556520720337
0.183441043088 1.0 0.528625480826
0.155144104309 1.0 0.493325677982
0.170314410431 1.0 0.462587398394
0.157431441043 1.0 0.440489597901
0.169643144104 1.0 0.428772320511
0.15826431441 1.0 0.413906565272
0.146326431441 1.0 0.409222548009
0.164032643144 1.0 0.40728659591
0.166703264314 1.0 0.408712345819
0.183170326431 1.0 0.416114475799
0.165017032643 1.0 0.420694430457
0.183901703264 1.0 0.433989765412
0.161490170326 1.0 0.446674917091
0.154749017033 1.0 0.460674740469
0.147774901703 1.0 0.477295333421
0.12997749017 1.0 0.48665578077
0.128197749017 1.0 0.477503485557
0.120819774902 1.0 0.461087505897
0.12998197749 1.0 0.472344751031
0.145298197749 1.0 0.476013784393
0.136029819775 1.0 0.460609077193
0.154902981977 1.0 0.447188242073
0.170290298198 1.0 0.433669133044
0.17272902982 1.0 0.421585678853
0.157672902982 1.0 0.416238759866
0.158867290298 1.0 0.408619024894
0.14368672903 1.0 0.40755690791
0.167368672903 1.0 0.408243674618
0.17153686729 1.0 0.414708919822
0.177353686729 1.0 0.428164761604
0.165335368673 1.0 0.439276808767
0.150633536867 1.0 0.461727682729
0.162663353687 1.0 0.492649467546
0.162966335369 1.0 0.528619474185
0.167496633537 1.0 0.555769328127
0.148149663354 1.0 0.570069294925
0.175914966335 1.0 0.580726337516
0.162491496634 1.0 0.58942205528
0.149449149663 1.0 0.590748777313
0.125644914966 1.0 0.576574381525
0.109764491497 1.0 0.570526955102
0.14777644915 1.0 0.584727894087
0.132677644915 1.0 0.589996865373
0.159967764491 1.0 0.589732194538
0.151896776449 1.0 0.580985454995
0.161889677645 1.0 0.569601216184
0.176388967764 1.0 0.560584250412
0.167938896776 1.0 0.542740005638
0.171593889678 1.0 0.512134211644
0.172859388968 1.0 0.474236982727
0.191885938897 1.0 0.452026395879
0.16498859389 1.0 0.443551958743
0.193798859389 1.0 0.436313655295
0.185879885939 1.0 0.427158418523
0.164387988594 1.0 0.430006388878
0.176638798859 1.0 0.440859765497
0.192263879886 1.0 0.446397321413
0.194726387989 1.0 0.449787797083
0.192272638799 1.0 0.457177942609
0.17222726388 1.0 0.474738377029
0.148622726388 1.0 0.496831787924
0.166962272639 1.0 0.511504614238
0.160696227264 1.0 0.519898624511
0.148369622726 1.0 0.526551457319
0.146236962273 1.0 0.540177471385
0.156823696227 1.0 0.540067206399
0.129982369623 1.0 0.540186150834
0.144398236962 1.0 0.550540246011
0.155739823696 1.0 0.551173769584
0.19287398237 1.0 0.541457976711
0.174087398237 1.0 0.525086141841
0.168608739824 1.0 0.501572047919
0.174360873982 1.0 0.493092921561
0.175836087398 1.0 0.482683097036
0.17148360874 1.0 0.466229432585
0.182748360874 1.0 0.449186594617
0.186574836087 1.0 0.443472437523
0.177057483609 1.0 0.449198090762
0.176105748361 1.0 0.452580539368
0.193110574836 1.0 0.451311711587
0.175011057484 1.0 0.464812505504
0.172301105748 1.0 0.493108531477
0.172030110575 1.0 0.520158485668
0.177403011057 1.0 0.54123919983
0.185140301106 1.0 0.54808323322
0.174214030111 1.0 0.553679890532
0.161421403011 1.0 0.553397354254
0.143042140301 1.0 0.545771340142
0.13760421403 1.0 0.531343729838
0.138860421403 1.0 0.539578670646
0.14978604214 1.0 0.544792653893
0.145478604214 1.0 0.543541983994
0.167547860421 1.0 0.533557875001
0.179654786042 1.0 0.524980607762
0.170065478604 1.0 0.523780197297
0.17270654786 1.0 0.512554841504
0.179270654786 1.0 0.487697903677
0.184427065479 1.0 0.454453093503
0.175942706548 1.0 0.444031895605
0.184994270655 1.0 0.447144679786
0.189499427065 1.0 0.455613343111
0.180049942707 1.0 0.458958278916
0.172804994271 1.0 0.46541654636
0.171180499427 1.0 0.484606440675
0.174618049943 1.0 0.501823907829
0.187561804994 1.0 0.517449676745
0.174456180499 1.0 0.530923617098
0.18754561805 1.0 0.545444328741
0.180754561805 1.0 0.559185920312
0.16567545618 1.0 0.562724177572
0.159667545618 1.0 0.560681327782
0.144666754562 1.0 0.5541172364
0.133266675456 1.0 0.545418678533
0.155526667546 1.0 0.549597284648
0.164052666755 1.0 0.549359480606
0.154105266675 1.0 0.551502505106
0.170210526668 1.0 0.562811410038
0.210521052667 1.0 0.564779730359
0.166852105267 1.0 0.565291739717
0.178685210527 1.0 0.554340743094
0.178968521053 1.0 0.540317515169
0.178096852105 1.0 0.523935516253
0.163609685211 1.0 0.496340949741
0.169360968521 1.0 0.473627956407
0.163636096852 1.0 0.462428848343
0.189163609685 1.0 0.458316663242
0.171916360969 1.0 0.458260723282
0.186391636097 1.0 0.451529317512
0.17253916361 1.0 0.45280651337
0.195453916361 1.0 0.478520637429
0.187845391636 1.0 0.504660650659
0.180784539164 1.0 0.520675457586
0.181878453916 1.0 0.523729353519
0.160387845392 1.0 0.51612695645
0.145638784539 1.0 0.519186030676
0.138763878454 1.0 0.524175947505
0.120976387845 1.0 0.518592529061
0.146197638785 1.0 0.514381671084
0.141519763878 1.0 0.51938809104
0.133851976388 1.0 0.523537812029
0.185285197639 1.0 0.517030771081
0.171528519764 1.0 0.519115431797
0.173752851976 1.0 0.51528107031
0.151475285198 1.0 0.510622984499
0.17624752852 1.0 0.496150256248
0.173324752852 1.0 0.475754592099
0.172132475285 1.0 0.470902278697
0.172913247529 1.0 0.478199300724
0.196391324753 1.0 0.487653983003
0.201439132475 1.0 0.488823530318
0.180343913248 1.0 0.491531676549
0.175534391325 1.0 0.507706814927
0.173253439132 1.0 0.532627791231
0.160425343913 1.0 0.555322329431
0.177142534391 1.0 0.564902488794
0.178814253439 1.0 0.568523765207
0.156481425344 1.0 0.55921440538
0.173148142534 1.0 0.54322105617
0.157714814253 1.0 0.529461866562
0.130071481425 1.0 0.50546654744
0.128207148143 1.0 0.488641416303
0.161320714814 1.0 0.503880411845
0.170032071481 1.0 0.519173736028
0.157403207148 1.0 0.542460372079
0.166940320715 1.0 0.574286252026
0.176894032071 1.0 0.594980481004
0.167089403207 1.0 0.606956787537
0.158908940321 1.0 0.614840181
0.174290894032 1.0 0.608613714691
0.177629089403 1.0 0.593263753209
0.17166290894 1.0 0.563365503533
0.171966290894 1.0 0.547334341465
0.182796629089 1.0 0.549734279408
0.180279662909 1.0 0.54509871074
0.174627966291 1.0 0.538723675215
0.165062796629 1.0 0.525444039066
0.183006279663 1.0 0.528643170955
0.167700627966 1.0 0.54900443102
