0.1287 0.882382033907 0.0 0.877824
0.15417 0.97724236172 0.0 1.666496
0.218817 0.991793935815 0.0 2.35936
0.2747817 0.996871482275 0.0 2.941248
0.29657817 0.999267673143 0.0 3.480576
0.334757817 0.999922585566 0.0 3.8864
0.3790757817 0.999988159451 0.0 4.286144
0.42310757817 0.99999471684 0.0 4.559744
0.422110757817 0.999995455222 2.86321515758e-257 4.773888
0.440911075782 0.999995446417 1.69423127564e-111 4.979776
0.448191107578 0.999995404214 3.62246730089e-43 5.056704
0.461519110758 0.999995317351 1.18145990401e-17 5.0752
0.431351911076 0.999995515273 2.06363861971e-08 5.0656
0.415735191108 0.999995493743 1.59685029096e-05 5.016512
0.408773519111 0.999995532912 0.00028680103114 4.913984
0.426077351911 0.999955557528 0.00267342333452 4.86144
0.443107735191 0.999693160567 0.0106904842854 4.846336
0.467310773519 0.999110247734 0.0263955651567 4.701568
0.481431077352 0.998168980418 0.047724497012 4.429184
0.491843107735 0.996981569463 0.0660043965815 3.824704
0.478484310774 0.995446174542 0.0796765037173 3.556672
0.474448431077 0.993620273428 0.0813289137718 3.297536
0.440744843108 0.99149510408 0.0746015157697 3.16224
0.446374484311 0.989079757029 0.0585591666628 3.089728
0.485637448431 0.986295192243 0.0571675543371 3.179136
0.490463744843 0.983338863007 0.0549420004198 3.283328
0.521546374484 0.980281669299 0.0458830930465 3.357824
0.557054637448 0.978288614616 0.0432053243994 3.337408
0.526405463745 0.97571607874 0.0363200569468 3.1424
0.534140546374 0.975388434276 0.0292036643937 2.87872
0.543014054637 0.975654409761 0.024433847781 2.621952
0.553801405464 0.977234225921 0.0202360386692 2.467648
0.522480140546 0.979683058596 0.0147890080037 2.548544
0.528348014055 0.982720801998 0.00817670591014 2.50432
0.498334801405 0.985602281873 0.00290481103129 2.400384
0.496233480141 0.988301954123 0.000539003661911 2.417664
0.484323348014 0.990669404061 0.000281164906704 2.374912
0.486732334801 0.992753505979 0.000804605929678 2.34336
0.48517323348 0.994549934164 0.00380845681222 2.441792
0.432817323348 0.995959308142 0.000935658391181 2.650048
0.442881732335 0.997168019456 0.000107711464419 2.776832
0.399788173233 0.998129259725 1.1614716888e-05 2.987712
0.415278817323 0.998826923812 0.00025362280988 3.225408
0.447427881732 0.999318340563 0.002902205094 3.396352
0.456042788173 0.999518835705 0.00970593376146 3.499328
0.459604278817 0.999361377759 0.0188507579179 3.466048
0.469860427882 0.998913021417 0.0280760080463 3.344256
0.478086042788 0.9983037186 0.0370579325122 3.362496
0.468108604279 0.997503131249 0.0429173935909 3.36032
0.457210860428 0.996533432466 0.043622055526 3.336
0.476821086043 0.99531929316 0.0387880533973 3.282304
0.449082108604 0.993721186207 0.0349342436783 3.275712
0.46520821086 0.991840008637 0.0308809292011 3.217664
0.465920821086 0.989515648804 0.0211790378949 3.03456
0.519092082109 0.989922038017 0.0162724010437 2.980608
0.483909208211 0.991655574329 0.0153651998418 3.013056
0.501990920821 0.992790058499 0.0155190322564 2.988288
0.488499092082 0.993582854759 0.0186302219211 2.975552
0.494349909208 0.992523304927 0.0133127998038 2.965312
0.498534990921 0.992148942436 0.0041941724378 2.841216
0.475553499092 0.993919744703 0.000951828805823 2.790592
0.496655349909 0.99548601955 0.000437668654959 2.763776
0.468165534991 0.996965047386 0.000134083398624 2.783296
0.461716553499 0.998053423843 1.37154806098e-05 2.869888
0.47907165535 0.998782226026 1.51879938444e-05 2.993152
0.467307165535 0.999326790674 0.000495427826746 3.034048
0.467030716553 0.999652093322 0.00461575207547 3.040192
0.471503071655 0.999588079153 0.0157817423856 3.01856
0.467450307166 0.999019139148 0.0244273876076 2.96928
0.498545030717 0.998078737956 0.0326880651897 2.831744
0.526854503072 0.996877411938 0.0283093213851 2.651264
0.511685450307 0.996046119037 0.0275939662888 2.517632
0.514668545031 0.995785911925 0.0257522327803 2.27712
0.498766854503 0.995389584627 0.0322606448334 2.168256
0.51247668545 0.994548672017 0.0349265162876 2.199936
0.518347668545 0.993475910726 0.0367594616306 2.198272
0.509034766855 0.992239293878 0.0337689835462 2.183168
0.532403476685 0.990631734951 0.0272120948494 2.169984
0.537440347669 0.988567792917 0.0228916454417 2.133632
0.540644034767 0.989629686061 0.0352416483764 2.113792
0.522964403477 0.988054248066 0.0346192764353 2.07488
0.562596440348 0.988668733955 0.0350970105323 1.978816
0.573759644035 0.989184343387 0.0344846518122 1.966528
0.559575964403 0.989579510571 0.0350574626158 2.058432
0.52125759644 0.989717257013 0.0277884480815 2.13056
0.503025759644 0.989583668957 0.0215669813629 2.195072
0.500302575964 0.989363687768 0.0134951457343 2.238016
0.493730257596 0.990732139601 0.00693902550457 2.283008
0.47327302576 0.992747170638 0.00527634512834 2.452608
0.461327302576 0.994415390947 0.0025871176847 2.598272
0.504232730258 0.996026825879 0.00125511991282 2.521024
0.456323273026 0.997315863804 0.00227777060926 2.59008
0.470432327303 0.998220962156 0.00633417131183 2.637952
0.48714323273 0.997653554775 0.0082283822097 2.606144
0.493314323273 0.996677733456 0.00795521188637 2.5376
0.484031432327 0.995880085291 0.00733972566679 2.463552
0.508303143233 0.99583715324 0.00916832014612 2.356032
0.509830314323 0.99654221428 0.0204900696993 2.353408
0.497383031432 0.99537880249 0.028867173277 2.394112
0.516838303143 0.993597948746 0.0341552160459 2.491008
0.470183830314 0.992063305701 0.0353036108268 2.600128
0.473618383031 0.991616942177 0.0424908164989 2.616
0.473061838303 0.989513817106 0.0418587970702 2.553984
0.49280618383 0.986936192332 0.0327857251774 2.523456
0.484880618383 0.984554522393 0.0208219291658 2.599936
0.466988061838 0.986020834805 0.0119298319513 2.653056
0.463398806184 0.988497997492 0.0198201189039 2.781184
0.443239880618 0.988324167731 0.0097160660946 2.875264
0.494323988062 0.990553721535 0.0045974630152 2.767552
0.520132398806 0.99284295229 0.00289784624533 2.742208
0.511013239881 0.994733565213 0.00161236657751 2.740928
0.475901323988 0.996384483399 0.000521261924324 2.62272
0.448990132399 0.997774069069 9.82709651425e-05 2.568128
0.50929901324 0.99832102513 0.00065421224933 2.473664
0.481129901324 0.999122188245 0.00121329281178 2.506752
0.454912990132 0.999366248491 0.00178958375033 2.695232
0.463991299013 0.99921368039 0.00148715199307 2.823744
0.455899129901 0.999287039386 0.00150858880066 2.934144
0.47938991299 0.999293345901 0.0020281347742 2.940672
0.451138991299 0.999454176111 0.00914364140154 2.955392
0.45371389913 0.998794573538 0.0184415449383 2.991936
0.473771389913 0.997816479245 0.0338229156791 3.008448
0.498277138991 0.996504301254 0.0509453625591 2.957504
0.490827713899 0.994951736896 0.065509136022 2.823296
0.47748277139 0.992901412896 0.0704593261969 2.769088
0.446448277139 0.990841272325 0.0660535761328 2.7344
0.482044827714 0.988251862673 0.0464437600361 2.639168
0.532404482771 0.985924270672 0.0251615870755 2.454784
0.543740448277 0.985677683837 0.011217734888 2.3024
0.520574044828 0.988252228948 0.00619771656602 2.334016
0.495757404483 0.990593675619 0.00829200297486 2.42848
0.527475740448 0.99170773602 0.0186386081884 2.527744
0.535147574045 0.991389137789 0.0194910853856 2.504128
0.559314757404 0.99063148596 0.0180466995295 2.370816
0.54373147574 0.98960877613 0.00695618321694 2.240256
0.543073147574 0.992012624565 0.0105756696393 2.156864
0.519607314757 0.992468974078 0.0161976806544 2.219968
0.527160731476 0.991212868424 0.026109664984 2.232
0.546816073148 0.989441065559 0.0251885044188 2.209216
0.577581607315 0.987096866123 0.0282829969071 2.113152
0.555458160731 0.985396547043 0.0298406255542 2.03232
0.554145816073 0.98298056203 0.0256982810489 1.99968
0.530614581607 0.983366885344 0.0224833138625 2.180288
0.513861458161 0.984685141888 0.0167778870406 2.401216
0.492386145816 0.986217610258 0.010247071397 2.58144
0.522638614582 0.988454620614 0.00549365004263 2.648896
0.513063861458 0.990943053255 0.00167447848762 2.649472
0.485106386146 0.993016180678 0.00315186294759 2.705088
0.468810638615 0.993938012838 0.00739736385224 2.710272
0.460881063861 0.994310607534 0.012561815705 2.689408
0.489788106386 0.994361820297 0.0176229873755 2.499264
0.453078810639 0.994113818083 0.0188420442337 2.47392
0.469207881064 0.993667098633 0.0265381544462 2.579968
0.532020788106 0.992095836636 0.0356146457555 2.562048
0.539202078811 0.989788954774 0.0417578503944 2.443264
0.556120207881 0.987315524567 0.0370277316104 2.282432
0.541612020788 0.986929100664 0.0320552959564 2.337536
0.527561202079 0.987097453252 0.0217525636255 2.331776
0.532456120208 0.987221865001 0.0106515629322 2.368128
0.507745612021 0.989572403778 0.0062386267581 2.51168
0.545774561202 0.991825734025 0.00287997189396 2.551168
0.49557745612 0.993967621974 0.000569217727876 2.71744
0.512157745612 0.99575514004 0.000304586693192 2.87296
0.516515774561 0.99727462659 0.000272386405388 3.062976
0.499851577456 0.998404653107 0.00195331309712 3.109568
0.497285157746 0.998709326727 0.00459100222928 3.054016
0.516828515775 0.998392044436 0.0105533362228 3.068992
0.435982851577 0.997651102616 0.0204961129872 3.233536
0.453098285158 0.996413656647 0.0310366623246 3.320384
0.419709828516 0.994892544802 0.03742637794 3.286784
0.414570982852 0.992995358398 0.0351488354184 3.095296
0.424857098285 0.991099185673 0.0226563193464 2.9216
0.471785709829 0.98973507965 0.010743533891 2.895296
0.508878570983 0.991055951924 0.0152777853673 2.865536
0.504487857098 0.991154832467 0.0143336007316 2.80704
0.53374878571 0.990788970021 0.0185553055874 2.7968
0.510574878571 0.990656885853 0.0125532507301 2.987264
0.533457487857 0.991436925986 0.0203755327121 3.190912
0.512345748786 0.990634083553 0.0270732456758 3.358784
0.545334574879 0.989296973002 0.0227497368811 3.390592
0.540533457488 0.987485239678 0.0155706262477 3.348608
0.492353345749 0.988898101518 0.0104993391463 3.314752
0.475835334575 0.990536995036 0.00490640707153 3.235328
0.472383533457 0.99209456918 0.00148605838518 3.226624
0.434238353346 0.993632960817 0.000670183702394 3.135936
0.450223835335 0.994852558064 0.00371643975793 3.120384
0.447322383533 0.996093885054 0.0109770043613 3.127936
0.466832238353 0.995098691809 0.0172654835224 3.158592
0.477783223835 0.993833796359 0.0240919064609 3.174208
0.501378322384 0.992543328923 0.0293727726533 3.118848
0.564937832238 0.99090160042 0.0295093887076 2.936256
0.529893783224 0.98923969627 0.0255258618547 2.776192
0.519189378322 0.987641115549 0.0185694529346 2.597376
0.491118937832 0.9879683666 0.016780019217 2.4128
0.518011893783 0.988785294376 0.00982435268427 2.513728
0.503601189378 0.990370364204 0.00371132822545 2.638528
0.492260118938 0.991929685966 0.000785525938252 2.636416
0.457826011894 0.993377103311 0.00010970972146 2.550144
0.502982601189 0.994696214029 0.000364595868683 2.616064
0.449898260119 0.995764695946 0.00178567123935 2.70112
0.455389826012 0.996631974086 0.00403619249091 2.70784
0.474838982601 0.996974725968 0.0108152542085 2.6864
0.49478389826 0.996838250319 0.0235961809552 2.651904
0.486878389826 0.996213656096 0.0307674997251 2.515968
0.494187838983 0.996102200057 0.0427188512145 2.407296
0.476918783898 0.995364211177 0.0381548473911 2.414144
0.49049187839 0.994137462851 0.0255815856385 2.37216
0.502649187839 0.992310275585 0.0095346283056 2.249216
0.511064918784 0.99384271493 0.00840289299352 2.376064
0.540706491878 0.994371605814 0.00988679184405 2.425344
0.517570649188 0.994577842326 0.00957637696122 2.412864
0.490957064919 0.99482606619 0.00515074670043 2.468992
0.499995706492 0.996247878407 0.00461305870102 2.618432
0.495499570649 0.996950749014 0.00611210305853 2.718976
0.486949957065 0.996671669352 0.010104557718 2.775872
0.507694995706 0.995588362265 0.0157716945189 2.797824
0.497169499571 0.994462531991 0.0225559084569 2.86336
0.500616949957 0.993127370151 0.0295606480276 2.894016
0.516261694996 0.99153025233 0.032317924208 2.92256
0.4962261695 0.989913596823 0.0296511986387 2.86176
0.50682261695 0.988195532084 0.0223159691109 2.707904
0.479982261695 0.987029393176 0.0135417673979 2.52928
0.532198226169 0.988519316436 0.0155569907573 2.31456
0.535619822617 0.989880393146 0.0303311136104 2.042048
0.544961982262 0.987820911352 0.0186779257023 1.903744
0.548596198226 0.988600120293 0.0123757794898 1.98784
0.545359619823 0.990690966708 0.0087444433303 2.031104
0.529735961982 0.992747744535 0.00560678488194 2.148864
0.517373596198 0.994248875905 0.0125887911621 2.165568
0.49093735962 0.993249311346 0.0201934329597 2.068032
0.515293735962 0.991821380238 0.0223886230847 2.025664
0.534829373596 0.990242290763 0.0179071018312 1.944384
0.50618293736 0.989321178299 0.00840772939558 1.893184
0.524018293736 0.990712463649 0.00464990051517 1.983616
0.506001829374 0.992112198685 0.00182608392512 2.10976
0.506900182937 0.993535064403 0.00038675691917 2.081472
0.476390018294 0.994933638423 0.000682078837851 2.244096
0.472439001829 0.996024667114 0.00217793831184 2.352576
0.479243900183 0.997046953159 0.00967557356372 2.426496
0.466424390018 0.996235998588 0.0194236255443 2.5184
0.471442439002 0.995202950387 0.0286228254208 2.629888
0.4773442439 0.993823819071 0.0349392293331 2.63136
0.47343442439 0.992363321745 0.0335683951386 2.63552
0.516243442439 0.990283118351 0.0303206275311 2.722176
0.526824344244 0.989229508314 0.0121808233654 2.869952
0.559382434424 0.989974940349 0.00284057710736 2.91936
0.536538243442 0.992162804604 0.000375163742163 2.973376
0.524353824344 0.994035693801 0.000347031967889 2.900352
0.505135382434 0.995644550743 0.0040769672403 2.780032
0.487913538243 0.996366494025 0.0111353218965 2.698176
