0.2331 0.882399547276 0.449255775167 0.750656
0.32031 0.977256266587 0.416884021158 1.370112
0.401031 0.991846041115 0.35565161629 1.83296
0.4343031 0.996862823014 0.289401096204 2.160384
0.50963031 0.999294556671 0.267364060881 2.4208
0.599063031 0.999850628575 0.254856296951 2.502336
0.6791063031 0.998610117765 0.270034165319 2.419072
0.72491063031 0.995825188406 0.294026407619 2.180608
0.799691063031 0.991541848163 0.280109788462 1.927296
0.829669106303 0.98616208281 0.267804799911 1.530752
0.90646691063 0.979778598711 0.249723381085 1.164416
0.926746691063 0.973245487058 0.226312015478 0.849664
0.959374669106 0.965419421325 0.224189894818 0.406272
0.986037466911 0.955784887153 0.219606653407 0.119936
0.982403746691 0.945970384666 0.21316560988 0.045504
0.981140374669 0.936903370883 0.205958526133 0.042624
0.975614037467 0.927524035379 0.2047689105 0.065088
0.982261403747 0.918406076637 0.194155878913 0.058432
0.979326140375 0.909380495848 0.17607780004 0.05312
0.981732614037 0.903981175231 0.157907522737 0.05824
0.976573261404 0.90472712884 0.157969695576 0.063168
0.97785732614 0.906310790066 0.160838303458 0.081536
0.968985732614 0.908826729434 0.182283818761 0.090368
0.982498573261 0.90458139248 0.174311975668 0.071616
0.978449857326 0.902649996992 0.172110533248 0.07968
0.971744985733 0.901731352273 0.161633290746 0.083456
0.967474498573 0.90075766337 0.159491110084 0.094912
0.963447449857 0.900027063109 0.147497762425 0.096448
0.976544744986 0.900772194871 0.152444532042 0.0736
0.979654474499 0.900795333978 0.143243310668 0.075712
0.98266544745 0.904532190034 0.138665472973 0.059456
0.988366544745 0.905600669344 0.137008412287 0.051456
0.989836654474 0.906217677665 0.138492677062 0.04096
0.989983665447 0.908551408066 0.140560931122 0.034944
0.984598366545 0.90985644648 0.14404756952 0.035968
0.981359836654 0.910071528475 0.155997642792 0.041728
0.982835983665 0.908413011043 0.161400689625 0.035904
0.988383598367 0.905956006877 0.157144679053 0.024384
0.998838359837 0.905562012033 0.16370448352 0.019648
0.992683835984 0.902466465007 0.148845954929 0.016256
0.996568383598 0.90471292225 0.137493301143 0.01408
0.99785683836 0.906897885975 0.14096828311 0.015488
0.997085683836 0.909410554916 0.146434757462 0.014336
0.992508568384 0.910817381797 0.14207634888 0.019584
0.999250856838 0.911054631408 0.139065365046 0.011456
0.993625085684 0.911894273027 0.145453164704 0.019008
0.997562508568 0.910048486621 0.13935269723 0.02496
0.994356250857 0.911365990744 0.138578502622 0.023424
0.996735625086 0.911389158042 0.125747406009 0.018944
0.997873562509 0.914262827502 0.128067184618 0.019072
0.991687356251 0.915435187878 0.117851125982 0.029248
0.989268735625 0.918366994398 0.130172076747 0.027392
0.994426873563 0.917440005785 0.131266773237 0.028032
0.996742687356 0.919167390411 0.121705339931 0.019904
0.996974268736 0.922768629505 0.120522919976 0.028352
0.994297426874 0.922525754462 0.117021485894 0.022272
0.979629742687 0.925260690229 0.126320106145 0.046336
0.997062974269 0.925838835172 0.12970664519 0.027008
0.982606297427 0.926563946719 0.129716803286 0.045952
0.995560629743 0.926803230396 0.128491812044 0.03328
0.982456062974 0.928207674419 0.144299957339 0.052544
0.991945606297 0.927825167734 0.155460179144 0.035712
0.99379456063 0.924717610946 0.160068741438 0.033088
0.993979456063 0.920443904805 0.153325649787 0.044032
0.981397945606 0.917261188951 0.146964119594 0.06272
0.983739794561 0.915686919372 0.143463530939 0.064768
0.987573979456 0.914286186814 0.133791563683 0.058496
0.994257397946 0.918256549648 0.14114105976 0.04992
0.992225739795 0.919548548235 0.149984414346 0.031808
0.994722573979 0.918850370887 0.160711790924 0.025344
0.996772257398 0.918275134946 0.157828391654 0.03296
0.99697722574 0.919505991629 0.159946704536 0.02976
0.996097722574 0.916984123594 0.170487198531 0.031232
0.991509772257 0.913612007473 0.184673135657 0.022464
0.998250977226 0.908262946177 0.176606564344 0.021184
0.994425097723 0.905047126447 0.163146358676 0.03968
0.989542509772 0.905350672392 0.153190626814 0.045568
0.985454250977 0.905734445983 0.153006536799 0.037696
0.992245425098 0.905897145908 0.161632463035 0.03616
0.99652454251 0.904248171691 0.151951158131 0.016192
0.993352454251 0.90340584774 0.137329918851 0.030592
0.991235245425 0.906083671317 0.119845502163 0.025472
0.992823524543 0.911075359573 0.126205305154 0.031744
0.998382352454 0.914524809421 0.125202985917 0.035328
0.984538235245 0.916659035305 0.135662396359 0.040576
0.993953823525 0.917540405977 0.133480753197 0.023296
0.997595382352 0.916855906863 0.117093286011 0.021376
0.998859538235 0.920777743089 0.128784762763 0.022016
0.999885953824 0.921368946602 0.148445745983 0.02272
0.993688595382 0.918366835172 0.144569939383 0.025216
0.995768859538 0.918887479222 0.156111112463 0.025024
0.994176885954 0.917457231822 0.149456072063 0.015936
0.995817688595 0.917265133656 0.15043072609 0.026048
0.99238176886 0.916872647207 0.170374007468 0.0256
0.993838176886 0.912621341031 0.175165700537 0.023808
0.994883817689 0.907879849928 0.174667198952 0.024512
0.996788381769 0.905255350589 0.187772246808 0.02656
0.999678838177 0.899261231207 0.194756016253 0.016
0.999067883818 0.89480059907 0.180034387585 0.01344
0.996306788382 0.892786036315 0.165725759056 0.016384
0.996930678838 0.89486307422 0.153181391974 0.01504
0.994293067884 0.895714222365 0.152129141299 0.018304
0.994929306788 0.897291985002 0.151529869052 0.017408
0.996792930679 0.897735159707 0.154858330794 0.011328
0.998779293068 0.898169411429 0.139278937322 0.012608
0.995377929307 0.902771943492 0.127919319802 0.026304
0.995937792931 0.907599692927 0.137200029859 0.016
0.996893779293 0.906899026277 0.133582890097 0.014592
0.996989377929 0.910244670701 0.132676447014 0.012288
0.996998937793 0.913685447887 0.149318025816 0.014144
0.999699893779 0.910458041657 0.164427672155 0.009728
0.989169989378 0.906932092454 0.164048261173 0.012992
0.998916998938 0.904310754821 0.155713031659 0.019456
0.993591699894 0.9044684055 0.164922345192 0.030144
0.996659169989 0.902099814416 0.158870910322 0.023936
0.991565916999 0.902128488763 0.152032841382 0.02976
0.9802565917 0.903293899978 0.170089910066 0.03776
0.99352565917 0.900620501125 0.160371400775 0.02368
0.997552565917 0.900880489265 0.132617301028 0.028032
0.997055256592 0.905400451396 0.12631893423 0.025024
0.995205525659 0.908773451167 0.133084123936 0.025664
0.991420552566 0.911379231537 0.14573231619 0.026496
0.992842055257 0.910983074992 0.152690906432 0.028864
0.995684205526 0.910225207589 0.156404969718 0.025088
0.995968420553 0.908953711107 0.145737694529 0.024832
0.991496842055 0.91111340961 0.150289786522 0.025344
0.994649684206 0.90900454161 0.143164704104 0.022208
0.996764968421 0.909002908101 0.143143118417 0.018432
0.991576496842 0.910318782891 0.134641984744 0.025152
0.989257649684 0.912237244648 0.138554420158 0.021888
0.991725764968 0.912122790067 0.156973144948 0.030464
0.991972576497 0.909518037972 0.151436236121 0.026176
0.99469725765 0.90942175786 0.142630285119 0.027328
0.991369725765 0.912265338962 0.142858813161 0.027712
0.991936972576 0.914473950204 0.15865203678 0.034304
0.996493697258 0.911378788059 0.142870411272 0.01664
0.993349369726 0.911440430491 0.139286096095 0.022976
0.981334936973 0.913370026371 0.13679836603 0.034688
0.994533493697 0.916330910192 0.131621197091 0.019776
0.99765334937 0.915523747668 0.145602740762 0.019392
0.987165334937 0.913934177347 0.156219878396 0.030272
0.993316533494 0.911120598655 0.150200541903 0.017216
0.993031653349 0.908698490679 0.137596667719 0.020096
0.993003165335 0.909421736644 0.111242429256 0.015232
0.984900316533 0.915606602616 0.097459237417 0.039552
0.990390031653 0.922602726711 0.0952396815179 0.0528
0.989139003165 0.927428286964 0.0971236965021 0.041984
0.985413900317 0.930441278849 0.102120358306 0.043136
0.990441390032 0.931793751581 0.112981439475 0.041408
0.989144139003 0.931963981464 0.132773190338 0.038144
0.9881144139 0.929004315562 0.15695588618 0.037184
0.98531144139 0.924678729769 0.147034906017 0.033344
0.989531144139 0.920501890479 0.138680108514 0.033792
0.996253114414 0.919474917982 0.142627656088 0.017088
0.991525311441 0.919115203937 0.150300101535 0.024
0.994652531144 0.916920586728 0.129541750261 0.019392
0.998565253114 0.917897422367 0.151265902903 0.016896
0.992656525311 0.914423740323 0.156300777652 0.032512
0.994765652531 0.912589030019 0.158216619703 0.040128
0.987776565253 0.909539999863 0.140834317637 0.046528
0.991577656525 0.912134611564 0.120619650527 0.032448
0.993757765653 0.915697339912 0.107657256297 0.0256
0.999375776565 0.920841522343 0.126167340919 0.011456
0.990937577657 0.921915504037 0.132576900023 0.02144
0.998193757766 0.921043069352 0.142915156685 0.020544
0.995319375777 0.917550316978 0.137930258637 0.022976
0.986931937578 0.916568930566 0.121256355657 0.043264
0.989693193758 0.919222934532 0.131761658967 0.029504
0.980969319376 0.918599558035 0.124623306614 0.038464
0.987296931938 0.919224882566 0.112229273244 0.016896
0.990629693194 0.921897326599 0.1052844339 0.023488
0.991862969319 0.925908683052 0.126103122173 0.030464
0.997386296932 0.925165850335 0.138674125694 0.021824
0.997038629693 0.923198142342 0.132591651391 0.016256
0.988903862969 0.924726513432 0.138266731209 0.02848
0.995290386297 0.925718462337 0.140381813624 0.020032
0.99232903863 0.923233502392 0.134666820401 0.023488
0.999232903863 0.922338252554 0.136166456685 0.022208
0.993623290386 0.921754945797 0.156831718225 0.027648
0.999362329039 0.916673754549 0.16987659964 0.023936
0.995436232904 0.914138177358 0.160188079894 0.022656
0.99594362329 0.913333988898 0.152896774563 0.020352
0.995094362329 0.913133526193 0.16432415348 0.027456
0.990509436233 0.909903736906 0.159755085873 0.020224
0.995450943623 0.908183395737 0.168008085507 0.031232
0.993245094362 0.907096430739 0.161793836656 0.028672
0.999324509436 0.905727602222 0.158052060182 0.019648
0.993632450944 0.906435363988 0.153717614338 0.02016
0.996663245094 0.906640622525 0.155969746692 0.021056
0.997866324509 0.906672040256 0.15977569004 0.013184
0.993486632451 0.90425052863 0.150798695248 0.013824
0.997548663245 0.904435824642 0.144959053419 0.008
0.998854866325 0.904556637953 0.135166997206 0.00928
0.982785486632 0.907388961641 0.151885629686 0.039168
0.992878548663 0.906124068655 0.153302904077 0.032704
0.984887854866 0.903777726613 0.159416983056 0.046144
0.991288785487 0.900459052359 0.143759208647 0.046592
0.994628878549 0.906282728879 0.159773068043 0.039104
0.985962887855 0.907690948391 0.153321816003 0.03456
0.987796288785 0.908774933042 0.141900881957 0.039936
0.983479628879 0.910042322329 0.151941364385 0.046016
0.994747962888 0.908644561121 0.153888947531 0.028288
0.995874796289 0.907692273655 0.152508033264 0.023424
0.982487479629 0.908435751735 0.150284501598 0.03392
0.991048747963 0.909149405538 0.154733060645 0.029696
0.979304874796 0.907139681203 0.142780483523 0.049024
0.99073048748 0.908784505629 0.144591135842 0.026432
0.973873048748 0.908668840909 0.149910933961 0.054272
0.993787304875 0.906775724403 0.155766109734 0.033344
0.994878730487 0.905394575255 0.155017670222 0.038976
0.985987873049 0.903242501914 0.142941752423 0.048256
0.997698787305 0.904818549813 0.143194279377 0.031296
0.99706987873 0.903100400079 0.136780597932 0.021312
0.999706987873 0.905578848854 0.12241958989 0.022208
0.986470698787 0.910444565146 0.122183699757 0.030272
0.994147069879 0.914302352342 0.115177668081 0.032832
0.994014706988 0.919275443817 0.138615418821 0.026432
0.991301470699 0.918281253358 0.141479128024 0.027904
0.98923014707 0.91827443312 0.141790844676 0.02144
0.994423014707 0.919043282787 0.146184167567 0.020672
0.992242301471 0.919186141335 0.135743978719 0.026048
0.986624230147 0.918585642655 0.131914064987 0.023936
0.986062423015 0.91882306018 0.12655786283 0.032832
0.995006242301 0.918279487476 0.122417169161 0.025728
0.99680062423 0.918950407063 0.142988149412 0.036608
0.992480062423 0.914285084399 0.13143996603 0.028928
0.995648006242 0.915231044589 0.133969094047 0.023424
0.996864800624 0.915409817782 0.148228087921 0.016256
0.992486480062 0.911976438532 0.156842885361 0.020288
0.995648648006 0.909086071065 0.14548748175 0.024192
0.998664864801 0.908873997543 0.140257684553 0.019072
0.99176648648 0.909255507284 0.138653849989 0.030144
0.992876648648 0.910293623756 0.130311697941 0.024832
0.992087664865 0.912041452686 0.143445381967 0.02304
0.992008766486 0.910851837094 0.144277241172 0.02656
0.991100876649 0.909269757367 0.146790543873 0.024704
0.999110087665 0.908299892681 0.140395259056 0.012352
0.993611008766 0.909990187909 0.145630297959 0.020864
0.997561100877 0.912286752362 0.147229524111 0.019136
0.997956110088 0.912100871047 0.147170224207 0.01312
0.999795611009 0.911597566229 0.145997602375 0.010304
0.999079561101 0.911653614207 0.147323167305 0.009728
0.99810795611 0.912244581941 0.141691951013 0.01184
0.998010795611 0.913123316199 0.146074681358 0.015616
0.997101079561 0.911910610247 0.148847158042 0.018112
0.995210107956 0.909764565471 0.143312612348 0.019072
0.993221010796 0.910137175566 0.139504469504 0.028608
0.99662210108 0.911058281948 0.137658513754 0.025344
0.995162210108 0.912312532114 0.147331059618 0.020096
0.990516221011 0.91161799134 0.127102744725 0.029504
