0.3042 0.882351385512 0.409700374643 -4580364.06717
0.36432 0.977220599143 0.406680971415 -718487.305987
0.409032 0.991899069161 0.387576289949 1.727936
0.4702032 0.9967170902 0.350579336103 2.089536
0.51862032 0.999128217755 0.30823633018 2.33024
0.630562032 0.999811592746 0.267401014566 2.39648
0.6804562032 0.998724647016 0.248909956275 2.360256
0.70704562032 0.996160454708 0.25036379864 2.256704
0.794304562032 0.992378366744 0.249953389804 1.91872
0.861530456203 0.987044747459 0.231562899929 1.46816
0.88445304562 0.980603569894 0.207870802538 1.162624
0.933545304562 0.97423966148 0.188028851616 0.732032
0.965454530456 0.968587795081 0.18321226367 0.383232
0.980345453046 0.960458485614 0.167551669905 0.117952
0.980034545305 0.953240484895 0.16981877264 0.065728
0.97820345453 0.947181944016 0.16396073543 0.060736
0.981620345453 0.940504963927 0.130793284571 0.049536
0.966662034545 0.936705253653 0.116511336285 0.061568
0.985866203455 0.934432202724 0.121455829307 0.036736
0.986886620345 0.931240631727 0.109142875161 0.04672
0.976188662035 0.933493884907 0.117606946831 0.046208
0.984118866203 0.933540827473 0.113957163573 0.055296
0.99391188662 0.931453269665 0.10773988772 0.04704
0.984091188662 0.933429636355 0.0957888918584 0.054144
0.975009118866 0.936246174935 0.0883416840626 0.065216
0.966000911887 0.939888347192 0.0898093671252 0.113344
0.966900091189 0.942549061978 0.116541401073 0.120704
0.973290009119 0.940327496737 0.108440090998 0.093568
0.978429000912 0.941098104924 0.114070682974 0.076928
0.987942900091 0.940911105776 0.118129804571 0.08064
0.982594290009 0.938349901292 0.105337521934 0.075648
0.980259429001 0.937762688345 0.100541361825 0.078656
0.9827259429 0.938245205962 0.119109280869 0.07456
0.98297259429 0.935965143357 0.114143851801 0.077632
0.976697259429 0.935133886022 0.120939938657 0.075712
0.985069725943 0.93476763548 0.128763809962 0.076544
0.976006972594 0.932280488304 0.113094136073 0.066816
0.978700697259 0.932329771747 0.126071368854 0.065472
0.991570069726 0.931928885285 0.141960912013 0.051264
0.993757006973 0.92865399579 0.120878065388 0.031232
0.996675700697 0.928599493102 0.125656100453 0.023488
0.99246757007 0.927810953612 0.134676306961 0.035712
0.992046757007 0.926446448367 0.138890285334 0.043968
0.993804675701 0.925025560527 0.133011430003 0.030912
0.98138046757 0.924473452329 0.133003959605 0.052224
0.990938046757 0.924134436067 0.117877513716 0.048128
0.995493804676 0.925126357043 0.11076441917 0.021696
0.994149380468 0.927360159884 0.107774517399 0.027264
0.992214938047 0.929388411985 0.111309922922 0.034432
0.991121493805 0.930658012809 0.0979799802088 0.048256
0.99281214938 0.932425999252 0.0933313506422 0.036928
0.983081214938 0.935951227393 0.0968485893147 0.036544
0.995608121494 0.93672870381 0.0802223176694 0.025856
0.986060812149 0.93961858037 0.111258378574 0.035712
0.995006081215 0.937502171959 0.101478725314 0.030208
0.987800608121 0.939194935983 0.122058809206 0.04416
0.994280060812 0.936062839017 0.121221434436 0.035264
0.995828006081 0.935766313473 0.114809544315 0.044032
0.992382800608 0.93368840962 0.112680784897 0.048
0.992938280061 0.933933544937 0.116013167966 0.038144
0.994793828006 0.93135580088 0.0964168054202 0.035392
0.985079382801 0.932584221101 0.103591597549 0.045312
0.98500793828 0.932340280838 0.0965850713036 0.040576
0.993100793828 0.935862225575 0.0978102597218 0.04064
0.993010079383 0.937759961907 0.104595439011 0.04416
0.993001007938 0.940061275418 0.100880921732 0.040128
0.992100100794 0.94246724894 0.112835040247 0.045632
0.995610010079 0.942225576016 0.12038349067 0.040448
0.991461001008 0.940779925935 0.125516271619 0.050048
0.991046100101 0.938783834366 0.103575075196 0.04288
0.99550461001 0.938937199905 0.10693002288 0.038912
0.995950461001 0.937778244152 0.100579069033 0.034624
0.9914950461 0.939301878182 0.104218251423 0.03872
0.99464950461 0.939706504413 0.103525123002 0.037888
0.998564950461 0.939310579425 0.111628648879 0.035904
0.991756495046 0.939056694031 0.113027966247 0.065984
0.988375649505 0.938523089287 0.132444931552 0.045376
0.98443756495 0.935010779984 0.12411824076 0.043648
0.991243756495 0.933235939584 0.132870428226 0.038208
0.99552437565 0.931482316138 0.135880567702 0.028928
0.995052437565 0.932252862351 0.137609355344 0.031872
0.986005243756 0.933218597416 0.118687003799 0.028992
0.987800524376 0.936849729328 0.117899602553 0.027648
0.992480052438 0.936303466555 0.10448633801 0.028544
0.985748005244 0.936799003052 0.108564498415 0.036992
0.998574800524 0.936416433262 0.0836374111774 0.034368
0.995357480052 0.941800200451 0.0859241294222 0.049792
0.977935748005 0.944232888285 0.101682139248 0.049856
0.988793574801 0.942019155485 0.0922002504708 0.04416
0.98447935748 0.943140293385 0.103881833916 0.054528
0.992147935748 0.941778479881 0.109266512955 0.046016
0.997414793575 0.939347254782 0.101265829105 0.03712
0.990741479357 0.940901118474 0.109238665882 0.049088
0.998174147936 0.940377033298 0.11199536349 0.03328
0.995317414794 0.938041480028 0.120645217094 0.043648
0.978831741479 0.936898008122 0.112455792724 0.039552
0.983483174148 0.935228167992 0.107437833577 0.046848
0.997448317415 0.934969244165 0.101581046444 0.029056
0.991644831741 0.936364092495 0.0756468560384 0.037312
0.981164483174 0.941914047337 0.0835812891434 0.04608
0.983716448317 0.944843878913 0.0886210078217 0.075328
0.979471644832 0.945597936001 0.102950249356 0.077888
0.983547164483 0.943910658203 0.094387792583 0.07456
0.979454716448 0.9461521633 0.0917218193074 0.065728
0.987145471645 0.947524584593 0.088503271014 0.058176
0.983414547164 0.948331091474 0.0805370969565 0.058688
0.972241454716 0.950527853328 0.087826169507 0.061888
0.994524145472 0.952303615021 0.100876345067 0.035968
0.982352414547 0.952551602494 0.110144329585 0.056064
0.995535241455 0.952495410477 0.115416210909 0.046208
0.979753524145 0.952029910879 0.119861015009 0.069184
0.989875352415 0.948126779774 0.123827164196 0.043456
0.991787535241 0.94364168531 0.121200858693 0.026688
0.994678753524 0.940268246846 0.131069603001 0.01952
0.993167875352 0.93511313515 0.113826693191 0.021504
0.994816787535 0.934398908644 0.119874004794 0.020288
0.988681678754 0.933087691124 0.126825912343 0.032
0.990768167875 0.933840484914 0.114869178443 0.032704
0.993676816788 0.935612262568 0.124121577581 0.02368
0.988567681679 0.932911694928 0.129415832069 0.023808
0.997056768168 0.930421563179 0.117889287409 0.027648
0.990705676817 0.931518515798 0.123956561941 0.040064
0.991870567682 0.93090780731 0.111344686662 0.027776
0.994687056768 0.930423835433 0.111886271468 0.026688
0.998568705677 0.931174714496 0.110345516182 0.032192
0.988156870568 0.931219056877 0.114748258139 0.03296
0.987115687057 0.929739611462 0.130426433844 0.039808
0.996011568706 0.927131276473 0.141442578196 0.024896
0.987901156871 0.923603458617 0.141789497531 0.038464
0.992490115687 0.923129738578 0.134775337188 0.033152
0.994749011569 0.923474402901 0.129630953143 0.022272
0.994974901157 0.922535862462 0.112086823344 0.020864
0.988697490116 0.925784601554 0.113329309262 0.031808
0.993469749012 0.927819284217 0.12174852079 0.0304
0.991246974901 0.926986424671 0.120020918805 0.027712
0.99732469749 0.92733948937 0.121292104545 0.021312
0.999732469749 0.927818210928 0.117581873663 0.017664
0.990973246975 0.928577683777 0.123924412217 0.026048
0.993697324697 0.92855238337 0.12103965317 0.025088
0.99396973247 0.92782826823 0.129356261524 0.020928
0.993096973247 0.927410098947 0.134272409191 0.026496
0.995709697325 0.926719515879 0.132886640202 0.026112
0.988770969732 0.925117335733 0.135885073189 0.038464
0.981777096973 0.923122726248 0.127756035785 0.044928
0.989177709697 0.921903276725 0.125519525697 0.035008
0.98991777097 0.922041409372 0.120654022264 0.035968
0.973791777097 0.92467513717 0.135954443478 0.052672
0.98927917771 0.923527917766 0.130100375296 0.040448
0.993527917771 0.924430813448 0.127313300295 0.03936
0.994852791777 0.925681721953 0.125302978871 0.036416
0.992285279178 0.923727280547 0.124280262868 0.04576
0.983928527918 0.924643948515 0.11243024052 0.049984
0.989392852792 0.926180177223 0.125309010541 0.039424
0.995339285279 0.924506954325 0.121895570034 0.03616
0.995933928528 0.923558370294 0.13179039819 0.033792
0.989693392853 0.923678238947 0.118353968932 0.034304
0.997169339285 0.925809168112 0.108134765299 0.027968
0.991616933929 0.927906245489 0.122186982301 0.037248
0.995561693393 0.927122346461 0.122640355385 0.035328
0.990556169339 0.927552432119 0.139876110469 0.041408
0.990055616934 0.926811442604 0.1471342662 0.047232
0.992705561693 0.924533514066 0.138528770759 0.05088
0.993870556169 0.924621692465 0.137650901399 0.046016
0.988587055617 0.922366235126 0.139150448667 0.047744
0.989858705562 0.921075946538 0.143177761793 0.05568
0.991785870556 0.920914116761 0.149386323373 0.03776
0.994678587056 0.919031308337 0.135221544989 0.0496
0.989567858706 0.921625884306 0.126400048111 0.051136
0.981856785871 0.924710454662 0.139232236145 0.059648
0.993685678587 0.92357217669 0.133937412229 0.029696
0.994868567859 0.922416061564 0.12865609512 0.026176
0.997686856786 0.92317646245 0.126486189125 0.02944
0.997968685679 0.924275465483 0.150995606287 0.021632
0.995296868568 0.920269615888 0.127978622126 0.030208
0.992329686857 0.923298073653 0.125068716778 0.045632
0.986632968686 0.927013688095 0.126460906617 0.0496
0.982463296869 0.928042414215 0.12939131807 0.038464
0.989246329687 0.925270940204 0.134675851225 0.03936
0.998924632969 0.92334640686 0.136102239793 0.030272
0.996292463297 0.922821190186 0.125538071941 0.0384
0.99782924633 0.924342452568 0.132157670555 0.02624
0.994382924633 0.923370997813 0.125260203281 0.034112
0.996738292463 0.923262327789 0.125348683625 0.031872
0.993373829246 0.921775108071 0.132428590445 0.02752
0.997537382925 0.921092273645 0.130120931601 0.024128
0.990753738292 0.921343942854 0.129969943895 0.024384
0.999075373829 0.922280598685 0.136735572484 0.020736
0.998107537383 0.923363517203 0.155148460001 0.021376
0.996210753738 0.919093005982 0.155767387495 0.024768
0.996921075374 0.917256647591 0.15010820892 0.023296
0.987992107537 0.916941061912 0.145896069925 0.021632
0.993399210754 0.916840199234 0.151442441196 0.017984
0.993039921075 0.915938207442 0.138165644235 0.01984
0.993003992108 0.915926547904 0.143613016405 0.031808
0.993900399211 0.914927078279 0.1374389778 0.027776
0.986790039921 0.915529540955 0.119708931581 0.0336
0.988779003992 0.917364820287 0.10743509778 0.023616
0.988977900399 0.921458419753 0.112242925431 0.036032
0.99439779004 0.923066162014 0.102764732832 0.022208
0.999439779004 0.9273918656 0.0925916466952 0.014336
0.9846439779 0.932155892323 0.0947900376941 0.046656
0.99486439779 0.935347181896 0.0775011157009 0.027968
0.976986439779 0.940844507704 0.0818067095787 0.046912
0.994098643978 0.944182477331 0.0756449501574 0.03552
0.994009864398 0.948613744334 0.106238471766 0.038976
0.99040098644 0.945912373233 0.117577750118 0.034752
0.996340098644 0.945220540661 0.11960653838 0.036928
0.987034009864 0.943434981877 0.120337426275 0.0384
0.989703400986 0.942106417497 0.12627866357 0.032896
0.996270340099 0.939678084708 0.134608866993 0.023232
0.98972703401 0.936148967421 0.13297168033 0.032704
0.998072703401 0.933777828089 0.123446878159 0.015168
0.98630727034 0.933148440631 0.131413650068 0.036032
0.993230727034 0.928658623318 0.14016964614 0.030016
0.985823072703 0.924167385314 0.128529843955 0.026816
0.98238230727 0.921964062593 0.107893674997 0.03264
0.984738230727 0.925179202196 0.12403735436 0.036928
0.984073823073 0.924428384128 0.10616824776 0.032896
0.991207382307 0.927454525571 0.117807232396 0.032384
0.992820738231 0.926935459589 0.110563841735 0.032128
0.992082073823 0.92897276451 0.120334215796 0.03008
0.998308207382 0.926586394184 0.123714054907 0.01792
0.995330820738 0.926184237205 0.123517219081 0.03104
0.989633082074 0.927811386188 0.121976517588 0.036544
0.989963308207 0.927455107781 0.113704530547 0.041664
0.987296330821 0.927686628867 0.109286681477 0.056064
0.989729633082 0.928409878043 0.115138483979 0.041344
0.993572963308 0.927081014542 0.115272150612 0.03872
0.991257296331 0.927917906973 0.105015163872 0.027328
0.993725729633 0.930807854974 0.0926541223464 0.025088
0.979572572963 0.934103991609 0.0890209968816 0.037312
0.987157257296 0.938402122513 0.0800693329445 0.038912
0.99511572573 0.942305158132 0.0817067374339 0.027968
0.986011572573 0.944486845642 0.0994611956284 0.044992
0.994101157257 0.945883787787 0.101823539522 0.029312
0.994010115726 0.946894390234 0.113962223988 0.034816
0.987701011573 0.945393350606 0.095971106206 0.034688
0.983470101157 0.947149259071 0.106485926478 0.045888
0.996547010116 0.944003940977 0.10512682912 0.019648
0.995154701012 0.942196550255 0.0881283895741 0.043072
0.994115470101 0.942935174851 0.080431356346 0.0544
0.99221154701 0.945556127469 0.0960071009756 0.04864
0.992021154701 0.945298060984 0.0957503495717 0.055808
0.99290211547 0.945685911789 0.0961846022756 0.046272
0.994790211547 0.946244494221 0.0959698816184 0.036928
0.985079021155 0.943165044076 0.0907241653913 0.0416
0.993107902115 0.943279006471 0.0762177483982 0.040192
0.996610790212 0.947344315947 0.0792042097699 0.031808
0.991561079021 0.949755975256 0.0919982145916 0.02848
0.986556107902 0.950507375756 0.0988417610118 0.040064
