0.0189 0.731496600308 0.746320375357
0.02349 0.743217515197 0.756804901469
0.021249 0.684375151109 0.698369565296
0.0327249 0.620510005284 0.635738971552
0.04647249 0.558022971898 0.572259980257
0.056847249 0.503101709412 0.515377629785
0.0695847249 0.468062559637 0.480078737304
0.07985847249 0.442483079325 0.451859852788
0.091685847249 0.413199798381 0.424959867956
0.118968584725 0.382517946322 0.39395617587
0.109096858472 0.363875964699 0.375729041701
0.145009685847 0.34776613108 0.359613152019
0.163900968585 0.327823726305 0.340040917118
0.163090096858 0.306916758978 0.318725803436
0.210709009686 0.287293003295 0.297177110618
0.211870900969 0.274973764801 0.284181714653
0.225487090097 0.262662720606 0.272576792074
0.26194870901 0.253294151345 0.262938490531
0.282694870901 0.249287916511 0.259037332455
0.30096948709 0.244543739109 0.252636426821
0.303696948709 0.237759812593 0.24800269109
0.309369694871 0.231715121763 0.239568977768
0.342336969487 0.231717226839 0.241996692379
0.351933696949 0.227533890885 0.236797858199
0.375393369695 0.220741423334 0.229684033854
0.394839336969 0.212623725974 0.222273515842
0.438183933697 0.206904596596 0.215358064808
0.43351839337 0.203904872547 0.213114172692
0.469051839337 0.201879178065 0.21169291228
0.502305183934 0.201816807497 0.209768642701
0.490330518393 0.20406742916 0.213823811382
0.499933051839 0.203262309852 0.211820451505
0.537793305184 0.204020058502 0.214183093741
0.552379330518 0.206752048421 0.216098803195
0.574537933052 0.208718688133 0.217842648794
0.610053793305 0.211396345719 0.22144079667
0.617205379331 0.210428372042 0.221002508014
0.624220537933 0.207431124274 0.21770040004
0.654622053793 0.205835619236 0.213678637333
0.686462205379 0.20491611954 0.213032111816
0.716646220538 0.201132745358 0.210786316735
0.757464622054 0.19814715516 0.208411135813
0.792146462205 0.192681283346 0.200874337808
0.819914646221 0.185007496631 0.194277321533
0.827191464622 0.181653586209 0.189550072875
0.845919146462 0.181252702983 0.189346022123
0.863091914646 0.180790427881 0.186825202037
0.878309191465 0.177370506544 0.184862545433
0.901430919146 0.172749309559 0.180352377791
0.903743091915 0.172022780291 0.180386240932
0.919274309191 0.174264696857 0.181915218199
0.932527430919 0.175411682074 0.18367034915
0.954552743092 0.173165631049 0.182157599409
0.963055274309 0.169432908445 0.177731561063
0.960305527431 0.167909282293 0.175417396615
0.962730552743 0.169645700514 0.176891202678
0.971973055274 0.171850788233 0.180330252371
0.973797305527 0.172178727779 0.180776800394
0.980279730553 0.167638860663 0.175156787611
0.979127973055 0.16534196626 0.173984451753
0.984412797306 0.163853193345 0.171384544083
0.983141279731 0.162863262951 0.170745953432
0.988414127973 0.161537855334 0.170183137067
0.985341412797 0.160047571132 0.16691349401
0.97873414128 0.159243962196 0.165727047976
0.992473414128 0.158786268522 0.167422272339
0.994747341413 0.156273811815 0.165438492177
0.986874734141 0.153476097095 0.161592478817
0.987887473414 0.15409778716 0.161627854731
0.993388747341 0.156189814604 0.164333769764
0.993038874734 0.158030562857 0.1654841947
0.984903887473 0.161040575188 0.169537111487
0.985890388747 0.16030992639 0.168079923551
0.990489038875 0.161287264243 0.168431105747
0.990948903887 0.16520072668 0.171964285649
0.987394890389 0.166723193603 0.173725040055
0.981639489039 0.168327984395 0.174873079536
0.976563948904 0.169931457938 0.17672051748
0.97245639489 0.173747300776 0.182034061741
0.978345639489 0.17415348756 0.183177486505
0.988834563949 0.171396373769 0.179712685782
0.986283456395 0.170548434207 0.179036495177
0.980628345639 0.170062228491 0.178776339974
0.986362834564 0.168256672147 0.176945876075
0.984236283456 0.167513016104 0.176599924456
0.983123628346 0.166781575407 0.175285879927
0.981212362835 0.165001887374 0.171418135038
0.983721236283 0.15893582358 0.166728745961
0.981272123628 0.153777655302 0.161533409259
0.989127212363 0.147949387338 0.156172936944
0.993512721236 0.145411467439 0.152451769854
0.991251272124 0.148101158287 0.156821319795
0.988325127212 0.149070411317 0.156009390843
0.980832512721 0.147618273836 0.154874544712
0.982783251272 0.144391150821 0.152091116668
0.985678325127 0.144415052094 0.15239301798
0.981467832513 0.147981560826 0.154612774012
0.982846783251 0.151304059657 0.159160008393
0.988384678325 0.150180727456 0.15811049499
0.985338467833 0.148893167704 0.15704779249
0.987733846783 0.151095154561 0.159012881165
0.991573384678 0.155732206705 0.163425427043
0.986557338468 0.161508915439 0.168307501071
0.990555733847 0.164187649699 0.172862905059
0.991855573385 0.166273355131 0.173424283366
0.976685557338 0.16823402959 0.176159180634
0.980568555734 0.172089203137 0.178033775365
0.982756855573 0.175043512768 0.18312852459
0.982075685557 0.175845980005 0.185279348833
0.989207568556 0.172263099799 0.180524279319
0.971920756856 0.171605925725 0.179704098449
0.983692075686 0.173483778736 0.183113670239
0.979469207569 0.175933991061 0.184207669616
0.978146920757 0.179145778271 0.18653879185
0.980714692076 0.181333221687 0.191330895324
0.982771469208 0.176926259571 0.184687577141
0.974877146921 0.173000113314 0.180736433417
0.974087714692 0.173144281301 0.181926741805
0.973108771469 0.178754220079 0.187178041526
0.974810877147 0.181132968069 0.188730595068
0.980381087715 0.177250482091 0.183484315639
0.973738108771 0.171433462428 0.181405783421
0.978473810877 0.167865113806 0.175800700001
0.981647381088 0.167174152663 0.175499497129
0.978364738109 0.165231879907 0.172635662563
0.987036473811 0.162703581914 0.171970370268
0.988803647381 0.161382580964 0.169458643229
0.983580364738 0.1613347123 0.169292702771
0.990258036474 0.158777165311 0.165938614261
0.998125803647 0.155603844746 0.163024591986
0.997112580365 0.155129916316 0.16327936663
0.995211258036 0.15591535684 0.163289030197
0.986021125804 0.15618897203 0.164196399
0.98600211258 0.155148198507 0.163714837878
0.983300211258 0.154873235144 0.161956356736
0.983930021126 0.157595062882 0.163723420191
0.989393002113 0.157079474053 0.164108192505
0.993539300211 0.155557105856 0.164475790862
0.998453930021 0.152306414192 0.160754648172
0.993545393002 0.14916386533 0.157104509234
0.9930545393 0.147994444601 0.157305205866
0.99480545393 0.147249912335 0.156646811382
0.996780545393 0.148481881695 0.156553450693
0.984378054539 0.150417207705 0.158021770242
0.981337805454 0.151696812586 0.159118465576
0.982833780545 0.154791197599 0.161514144291
0.973983378055 0.155240297511 0.16254863235
0.967698337805 0.154465270138 0.161836389565
0.975169833781 0.156800806632 0.164357548544
0.986716983378 0.156299263642 0.163680142191
0.975271698338 0.155297555106 0.163182419323
0.976827169834 0.154100384189 0.162382014294
0.984182716983 0.152949870114 0.161176286083
0.984918271698 0.1526030849 0.160278600855
0.98769182717 0.153422853743 0.160938673626
0.988869182717 0.150777017477 0.15811907249
0.988086918272 0.14958286241 0.158120273699
0.985308691827 0.148692361081 0.157439291037
0.988630869183 0.148516325893 0.157262192325
0.988963086918 0.147999535213 0.152872424266
0.994396308692 0.148874187396 0.155715306149
0.994939630869 0.15248246653 0.159938910165
0.990493963087 0.155430191675 0.163906092268
0.983749396309 0.158628178946 0.168551447122
0.974974939631 0.161573706886 0.16883319738
0.985797493963 0.166657049634 0.175170082504
0.977879749396 0.168873762438 0.178561143834
0.97618797494 0.168524327934 0.177019140506
0.975118797494 0.166535040593 0.17341980051
0.986711879749 0.168776909528 0.177903838515
0.977971187975 0.165939967944 0.174285825933
0.986997118797 0.162932801234 0.171541744265
0.98519971188 0.161288951374 0.168911922524
0.986819971188 0.161104237754 0.169522937137
0.988781997119 0.159994693767 0.168183110217
0.985378199712 0.158567668612 0.166519528879
0.983237819971 0.159009331177 0.167733723316
0.986623781997 0.156844062108 0.164096394615
0.9878623782 0.153776274427 0.16097137572
0.98708623782 0.152043935581 0.159857596252
0.982508623782 0.154234901006 0.162796179225
0.987450862378 0.153142118691 0.160056234965
0.992445086238 0.148378259694 0.157203027293
0.993844508624 0.14425527637 0.15395018323
0.983184450862 0.142838383802 0.148346304329
0.993818445086 0.142589964446 0.148671090164
0.986781844509 0.143323999974 0.151196818771
0.982478184451 0.147261615084 0.155488318525
0.976647818445 0.152677772995 0.16031221443
0.985064781845 0.157508884722 0.165233954021
0.986806478184 0.162162885223 0.170176459882
0.990580647818 0.168998315144 0.177982517635
0.981058064782 0.171113813093 0.177994430491
0.974705806478 0.168292410579 0.175466397593
0.992970580648 0.163454854608 0.170244065872
0.991197058065 0.160102872078 0.167593912925
0.992819705806 0.156177515351 0.165361415465
0.995681970581 0.150384481743 0.1579897195
0.995968197058 0.149589232195 0.157867296734
0.991496819706 0.152739098402 0.158710325897
0.991049681971 0.156264729451 0.163488764026
0.990104968197 0.1549415749 0.16299834937
0.98731049682 0.153141040773 0.161448261141
0.990631049682 0.15324355619 0.160995394281
0.986463104968 0.152380957355 0.157864452785
0.987846310497 0.151675610594 0.159628678258
0.98438463105 0.151661111267 0.159134421788
0.981338463105 0.152922678235 0.160658176195
0.98103384631 0.154157928384 0.161231138264
0.987303384631 0.15501134045 0.164320748555
0.988830338463 0.156469117538 0.164078155706
0.987183033846 0.159478072096 0.167329942848
0.985218303385 0.160930165291 0.16933653486
0.989521830338 0.161517939677 0.170518559579
0.989952183034 0.163869690167 0.171497378456
0.982795218303 0.164388424135 0.172685264592
0.98837952183 0.162786551653 0.172356789257
0.988937952183 0.161576498489 0.170609202529
0.990793795218 0.159905038556 0.168051504706
0.994579379522 0.157046627224 0.165266140788
0.992257937952 0.157392243235 0.163350525836
0.992925793795 0.162683257074 0.170631002965
0.99029257938 0.162345070345 0.171794496898
0.997229257938 0.156713619294 0.162064378644
0.996122925794 0.155257944167 0.163234553781
0.991512292579 0.158122153685 0.16619982236
0.980251229258 0.165217095448 0.172686094224
0.972825122926 0.169682912207 0.1776400761
0.966682512293 0.168251037443 0.176040648951
0.986768251229 0.167000390578 0.174246326993
0.987876825123 0.167881582068 0.175579450157
0.990687682512 0.165871633411 0.174970608886
0.986468768251 0.159838534476 0.168073786049
0.986946876825 0.156882075517 0.164005958752
0.986094687683 0.159555804308 0.167387891614
0.984209468768 0.163697596858 0.173577592639
0.988520946877 0.161866392951 0.16934665239
0.989852094688 0.160653563093 0.170427439765
0.989085209469 0.160727731341 0.169366850579
0.994408520947 0.157141915454 0.166088285987
0.992240852095 0.153806454518 0.161633519083
0.992924085209 0.15539588853 0.164581619114
0.982192408521 0.161062653434 0.168896279047
0.984719240852 0.161922105375 0.170040287654
0.984071924085 0.160481634765 0.1681542202
0.987607192409 0.162202156561 0.170650185751
0.980760719241 0.165992940581 0.17452973034
0.987276071924 0.169689740083 0.177340130495
0.978027607192 0.171093757095 0.179609217174
0.964502760719 0.172861388736 0.181916921305
0.980250276072 0.172858723363 0.180884949368
0.989025027607 0.168081422192 0.176419151443
0.990802502761 0.163684396942 0.169952186912
0.984680250276 0.162412673319 0.171015917595
0.975068025028 0.162185650672 0.170749038433
0.969606802503 0.163813369655 0.173129846731
0.97806068025 0.165827404538 0.173741001174
0.982506068025 0.166846537076 0.173848485759
0.980250606803 0.166682705887 0.175261255032
0.97732506068 0.164970418454 0.172555305255
0.978832506068 0.161842265149 0.170922661723
0.985283250607 0.157690931164 0.165583912416
0.982328325061 0.158261418872 0.166691649319
0.987432832506 0.16461125536 0.17212082307
0.995143283251 0.168514647447 0.176143765957
0.986914328325 0.167942502282 0.174172190322
0.987891432833 0.167120874521 0.175321880361
0.990689143283 0.166419629843 0.17346100302
0.991868914328 0.165425054411 0.174167150919
0.983886891433 0.166015935199 0.1748979827
0.975888689143 0.167142043643 0.175031110231
0.981388868914 0.168965419421 0.1770726511
0.981938886891 0.167151952153 0.174562630827
0.983793888689 0.161579564582 0.169308099596
0.975879388869 0.15761990944 0.166277141138
0.973287938887 0.15893101429 0.165727925426
0.976628793889 0.162552868462 0.171765747723
0.984162879389 0.163759733509 0.171689258155
0.980416287939 0.165151884692 0.173729307007
0.980041628794 0.165336066916 0.172224394755
0.984504162879 0.168027523829 0.175422399133
0.989450416288 0.169577811501 0.178702302298
0.980945041629 0.173381915672 0.18290334939
0.985494504163 0.173632849232 0.183375938762
0.984149450416 0.169517002709 0.178665912313
0.985814945042 0.162816531059 0.171947558527
0.985981494504 0.160249240252 0.166981438486
0.98599814945 0.159057170162 0.167432231792
0.981499814945 0.15974290511 0.169016540019
0.981949981495 0.161483210493 0.16890463186
0.984694998149 0.165488490871 0.172686649865
0.985869499815 0.166691327517 0.174769342076
0.976086949981 0.166229570927 0.17625824181
0.970608694998 0.164216569423 0.171952428578
0.9772608695 0.166924540952 0.175275512395
0.98332608695 0.1712174462 0.178531106387
0.982132608695 0.1727195076 0.181743278415
0.981113260869 0.175338444177 0.183711643001
0.990011326087 0.175136117718 0.183164404333
0.991801132609 0.170423109803 0.177973782901
0.982980113261 0.166885605124 0.174397583682
0.985698011326 0.165817197239 0.17480272062
0.985069801133 0.162895620401 0.169498266833
0.984106980113 0.160845663341 0.168540803039
0.973210698011 0.160779992093 0.169667885818
0.987421069801 0.160178328371 0.168035009956
0.98974210698 0.155545140861 0.162056741791
0.993574210698 0.153256777294 0.1605789021
0.99215742107 0.153694357848 0.160929504697
0.977615742107 0.15396551685 0.162409097005
0.980661574211 0.152983681855 0.160740467711
0.989966157421 0.153065520638 0.160610500332
0.994496615742 0.155631489502 0.161172576442
0.990449661574 0.159078217637 0.166940689342
0.986444966157 0.160148106098 0.167023648973
0.988744496616 0.160966289492 0.169120793032
0.982674449662 0.15904337103 0.166761827716
0.982067444966 0.155159808256 0.163094063438
0.986506744497 0.151736159311 0.159269446326
0.98155067445 0.150283710336 0.158177524881
0.988255067445 0.150429600321 0.159411207832
0.982625506744 0.149503707336 0.157345587535
0.982062550674 0.148671823484 0.154369742853
0.983806255067 0.152108743495 0.159752474993
0.978580625507 0.158729784394 0.167800100843
0.989758062551 0.165038386211 0.174683291677
0.980075806255 0.165512114287 0.173379778584
0.972807580626 0.164336486554 0.173273975936
0.976580758063 0.165616386565 0.173729220093
0.984158075806 0.169455202841 0.178231794858
0.975915807581 0.173000045878 0.181488595919
0.975991580758 0.173367597992 0.182202738476
0.971499158076 0.171810016824 0.180145073416
0.978249915808 0.171490500841 0.17939336692
0.987024991581 0.16808513008 0.177898986033
0.987902499158 0.162682540868 0.169493259192
0.984390249916 0.166133596553 0.174681737843
0.976839024992 0.175030297992 0.183799776873
0.983283902499 0.180179084359 0.190002898961
0.98482839025 0.176993188445 0.185724893647
0.991282839025 0.170265583296 0.17827819213
0.981128283902 0.167659575283 0.175032264026
0.97381282839 0.165573953347 0.17394391101
0.991981282839 0.164914687522 0.174548271848
0.991098128284 0.16817727568 0.176432770269
0.981109812828 0.173935353602 0.181884827173
0.988210981283 0.173914262733 0.181858785528
0.983521098128 0.171757285124 0.178754680675
0.979452109813 0.170672261353 0.177915528324
0.970045210981 0.169643615625 0.177142108777
0.976304521098 0.171626964804 0.179618348908
0.97243045211 0.170884869417 0.179871128653
0.982843045211 0.165688723184 0.172864395991
0.981184304521 0.160120781268 0.167945186418
0.989118430452 0.157723946904 0.166838489897
0.989911843045 0.15744931753 0.164410436769
0.984591184305 0.159724004457 0.168014011552
0.99035911843 0.163762152015 0.173003858183
0.983735911843 0.169183573895 0.177946879762
0.983973591184 0.170364497263 0.179104743547
0.981297359118 0.172397277856 0.181969345368
0.988229735912 0.170615931826 0.179330406843
0.979922973591 0.1670187426 0.175951370723
0.979992297359 0.168644223325 0.176470442405
0.985399229736 0.170042614667 0.177562100636
0.969739922974 0.172482432046 0.180827469722
0.974473992297 0.176258936849 0.185290434478
0.98034739923 0.178338778767 0.185827955638
0.984534739923 0.178047545605 0.187179724847
0.977753473992 0.176468683918 0.185861947702
0.977975347399 0.175179951859 0.182925317145
0.97169753474 0.178780486785 0.187651563989
0.974669753474 0.183169834054 0.192164348518
0.966866975347 0.184046252668 0.19416037808
0.976886697535 0.182545120088 0.190455359275
0.980588669753 0.177103829409 0.186904905978
0.969258866975 0.169339269693 0.177816720498
0.980725886698 0.165364643655 0.17263217
0.98727258867 0.164061735333 0.171387834469
0.987927258867 0.165622519073 0.173962057709
0.980792725887 0.165877308242 0.17316085092
0.978279272589 0.164014762139 0.170768608004
0.979827927259 0.161692942143 0.169038091171
0.988082792726 0.159194019426 0.166560505719
0.987108279273 0.158301324618 0.163874022613
0.989710827927 0.163451281322 0.17125285607
0.985471082793 0.167500335412 0.176660388715
0.983247108279 0.170093660326 0.179487609747
0.970424710828 0.173213011067 0.180692488797
0.973642471083 0.174966496133 0.184199056096
0.983864247108 0.175335143034 0.183655793809
0.983986424711 0.17133019368 0.177834342854
0.981298642471 0.166637509831 0.173308484148
0.988229864247 0.167446870674 0.177954205143
0.988922986425 0.171484775237 0.180860278833
0.982692298642 0.173586661291 0.181784405002
0.988369229864 0.172247393017 0.180870022696
0.988936922986 0.172283274153 0.181194180925
0.988093692299 0.177465094918 0.188166231051
0.98080936923 0.183064522891 0.191553266388
0.980980936923 0.185099442125 0.193015577987
0.980098093692 0.180961389878 0.190497841488
0.983609809369 0.179190426556 0.186502654183
0.987560980937 0.182268017775 0.19183283692
0.987956098094 0.182194001388 0.191094696
0.991595609809 0.18067149399 0.187849538489
0.987459560981 0.176226385152 0.184134740245
0.988845956098 0.17245356168 0.178152006828
0.98898459561 0.171090103683 0.177968400453
0.983598459561 0.169741753833 0.176837055207
0.980359845956 0.172601123129 0.178862854714
0.989035984596 0.174845710436 0.18312334754
0.99350359846 0.172501581489 0.181070174235
0.993050359846 0.170714191141 0.178381708146
0.989405035985 0.17281794384 0.180523828554
0.984540503598 0.178674631232 0.188191837082
0.98765405036 0.179118435807 0.189324028086
0.987965405036 0.180033009212 0.188519614316
0.978996540504 0.184693567572 0.193956696294
0.98349965405 0.186904188853 0.197410633575
0.985749965405 0.182532163853 0.19088973297
0.984174996541 0.180990340348 0.189415776155
0.978617499654 0.182654893367 0.191102152141
0.975361749965 0.181763574835 0.189847443993
0.979536174997 0.179202472255 0.187632420741
0.9826536175 0.17686990439 0.183398652896
0.98836536175 0.177716373844 0.185872795211
0.977236536175 0.176392200147 0.183681010608
0.983323653617 0.168823858389 0.177737127359
0.983032365362 0.164634920287 0.171702776289
0.983003236536 0.164728865457 0.174478284355
0.980300323654 0.164548486644 0.173940177202
0.983630032365 0.163152782918 0.169861108146
0.993863003237 0.162808584585 0.171562393652
0.993986300324 0.164091902633 0.172126608082
0.993998630032 0.164840963841 0.172140122092
0.992199863003 0.167299163327 0.175259745132
0.9839199863 0.168596899215 0.176271424085
0.98309199863 0.1691320299 0.175991481651
0.983909199863 0.168200894721 0.177542712944
0.977690919986 0.169697391334 0.180248190783
0.985169091999 0.173072933557 0.181777989981
0.9832169092 0.174326429834 0.182361973351
0.99472169092 0.172435647814 0.179815618667
0.990472169092 0.171558585427 0.180061052885
0.978347216909 0.174215469976 0.182823713908
0.977134721691 0.177852961538 0.186345082847
0.986913472169 0.179910947901 0.187468197301
0.980691347217 0.18132645608 0.189036972792
0.989969134722 0.182508242557 0.191201108984
0.990896913472 0.183393464753 0.192189447828
0.987389691347 0.184474498815 0.194659972689
0.987038969135 0.184431236542 0.193636214801
0.982503896913 0.181261149659 0.191570033511
0.984750389691 0.176665789089 0.186011569816
0.986775038969 0.173659065093 0.181490377594
0.986977503897 0.170617905371 0.17769242829
0.98879775039 0.1680763655 0.174940015522
0.981779775039 0.16676773147 0.174291891541
0.975677977504 0.167070892419 0.173765926697
0.97866779775 0.166175008923 0.174053318612
0.990666779775 0.164331379153 0.17234677769
0.990966677978 0.168121417084 0.17658568309
0.981096667798 0.172468922158 0.180985274209
0.97380966678 0.175578831814 0.185086938293
0.968580966678 0.17925993321 0.185851659982
0.970758096668 0.183086302614 0.192791640743
0.970075809667 0.178751577403 0.187264996961
0.973607580967 0.17538419682 0.185321092592
0.990160758097 0.170122097508 0.178141013432
0.98641607581 0.163109885484 0.170312296469
0.972541607581 0.16022200523 0.168854387245
0.980154160758 0.163342328115 0.17198908498
0.973715416076 0.167732389125 0.176483427408
0.975771541608 0.16612009796 0.17246273233
0.981377154161 0.165047344202 0.173095579254
0.984637715416 0.168576445704 0.176603596692
0.980463771542 0.169703592942 0.177974819989
0.983646377154 0.166060340549 0.173727136136
0.983064637715 0.165613645668 0.174111241299
0.987506463772 0.171136596827 0.178230028293
0.981650646377 0.174567090701 0.18277167569
0.971165064638 0.170768148949 0.177928691852
0.961116506464 0.165172471139 0.173099626049
0.975411650646 0.163683206449 0.171874449017
0.975041165065 0.166078055193 0.17518822961
0.983104116506 0.165111218212 0.173260119879
0.984810411651 0.161116010086 0.170500016642
0.984981041165 0.160206629053 0.167905144526
0.972398104117 0.160949837803 0.169118237535
0.983739810412 0.162613157928 0.170391960428
0.979473981041 0.164418496982 0.17282933725
0.969147398104 0.163866911837 0.171063037696
0.97531473981 0.163181583342 0.170446681408
0.986731473981 0.161631613893 0.169810073849
0.984273147398 0.161395943324 0.16946980442
0.97592731474 0.165974485865 0.17579009895
0.974192731474 0.169770682879 0.177989200791
0.967719273147 0.170048263931 0.179190306842
0.968871927315 0.168642582706 0.178424765717
0.979787192731 0.167474413206 0.17742942447
0.977278719273 0.166052915691 0.176068004626
0.977927871927 0.162834224632 0.170955565631
0.984292787193 0.15944673636 0.166876176958
0.990329278719 0.158009494273 0.167073824057
0.991832927872 0.159566790747 0.167764401548
0.983883292787 0.159369374151 0.16692080124
0.990288329279 0.161040974489 0.169701687862
0.986428832928 0.161252729137 0.169487965202
0.977042883293 0.164144453168 0.171604678436
0.982404288329 0.171798502916 0.180589860356
0.988340428833 0.17787412181 0.186381805561
0.990734042883 0.178695752157 0.187543208937
0.991873404288 0.178751255328 0.187613289964
0.984787340429 0.183311835346 0.19021668703
0.983178734043 0.190083727245 0.199693315016
0.989317873404 0.193094840538 0.201582460663
0.98723178734 0.190967804156 0.201297726344
0.995123178734 0.185208084641 0.192653849674
0.991412317873 0.18451192168 0.193396325264
0.986541231787 0.187533293304 0.194580589875
0.984254123179 0.186329294221 0.194273385234
0.986725412318 0.180460972533 0.188894345022
0.986972541232 0.173729233462 0.180507703654
0.985197254123 0.174856827861 0.183230553182
0.980519725412 0.180121109171 0.189346135625
0.976451972541 0.180731885045 0.187302361198
0.976945197254 0.177400026688 0.187217006078
0.968894519725 0.173176910187 0.182390496781
0.977089451973 0.172006444856 0.178044011458
0.979708945197 0.173146486342 0.182227788669
0.98357089452 0.177052850494 0.186622611523
0.979457089452 0.18080104097 0.18866975227
0.978145708945 0.180507020978 0.190008793828
0.974414570895 0.177333697526 0.18647062119
0.981241457089 0.174041760435 0.181929460937
0.984624145709 0.173233261641 0.181712958659
0.984062414571 0.173999445686 0.183331325054
0.982206241457 0.176560665058 0.18469871026
0.975720624146 0.178796214888 0.186641728873
0.979572062415 0.18395649843 0.19163741442
0.975457206241 0.186142845367 0.194501638083
0.983145720624 0.185076869967 0.1939036998
0.986614572062 0.182971086054 0.192526322176
0.982461457206 0.184741473156 0.192101629754
0.973046145721 0.188690379324 0.196609955724
0.980204614572 0.188993079658 0.1984608871
0.970120461457 0.183955063248 0.191788372265
0.972712046146 0.17971849676 0.185933413457
0.980171204615 0.177084791292 0.185718245489
0.979117120461 0.171197792154 0.17890594422
0.979911712046 0.167669391252 0.175519505199
0.973691171205 0.168478823268 0.177808601082
0.96856911712 0.171295611089 0.181284328329
0.979756911712 0.173890513355 0.181476101966
0.979075691171 0.171340391435 0.179339750667
0.979007569117 0.16717157426 0.174622947956
0.978100756912 0.167941850527 0.17526430209
0.978010075691 0.167385775865 0.175097975175
0.979801007569 0.169624669669 0.176480712788
0.975480100757 0.171820281721 0.180469996513
0.978648010076 0.170363197522 0.178739115725
0.984364801008 0.169569667631 0.176315893709
0.990336480101 0.172004087875 0.178931349782
0.98823364801 0.171767563561 0.179860391569
0.988023364801 0.169190798163 0.177907149282
0.98260233648 0.165247229758 0.174476045937
0.985660233648 0.16297963232 0.171338583586
0.982366023365 0.161684179157 0.170082755775
0.984736602336 0.159828915475 0.167738837335
0.986773660234 0.160030121751 0.168081274026
0.983377366023 0.160387590205 0.168424200031
0.985737736602 0.162119057923 0.17196160844
0.98057377366 0.163927872322 0.170392664291
0.984557377366 0.168265657246 0.176951655961
0.989455737737 0.173696331593 0.182157928324
0.981845573774 0.175811319868 0.18242098132
0.984684557377 0.176432288125 0.186017996136
0.982268455738 0.175441916933 0.183367642382
0.980226845574 0.175226840112 0.18221478252
0.984522684557 0.174786677416 0.184010904597
0.987652268456 0.175224121012 0.184140779811
0.987965226846 0.180339751046 0.189404768903
0.982596522685 0.182438164414 0.191820143509
0.984759652268 0.18086215929 0.187464502108
0.986775965227 0.179332660518 0.188555533992
0.993277596523 0.179814433615 0.188991342788
0.993027759652 0.176686808901 0.186117871152
0.993002775965 0.173876600381 0.182568794597
0.982200277597 0.172020092573 0.17990306252
0.98922002776 0.167818004348 0.176277666498
0.991722002776 0.164677554633 0.173394099412
0.991072200278 0.164473798742 0.172334365227
0.993707220028 0.162941485939 0.171141564276
0.993070722003 0.159203808162 0.166757312382
0.9948070722 0.15709309505 0.165163269029
0.99498070722 0.156626667968 0.166271156645
0.991398070722 0.157453463715 0.166024703274
0.993739807072 0.157083368369 0.165348224033
0.995773980707 0.155636188587 0.162932259662
0.991477398071 0.153835528546 0.16214781986
0.987447739807 0.153087023505 0.159319089853
0.984344773981 0.150516127136 0.15717796832
0.987634477398 0.149153953504 0.155456697898
0.98166344774 0.149864230512 0.157677515602
0.973866344774 0.149788264796 0.157561271314
0.982086634477 0.149926811555 0.157149594413
0.972108663448 0.149101015653 0.156776065497
0.963910866345 0.149128236887 0.155693292233
0.967591086634 0.153268975315 0.162114074946
0.984159108663 0.158023764425 0.166568592594
0.985815910866 0.163503387754 0.172105561478
0.990481591087 0.162670631743 0.170852999378
0.983748159109 0.165272879961 0.173690607809
0.992074815911 0.166811799428 0.175997112676
0.985707481591 0.163901733032 0.171071498139
0.992270748159 0.162288857338 0.170206772327
0.991127074816 0.161025912293 0.168886681474
0.992812707482 0.160592391378 0.167879864881
0.993881270748 0.160290920193 0.167428434651
0.991288127075 0.160503626711 0.167333024876
0.986528812707 0.161727797422 0.168550936464
0.980652881271 0.160519111411 0.1680284159
0.989065288127 0.158247392328 0.166113434717
0.991706528813 0.158594861301 0.166311443023
0.989270652881 0.160058035942 0.169508608292
0.987227065288 0.162157158549 0.169598871421
0.976222706529 0.161316480392 0.16904229295
0.985022270653 0.160280567757 0.16879689171
0.987702227065 0.160813692375 0.168520563077
0.994270222707 0.16471537475 0.173998373936
0.981427022271 0.169130578921 0.179740456718
0.986442702227 0.170635012287 0.177983735187
0.986044270223 0.171072620442 0.180139021421
0.995004427022 0.170442142689 0.17817488587
0.991400442702 0.174073747093 0.180630280932
0.99194004427 0.174982865448 0.183641271045
0.992894004427 0.175100489463 0.183985458178
0.990289400443 0.171841440296 0.17984049719
0.984628940044 0.162401751615 0.170972743064
0.989462894004 0.156429284804 0.163724549571
0.9791462894 0.156736980651 0.164923564001
0.98351462894 0.157413751088 0.166384952857
0.990251462894 0.155959114398 0.163041919753
0.994525146289 0.15388532279 0.161139508691
0.990452514629 0.153875958913 0.160771158
0.979245251463 0.157304103819 0.164404212284
0.982624525146 0.160362230874 0.169512219821
0.991062452515 0.16236609835 0.170169017932
0.993706245251 0.166629123551 0.17451600336
0.992170624525 0.171746845545 0.179757941835
0.980317062453 0.174882849104 0.183744704571
0.981831706245 0.179398777369 0.188878497034
0.985583170625 0.185449675285 0.195939806683
0.984158317062 0.190268575845 0.198229487131
0.985815831706 0.194417870576 0.2027195432
0.978781583171 0.195899360961 0.202571724112
0.978978158317 0.197190978756 0.2032486024
0.980797815832 0.196092140673 0.205602673023
0.992679781583 0.185936041944 0.192329142067
0.994767978158 0.178921888526 0.187214327671
0.992276797816 0.176574857517 0.184782620269
0.983927679782 0.174575101912 0.183050627116
0.983992767978 0.171729842228 0.180644539969
0.981299276798 0.170441059623 0.179280346033
0.98282992768 0.170135354396 0.176341964962
0.982082992768 0.165759674631 0.175002970152
0.976608299277 0.163683628334 0.170782181349
0.967060829928 0.164816855264 0.17310196844
0.970606082993 0.167015885515 0.175953065024
0.987160608299 0.168495624664 0.176832578715
0.98521606083 0.167466489663 0.175584628947
0.984121606083 0.167257380602 0.174275901115
0.988512160608 0.166665742573 0.176335516215
0.995251216061 0.161788067026 0.170054362763
0.989625121606 0.15852252256 0.166128539379
0.984562512161 0.158498521257 0.167299325803
0.982256251216 0.155786724109 0.162370528065
0.981125625122 0.153019767065 0.160107783947
0.991812562512 0.151248952537 0.159579469798
0.987481256251 0.152168510933 0.159384840714
0.986148125625 0.157086879514 0.165151511494
0.979714812563 0.158397437918 0.165314552525
0.987171481256 0.157354095831 0.165001651023
0.984317148126 0.156593450453 0.163249037381
0.985831714813 0.159089377111 0.168095490418
0.983283171481 0.15776486401 0.166372686522
0.980328317148 0.155622013787 0.163098601505
0.977332831715 0.155418158837 0.16392339854
0.977033283171 0.153281225073 0.159687436965
0.976103328317 0.150637821957 0.156862527662
0.978710332832 0.148184179121 0.156205133951
0.982571033283 0.146330729647 0.154251837123
0.981157103328 0.147340600567 0.155398694778
0.972015710333 0.153196404358 0.160279469704
0.974701571033 0.157101151344 0.164880368089
0.977670157103 0.153729745333 0.160618374621
0.98066701571 0.150677555355 0.157241838155
0.979166701571 0.152681565741 0.16186571057
0.977216670157 0.155376718693 0.164205808925
0.980621667016 0.15390374002 0.162232837696
0.985462166702 0.15224697025 0.160288412838
0.98144621667 0.151445490294 0.157409545739
0.979244621667 0.151532216091 0.160411856267
0.985324462167 0.151606126863 0.158376776562
0.989532446217 0.152901595014 0.16049141601
0.983653244622 0.154487321794 0.161072645812
0.982165324462 0.15286436529 0.159081889359
0.979316532446 0.150550762768 0.157360059386
0.979931653245 0.151274461257 0.158101733104
0.985393165324 0.155873859942 0.162466867805
0.977839316532 0.161160084882 0.17009415158
0.981583931653 0.163185472847 0.172149812554
0.978358393165 0.162961458449 0.170758730798
0.983435839317 0.162854371534 0.169655283441
0.975843583932 0.166737740545 0.175887456709
0.967884358393 0.171722335301 0.179875173615
0.971588435839 0.172731278377 0.179902304654
0.982758843584 0.174674025405 0.18217930632
0.987475884358 0.17312996125 0.182074730049
0.973547588436 0.167725171989 0.1737832539
0.982054758844 0.169266048698 0.176953840831
0.982005475884 0.17328690737 0.180986146496
0.984700547588 0.175034978643 0.183162389012
0.991270054759 0.17719717366 0.1864003028
0.991027005476 0.176329739119 0.184840439133
0.991902700548 0.177971071838 0.187146128813
0.992890270055 0.17839334068 0.18635668085
0.989389027005 0.174356957368 0.18366926731
0.986338902701 0.171981628667 0.179545294995
0.97793389027 0.172371586922 0.179308088081
0.977093389027 0.175131887983 0.183677694655
0.980609338903 0.176624058138 0.184772202054
0.98096093389 0.176064035765 0.184249123898
0.988196093389 0.174291546687 0.18313156469
0.970019609339 0.178654932028 0.186076763138
0.963701960934 0.181583476933 0.190238586551
0.986470196093 0.180018536024 0.188881663555
0.978847019609 0.179114077766 0.187035922721
0.980784701961 0.180723953494 0.188665303544
0.983678470196 0.181839616226 0.189990945637
0.98666784702 0.184159219164 0.193492267691
0.984266784702 0.185634285939 0.193843097659
0.98492667847 0.187332824277 0.194612181357
0.976892667847 0.188280648606 0.19582717978
0.976989266785 0.184391277223 0.193771054038
0.970698926678 0.179939642478 0.189500852788
0.979969892668 0.175501898184 0.183439510367
0.966496989267 0.172021710062 0.180314713206
0.969649698927 0.171992706895 0.178837491996
0.969964969893 0.175339704971 0.182763626826
0.972696496989 0.17869298439 0.186405530672
0.953169649699 0.177563255746 0.184686984479
0.95841696497 0.177236826462 0.183849470444
0.962541696497 0.175980536759 0.184028451636
0.97105416965 0.172429931867 0.178379856093
0.971905416965 0.170988278534 0.180626267605
0.966590541696 0.166940618885 0.174289138472
0.97055905417 0.164342270941 0.171428555497
0.979955905417 0.159694364684 0.167336829096
0.974595590542 0.158060761157 0.167918273422
0.975859559054 0.154349971732 0.16246110759
0.981385955905 0.15169505666 0.159353338801
0.976538595591 0.148029762252 0.157078891532
0.985053859559 0.146181923213 0.156033036167
0.984105385956 0.144261536232 0.150637712939
0.984010538596 0.145228824518 0.151306663549
0.98850105386 0.149126856892 0.155969279762
0.988950105386 0.153239238946 0.161340156305
0.989895010539 0.154329583721 0.163831778248
0.985489501054 0.156981745643 0.164251186609
0.984148950105 0.163315081231 0.171713345494
0.983114895011 0.169420693579 0.178192829113
0.983911489501 0.171172188724 0.179502371547
0.98759114895 0.167806945648 0.175739211595
0.987959114895 0.166015616412 0.174078209477
0.98349591149 0.162650585337 0.170176774536
0.987549591149 0.158912724888 0.166000666853
0.988854959115 0.154193157716 0.160033372695
0.986285495911 0.152531763077 0.159655227014
0.988728549591 0.154995171447 0.161915780833
0.983572854959 0.156595377892 0.164632813279
0.986657285496 0.155528975523 0.162747208012
0.99506572855 0.159320184101 0.166961777425
0.989606572855 0.165167208952 0.172350049419
0.989960657285 0.168222061872 0.176275240319
0.977396065729 0.165402645708 0.171711873147
0.988739606573 0.16105015795 0.167314876494
0.992573960657 0.158537564994 0.166138346125
0.991157396066 0.160293770689 0.169337422744
0.983815739607 0.16226113487 0.16858270269
0.986681573961 0.163453279094 0.171622189545
0.987868157396 0.16020886021 0.168215326752
0.99428681574 0.157071342966 0.1661607963
0.990428681574 0.155276959699 0.163277903939
0.989142868157 0.152878638578 0.161326528355
0.989014286816 0.152932526372 0.161706734189
0.993501428682 0.15505358458 0.163503321644
0.992150142868 0.155302901705 0.164117028332
0.992015014287 0.153522371818 0.159658280013
0.986601501429 0.151893706718 0.158736751229
0.988760150143 0.15033845334 0.158553810041
0.981776015014 0.149894830816 0.157546107198
0.983777601501 0.146058427064 0.154798786611
0.98307776015 0.144218713746 0.151852215799
0.982107776015 0.144796374464 0.153082626722
0.984710777602 0.144635496698 0.151446265271
0.98587107776 0.142231542098 0.149934165522
0.987787107776 0.14150840222 0.14850095449
0.994278710778 0.144168847604 0.14985077893
0.988627871078 0.148634811521 0.157874555445
0.987162787108 0.151378193631 0.160734631087
0.985216278711 0.153445011033 0.162755991898
0.980521627871 0.157346081892 0.164948774184
0.984552162787 0.160076613269 0.16845279892
0.984055216279 0.162480680624 0.170230496779
0.978605521628 0.164935372161 0.172071121868
0.975360552163 0.168538535437 0.177262848144
0.977736055216 0.170412800198 0.180223913707
0.976173605522 0.168636960798 0.177781225388
0.974217360552 0.167255492344 0.174529969991
0.989321736055 0.168761137571 0.175792209678
0.982732173606 0.171481208157 0.181072640996
0.973973217361 0.171114737854 0.179198582937
0.991097321736 0.171140571108 0.178480415676
0.978409732174 0.170287145687 0.177366490935
0.987040973217 0.167366983767 0.176831283314
0.987004097322 0.163727758415 0.1713275035
0.978900409732 0.160915995997 0.168956110947
0.981690040973 0.156719453123 0.164313474065
0.984669004097 0.152383855007 0.158654757301
0.98586690041 0.15204703138 0.161235039029
0.981486690041 0.150414058932 0.158150004527
0.985548669004 0.148690645649 0.157352698118
0.9796548669 0.150669777008 0.158570773919
0.98716548669 0.153536264722 0.161938961856
0.984316548669 0.154084496868 0.161516401708
0.981331654867 0.152803814006 0.160823268847
0.986433165487 0.152846932 0.160546761006
0.975243316549 0.15676257038 0.165385240689
0.986724331655 0.162006232869 0.168903498101
0.986072433165 0.168329180493 0.176314942599
0.980607243317 0.170747355559 0.178732345104
0.972860724332 0.171024061495 0.178838621741
0.972986072433 0.17095959553 0.178167176799
0.979298607243 0.173788279563 0.182316572427
0.973629860724 0.173232385722 0.18129244903
0.983862986072 0.173883026742 0.181890157217
0.986686298607 0.175348533808 0.183814130155
0.977968629861 0.178262301408 0.187969861413
0.976196862986 0.17969231417 0.187285540149
0.984119686299 0.175955572502 0.183806895609
0.98581196863 0.173717519383 0.182767623676
0.983281196863 0.175122651679 0.18331545665
0.977628119686 0.175704039284 0.184548279339
0.975262811969 0.173987319398 0.181410269687
0.964226281197 0.173160858613 0.182735651239
0.97842262812 0.170417625719 0.178010930817
0.979842262812 0.165048228308 0.172917866121
0.980884226281 0.163652969896 0.171344953692
0.984588422628 0.16473335546 0.171193320659
0.981358842263 0.164268199368 0.171998151579
0.985535884226 0.162143763067 0.171210234223
0.979653588423 0.162507120413 0.17034199902
0.977265358842 0.166300559217 0.175064778457
0.974326535884 0.171129753508 0.180121658737
0.983032653588 0.174951966658 0.183592389818
0.981203265359 0.17710863431 0.185793696662
0.975620326536 0.177479181665 0.188401560719
0.981362032654 0.178545542047 0.1871127331
0.974736203265 0.180692170978 0.189115873758
0.976773620327 0.180694225443 0.19125771968
0.974277362033 0.180078616769 0.188201539467
0.978527736203 0.180134174741 0.188639273249
0.95555277362 0.181340451851 0.188692520289
0.965855277362 0.183792316884 0.192376015911
0.977685527736 0.177921788902 0.185275877344
0.977068552774 0.174823619389 0.182721651268
0.955406855277 0.17543553814 0.182833930944
0.963140685528 0.17237243798 0.181852548696
0.973814068553 0.169603726069 0.177942644143
0.976681406855 0.16808572118 0.176415500421
0.986868140686 0.167160621297 0.174630839319
0.988786814069 0.169997024221 0.177419214777
0.987178681407 0.173013301886 0.180456934774
0.979817868141 0.17406776515 0.182989948503
0.985381786814 0.174047326734 0.181391774088
0.974238178681 0.172282655754 0.1794181474
0.981223817868 0.173991610827 0.182818663038
0.973822381787 0.176768967972 0.18423786079
0.974882238179 0.17685323455 0.184988444022
0.988488223818 0.174899195123 0.182551729797
0.991648822382 0.173675886241 0.183099279347
0.992864882238 0.170153371912 0.176764661789
0.992986488224 0.168946618022 0.177924318
0.994798648822 0.170849553736 0.17767663254
0.985979864882 0.1774136667 0.186868022114
0.974297986488 0.183625194296 0.191024543281
0.974029798649 0.184216432084 0.191951381874
0.977602979865 0.181286451271 0.190902184285
0.987860297986 0.178072552395 0.187241793761
0.986186029799 0.17832633213 0.187598517956
0.98241860298 0.180368450436 0.188536439776
0.977541860298 0.181594970541 0.189848380257
0.97795418603 0.178644963306 0.187693583588
0.972595418603 0.175049056619 0.184023075081
0.96935954186 0.173409340909 0.184042025576
0.978035954186 0.168094405751 0.176604927989
0.985203595419 0.16273621274 0.170914180046
0.972420359542 0.16143351361 0.168901140877
0.977442035954 0.161727849397 0.169664943135
0.985144203595 0.162845098255 0.170250217954
0.98501442036 0.166109452536 0.174685274455
0.983201442036 0.168069504619 0.175226044397
0.976720144204 0.170080250991 0.177353673415
0.98327201442 0.171591872328 0.17954110841
0.975827201442 0.170258807265 0.178803361305
0.970582720144 0.168795629033 0.176793036252
0.980858272014 0.168544032648 0.174454678023
0.982785827201 0.168014895126 0.174453196629
0.97667858272 0.168882057802 0.17718977994
0.974267858272 0.168091469605 0.176428493261
0.975826785827 0.164269286999 0.171261234358
0.979582678583 0.164226973459 0.171867109724
0.984458267858 0.167137165808 0.175499846978
0.974145826786 0.170509409941 0.178016179553
0.972214582679 0.169066637088 0.1763700741
0.980121458268 0.165884145818 0.174829661195
0.982712145827 0.165608462387 0.174407219255
0.984771214583 0.164019882699 0.172388735965
0.979577121458 0.164254227078 0.171058643299
0.991657712146 0.162087135438 0.170144679253
0.992865771215 0.15896924294 0.166060046983
0.989386577121 0.159731820453 0.167493157063
0.989038657712 0.165153991929 0.172560502963
0.986303865771 0.164906443607 0.173056299274
0.981530386577 0.161304138814 0.170253644378
0.976553038658 0.159905682435 0.168659297587
0.976955303866 0.160020142797 0.168788438315
0.971595530387 0.159240517503 0.167155966634
0.984559553039 0.157153708569 0.164954892255
0.992155955304 0.156872964652 0.164573244991
0.98841559553 0.159159045756 0.167484337263
0.973641559553 0.16017160025 0.16859612839
0.982964155955 0.160454829696 0.166968573113
0.988396415596 0.162228286041 0.169003434441
0.97993964156 0.160271906866 0.16768221361
0.987193964156 0.157782110163 0.164012277669
0.987019396416 0.155465333443 0.163102827142
0.987901939642 0.155977489548 0.163769900802
0.988890193964 0.156121021594 0.165295897545
0.988989019396 0.15515830939 0.162868252149
0.99169890194 0.15436268401 0.163296802994
0.985669890194 0.152009287257 0.159268600945
0.985066989019 0.151257092401 0.158210938606
0.980506698902 0.152819422708 0.160525326627
0.98365066989 0.153151107007 0.160405035145
0.990265066989 0.151820529592 0.159508587038
0.989126506699 0.154728334118 0.162759068003
0.98181265067 0.161666080253 0.170557589412
0.982881265067 0.16517857406 0.172922882151
0.987488126507 0.163976251625 0.172520767671
0.982548812651 0.1651990592 0.174317783789
0.984754881265 0.16934512567 0.178079313209
0.991275488127 0.167596792866 0.175381201488
0.985627548813 0.166059401844 0.173652758716
0.985962754881 0.168842226571 0.177221600929
0.988696275488 0.171914697133 0.179434210907
0.978169627549 0.172726357207 0.180677909057
0.979816962755 0.170582178415 0.180397049172
0.986281696275 0.167390608001 0.175243017635
0.988728169628 0.165135092931 0.172838215438
0.988072816963 0.161695933349 0.170672729729
0.974507281696 0.161284082161 0.169392292487
0.97135072817 0.160893695031 0.166809194674
0.980935072817 0.157161593563 0.164355795298
0.977393507282 0.157262301935 0.166695743524
0.968939350728 0.15649038676 0.165054543613
0.982493935073 0.155580789977 0.164961782042
0.981149393507 0.154744218343 0.16111116999
0.978314939351 0.154597051447 0.162066669562
0.984331493935 0.155191791864 0.161424004145
0.984933149394 0.156068771269 0.165050477429
0.981393314939 0.157680499655 0.165926721595
0.978339331494 0.162406081186 0.169443514063
0.981633933149 0.161041761463 0.167543953756
0.981063393315 0.158651473296 0.16588901407
0.983706339331 0.153719873952 0.162336989961
0.985770633933 0.147965048587 0.155414986101
0.977877063393 0.14424824741 0.151626919127
0.975287706339 0.143381402489 0.149970027185
0.981328770634 0.145501557078 0.153328565906
0.976532877063 0.14738516027 0.156145785261
0.975153287706 0.146609615123 0.15491346307
0.982215328771 0.146313705138 0.15459701082
0.987421532877 0.148583865191 0.154068209557
0.990642153288 0.155806470663 0.164551409542
0.986464215329 0.157098368444 0.165412181356
0.988746421533 0.157084977936 0.166329021233
0.988974642153 0.156712063046 0.165540493082
