0.1197 0.880679152866 0.0290673071662
0.14247 0.975654320356 0.0384211329461
0.156447 0.99056157647 0.0461954984203
0.1767447 0.99593657672 0.0540342738492
0.20577447 0.998812746658 0.0611146643092
0.212277447 0.999881274666 0.0679756964432
0.2327277447 0.999590974098 0.0762192053755
0.26627277447 0.998367994514 0.084982804074
0.311927277447 0.996173233112 0.0927140917337
0.313792727745 0.99310643802 0.0991502419241
0.334679272774 0.989173606907 0.105204894716
0.320567927277 0.98447603619 0.107543372345
0.384856792728 0.97904430042 0.105227826786
0.415585679273 0.972511205767 0.100851444266
0.454658567927 0.965449820408 0.0962801141483
0.439665856793 0.959817997618 0.0921560421554
0.484966585679 0.95553904601 0.0881172903306
0.503896658568 0.951760334046 0.0856969089499
0.540889665857 0.947320683472 0.0889570347357
0.579688966586 0.943018105048 0.0918803405976
0.585368896659 0.939914752789 0.092608427378
0.591336889666 0.939461196288 0.0933788569758
0.643233688967 0.938138343555 0.0954061497961
0.652923368897 0.935506269437 0.100145827028
0.66379233689 0.93151957699 0.105277108326
0.694579233689 0.927996080567 0.11097857852
0.731857923369 0.925530440153 0.113827029813
0.760785792337 0.924023224385 0.114406284632
0.792478579234 0.92285301615 0.116704815553
0.806447857923 0.921158613537 0.119226023889
0.839344785792 0.92127838406 0.119493600007
0.852534478579 0.922906743316 0.117658330574
0.855653447858 0.9241398454 0.114108221998
0.873965344786 0.925388845956 0.111132990521
0.883896534479 0.926651724676 0.110395023429
0.905589653448 0.926089016245 0.112289373583
0.910458965345 0.924071472553 0.11629193628
0.911845896534 0.92218998078 0.120274578758
0.923684589653 0.921954010285 0.118212944306
0.927568458965 0.922002882461 0.117697538219
0.940556845897 0.922346098665 0.116517487993
0.94365568459 0.922416735469 0.118042891097
0.961965568459 0.919711480037 0.121027836366
0.955696556846 0.917090378692 0.124638921172
0.969469655685 0.916358632817 0.126323396372
0.981646965568 0.915566027822 0.127586557645
0.983764696557 0.914133156691 0.129350892686
0.988476469656 0.915728061123 0.125788992018
0.983547646966 0.916281116293 0.12520439144
0.983054764697 0.915686231903 0.126121445853
0.97670547647 0.915245682722 0.126489573138
0.977870547647 0.917060944458 0.123907297567
0.974387054765 0.917721941863 0.122987377178
0.979438705476 0.91758464699 0.12324768833
0.976343870548 0.916697722911 0.124385818184
0.978734387055 0.914619570346 0.128380450686
0.974473438705 0.912287803981 0.131158993943
0.978547343871 0.915167961142 0.126168786816
0.978954734387 0.917704490731 0.122539672339
0.979895473439 0.917142418736 0.125666514538
0.983589547344 0.916183553722 0.126412249463
0.989358954734 0.916529429893 0.124913521562
0.974635895473 0.917148972076 0.125359763478
0.979463589547 0.915015918028 0.129026936509
0.981746358955 0.914260125945 0.128679533195
0.969374635895 0.917654333007 0.123662840823
0.97443746359 0.920276409551 0.119407113243
0.980343746359 0.920274099085 0.120136696712
0.982734374636 0.919087336025 0.12298448533
0.977573437464 0.920820921887 0.120121392032
0.977957343746 0.924650400646 0.113535407197
0.965395734375 0.926781869335 0.108801634317
0.980339573437 0.926792966736 0.108933846267
0.983633957344 0.925978439543 0.11153969876
0.976763395734 0.924801990424 0.113749544811
0.979676339573 0.923497465989 0.115263837731
0.979967633957 0.925000244294 0.112240823235
0.973696763396 0.926010652809 0.110923245191
0.98296967634 0.92746965492 0.109449610643
0.983896967634 0.928217238213 0.107940903539
0.981289696763 0.927361209149 0.109318971686
0.987328969676 0.924393617391 0.113824931988
0.979832896968 0.921315203761 0.119287853097
0.984483289697 0.919393921995 0.122012945307
0.97864832897 0.918785495126 0.123587203695
0.976264832897 0.920257343918 0.120304873621
0.98412648329 0.92282836702 0.116168522834
0.979512648329 0.922714411216 0.11692177089
0.988051264833 0.919295286311 0.121201080884
0.977205126483 0.919431134647 0.12087468578
0.982420512648 0.921775571711 0.115692110281
0.977542051265 0.923404798088 0.113372182366
0.982454205126 0.92490536318 0.111883086137
0.986545420513 0.928058636457 0.109252154576
0.980654542051 0.931116233174 0.104019262505
0.978265454205 0.93252440819 0.10159685785
0.984326545421 0.931014658299 0.104618373082
0.981332654542 0.930044017135 0.105855061965
0.990033265454 0.929475890369 0.107360709879
0.982803326545 0.926712557034 0.111243360518
0.968580332655 0.926145913223 0.111554241888
0.983358033265 0.926964506676 0.110002750853
0.985735803327 0.92882715831 0.107104493341
0.971573580333 0.932392398713 0.102192650252
0.973757358033 0.931147024184 0.103408878154
0.977575735803 0.929986842751 0.105255273851
0.98065757358 0.931445365039 0.103305320922
0.989065757358 0.932147264201 0.102825036556
0.981806575736 0.932728419113 0.102040038173
0.975680657574 0.933631746943 0.100383963294
0.984968065757 0.932569619143 0.101749209331
0.980496806576 0.929599894103 0.108125572683
0.978249680658 0.9272024716 0.113234206907
0.978924968066 0.92557893069 0.115690958674
0.985292496807 0.923808831478 0.116123713012
0.976929249681 0.924396176938 0.113964767211
0.978792924968 0.924227926464 0.114228835603
0.974479292497 0.923799222065 0.114694651211
0.97224792925 0.924783898175 0.113322698308
0.978324792925 0.924294519845 0.113312361184
0.986132479292 0.923924820868 0.114935019616
0.980613247929 0.92261599258 0.115315490958
0.974661324793 0.922869052564 0.115448294851
0.971366132479 0.923201162404 0.115581540462
0.977336613248 0.923023810003 0.115782858601
0.977033661325 0.925216911047 0.112675527891
0.976103366132 0.927169191779 0.109480592728
0.966110336613 0.926459621157 0.11234173351
0.971411033661 0.925308477637 0.113389146081
0.982741103366 0.92508272067 0.11338779229
0.977574110337 0.926189994283 0.111826890302
0.980657411034 0.927936973087 0.109384298318
0.968365741103 0.928047895476 0.108904789186
0.97703657411 0.92670408556 0.1110112315
0.980603657411 0.925671289196 0.111980686951
0.977360365741 0.92535574591 0.11256016014
0.977936036574 0.926032310681 0.111697382344
0.975293603657 0.928027153742 0.108794369573
0.965129360366 0.928819253761 0.106677480135
0.972212936037 0.930092239546 0.104866289523
0.974721293604 0.932095482304 0.103006153943
0.97677212936 0.932920950847 0.101359977009
0.979677212936 0.932312133861 0.103251484289
0.971867721294 0.929195842543 0.109064530892
0.974686772129 0.926385710033 0.114185250529
0.966868677213 0.92608748497 0.113452867913
0.970586867721 0.92606962339 0.113086438998
0.981758686772 0.925781848976 0.112703984029
0.975675868677 0.92433689837 0.114771627814
0.973267586868 0.920560243175 0.121348051584
0.975726758687 0.91749322189 0.124625728851
0.982272675869 0.916321660306 0.125495590049
0.982027267587 0.916774081592 0.125137145015
0.980202726759 0.917452155279 0.123872886662
0.981820272676 0.917565240526 0.123844049786
0.981082027268 0.919061347834 0.121347409638
0.967508202727 0.920244416801 0.119651412073
0.964350820273 0.919727212387 0.121395938988
0.973935082027 0.917894075185 0.124139995506
0.976693508203 0.915246529661 0.127060241967
0.97426935082 0.913418522138 0.130230634813
0.975826935082 0.91147733692 0.133040953026
0.980482693508 0.90989184046 0.135226573472
0.979148269351 0.908660604015 0.137131536804
0.976314826935 0.908702400759 0.136839468126
0.977831482694 0.91054877702 0.134393251939
0.977983148269 0.911308544558 0.133378201032
0.986098314827 0.909891793419 0.135481593416
0.985109831483 0.907446530758 0.138926777228
0.982310983148 0.90612409105 0.140202367905
0.978431098315 0.9065016245 0.139962232554
0.981643109831 0.907391667407 0.13857642694
0.989164310983 0.908025685865 0.137456649698
0.989016431098 0.910546695471 0.134032175567
0.97280164311 0.910256869681 0.134526612563
0.974780164311 0.907909671657 0.138942077354
0.978578016431 0.908010262139 0.138378681208
0.975357801643 0.909056962761 0.136299499085
0.967835780164 0.908682257178 0.136021530214
0.976083578016 0.908663744542 0.136372085365
0.973308357802 0.909561041514 0.135552240074
0.98203083578 0.910140062765 0.134302191938
0.977503083578 0.911234781609 0.134698677802
0.977950308358 0.910996344902 0.134019757181
0.973495030836 0.912124668982 0.13184715337
0.978449503084 0.914677206826 0.128632211935
0.980744950308 0.913997621455 0.130037417132
0.985474495031 0.911461769736 0.134170023399
0.985047449503 0.91068420521 0.13613963197
0.97690474495 0.909173302931 0.137021827657
0.986890474495 0.908823483269 0.136133790465
0.97348904745 0.90968978919 0.135749911411
0.975748904745 0.910647097132 0.134470582211
0.985874890474 0.911727377765 0.132246229613
0.982387489047 0.912978107695 0.130012274409
0.980238748905 0.914303402608 0.12940654686
0.98272387489 0.91471030638 0.127203053958
0.983872387489 0.916316393959 0.125963363851
0.978587238749 0.916895258814 0.124040310866
0.976258723875 0.918619440957 0.122566383123
0.977825872387 0.919957431773 0.120608852401
0.979782587239 0.920517203825 0.120542899697
0.987178258724 0.919318143977 0.122339283266
0.988817825872 0.917436259262 0.124919626742
0.979081782587 0.916574918477 0.126454112236
0.973608178259 0.915189923598 0.129410175108
0.981160817826 0.913211806006 0.131108736445
0.980116081783 0.913627065211 0.128492643591
0.989011608178 0.914213240323 0.127409684753
0.990801160818 0.914790724886 0.127609334194
0.986480116082 0.91615970004 0.125311823428
0.988748011608 0.915694234577 0.125596625468
0.980874801161 0.914542538931 0.128369746857
0.979187480116 0.914178768373 0.129141542932
0.985318748012 0.915168660262 0.127073163177
0.988631874801 0.916373888992 0.125258990424
0.98806318748 0.915669900957 0.127113927845
0.982606318748 0.914744104253 0.128540986259
0.990160631875 0.918235859041 0.123429003617
0.981916063187 0.921038760133 0.118933658099
0.981091606319 0.921455008362 0.118617251856
0.981009160632 0.921202216023 0.118817592647
0.976500916063 0.921976724956 0.116913176958
0.979650091606 0.924407617832 0.113484044469
0.984465009161 0.923365380381 0.115969191441
0.984946500916 0.92129265511 0.119639689063
0.980494650092 0.919699495444 0.120928371316
0.980949465009 0.919072344697 0.123128271802
0.978294946501 0.919967642195 0.120844857436
0.97712949465 0.921480883681 0.118825524184
0.981512949465 0.92015485852 0.120414430248
0.981951294947 0.918153219889 0.123831531652
0.978395129495 0.917603049505 0.125090374586
0.984339512949 0.915829835009 0.127905460771
0.979533951295 0.913765637165 0.130351071841
0.981753395129 0.915207181253 0.127057423162
0.989175339513 0.917335889537 0.124484057713
0.985417533951 0.918466333282 0.122429054468
0.984141753395 0.920298799748 0.119318961
0.98761417534 0.921546281685 0.117603053261
0.981661417534 0.924358091521 0.112979741388
0.981966141753 0.924869228533 0.111539321698
0.978396614175 0.924539151187 0.11195554568
0.984339661418 0.924909307435 0.11369013055
0.977733966142 0.92395281629 0.114705742847
0.977973396614 0.920357713038 0.119543577081
0.984297339661 0.918137239505 0.123619630548
0.979529733966 0.9173217443 0.123779847894
0.990752973397 0.917820046247 0.123309647387
0.98647529734 0.918268367696 0.122666443669
0.984247529734 0.917756086909 0.122314152592
0.986724752973 0.918033932126 0.122764645395
0.977072475297 0.920930060093 0.117595604293
0.97070724753 0.924139967802 0.111581780129
0.983570724753 0.926752084128 0.107405159723
0.982157072475 0.929510025317 0.104765355073
0.986515707248 0.931476658467 0.103249212694
0.975251570725 0.932143769934 0.10338364433
0.983125157072 0.931810193359 0.10469259321
0.987512515707 0.92876401583 0.109664393299
0.989751251571 0.92490432429 0.116824606367
0.988175125157 0.920692562616 0.121726984296
0.981717512516 0.919126818777 0.121959549732
0.974771751252 0.921022539196 0.118791406905
0.982177175125 0.923089149745 0.114750974011
0.980217717513 0.925206204371 0.112021146833
0.977321771751 0.925890151197 0.112333324533
0.979732177175 0.925649182082 0.112745217394
0.983573217718 0.926846091349 0.10948088654
0.984857321772 0.927208885135 0.108763051132
0.982285732177 0.924210751424 0.114318986146
0.982928573218 0.921722495925 0.118271679384
0.982992857322 0.921445070137 0.118010311007
0.982999285732 0.92294531916 0.116625877194
0.966799928573 0.924455998913 0.115972505608
0.965179992857 0.922982301135 0.117663902293
0.982117999286 0.921940465206 0.118387240808
0.982911799929 0.922611459287 0.117765294921
0.978491179993 0.922415582105 0.117790814609
0.984349117999 0.922139183169 0.117435652265
0.9795349118 0.922939081722 0.115498739593
0.98175349118 0.923887904164 0.113938790895
0.981975349118 0.926254194275 0.110653208798
0.974797534912 0.927445965875 0.109240903183
0.981279753491 0.925637765153 0.111565139876
0.975627975349 0.922904624267 0.116392467607
0.972362797535 0.921670487434 0.118179333239
0.981036279753 0.924066834238 0.113931864686
0.986403627975 0.928266952698 0.10866216491
0.985140362798 0.930059970453 0.106627550765
0.98681403628 0.929499660531 0.105597623551
0.984281403628 0.929737568369 0.106116644197
0.973228140363 0.928974660943 0.106974143408
0.982022814036 0.929631599204 0.106504089915
0.975702281404 0.933276317072 0.100920451928
0.97777022814 0.935959677006 0.0961151693367
0.982477022814 0.937935540112 0.0941039031079
0.981147702281 0.939111807431 0.0923640664213
0.982814770228 0.937837566146 0.0931431796358
0.988381477023 0.936671990989 0.0960556525655
0.981738147702 0.935513531751 0.0978169932265
0.99097381477 0.932852712721 0.100694003013
0.989197381477 0.930024199593 0.105987755958
0.980919738148 0.928076614368 0.107761238357
0.971091973815 0.928014833921 0.108930004954
0.980909197381 0.927642159862 0.10924962959
0.976490919738 0.92792436139 0.108618238648
0.976049091974 0.927799560902 0.10886121709
0.986804909197 0.929215453365 0.106673808091
0.98698049092 0.929373371357 0.106376068914
0.982498049092 0.929046279816 0.106631503722
0.980249804909 0.928292852292 0.107675983207
0.980024980491 0.927393027715 0.109493541565
0.979102498049 0.928248005763 0.10752672349
0.983510249805 0.929521589042 0.105826415936
0.98215102498 0.92984056373 0.106471768059
0.989215102498 0.928267169162 0.107780326275
0.98542151025 0.927162724169 0.109978708558
0.975142151025 0.925883109106 0.111641443636
0.983114215102 0.923690518211 0.115238475401
0.98391142151 0.921708690551 0.117445682503
0.985791142151 0.92156771721 0.118766096077
0.989579114215 0.922887423002 0.11559019594
0.983657911422 0.92429586659 0.113371842246
0.982165791142 0.923729276669 0.114444552327
0.985616579114 0.924698059565 0.112375674426
0.979661657911 0.925396022322 0.113027853736
0.988066165791 0.924968824953 0.113146705102
0.980806616579 0.925338503871 0.112366793991
0.976480661658 0.923623866779 0.115395342109
0.970648066166 0.922367805395 0.115929801132
0.974564806617 0.924068927998 0.112294596958
0.983956480662 0.92735651436 0.106871555029
0.978595648066 0.930852522246 0.10251960112
0.986159564807 0.933299846409 0.0989893015903
0.980615956481 0.932949075631 0.101093394874
0.970161595648 0.933608328165 0.100630615404
0.969116159565 0.932766945461 0.101212464757
0.963611615956 0.933271836128 0.100047043871
0.969361161596 0.935541145529 0.0970873828044
0.97623611616 0.935309422762 0.0971537314913
0.977823611616 0.932987279975 0.101193837695
0.974382361162 0.931975283509 0.102571028733
0.975838236116 0.932379344737 0.102180950196
0.976883823612 0.933839295803 0.100530326112
0.985988382361 0.934415204633 0.100411996866
0.982398838236 0.935943174733 0.097536499637
0.973039883824 0.937423968849 0.094372283858
0.966703988382 0.937935238117 0.0929774899139
0.975970398838 0.940261147125 0.0917063702952
0.977797039884 0.940095755623 0.091668387923
0.983379703988 0.938219722403 0.0939409083583
0.989337970399 0.934432964768 0.0995518092568
0.98903379704 0.931597734619 0.103958385838
0.979103379704 0.931028091788 0.105680203765
0.98261033797 0.931096639462 0.105972902501
0.983861033797 0.93175828491 0.104545462389
0.97318610338 0.931942688303 0.103630994488
0.983818610338 0.930601604347 0.105519512756
0.976781861034 0.930039569128 0.106621325961
0.983278186103 0.929326039561 0.106265238676
0.98392781861 0.928456286469 0.1068817596
0.980392781861 0.929229923086 0.105591977886
0.974639278186 0.931078474108 0.103827692482
0.981263927819 0.931906103481 0.102097070841
0.986426392782 0.931777692676 0.102498444579
0.986942639278 0.932207247937 0.102617174888
0.989694263928 0.930481058227 0.105146322173
0.988169426393 0.926417777213 0.112275137476
0.986216942639 0.925072634053 0.113245180254
0.988721694264 0.926008186037 0.110649142943
0.989872169426 0.92558736564 0.1110806275
0.990887216943 0.922224377074 0.118542289297
0.983788721694 0.920162460213 0.122739134374
0.988478872169 0.921470550127 0.119466928724
0.988047887217 0.923215311593 0.117358756506
0.979904788722 0.922336629449 0.118834045887
0.979090478872 0.9227717688 0.118319329824
0.980809047887 0.923785109134 0.114076328317
0.980080904789 0.925452296857 0.111171126682
0.978208090479 0.927895749365 0.108270987437
0.984320809048 0.928300759317 0.108552686654
0.979532080905 0.927074793307 0.109585213343
0.98625320809 0.928928123216 0.106414770698
0.981525320809 0.931140055049 0.103130892552
0.981952532081 0.930517020283 0.104178397737
0.983795253208 0.92941517424 0.106005697956
0.979479525321 0.928463923067 0.106074234392
0.977247952532 0.930719096977 0.104969912837
0.981524795253 0.932657129894 0.101179612501
0.981952479525 0.93280358799 0.101169566304
0.980195247953 0.933477436475 0.0993123488235
0.976419524795 0.933755158395 0.0991312661175
0.96704195248 0.933554994906 0.100055084655
0.975104195248 0.934510912476 0.0989523997405
0.989410419525 0.934437028682 0.0999204819869
0.980041041952 0.9322073068 0.10307991227
0.986304104195 0.930267028615 0.107196543661
0.98603041042 0.928914966736 0.108218809021
0.985103041042 0.930227579683 0.104792520244
0.985010304104 0.930955855728 0.10350379216
0.98050103041 0.930062958935 0.10542591005
0.975550103041 0.930022784828 0.104972765908
0.981355010304 0.931599333174 0.102736822611
0.98103550103 0.930897816122 0.105233046926
0.984603550103 0.927862510303 0.110819162694
0.98046035501 0.927222160751 0.109365231725
0.982746035501 0.928625942406 0.107127115179
0.98567460355 0.929384143244 0.106276992928
0.975167460355 0.929533168067 0.105156052759
0.980416746036 0.92861562225 0.108206680783
0.980941674604 0.926891419273 0.111364385535
0.98369416746 0.928263492606 0.111401417921
0.984869416746 0.927119249919 0.113344199579
0.987686941675 0.925138388471 0.116848419717
0.976268694167 0.924264203406 0.118180720828
0.985926869417 0.923222822683 0.119094344752
0.986892686942 0.923513509823 0.117671481382
0.984289268694 0.922994995495 0.116774524622
0.984928926869 0.922720951093 0.11643800445
0.984092892687 0.922612451065 0.116855657383
0.984909289269 0.923348920712 0.115209976211
0.984090928927 0.923868640932 0.113244256857
0.980409092893 0.925897918664 0.112217378449
0.980940909289 0.926553588333 0.110876160387
0.972894090929 0.926875772359 0.109731564948
0.972089409093 0.927709609547 0.107566921015
0.965708940909 0.928379024556 0.106909071521
0.973170894091 0.927941755578 0.10877369458
0.976617089409 0.926528973925 0.111928978689
0.977861708941 0.925717418772 0.113054989556
0.982486170894 0.926316849817 0.110877621101
0.984748617089 0.924437850136 0.113084765274
0.982274861709 0.920103331699 0.119186036956
0.982027486171 0.918914336264 0.121844691615
0.985602748617 0.919590256329 0.120986592618
0.983260274862 0.920152099859 0.119560930947
0.975826027486 0.919480475132 0.120480730781
0.983182602749 0.920182253335 0.119746180074
0.983018260275 0.921521327426 0.118099238648
0.980301826027 0.92297089845 0.115555897499
0.972830182603 0.92418264058 0.112427424479
0.97748301826 0.924611139247 0.11303336987
0.979748301826 0.924889453853 0.112295984043
0.965574830183 0.925889884661 0.111510747943
0.974957483018 0.926472240546 0.111226065828
0.983995748302 0.925911508765 0.111391352704
0.98669957483 0.927212480487 0.110007731317
0.981569957483 0.928310638618 0.10930866208
0.978356995748 0.928820172896 0.109522689112
0.980735699575 0.930351237646 0.105735169603
0.976473569957 0.933042919886 0.101017052056
0.972447356996 0.932013576782 0.103195914822
0.9774447357 0.928338220603 0.108321255071
0.97524447357 0.926605297068 0.109442373519
0.978624447357 0.928328381635 0.107349465973
0.980762444736 0.929595553685 0.105881897139
0.968376244474 0.931531550003 0.103366739493
0.977937624447 0.93228493038 0.101435230266
0.986093762445 0.931670663324 0.104311971965
0.984209376244 0.931684553383 0.104984236514
0.976820937624 0.934385740506 0.101188942202
0.958982093762 0.936094322642 0.0991112119453
0.967998209376 0.933957079212 0.101688562956
0.979699820938 0.931484141454 0.106115066523
0.970069982094 0.93038350656 0.107262870437
0.977206998209 0.929658265509 0.107565827079
0.976120699821 0.926821341133 0.110895876279
0.980512069982 0.925708832846 0.11240230186
0.976451206998 0.926490917132 0.111586140415
0.9832451207 0.927424718427 0.109088641452
0.97762451207 0.929783009729 0.106715369917
0.965362451207 0.931020216664 0.104310925552
0.971336245121 0.932634495673 0.102048773133
0.975533624512 0.932988004096 0.101420517814
0.981353362451 0.934116955811 0.0997167979581
0.973835336245 0.93483738458 0.0985780219396
0.973083533625 0.935737939919 0.0969535632451
0.980208353362 0.938498820288 0.0927375666244
0.970120835336 0.939326997298 0.09208554851
0.976312083534 0.938069122314 0.0938321528851
0.986831208353 0.937181293404 0.0950645046092
0.984283120835 0.93907307303 0.092472625505
0.979528312084 0.938846557432 0.0923008855346
0.962852831208 0.937119441251 0.0960368467693
0.978285283121 0.934950023498 0.0996307282998
0.978028528312 0.933293545848 0.100865814542
0.985202852831 0.930685599779 0.10417688377
0.985920285283 0.930824824233 0.104606524727
0.981492028528 0.930635262439 0.104753267732
0.981949202853 0.927553764642 0.109182937738
0.990094920285 0.925343366796 0.111919023951
0.977409492029 0.924123778139 0.114372944776
0.980640949203 0.921834905096 0.119179203666
0.97736409492 0.919020894346 0.123436461458
0.986036409492 0.917425981638 0.126364752748
0.976103640949 0.917642775566 0.123956156538
0.986810364095 0.919645278794 0.120940387529
0.984281036409 0.920785423756 0.119061811634
0.976828103641 0.921841923084 0.117746617748
0.975182810364 0.922313472082 0.117525208048
0.961518281036 0.923534574242 0.114902465757
0.982651828104 0.925244916728 0.111247299083
0.97756518281 0.92532027429 0.111711269287
0.972556518281 0.925862694538 0.111340440529
0.976555651828 0.925950839706 0.110556820852
0.985955565183 0.925589374411 0.111773395854
0.992295556518 0.922514928826 0.115683976054
0.983029555652 0.919965943079 0.119038597429
0.976702955565 0.918160755705 0.122381839337
0.986870295557 0.915905999918 0.126058923383
0.986987029556 0.916826955975 0.124643745273
0.986998702956 0.918681946358 0.12214265956
0.977999870296 0.920067933559 0.120814635156
0.98159998703 0.921171787045 0.117930608363
0.989159998703 0.92130640941 0.118113849882
0.98631599987 0.921389854064 0.118016409408
0.982431599987 0.923492509556 0.114940625485
0.986543159999 0.922521607971 0.117066365098
0.987854316 0.919274384157 0.12241066338
0.9834854316 0.918503644465 0.122750336466
0.98394854316 0.919282241561 0.121157962337
0.984894854316 0.91928649732 0.120588762493
0.971489485432 0.920393834857 0.120553072032
0.980948948543 0.921410909823 0.118108053209
0.971094894854 0.921874458489 0.117027299932
0.987209489485 0.923676098576 0.115118160868
0.990620948949 0.926512022727 0.110666963101
0.982862094895 0.928908542953 0.107341334722
0.970386209489 0.928676206602 0.107128748902
0.972738620949 0.927779547964 0.108953430924
0.979273862095 0.925482983417 0.11333320068
0.979927386209 0.92331853603 0.117158211197
0.973692738621 0.923754423508 0.116881154613
0.970369273862 0.924005703896 0.115776088126
0.961936927386 0.924459056271 0.114643926283
0.958393692739 0.92420708885 0.114304213645
0.974239369274 0.922156747159 0.117177872468
0.982123936927 0.921365684248 0.118753182976
0.975712393693 0.921568253175 0.117659653609
0.976871239369 0.921188546047 0.118826303083
0.969787123937 0.921457130358 0.119513205559
0.972678712394 0.922560890803 0.116959377416
0.963067871239 0.922500615651 0.118119620673
0.968406787124 0.921579650985 0.119780268707
0.977040678712 0.921473787463 0.120231150661
0.978804067871 0.9206962118 0.120430651588
0.982580406787 0.918869538067 0.121951645826
0.981158040679 0.919801107184 0.121306981295
0.981015804068 0.918897341551 0.122234628505
0.980101580407 0.918131457912 0.12495162675
0.977310158041 0.915826386915 0.127968471792
0.977931015804 0.914645685348 0.128861412303
0.97799310158 0.915661305933 0.1267514976
0.986099310158 0.917494158757 0.124284166102
0.977909931016 0.919607104514 0.120812502906
0.977090993102 0.921901758971 0.116896820075
0.98690909931 0.925263154468 0.112419882386
0.969890909931 0.927377932052 0.108625386486
0.978989090993 0.927292844953 0.11063064455
0.981698909099 0.92463839182 0.114685533151
0.98466989091 0.922950914597 0.117988075178
0.981366989091 0.921542857154 0.118472964102
0.986436698909 0.922358459921 0.115785695907
0.986043669891 0.922033561617 0.116373749083
0.989604366989 0.921758098315 0.116776667827
0.980060436699 0.920216602293 0.119595936797
0.98450604367 0.918957458686 0.120990808614
0.984950604367 0.921408910699 0.117594456756
0.980495060437 0.924498414587 0.112802502023
0.980949506044 0.926574438474 0.110638768594
0.984594950604 0.928059914154 0.10854187075
0.98315949506 0.927419497516 0.109454994783
0.988415949506 0.925162711942 0.112847761147
0.980841594951 0.923360573836 0.116439322647
0.983684159495 0.922540095875 0.116483384731
0.98486841595 0.923342549639 0.114503095163
0.983186841595 0.922888410691 0.116136427896
0.983918684159 0.921329390226 0.118830795943
0.969591868416 0.919493284081 0.12119831177
0.972659186842 0.920389401785 0.120298712656
0.988265918684 0.920645763617 0.118943527041
0.987126591868 0.918772076041 0.121489478703
0.986112659187 0.917573225671 0.12358078529
0.984211265919 0.915995670506 0.126152240964
0.977721126592 0.915703169255 0.126259508479
0.981572112659 0.916947329434 0.124093693949
0.985557211266 0.919998904791 0.11837798971
0.977855721127 0.921733816125 0.11584040575
0.981585572113 0.922150194145 0.115973338181
0.984658557211 0.922281058449 0.114297195797
0.985865855721 0.923274282997 0.113266732683
0.982386585572 0.923177860744 0.115998342114
0.979338658557 0.922568141006 0.117430899275
0.979933865856 0.922341399465 0.120151834732
0.979093386586 0.922469894796 0.120688982744
0.977209338659 0.924059647014 0.118147521678
0.978820933866 0.92562372403 0.116556425205
0.980782093387 0.925447183147 0.117496533268
0.981878209339 0.923599323741 0.118613951983
0.969387820934 0.923528791608 0.116598682605
0.974438782093 0.926267762483 0.112629092467
0.982143878209 0.927007481019 0.112004311419
0.984714387821 0.926621406068 0.112339334504
0.981371438782 0.925097501105 0.113385266262
0.973837143878 0.926229117903 0.110779262741
0.988383714388 0.926908297259 0.109739425389
0.985338371439 0.925608229441 0.111674331613
0.985933837144 0.927265287827 0.109117986282
0.977893383714 0.929276952641 0.105929090782
0.982489338371 0.92968861619 0.105490840739
0.990148933837 0.929388309412 0.106230340096
0.982814893384 0.926337533537 0.111583227657
0.986581489338 0.923747932706 0.114548299771
0.986058148934 0.923332953214 0.11378483816
0.986905814893 0.924035608954 0.11325542916
0.984290581489 0.92434590913 0.111824366876
0.981329058149 0.925761575027 0.109604243578
0.987332905815 0.92723435123 0.108152882534
0.991533290581 0.929083689567 0.105630508164
0.982053329058 0.931007988818 0.102970912322
0.987405332906 0.930258841724 0.104331671845
0.979840533291 0.929503208019 0.104675397499
0.979984053329 0.931101216406 0.101789850779
0.976398405333 0.931544248701 0.10162230233
0.980539840533 0.93058833087 0.104229875703
0.981853984053 0.929535190618 0.106097063594
0.977485398405 0.92866437252 0.109470317319
0.980648539841 0.927514621358 0.111525224166
0.973764853984 0.928320809852 0.109671179961
0.969476485398 0.929964247713 0.10762722368
0.97534764854 0.929673238037 0.108809319802
0.970534764854 0.926436946415 0.114142545466
0.976353476485 0.923346342057 0.117542671188
0.977835347649 0.923159371523 0.115576185319
0.977083534765 0.926286934518 0.111026317791
0.969808353476 0.928823013486 0.107813806691
0.967280835348 0.928322292995 0.108543543289
0.976928083535 0.926266227405 0.112437358554
0.976992808353 0.924650943984 0.114936947396
0.976099280835 0.924290767682 0.114175271527
0.965209928084 0.924444430152 0.113721237048
0.967720992808 0.925187216778 0.112339023322
0.976972099281 0.927284121182 0.108619100624
0.979697209928 0.927497077924 0.10794608391
0.972769720993 0.924859334574 0.113443106369
0.969376972099 0.922822479427 0.116090737851
0.97713769721 0.924242800545 0.112883202817
0.977013769721 0.926318537606 0.109733287489
0.964401376972 0.927794100106 0.10783691124
0.976640137697 0.92849363075 0.108147134279
0.96976401377 0.928576733369 0.108823854074
0.971776401377 0.926632095819 0.112513630601
0.983677640138 0.925377115846 0.114445098696
0.978567764014 0.924781440742 0.114382391769
0.970856776401 0.924508825764 0.114124140861
0.97998567764 0.923084655598 0.115910529714
0.986298567764 0.921579778321 0.118437134935
0.983329856776 0.920594094988 0.120681320918
0.984832985678 0.918931507372 0.121530654406
0.984983298568 0.918211430451 0.122497765236
0.985898329857 0.918654093023 0.12165109787
0.982389832986 0.919830547663 0.120733106766
0.976638983299 0.921825725183 0.117763404499
0.97696389833 0.923104625214 0.115228875518
0.981496389833 0.924581502214 0.113103306367
0.983749638983 0.926394277814 0.110809569973
0.974074963898 0.928167383276 0.107422183315
0.97040749639 0.928224876834 0.108206511369
0.973640749639 0.928030601467 0.108856322681
0.970364074964 0.929073763124 0.107800667854
0.974536407496 0.931076043661 0.103442933496
0.97495364075 0.932985857359 0.100326219685
0.978595364075 0.930542942693 0.104832097898
0.983459536407 0.926850226358 0.111553669121
0.983945953641 0.925856951725 0.112829398007
0.984894595364 0.926238440847 0.112429096285
0.984989459536 0.92450308353 0.116449379216
0.987698945954 0.921091357469 0.122753917722
0.986169894595 0.918209472959 0.127449312754
0.98601698946 0.91677757679 0.128339950923
0.986901698946 0.91670622929 0.127186495768
0.977990169895 0.917101972335 0.126545695136
0.981599016989 0.917137838065 0.124946438669
0.987359901699 0.918604229526 0.121830649807
0.97803599017 0.920141677437 0.120396031079
0.972603599017 0.921957148417 0.11734724543
0.972960359902 0.923294352201 0.114638804113
0.97929603599 0.923591146365 0.113743203929
0.977229603599 0.924735763092 0.11166874727
0.97252296036 0.925703265129 0.109693898234
0.976552296036 0.927026423778 0.108339109594
0.979655229604 0.92615945433 0.109497590472
0.98716552296 0.927416058301 0.108650309949
0.980716552296 0.92859915966 0.108376055985
0.98007165523 0.926381151121 0.111042826445
0.979107165523 0.924684672516 0.111642043053
0.980810716552 0.92644838141 0.109533797888
0.977381071655 0.927835974796 0.108953442993
0.971638107166 0.928696704091 0.107384174166
0.979163810717 0.930684552989 0.105243487162
0.976316381072 0.931376315238 0.102834368554
0.983231638107 0.931108641118 0.10410815853
0.967723163811 0.928728607034 0.108828045042
0.973372316381 0.927733974557 0.110766638945
0.978437231638 0.926869043573 0.112009567273
0.980743723164 0.926053725636 0.114336800587
0.979174372316 0.923979878686 0.117448472108
0.988017437232 0.921005197043 0.121846695376
0.981701743723 0.921290699967 0.120177261514
0.970270174372 0.923676984621 0.11480742357
0.973627017437 0.924112978544 0.114360802936
0.985662701744 0.923508500169 0.115534439211
0.977866270174 0.923619148782 0.115674241095
0.983386627017 0.923744190532 0.114721566937
0.983038662702 0.925441512276 0.111999161876
0.98030386627 0.927414897487 0.108767046822
0.980930386627 0.927134695495 0.1096561306
0.980093038663 0.924412181467 0.113976110202
0.976409303866 0.922463486342 0.116816205391
0.981440930387 0.922582923392 0.116525255705
0.976544093039 0.923352676172 0.114315630051
0.976954409304 0.924092343894 0.113596335362
0.98239544093 0.924268874893 0.113809084954
0.973939544093 0.923222568465 0.115908512086
0.986593954409 0.924414297861 0.114215645988
0.977959395441 0.927634109554 0.108416021431
0.977095939544 0.931495827053 0.102974195069
0.976109593954 0.933808336775 0.100608111331
0.978710959395 0.935315537531 0.0989442960779
0.97627109594 0.934316502628 0.100421691025
0.974227109594 0.9327891988 0.101553652678
0.981222710959 0.9304209982 0.107222468151
0.983722271096 0.926821062516 0.112373018205
0.97227222711 0.925355204194 0.112730626501
0.980127222711 0.926306418429 0.110787984661
0.980912722271 0.925848764827 0.111288370761
0.988191272227 0.923500895558 0.115644635892
0.978119127223 0.921432743309 0.117777929023
0.986111912722 0.921809945499 0.117208397202
0.980611191272 0.923639805133 0.115379259624
0.986361119127 0.923690282399 0.113898474308
0.982436111913 0.92403116009 0.113927566874
0.984743611191 0.925240151773 0.112833260815
0.975974361119 0.927083597494 0.109387818322
0.975997436112 0.929103109013 0.107131066925
0.981399743611 0.930047614608 0.104749289306
0.976539974361 0.930024288983 0.105079995213
0.982353997436 0.929915058676 0.105964785946
0.975735399744 0.929773596919 0.106050662824
0.984073539974 0.929850752213 0.105455845925
0.974107353997 0.929079499955 0.107152090696
0.9794107354 0.929111989932 0.107633375478
0.98714107354 0.930948986202 0.104139441445
0.975314107354 0.931178554631 0.103041777921
0.981331410735 0.930627673344 0.104586152513
0.966633141074 0.931758985726 0.102757296262
0.966063314107 0.932224935824 0.102335019899
0.971406331411 0.929250756348 0.108384637932
0.983640633141 0.924472496041 0.116570316517
0.979464063314 0.922854809766 0.118514486442
0.983546406331 0.922420457641 0.116215069361
0.980354640633 0.9218164567 0.117749758425
0.983635464063 0.918049306167 0.124061707847
0.979463546406 0.916360751302 0.127236189529
0.988946354641 0.91706110772 0.125853763309
0.983594635464 0.917714154072 0.123560623213
0.985759463546 0.919584727353 0.120691785883
0.985975946355 0.920653801884 0.118764907819
0.986897594635 0.920757649524 0.119648390148
0.983389759464 0.92263558964 0.116818279971
0.992038975946 0.924274711855 0.114053431144
0.982103897595 0.923556207296 0.115277891009
0.990110389759 0.924174555013 0.114993492942
0.985511038976 0.924271249957 0.113542127867
0.983251103898 0.924264239241 0.113356044688
0.98122511039 0.922491008575 0.116378528443
0.982822511039 0.920029717142 0.120695336614
0.987482251104 0.920965653479 0.119432012416
0.98884822511 0.923767225199 0.115322629281
0.985384822511 0.92293464016 0.116984871985
0.983238482251 0.923349127959 0.117140541204
0.985723848225 0.921930880313 0.117531029676
0.991372384823 0.919167388512 0.122369562949
0.991937238482 0.919468587031 0.121553715283
0.991093723848 0.92010080551 0.11947520909
0.982909372385 0.918343306259 0.123254124714
0.981190937238 0.917908949425 0.122794571007
0.986419093724 0.92052640609 0.118727775399
0.985141909372 0.923708991923 0.114473817175
0.983214190937 0.925135880969 0.11272598869
0.982121419094 0.925026003406 0.113743980937
0.982012141909 0.923973834658 0.115070025581
0.981101214191 0.92526160059 0.112190874913
0.970210121419 0.927214730606 0.108233679422
0.980821012142 0.928280214305 0.106332770923
0.977382101214 0.928728863813 0.106060646211
0.980638210121 0.929712999907 0.105206693106
0.980063821012 0.93075363027 0.103993001858
0.986306382101 0.931812986075 0.103179316196
0.96893063821 0.929442921165 0.106515402601
0.977093063821 0.925728387113 0.112933706607
0.971609306382 0.925253843023 0.112696082661
0.966560930638 0.927004766475 0.109978294738
0.971456093064 0.927587001813 0.109318907149
0.969245609306 0.924959046604 0.11285453803
0.969024560931 0.924367764365 0.114821153577
0.976202456093 0.923951076841 0.115545859522
0.981420245609 0.923723621552 0.116818252172
0.973842024561 0.923467542613 0.116724247857
0.970384202456 0.923497383364 0.114558869114
0.972738420246 0.924472414179 0.113534380123
0.969373842025 0.925454558762 0.112414538363
0.970837384202 0.926421418514 0.11102835492
0.97458373842 0.926016213572 0.112078494942
0.975858373842 0.925415259085 0.11095720012
0.983185837384 0.926254150345 0.110038051535
0.981218583738 0.928220913345 0.106784983889
0.977421858374 0.930504348945 0.10336463938
0.977942185837 0.930330155702 0.10510955031
0.983394218584 0.930962322483 0.104459335872
0.966839421858 0.932492389374 0.1038717546
0.971483942186 0.931095674928 0.106188844767
0.978248394219 0.926794498623 0.112696276054
0.988824839422 0.924718671088 0.115430319041
0.986282483942 0.92583406577 0.11366617591
0.980628248394 0.926696338536 0.111924075569
0.980962824839 0.925101379853 0.113548780217
0.983696282484 0.923304061241 0.114624947148
0.983969628248 0.923848638348 0.113920686383
0.978596962825 0.926415819699 0.110118070732
0.978959696282 0.926201236755 0.110291437582
0.982595969628 0.925395255681 0.112096563699
0.977559596963 0.926166331911 0.111502014955
0.974355959696 0.925969116885 0.111718479078
0.98033559597 0.923224679744 0.116054202214
0.977333559597 0.921622682117 0.119016442054
0.98333335596 0.921762451343 0.118216749523
0.988433335596 0.921921961494 0.118726985736
0.97814333356 0.921311748106 0.119532582106
0.986114333356 0.919549171911 0.121355234993
0.980611433336 0.918817020681 0.121875749554
0.974661143334 0.91946687645 0.12102378343
0.972266114333 0.92008121252 0.11975232895
0.980126611433 0.91986645472 0.120150613366
0.980912661143 0.921095262433 0.11861278137
0.986391266114 0.92483432093 0.113814165142
0.984239126611 0.926037327333 0.112767224797
0.977723912661 0.924641973507 0.113468397527
0.985172391266 0.924040458425 0.114683262856
0.976917239127 0.925389442097 0.111684403395
0.988691723913 0.926623956862 0.111483027304
0.981769172391 0.924746865102 0.113481331634
0.964876917239 0.922928375261 0.116645127141
0.964987691724 0.921838245898 0.117515665798
0.970398769172 0.920077982271 0.120577181963
0.976339876917 0.919452192991 0.12101462047
0.984133987692 0.920451227612 0.119227702515
0.983113398769 0.921498075342 0.11719812954
0.980311339877 0.922011398998 0.117976551416
0.982731133988 0.921198246521 0.119118016512
0.982973113399 0.922156067822 0.11808772396
0.98029731134 0.923540438874 0.11557183026
0.988129731134 0.924448240203 0.114723313874
0.980812973113 0.924996928603 0.112801741153
0.972881297311 0.924505376491 0.114214514674
0.975688129731 0.923518026562 0.116317328383
0.975968812973 0.922800166847 0.117887085762
0.983196881297 0.922138027958 0.118697949247
0.97491968813 0.922466627355 0.117387178171
0.983091968813 0.923284201801 0.11484624322
0.983909196881 0.92302742407 0.116292620699
0.980390919688 0.921538378573 0.118080313573
0.984539091969 0.921707194572 0.117404447075
0.979553909197 0.921298119582 0.119020149134
0.97455539092 0.920424359221 0.119128975621
0.984855539092 0.920673199121 0.117953302439
0.975985553909 0.920292314974 0.119326889202
0.982298555391 0.91805863633 0.123966324374
0.982029855539 0.916660520683 0.125095407544
0.970302985554 0.915450554471 0.127028964843
0.959230298555 0.913427582851 0.129628357363
0.972523029856 0.914230984881 0.128771307009
0.977452302986 0.915586693068 0.125249459796
0.980645230299 0.914935665229 0.126741675263
0.98636452303 0.914771048937 0.127242415737
0.983336452303 0.916401782799 0.124960767365
0.98393364523 0.914946637938 0.12741227833
0.977693364523 0.912966692238 0.130638693988
0.976169336452 0.913101222513 0.129832765549
0.981416933645 0.914502086658 0.129140342658
0.985541693365 0.915937947753 0.126658889617
0.978754169336 0.918363287406 0.122915800568
0.974475416934 0.921832452763 0.117340883663
0.975847541693 0.92305543862 0.114206217119
0.984084754169 0.922245590682 0.117039093193
0.991208475417 0.922563882108 0.116140589441
0.983820847542 0.924072531964 0.114149671584
0.975882084754 0.924869220772 0.113342065753
0.980488208475 0.923100294339 0.11683384554
0.984548820848 0.920010115135 0.120026090046
0.987654882085 0.922303274955 0.115626941585
0.978065488208 0.92647378587 0.110681883288
0.967206548821 0.926481657157 0.112110705446
0.977820654882 0.926748333903 0.111540418435
0.971682065488 0.927041048263 0.110633623803
0.988168206549 0.925664243471 0.112186192596
0.978116820655 0.922504089792 0.117011523017
0.987011682065 0.920754131581 0.120101692506
0.976201168207 0.920170713045 0.119524242796
0.980520116821 0.918665953567 0.122121939352
0.976452011682 0.917260291578 0.124537181947
0.971545201168 0.917310730322 0.125750620177
0.976454520117 0.916624286606 0.12604185642
0.979645452012 0.91612639635 0.1264073435
0.976364545201 0.915071611541 0.127702880082
0.98143645452 0.915836452743 0.126678169977
0.982843645452 0.916039777804 0.125208292741
0.982084364545 0.915510494386 0.126176251203
0.980208436455 0.915124105376 0.12766093936
0.989020843645 0.914114435051 0.129799741209
0.980902084365 0.912672268361 0.131548534623
0.980090208436 0.912305113853 0.132392022026
0.985409020844 0.912537036048 0.130889425054
0.984140902084 0.913681850641 0.130099362742
0.983114090208 0.914623792478 0.128203696271
0.982111409021 0.917292259453 0.124007491101
0.978411140902 0.918894059641 0.122221046348
0.97714111409 0.920017821538 0.120863756517
0.984214111409 0.921550209999 0.117562431671
0.982221411141 0.923078360907 0.11561734754
0.992822141114 0.924071247683 0.114501344396
0.987582214111 0.92461119807 0.113021478272
0.979858221411 0.925547287594 0.112732134969
0.972785822141 0.925881826936 0.111443760756
0.975678582214 0.927151584273 0.108703943348
0.976867858221 0.930598394414 0.104178481653
0.976986785822 0.93335055765 0.0999761011926
0.977898678582 0.934915421056 0.097982531543
0.968089867858 0.936465568755 0.0947783032784
0.973408986786 0.937653864909 0.0939457572259
0.978440898679 0.938127009429 0.0946778954444
0.968144089868 0.936544646681 0.0973447192376
0.965314408987 0.936327422675 0.0963670934175
0.981231440899 0.938426519565 0.0936401057074
0.98552314409 0.939157778483 0.092438089959
0.982352314409 0.938474738093 0.0941157367048
0.969435231441 0.935877331582 0.0970229536155
0.962743523144 0.9346944208 0.0996589002303
0.970174352314 0.93190643816 0.10531426397
0.973617435231 0.928954630672 0.110809869259
0.982061743523 0.925868691488 0.11432260638
0.991006174352 0.923389382243 0.1156604078
0.986500617435 0.922772221602 0.116485691501
0.984250061744 0.921669665315 0.117784329603
0.985825006174 0.920854695756 0.120273771295
0.982382500617 0.918951823021 0.12301415779
0.978438250062 0.918653704296 0.122671157063
0.987043825006 0.919692854833 0.120678101505
0.988804382501 0.922082917464 0.117941118342
0.98898043825 0.922456028169 0.116442259437
0.981798043825 0.921416436975 0.117823382903
0.988279804383 0.921457850839 0.117203959903
0.982627980438 0.923943396207 0.114501364331
0.978462798044 0.925101236204 0.112652050045
0.985246279804 0.925832030608 0.112276434562
0.97872462798 0.925790020822 0.112494782175
0.976272462798 0.927065117099 0.109454685406
0.98412724628 0.927151135246 0.109300496389
0.983112724628 0.925658614072 0.111357718576
0.984811272463 0.922611517637 0.116637226649
0.983181127246 0.920713358339 0.119621016446
0.982118112725 0.920539220873 0.120127070226
0.982011811272 0.921745333922 0.117087518975
0.980201181127 0.923060824265 0.115851301693
0.984520118113 0.923184965788 0.116225434531
0.982252011811 0.923637365739 0.114315155025
0.982025201181 0.926273049443 0.110157625329
0.973002520118 0.929167525205 0.105134307685
0.971200252012 0.93149515053 0.102451081
0.971020025201 0.933408138733 0.0996650649385
0.97010200252 0.93325212794 0.101965744039
0.977210200252 0.9292871917 0.108473723445
0.979721020025 0.925457542551 0.113213538171
0.988072102003 0.922056410032 0.119027311738
0.9844072102 0.919889152086 0.121263258014
0.98044072102 0.920670834416 0.119607792945
0.985444072102 0.92232591136 0.116982564967
0.98684440721 0.922909306312 0.115423091533
0.985184440721 0.92153911763 0.117315384018
0.985018444072 0.921601723896 0.11793053089
0.977801844407 0.924559817555 0.113260561265
0.973480184441 0.924791507092 0.114288048181
0.980248018444 0.921083999184 0.118574547448
0.981824801844 0.921969592565 0.117467603026
0.981982480184 0.924844438807 0.112713662073
0.971198248018 0.92427306428 0.113410991879
0.977319824802 0.922423436165 0.115840175739
0.97793198248 0.92117326587 0.116854500076
0.972593198248 0.923206847496 0.114316590604
