0.158 0.982913912962 0.37434593846 0.876666666667 0.142222222222 0.142222222222 0 0 0.845432265245 1430532570.6
0.296 0.918051877594 0.297829653002 1.31888888889 0.348888888889 0.348888888889 0 0 0.46636477704 1430532570.84
0.332 0.906615222253 0.2865357966 1.85777777778 0.403333333333 0.403333333333 0 0 0.458414083481 1430532571.07
0.286 0.939463144748 0.308878136271 2.54777777778 0.417777777778 0.417777777778 0 0 0.567750962983 1430532571.32
0.223 0.95866110189 0.328292837001 3.12444444444 0.453333333333 0.453333333333 0 0 0.620576058719 1430532571.58
0.239 0.956694714799 0.321320076568 3.69333333333 0.482222222222 0.482222222222 0 0 0.610053999369 1430532571.83
0.264 0.935514527025 0.266698452742 4.20333333333 0.51 0.51 0 0 0.661859962068 1430532572.17
0.336 0.887049526555 0.206570852019 4.48222222222 0.538888888889 0.538888888889 0 0 0.572973812437 1430532572.51
0.36 0.872755013009 0.195481763026 4.70111111111 0.564444444444 0.564444444444 0 0 0.503092689256 1430532572.84
0.368 0.896725862943 0.217921734161 5.14 0.58 0.58 0 0 0.55210924252 1430532573.15
0.354 0.916591307057 0.236063185082 5.47444444444 0.593333333333 0.593333333333 0 0 0.596819925828 1430532573.49
0.375 0.911959602755 0.23063052113 5.63 0.62 0.62 0 0 0.540426912243 1430532573.84
0.361 0.904424033546 0.214400981493 5.94666666667 0.632222222222 0.632222222222 0 0 0.552399824079 1430532574.17
0.366 0.905507358264 0.208718384394 6.21888888889 0.645555555556 0.645555555556 0 0 0.564172800441 1430532574.51
0.392 0.904735548159 0.198926152152 6.46777777778 0.657777777778 0.657777777778 0 0 0.558597778217 1430532574.86
0.398 0.882571857212 0.168346651835 6.52777777778 0.675555555556 0.675555555556 0 0 0.569036088858 1430532575.25
0.41 0.873530239702 0.173862299996 6.47888888889 0.7 0.7 0 0 0.536063216741 1430532575.65
0.477 0.869674135064 0.17703083876 6.60555555556 0.713333333333 0.713333333333 0 0 0.519826419585 1430532576.04
0.464 0.875038888929 0.174440574553 6.46222222222 0.734444444444 0.734444444444 0 0 0.521018499164 1430532576.44
0.422 0.878983739712 0.17699023683 6.27555555556 0.761111111111 0.761111111111 0 0 0.533792518195 1430532576.84
0.431 0.881611320401 0.177797301033 6.15444444444 0.781111111111 0.781111111111 0 0 0.544966734801 1430532577.24
0.474 0.877845759085 0.175247676833 5.77555555556 0.805555555556 0.805555555556 0 0 0.492272571611 1430532577.62
0.481 0.87916450756 0.173722170359 5.17444444444 0.842222222222 0.842222222222 0 0 0.512063864441 1430532578.02
0.478 0.881231269782 0.172217292373 4.92111111111 0.862222222222 0.862222222222 0 0 0.476536493568 1430532578.42
0.473 0.880167976504 0.169991405584 4.45888888889 0.886666666667 0.886666666667 0 0 0.459191208232 1430532578.8
0.514 0.883503654475 0.170499953076 4.09888888889 0.904444444444 0.341111111111 25 8.54932594299 0.464046358075 1430532579.19
0.458 0.885839458564 0.167207019644 4.08777777778 0.914444444444 0.514444444444 25 8.54932594299 0.505393474424 1430532579.57
0.456 0.887181003414 0.164646904365 3.93888888889 0.924444444444 0.61 25 8.54932594299 0.503861903907 1430532579.96
0.479 0.887573489681 0.170333882298 3.73666666667 0.933333333333 0.696666666667 25 8.54932594299 0.52289546836 1430532580.34
0.456 0.885507269374 0.180477542544 3.65666666667 0.94 0.766666666667 25 8.54932594299 0.490845182697 1430532580.73
0.463 0.877800348307 0.181004229748 3.36666666667 0.956666666667 0.816666666667 25 8.54932594299 0.46532854155 1430532581.12
0.476 0.876766946791 0.193926726079 3.22444444444 0.968888888889 0.856666666667 25 8.54932594299 0.472657101211 1430532581.5
0.499 0.872665070255 0.19176393203 2.63777777778 0.984444444444 0.121111111111 16.0 5.68662452698 0.44000303041 1430532581.89
0.533 0.871885052438 0.194020121045 2.44888888889 0.986666666667 0.514444444444 16.0 5.68662452698 0.482641113333 1430532582.32
0.501 0.872531346709 0.200562833183 2.44333333333 0.99 0.612222222222 16.0 5.68662452698 0.493694916579 1430532582.7
0.526 0.872365506281 0.196655747294 2.25444444444 0.995555555556 0.695555555556 16.0 5.68662452698 0.481579294598 1430532583.1
0.517 0.871818822315 0.194337845412 2.02444444444 1.0 0.77 16.0 5.68662452698 0.46010513319 1430532583.47
0.534 0.872512645217 0.190148771972 2.00666666667 1.0 0.82 16.0 5.68662452698 0.478706761162 1430532583.88
0.478 0.874434772542 0.193875693152 2.02777777778 1.0 0.865555555556 16.0 5.68662452698 0.492684161358 1430532584.26
0.499 0.876753699533 0.193979258063 2.26666666667 1.0 0.884444444444 16.0 5.68662452698 0.506919738387 1430532584.66
0.488 0.875219804327 0.192011546414 2.35 1.0 0.155555555556 12.0 4.41198074818 0.478382688463 1430532585.06
0.474 0.876095301017 0.194695491096 2.45555555556 1.0 0.476666666667 12.0 4.41198074818 0.486028675862 1430532585.47
0.463 0.875729506434 0.196645794023 2.49444444444 1.0 0.582222222222 12.0 4.41198074818 0.506411577779 1430532585.87
0.474 0.872342518857 0.188416595105 2.63777777778 1.0 0.643333333333 12.0 4.41198074818 0.508590005845 1430532586.26
0.464 0.873883003096 0.191751632623 2.69111111111 1.0 0.694444444444 12.0 4.41198074818 0.474833207474 1430532586.64
0.495 0.871055233535 0.1913150041 2.62888888889 1.0 0.763333333333 12.0 4.41198074818 0.46172783408 1430532587.01
0.509 0.872141194249 0.197011490196 2.66777777778 1.0 0.796666666667 12.0 4.41198074818 0.456616674577 1430532587.38
0.471 0.87145333462 0.2039518826 2.84111111111 1.0 0.824444444444 12.0 4.41198074818 0.529657398302 1430532587.76
0.47 0.869310275523 0.203229764635 2.91777777778 1.0 0.857777777778 12.0 4.41198074818 0.525811185832 1430532588.17
0.525 0.86966502388 0.203562890817 2.90222222222 1.0 0.887777777778 12.0 4.41198074818 0.53318309555 1430532588.57
0.49 0.870983154701 0.204401568018 3.03444444444 1.0 0.0177777777778 11.0 4.19665497541 0.541739516167 1430532588.96
0.488 0.870905508983 0.206572706521 2.96666666667 1.0 0.451111111111 11.0 4.19665497541 0.517207626351 1430532589.34
0.494 0.868109835916 0.203635211649 2.78777777778 1.0 0.574444444444 11.0 4.19665497541 0.521856195445 1430532589.73
0.483 0.866143524012 0.195124435715 2.73222222222 1.0 0.655555555556 11.0 4.19665497541 0.522432445879 1430532590.13
0.518 0.868983757474 0.190605300632 2.63 1.0 0.718888888889 11.0 4.19665497541 0.50876463751 1430532590.51
0.507 0.878614120758 0.198708370841 2.78888888889 1.0 0.77 11.0 4.19665497541 0.543226634415 1430532590.91
0.471 0.875797231094 0.190796219581 2.70333333333 1.0 0.83 11.0 4.19665497541 0.540704411874 1430532591.3
0.458 0.872629239633 0.188245167718 2.54111111111 1.0 0.882222222222 11.0 4.19665497541 0.513804808996 1430532591.7
0.469 0.871118085351 0.195423936906 2.45222222222 1.0 0.376666666667 9.5 3.56799647212 0.517964912611 1430532592.12
0.439 0.869449346 0.193250764487 2.45333333333 1.0 0.522222222222 9.5 3.56799647212 0.533477278708 1430532592.51
0.459 0.870034910851 0.193175883347 2.75777777778 1.0 0.565555555556 9.5 3.56799647212 0.521744640539 1430532592.9
0.407 0.872238586764 0.189564779435 3.05666666667 1.0 0.606666666667 9.5 3.56799647212 0.563025710473 1430532593.29
0.444 0.872812070117 0.185111711274 3.08111111111 1.0 0.67 9.5 3.56799647212 0.524402161889 1430532593.68
0.43 0.873955606712 0.177155853379 3.14444444444 1.0 0.732222222222 9.5 3.56799647212 0.545608432674 1430532594.07
0.46 0.879284000732 0.186270268584 3.22 1.0 0.791111111111 9.5 3.56799647212 0.530422149979 1430532594.46
0.442 0.876674366213 0.181914882108 3.36555555556 1.0 0.827777777778 9.5 3.56799647212 0.515806786821 1430532594.83
0.44 0.878928264728 0.190790308984 3.49777777778 1.0 0.858888888889 9.5 3.56799647212 0.51549369435 1430532595.22
0.478 0.874567363122 0.193137495615 3.58777777778 1.0 0.883333333333 9.5 3.56799647212 0.501909469963 1430532595.58
0.485 0.868397555349 0.196335686156 3.27888888889 1.0 0.164444444444 9.75 3.79918573797 0.491753998389 1430532595.98
0.497 0.868469190773 0.202449737229 3.19666666667 1.0 0.511111111111 9.75 3.79918573797 0.506857005189 1430532596.37
0.546 0.864653113588 0.205868905316 3.09666666667 1.0 0.596666666667 9.75 3.79918573797 0.494412395262 1430532596.74
0.528 0.864251521782 0.209083792831 2.69 1.0 0.685555555556 9.75 3.79918573797 0.495596905585 1430532597.16
0.516 0.867393806522 0.207413088366 2.62111111111 1.0 0.737777777778 9.75 3.79918573797 0.51247259777 1430532597.55
0.51 0.870377844953 0.212529621725 2.48555555556 1.0 0.797777777778 9.75 3.79918573797 0.494675469361 1430532597.95
0.496 0.869759635402 0.200852253246 2.57888888889 1.0 0.824444444444 9.75 3.79918573797 0.520710142044 1430532598.33
0.502 0.873600940962 0.200118882001 2.45 1.0 0.872222222222 9.75 3.79918573797 0.519374305872 1430532598.74
0.465 0.876135519708 0.199135962807 2.67777777778 1.0 0.891111111111 9.75 3.79918573797 0.504237013275 1430532599.15
0.478 0.875491604057 0.195850278427 2.88555555556 1.0 0.223333333333 9.375 3.64055179805 0.525065959693 1430532599.5
0.444 0.873909286145 0.192138184438 3.03111111111 1.0 0.46 9.375 3.64055179805 0.510260692775 1430532599.86
0.496 0.873063267889 0.196367453693 3.11555555556 1.0 0.546666666667 9.375 3.64055179805 0.486159421433 1430532600.23
0.49 0.874576557946 0.199294040215 2.8 1.0 0.664444444444 9.375 3.64055179805 0.505920220098 1430532600.62
0.503 0.874022373782 0.199166511614 2.64666666667 1.0 0.743333333333 9.375 3.64055179805 0.496690618734 1430532601.05
0.468 0.872999474675 0.206841193321 2.55222222222 1.0 0.808888888889 9.375 3.64055179805 0.522043721621 1430532601.41
0.513 0.870031796099 0.204141808444 2.28 1.0 0.873333333333 9.375 3.64055179805 0.520029061542 1430532601.78
0.514 0.867314947379 0.191022515346 2.17222222222 1.0 0.174444444444 8.1875 3.15563737974 0.510139683883 1430532602.15
0.468 0.870752017768 0.188741522157 2.22666666667 1.0 0.528888888889 8.1875 3.15563737974 0.51719252179 1430532602.51
0.468 0.874487244242 0.191089991094 2.34888888889 1.0 0.605555555556 8.1875 3.15563737974 0.492885373645 1430532602.86
0.484 0.876515335215 0.195153598756 2.52333333333 1.0 0.653333333333 8.1875 3.15563737974 0.507108258565 1430532603.3
0.472 0.871816131547 0.195017550501 2.72666666667 1.0 0.695555555556 8.1875 3.15563737974 0.504273789262 1430532603.7
0.489 0.863790189353 0.181854012535 2.75666666667 1.0 0.743333333333 8.1875 3.15563737974 0.467141281971 1430532604.1
0.555 0.866897585638 0.181730271933 2.68444444444 1.0 0.792222222222 8.1875 3.15563737974 0.499670296262 1430532604.49
0.518 0.872595581069 0.194589771415 2.59444444444 1.0 0.843333333333 8.1875 3.15563737974 0.535056713147 1430532604.9
0.472 0.873066655907 0.199861247904 2.27333333333 1.0 0.00444444444444 8.09375 3.18618017249 0.516249891699 1430532605.31
0.502 0.870891234685 0.198964564943 2.16333333333 1.0 0.48 8.09375 3.18618017249 0.50356958877 1430532605.72
0.505 0.867216574424 0.197184293528 2.05444444444 1.0 0.572222222222 8.09375 3.18618017249 0.501587713453 1430532606.12
0.5 0.868036132772 0.194125298757 2.13222222222 1.0 0.647777777778 8.09375 3.18618017249 0.529739399076 1430532606.5
0.517 0.873217091612 0.197298648878 2.26 1.0 0.703333333333 8.09375 3.18618017249 0.527625353484 1430532606.9
0.519 0.875950182626 0.20756084089 2.33 1.0 0.761111111111 8.09375 3.18618017249 0.512987959598 1430532607.28
0.506 0.871852759734 0.213726122955 2.28333333333 1.0 0.822222222222 8.09375 3.18618017249 0.528539150575 1430532607.7
0.551 0.86219470632 0.203773609334 2.32555555556 1.0 0.863333333333 8.09375 3.18618017249 0.514110358932 1430532608.08
0.526 0.860771271116 0.196988721344 2.31222222222 1.0 0.0133333333333 8.046875 3.17819860484 0.499275280655 1430532608.45
0.521 0.865295577506 0.206374181719 2.35666666667 1.0 0.491111111111 8.046875 3.17819860484 0.533686205801 1430532608.86
0.528 0.870548292564 0.215182239671 2.32666666667 1.0 0.604444444444 8.046875 3.17819860484 0.510259992194 1430532609.26
0.498 0.868965477625 0.215554910563 1.99 1.0 0.716666666667 8.046875 3.17819860484 0.525121990193 1430532609.63
0.498 0.861040761488 0.204102937837 1.9 1.0 0.788888888889 8.046875 3.17819860484 0.504774473762 1430532610.04
0.505 0.860161972792 0.19815746988 1.95444444444 1.0 0.843333333333 8.046875 3.17819860484 0.550688106304 1430532610.44
0.496 0.861579300178 0.193150237982 2.06333333333 1.0 0.882222222222 8.046875 3.17819860484 0.516531895954 1430532610.83
0.481 0.869182065622 0.199446594137 2.11555555556 1.0 0.207777777778 7.5234375 2.91854788316 0.547702048182 1430532611.23
0.516 0.876441166007 0.214423588906 2.23 1.0 0.527777777778 7.5234375 2.91854788316 0.552107832547 1430532611.61
0.448 0.87048348318 0.204152360729 2.24777777778 1.0 0.621111111111 7.5234375 2.91854788316 0.560609477566 1430532611.99
0.495 0.864620824774 0.195143235601 2.16444444444 1.0 0.704444444444 7.5234375 2.91854788316 0.49535818881 1430532612.36
0.48 0.865680253133 0.197089452861 2.15222222222 1.0 0.766666666667 7.5234375 2.91854788316 0.479370996075 1430532612.72
0.488 0.865111391799 0.195587896837 2.26333333333 1.0 0.811111111111 7.5234375 2.91854788316 0.478243573052 1430532613.09
0.522 0.862679908963 0.190838044224 2.29666666667 1.0 0.856666666667 7.5234375 2.91854788316 0.471517968492 1430532613.44
0.488 0.872870555418 0.194338491738 2.36555555556 1.0 0.891111111111 7.5234375 2.91854788316 0.490559917105 1430532613.83
0.488 0.878109282092 0.192447197115 2.43444444444 1.0 0.332222222222 7.76171875 2.92119944817 0.512215852576 1430532614.24
0.456 0.87980799939 0.191976190284 2.51555555556 1.0 0.537777777778 7.76171875 2.92119944817 0.560175414763 1430532614.62
0.431 0.875673559198 0.190188470555 2.56 1.0 0.622222222222 7.76171875 2.92119944817 0.540350923218 1430532615.0
0.471 0.874012795281 0.187979439361 2.50888888889 1.0 0.691111111111 7.76171875 2.92119944817 0.535839490801 1430532615.37
0.472 0.873576478224 0.183455092188 2.58222222222 1.0 0.746666666667 7.76171875 2.92119944817 0.560481940333 1430532615.74
0.484 0.87483200547 0.188698255437 2.41888888889 1.0 0.814444444444 7.76171875 2.92119944817 0.530062341406 1430532616.12
0.505 0.874589690208 0.192960047847 2.27444444444 1.0 0.872222222222 7.76171875 2.92119944817 0.526590303326 1430532616.51
0.469 0.874409768827 0.190946799618 2.28555555556 1.0 0.167777777778 7.380859375 2.83662826184 0.530982957005 1430532616.86
0.434 0.878032014047 0.194904218944 2.35222222222 1.0 0.495555555556 7.380859375 2.83662826184 0.551507218085 1430532617.24
0.433 0.879065541182 0.198700987187 2.63888888889 1.0 0.556666666667 7.380859375 2.83662826184 0.537374948409 1430532617.63
0.457 0.875638106991 0.192240006723 2.81777777778 1.0 0.61 7.380859375 2.83662826184 0.542499667932 1430532618.01
0.495 0.875420471852 0.195728044952 2.78777777778 1.0 0.68 7.380859375 2.83662826184 0.527429443661 1430532618.39
0.478 0.871306657814 0.193319819852 2.83111111111 1.0 0.734444444444 7.380859375 2.83662826184 0.504941602183 1430532618.78
0.492 0.870207521125 0.1977106591 2.82777777778 1.0 0.782222222222 7.380859375 2.83662826184 0.529791134689 1430532619.15
0.503 0.867310883254 0.196461670422 2.64 1.0 0.845555555556 7.380859375 2.83662826184 0.484149215555 1430532619.55
0.51 0.866085853706 0.195523230255 2.42666666667 1.0 0.893333333333 7.380859375 2.83662826184 0.483053052536 1430532619.91
0.519 0.868402270638 0.198873447702 2.16444444444 1.0 0.407777777778 8.1904296875 3.07278409781 0.451789635891 1430532620.31
0.533 0.870813750217 0.202651514495 2.03777777778 1.0 0.602222222222 8.1904296875 3.07278409781 0.510569399529 1430532620.68
0.539 0.873259475894 0.214117779429 1.98333333333 1.0 0.693333333333 8.1904296875 3.07278409781 0.498644865565 1430532621.03
0.487 0.870207827997 0.214913960005 1.65888888889 1.0 0.791111111111 8.1904296875 3.07278409781 0.511821696501 1430532621.39
0.511 0.865357485404 0.209065786519 1.68888888889 1.0 0.853333333333 8.1904296875 3.07278409781 0.497321666739 1430532621.8
0.487 0.865048458211 0.202904485793 1.79333333333 1.0 0.898888888889 8.1904296875 3.07278409781 0.482906990039 1430532622.19
0.464 0.867864732599 0.200353663252 1.95444444444 1.0 0.451111111111 7.09521484375 2.65040750892 0.509098669002 1430532622.57
0.486 0.87121874186 0.191917709198 2.12777777778 1.0 0.55 7.09521484375 2.65040750892 0.485489179876 1430532622.96
0.476 0.877158645816 0.181984159261 2.36444444444 1.0 0.617777777778 7.09521484375 2.65040750892 0.55015310268 1430532623.35
0.496 0.881166669471 0.173352826754 2.50444444444 1.0 0.676666666667 7.09521484375 2.65040750892 0.511348590272 1430532623.72
0.463 0.885507138983 0.173897210992 2.56555555556 1.0 0.742222222222 7.09521484375 2.65040750892 0.541590673276 1430532624.09
0.413 0.885515551766 0.173916573926 2.66222222222 1.0 0.79 7.09521484375 2.65040750892 0.515464683601 1430532624.45
0.463 0.887133165129 0.170004146158 2.63555555556 1.0 0.844444444444 7.09521484375 2.65040750892 0.538586345369 1430532624.85
0.454 0.886824373655 0.172403851014 2.58111111111 1.0 0.887777777778 7.09521484375 2.65040750892 0.501136008121 1430532625.22
0.445 0.889397557784 0.177604227191 2.69888888889 1.0 0.267777777778 7.54760742188 2.88877723411 0.490522671681 1430532625.59
0.45 0.887818382457 0.16736045703 2.70444444444 1.0 0.515555555556 7.54760742188 2.88877723411 0.522008902614 1430532625.97
0.471 0.88498573423 0.164208484518 2.85888888889 1.0 0.584444444444 7.54760742188 2.88877723411 0.513012586135 1430532626.33
0.51 0.883656391398 0.165980338634 2.90777777778 1.0 0.66 7.54760742188 2.88877723411 0.501015085659 1430532626.71
0.513 0.882471391146 0.170168787929 2.78222222222 1.0 0.74 7.54760742188 2.88877723411 0.513181709284 1430532627.07
0.471 0.883191427222 0.1763045861 2.96666666667 1.0 0.778888888889 7.54760742188 2.88877723411 0.517796329995 1430532627.45
0.509 0.882492611123 0.179020615739 3.05 1.0 0.816666666667 7.54760742188 2.88877723411 0.562166102111 1430532627.84
0.501 0.878347840768 0.176029565616 2.80555555556 1.0 0.88 7.54760742188 2.88877723411 0.52344147547 1430532628.25
0.498 0.875419686628 0.185536353271 2.80111111111 1.0 0.0166666666667 7.77380371094 3.06081007816 0.504755875731 1430532628.69
0.478 0.874353729283 0.192442194774 2.51777777778 1.0 0.48 7.77380371094 3.06081007816 0.528466351795 1430532629.06
0.494 0.871129726795 0.197965493638 2.51666666667 1.0 0.582222222222 7.77380371094 3.06081007816 0.560202608414 1430532629.44
0.49 0.869961789679 0.205866659088 2.52111111111 1.0 0.654444444444 7.77380371094 3.06081007816 0.550977275456 1430532629.82
0.473 0.866465654851 0.214437903749 2.37666666667 1.0 0.724444444444 7.77380371094 3.06081007816 0.550105753984 1430532630.2
0.491 0.861956739804 0.216546358867 2.4 1.0 0.777777777778 7.77380371094 3.06081007816 0.533853933042 1430532630.53
0.433 0.859946825519 0.222426414465 2.60777777778 1.0 0.8 7.77380371094 3.06081007816 0.564287901494 1430532630.9
0.419 0.85985055095 0.2236954141 2.82888888889 1.0 0.826666666667 7.77380371094 3.06081007816 0.540545237695 1430532631.28
0.432 0.859131451143 0.218686013086 2.91 1.0 0.86 7.77380371094 3.06081007816 0.540808211427 1430532631.65
0.47 0.863842139958 0.221604647036 2.89444444444 1.0 0.888888888889 7.77380371094 3.06081007816 0.544874895646 1430532632.02
0.444 0.867057254344 0.211648917058 2.85777777778 1.0 0.315555555556 8.88690185547 3.30094253469 0.530015187133 1430532632.39
0.479 0.864665065974 0.192980334364 2.55222222222 1.0 0.508888888889 8.88690185547 3.30094253469 0.519915130992 1430532632.78
0.427 0.870933206226 0.190979311655 2.54555555556 1.0 0.585555555556 8.88690185547 3.30094253469 0.548064223856 1430532633.16
0.426 0.878313855544 0.192317328611 2.62888888889 1.0 0.644444444444 8.88690185547 3.30094253469 0.553869871975 1430532633.57
0.454 0.879800930939 0.187245044077 2.79666666667 1.0 0.687777777778 8.88690185547 3.30094253469 0.551234954776 1430532633.98
0.481 0.878145938236 0.179344289942 2.84222222222 1.0 0.736666666667 8.88690185547 3.30094253469 0.566803486199 1430532634.37
0.5 0.877452179143 0.179540710694 2.82222222222 1.0 0.785555555556 8.88690185547 3.30094253469 0.573660134229 1430532634.75
0.48 0.87813898386 0.186783093761 2.68555555556 1.0 0.842222222222 8.88690185547 3.30094253469 0.568304811904 1430532635.15
0.487 0.874626248915 0.181319347529 2.49444444444 1.0 0.893333333333 8.88690185547 3.30094253469 0.582330995268 1430532635.6
0.496 0.877437403534 0.191372087651 2.51888888889 1.0 0.29 8.94345092773 3.44950180972 0.571531687114 1430532635.96
0.479 0.875226900126 0.194110176144 2.61555555556 1.0 0.504444444444 8.94345092773 3.44950180972 0.577067802867 1430532636.36
0.489 0.867918478496 0.189432003233 2.77777777778 1.0 0.576666666667 8.94345092773 3.44950180972 0.572346093457 1430532636.74
0.483 0.86807304975 0.187216051571 2.77888888889 1.0 0.636666666667 8.94345092773 3.44950180972 0.555361234612 1430532637.12
0.495 0.872101729485 0.183277723701 2.90444444444 1.0 0.684444444444 8.94345092773 3.44950180972 0.563123680967 1430532637.51
0.493 0.879998921067 0.185511185999 2.95666666667 1.0 0.724444444444 8.94345092773 3.44950180972 0.595172747643 1430532637.89
0.494 0.88345834091 0.185676709371 3.07777777778 1.0 0.758888888889 8.94345092773 3.44950180972 0.587725727148 1430532638.27
0.497 0.87921254185 0.183138696799 3.00777777778 1.0 0.81 8.94345092773 3.44950180972 0.546440396014 1430532638.69
0.517 0.874793092851 0.177215721767 3.01777777778 1.0 0.843333333333 8.94345092773 3.44950180972 0.526642815903 1430532639.08
0.44 0.877022580312 0.17597707679 2.96111111111 1.0 0.883333333333 8.94345092773 3.44950180972 0.555798257245 1430532639.49
0.45 0.885401613382 0.188615514508 2.95333333333 1.0 0.298888888889 9.47172546387 3.66646340353 0.574072916147 1430532639.88
0.467 0.885138952061 0.18614863167 2.87444444444 1.0 0.49 9.47172546387 3.66646340353 0.576330463143 1430532640.28
0.437 0.879306916934 0.183950156608 2.74888888889 1.0 0.584444444444 9.47172546387 3.66646340353 0.558380788329 1430532640.67
0.455 0.874255678708 0.185261937259 2.64888888889 1.0 0.664444444444 9.47172546387 3.66646340353 0.554816940546 1430532641.07
0.491 0.873072282145 0.193671671815 2.48333333333 1.0 0.741111111111 9.47172546387 3.66646340353 0.544899253459 1430532641.45
0.552 0.872765043843 0.192541098308 2.58 1.0 0.78 9.47172546387 3.66646340353 0.53228734894 1430532641.82
0.5 0.87136315785 0.190598468525 2.49444444444 1.0 0.827777777778 9.47172546387 3.66646340353 0.511676393388 1430532642.22
0.495 0.870424170716 0.193666050069 2.62444444444 1.0 0.866666666667 9.47172546387 3.66646340353 0.498904697013 1430532642.62
0.484 0.870162339095 0.192958969017 2.56222222222 1.0 0.0844444444444 8.73586273193 3.46390022269 0.498109274331 1430532643.0
0.458 0.874268021777 0.197939430304 2.71777777778 1.0 0.458888888889 8.73586273193 3.46390022269 0.562201179768 1430532643.41
0.44 0.875028356958 0.196541862269 2.95666666667 1.0 0.534444444444 8.73586273193 3.46390022269 0.579356185273 1430532643.79
0.456 0.871967300025 0.189649337807 2.88555555556 1.0 0.618888888889 8.73586273193 3.46390022269 0.552859910561 1430532644.2
0.53 0.875145455961 0.191746466484 2.92333333333 1.0 0.678888888889 8.73586273193 3.46390022269 0.52437306688 1430532644.61
0.469 0.877878144646 0.193982900327 2.87 1.0 0.733333333333 8.73586273193 3.46390022269 0.562714609171 1430532645.01
0.5 0.877623947193 0.187750637039 2.49333333333 1.0 0.811111111111 8.73586273193 3.46390022269 0.501625248296 1430532645.4
0.488 0.880654614905 0.18610033317 2.56222222222 1.0 0.843333333333 8.73586273193 3.46390022269 0.543957081432 1430532645.78
0.492 0.884190861109 0.192281545973 2.50333333333 1.0 0.876666666667 8.73586273193 3.46390022269 0.567765732512 1430532646.16
0.502 0.882562770538 0.190059125789 2.51222222222 1.0 0.00444444444444 8.86793136597 3.5252775621 0.563891999564 1430532646.58
0.485 0.875931958787 0.1874646255 2.39555555556 1.0 0.485555555556 8.86793136597 3.5252775621 0.526356470534 1430532646.98
0.491 0.876058202821 0.185066018526 2.50111111111 1.0 0.571111111111 8.86793136597 3.5252775621 0.587061203794 1430532647.39
0.449 0.879383573686 0.18173515318 2.44888888889 1.0 0.635555555556 8.86793136597 3.5252775621 0.587491896024 1430532647.76
0.513 0.882488848056 0.187128450735 2.36444444444 1.0 0.713333333333 8.86793136597 3.5252775621 0.561036581684 1430532648.14
0.504 0.880702738689 0.182154441774 2.38444444444 1.0 0.77 8.86793136597 3.5252775621 0.56417449539 1430532648.51
0.488 0.878961347762 0.172643943055 2.17 1.0 0.854444444444 8.86793136597 3.5252775621 0.536793216566 1430532648.89
0.499 0.881235451302 0.179163643217 2.01555555556 1.0 0.222222222222 7.93396568298 3.05865428207 0.528074476445 1430532649.31
0.495 0.880265998279 0.171768045713 2.07444444444 1.0 0.493333333333 7.93396568298 3.05865428207 0.554385975705 1430532649.69
0.515 0.88285348398 0.172145080589 2.15777777778 1.0 0.588888888889 7.93396568298 3.05865428207 0.534918975832 1430532650.04
0.481 0.885125948694 0.172524460457 2.25444444444 1.0 0.661111111111 7.93396568298 3.05865428207 0.522923051837 1430532650.41
0.466 0.885341759997 0.171844960684 2.34333333333 1.0 0.726666666667 7.93396568298 3.05865428207 0.563018244879 1430532650.79
0.448 0.886069638091 0.177349747279 2.47 1.0 0.778888888889 7.93396568298 3.05865428207 0.578481248927 1430532651.16
0.475 0.886731213725 0.176618112815 2.53111111111 1.0 0.827777777778 7.93396568298 3.05865428207 0.576519624171 1430532651.56
0.446 0.886862251395 0.181514754655 2.55444444444 1.0 0.874444444444 7.93396568298 3.05865428207 0.596418868011 1430532651.96
0.445 0.881607100854 0.180832547496 2.63666666667 1.0 0.244444444444 7.96698284149 3.04878162025 0.58636598871 1430532652.38
0.428 0.877720082072 0.174222299098 2.85222222222 1.0 0.464444444444 7.96698284149 3.04878162025 0.577532934547 1430532652.74
0.447 0.879707157512 0.179360382031 2.88666666667 1.0 0.558888888889 7.96698284149 3.04878162025 0.582796380753 1430532653.12
0.418 0.881991551773 0.176584254016 3.11555555556 1.0 0.601111111111 7.96698284149 3.04878162025 0.573718064681 1430532653.51
0.417 0.884301072373 0.175800782974 3.33777777778 1.0 0.643333333333 7.96698284149 3.04878162025 0.542788623367 1430532653.88
0.453 0.886961543648 0.179264049114 3.32111111111 1.0 0.704444444444 7.96698284149 3.04878162025 0.512079935191 1430532654.26
0.451 0.886080106628 0.183082358058 3.22555555556 1.0 0.764444444444 7.96698284149 3.04878162025 0.503023552705 1430532654.64
0.456 0.8820021697 0.180796409831 2.90111111111 1.0 0.837777777778 7.96698284149 3.04878162025 0.492350167889 1430532655.0
0.414 0.880630298579 0.178388599498 2.89888888889 1.0 0.875555555556 7.96698284149 3.04878162025 0.497702373345 1430532655.38
0.435 0.8825758019 0.177238131871 3.14444444444 1.0 0.887777777778 7.96698284149 3.04878162025 0.517616667389 1430532655.75
0.434 0.882629466922 0.169394486453 3.42 1.0 0.894444444444 7.96698284149 3.04878162025 0.523578016757 1430532656.12
0.445 0.88492498642 0.175630807321 3.35111111111 1.0 0.356666666667 9.48349142075 3.58179139435 0.474489622458 1430532656.54
0.455 0.888259243854 0.175591261882 3.36111111111 1.0 0.511111111111 9.48349142075 3.58179139435 0.477848644973 1430532656.95
0.476 0.885766298838 0.173621338612 3.39333333333 1.0 0.577777777778 9.48349142075 3.58179139435 0.479130584582 1430532657.34
0.422 0.885506054245 0.170044656558 3.49444444444 1.0 0.632222222222 9.48349142075 3.58179139435 0.519543341584 1430532657.7
0.452 0.886679300819 0.171013801513 3.5 1.0 0.684444444444 9.48349142075 3.58179139435 0.503917580244 1430532658.07
0.44 0.884902949134 0.161670285376 3.59444444444 1.0 0.73 9.48349142075 3.58179139435 0.547394461433 1430532658.47
0.417 0.887721511763 0.169565693637 3.49888888889 1.0 0.781111111111 9.48349142075 3.58179139435 0.534519213739 1430532658.84
0.451 0.885253009261 0.173899371002 3.5 1.0 0.816666666667 9.48349142075 3.58179139435 0.531122138547 1430532659.22
0.462 0.884537700359 0.174564168506 3.45444444444 1.0 0.846666666667 9.48349142075 3.58179139435 0.582460707309 1430532659.62
0.463 0.882094813506 0.17500421587 3.34111111111 1.0 0.874444444444 9.48349142075 3.58179139435 0.579547888645 1430532660.0
0.493 0.882808149176 0.171354095256 3.21222222222 1.0 0.0511111111111 9.74174571037 3.81576215893 0.55411590009 1430532660.4
0.473 0.883119333172 0.172977049921 3.08444444444 1.0 0.451111111111 9.74174571037 3.81576215893 0.561425113084 1430532660.8
0.463 0.883884719877 0.172023550106 3.12 1.0 0.533333333333 9.74174571037 3.81576215893 0.566635698155 1430532661.18
0.416 0.886617715048 0.168980156157 3.25777777778 1.0 0.6 9.74174571037 3.81576215893 0.585457740894 1430532661.56
0.438 0.889380226113 0.16471630029 3.29555555556 1.0 0.658888888889 9.74174571037 3.81576215893 0.57119092524 1430532661.92
0.45 0.892312579865 0.165568975592 3.28111111111 1.0 0.717777777778 9.74174571037 3.81576215893 0.581564844799 1430532662.32
0.473 0.891221983426 0.168959996508 3.06333333333 1.0 0.782222222222 9.74174571037 3.81576215893 0.570158030308 1430532662.72
0.476 0.886109440434 0.169521882754 2.89 1.0 0.836666666667 9.74174571037 3.81576215893 0.554006064594 1430532663.11
0.434 0.882535709853 0.165233700267 2.77555555556 1.0 0.877777777778 9.74174571037 3.81576215893 0.55858533254 1430532663.48
0.474 0.882586811024 0.164761903615 2.81111111111 1.0 0.05 9.37087285519 3.64333313539 0.541155220425 1430532663.84
0.49 0.887271595151 0.166074088687 2.71777777778 1.0 0.493333333333 9.37087285519 3.64333313539 0.525997030497 1430532664.22
0.491 0.889507519027 0.165965957834 2.67444444444 1.0 0.596666666667 9.37087285519 3.64333313539 0.58329566994 1430532664.61
0.462 0.891283383968 0.16394078992 2.73222222222 1.0 0.66 9.37087285519 3.64333313539 0.581774474505 1430532665.0
0.521 0.889544874182 0.161526566765 2.73444444444 1.0 0.715555555556 9.37087285519 3.64333313539 0.587728616618 1430532665.36
0.481 0.888155452584 0.169755337665 2.66555555556 1.0 0.773333333333 9.37087285519 3.64333313539 0.568025904854 1430532665.73
0.458 0.883862162338 0.172380523146 2.71777777778 1.0 0.812222222222 9.37087285519 3.64333313539 0.561744622927 1430532666.12
0.502 0.879681044224 0.171742435698 2.46333333333 1.0 0.865555555556 9.37087285519 3.64333313539 0.54307141416 1430532666.48
0.501 0.880839195009 0.17034179658 2.33444444444 1.0 0.02 8.68543642759 3.32757756032 0.54918893422 1430532666.84
0.477 0.884871273229 0.173419225166 2.46888888889 1.0 0.443333333333 8.68543642759 3.32757756032 0.599488589668 1430532667.21
0.48 0.886047699312 0.184386286282 2.59222222222 1.0 0.56 8.68543642759 3.32757756032 0.581409419236 1430532667.62
0.499 0.879525956793 0.184081413604 2.63 1.0 0.64 8.68543642759 3.32757756032 0.591014414719 1430532668.01
0.53 0.874135871903 0.179992273933 2.44333333333 1.0 0.716666666667 8.68543642759 3.32757756032 0.554899807073 1430532668.41
0.486 0.8741807964 0.190098071824 2.17777777778 1.0 0.793333333333 8.68543642759 3.32757756032 0.562121414146 1430532668.8
0.505 0.876239282859 0.203833076485 2.06777777778 1.0 0.857777777778 8.68543642759 3.32757756032 0.559931550458 1430532669.19
0.536 0.872457416933 0.200921967638 2.0 1.0 0.0344444444444 7.8427182138 3.03015075583 0.543934499429 1430532669.59
0.565 0.870473045285 0.201408093088 1.87666666667 1.0 0.544444444444 7.8427182138 3.03015075583 0.515782007901 1430532669.95
0.564 0.868493117988 0.196804419312 1.93222222222 1.0 0.647777777778 7.8427182138 3.03015075583 0.519870144685 1430532670.31
0.521 0.866055220596 0.187842680033 1.97555555556 1.0 0.708888888889 7.8427182138 3.03015075583 0.504581524228 1430532670.63
0.505 0.872606757913 0.184515497198 2.05333333333 1.0 0.765555555556 7.8427182138 3.03015075583 0.507820064206 1430532670.99
0.477 0.883162854838 0.196132349865 2.21111111111 1.0 0.81 7.8427182138 3.03015075583 0.537455327021 1430532671.37
0.445 0.883843385478 0.20028729804 2.21777777778 1.0 0.861111111111 7.8427182138 3.03015075583 0.5338211532 1430532671.75
0.514 0.873830160281 0.189211691869 2.29777777778 1.0 0.887777777778 7.8427182138 3.03015075583 0.516259425694 1430532672.14
0.511 0.870221482121 0.192208532799 2.09777777778 1.0 0.344444444444 7.9213591069 2.91503637264 0.488250659217 1430532672.56
0.537 0.870249211912 0.192872517559 2.16222222222 1.0 0.554444444444 7.9213591069 2.91503637264 0.527815824441 1430532672.92
0.462 0.872492743893 0.195268337236 2.17555555556 1.0 0.633333333333 7.9213591069 2.91503637264 0.537927343983 1430532673.3
0.478 0.877363138493 0.203972606248 2.26222222222 1.0 0.703333333333 7.9213591069 2.91503637264 0.512121743626 1430532673.71
0.509 0.87494944428 0.202206702362 2.43333333333 1.0 0.745555555556 7.9213591069 2.91503637264 0.513775219718 1430532674.07
0.531 0.870557521891 0.197140507436 2.42222222222 1.0 0.791111111111 7.9213591069 2.91503637264 0.501427752093 1430532674.46
0.483 0.867568874574 0.187105354527 2.49444444444 1.0 0.834444444444 7.9213591069 2.91503637264 0.541576324019 1430532674.83
0.479 0.87304476222 0.188370141976 2.54666666667 1.0 0.871111111111 7.9213591069 2.91503637264 0.537264062008 1430532675.21
0.523 0.876104483717 0.182554429729 2.71 1.0 0.884444444444 7.9213591069 2.91503637264 0.541421462962 1430532675.6
0.449 0.879727103421 0.185877555948 2.77222222222 1.0 0.271111111111 8.46067955345 3.18956812833 0.540351296011 1430532676.0
0.448 0.879879072195 0.192432673827 2.90777777778 1.0 0.49 8.46067955345 3.18956812833 0.553527479289 1430532676.37
0.47 0.876947835426 0.193036671151 2.80888888889 1.0 0.593333333333 8.46067955345 3.18956812833 0.551760971691 1430532676.74
0.464 0.87603988856 0.204606143633 2.63444444444 1.0 0.68 8.46067955345 3.18956812833 0.54403554909 1430532677.11
0.455 0.872348090414 0.211511719715 2.73222222222 1.0 0.732222222222 8.46067955345 3.18956812833 0.557601681798 1430532677.49
0.471 0.866042510948 0.21761476602 2.7 1.0 0.787777777778 8.46067955345 3.18956812833 0.544787762965 1430532677.88
0.508 0.854278422496 0.208423702739 2.64 1.0 0.838888888889 8.46067955345 3.18956812833 0.530075022515 1430532678.27
0.485 0.856294316251 0.205308589735 2.49 1.0 0.887777777778 8.46067955345 3.18956812833 0.534209770887 1430532678.65
0.509 0.862182251984 0.205567177494 2.40777777778 1.0 0.341111111111 8.23033977672 3.11056057917 0.548063810215 1430532679.02
0.498 0.867241375263 0.193645832234 2.33555555556 1.0 0.554444444444 8.23033977672 3.11056057917 0.554460141535 1430532679.38
0.512 0.871711429668 0.183864515655 2.17333333333 1.0 0.646666666667 8.23033977672 3.11056057917 0.540244435802 1430532679.76
0.502 0.879750283697 0.192981569897 2.24888888889 1.0 0.707777777778 8.23033977672 3.11056057917 0.563069815468 1430532680.15
0.528 0.878583360939 0.189684363762 2.14555555556 1.0 0.778888888889 8.23033977672 3.11056057917 0.55756085964 1430532680.54
0.525 0.876079017703 0.18782359256 1.98444444444 1.0 0.838888888889 8.23033977672 3.11056057917 0.555623062927 1430532680.93
0.5 0.874136049247 0.181673482136 2.1 1.0 0.87 8.23033977672 3.11056057917 0.573022280293 1430532681.33
0.499 0.876106201625 0.182076886734 2.32888888889 1.0 0.887777777778 8.23033977672 3.11056057917 0.575293657223 1430532681.72
0.483 0.882410076683 0.192861802596 2.47777777778 1.0 0.263333333333 8.11516988836 3.09154089445 0.592166338816 1430532682.08
0.46 0.879285827327 0.201854156859 2.51222222222 1.0 0.52 8.11516988836 3.09154089445 0.556214564594 1430532682.47
0.503 0.871273195146 0.198967887718 2.30777777778 1.0 0.632222222222 8.11516988836 3.09154089445 0.554624334874 1430532682.88
0.479 0.866114147969 0.200443939661 2.31333333333 1.0 0.708888888889 8.11516988836 3.09154089445 0.532408273273 1430532683.27
0.436 0.866957245443 0.200831448752 2.39555555556 1.0 0.766666666667 8.11516988836 3.09154089445 0.526974941511 1430532683.69
0.416 0.867455707034 0.2009228 2.34222222222 1.0 0.835555555556 8.11516988836 3.09154089445 0.549746060997 1430532684.1
0.448 0.86971374201 0.199101901756 2.42444444444 1.0 0.872222222222 8.11516988836 3.09154089445 0.537843441061 1430532684.46
0.438 0.869361456032 0.194678461009 2.75333333333 1.0 0.885555555556 8.11516988836 3.09154089445 0.549329063044 1430532684.83
0.462 0.870618378583 0.191579325744 2.85777777778 1.0 0.345555555556 8.05758494418 3.09089438197 0.539869810871 1430532685.23
0.454 0.873863148246 0.198070860454 2.90888888889 1.0 0.517777777778 8.05758494418 3.09089438197 0.541350277138 1430532685.6
0.469 0.873231064413 0.197681121981 2.92777777778 1.0 0.593333333333 8.05758494418 3.09089438197 0.531867807012 1430532685.95
0.508 0.872927647698 0.202225693076 2.70666666667 1.0 0.672222222222 8.05758494418 3.09089438197 0.524042827893 1430532686.29
0.475 0.876019077675 0.208750484067 2.85111111111 1.0 0.713333333333 8.05758494418 3.09089438197 0.517779411549 1430532686.65
0.489 0.873783406635 0.199003843556 2.86666666667 1.0 0.757777777778 8.05758494418 3.09089438197 0.516093921134 1430532686.98
0.498 0.874955140237 0.194448420981 2.90777777778 1.0 0.801111111111 8.05758494418 3.09089438197 0.542332339997 1430532687.38
0.489 0.876468483188 0.188004640309 2.52555555556 1.0 0.878888888889 8.05758494418 3.09089438197 0.50371988061 1430532687.76
0.479 0.878310916009 0.180155216419 2.58222222222 1.0 0.27 8.02879247209 3.01582368253 0.503153550495 1430532688.11
0.446 0.882530380032 0.174261772465 2.81666666667 1.0 0.49 8.02879247209 3.01582368253 0.512984163779 1430532688.46
0.434 0.887749407936 0.163920058876 3.02777777778 1.0 0.555555555556 8.02879247209 3.01582368253 0.535132640411 1430532688.84
0.454 0.891243032242 0.162467065984 3.34888888889 1.0 0.593333333333 8.02879247209 3.01582368253 0.552438486077 1430532689.23
0.461 0.895227214549 0.167316165157 3.47444444444 1.0 0.64 8.02879247209 3.01582368253 0.540436491133 1430532689.62
0.476 0.893299104425 0.166015309179 3.70777777778 1.0 0.673333333333 8.02879247209 3.01582368253 0.564180603109 1430532690.03
0.491 0.889225623989 0.16287252455 3.28222222222 1.0 0.746666666667 8.02879247209 3.01582368253 0.511500735436 1430532690.4
0.425 0.891723670712 0.168643480486 3.26555555556 1.0 0.801111111111 8.02879247209 3.01582368253 0.515253825335 1430532690.77
0.485 0.889680256064 0.167052366938 3.21222222222 1.0 0.842222222222 8.02879247209 3.01582368253 0.534190747665 1430532691.16
0.454 0.889481505171 0.168410827601 3.28444444444 1.0 0.87 8.02879247209 3.01582368253 0.531211757249 1430532691.53
0.453 0.890909751068 0.171042257294 3.37333333333 1.0 0.887777777778 8.02879247209 3.01582368253 0.532501723374 1430532691.92
0.439 0.891560084768 0.176190580196 3.23 1.0 0.235555555556 9.51439623605 3.6041517657 0.546306080153 1430532692.3
0.465 0.890766761265 0.181310383013 3.19555555556 1.0 0.477777777778 9.51439623605 3.6041517657 0.534590291113 1430532692.66
0.456 0.883087361408 0.177741396712 3.18888888889 1.0 0.551111111111 9.51439623605 3.6041517657 0.545156933935 1430532693.02
0.45 0.880408501533 0.178011863187 3.38888888889 1.0 0.6 9.51439623605 3.6041517657 0.531274833194 1430532693.42
0.424 0.879617077592 0.175483412193 3.36111111111 1.0 0.661111111111 9.51439623605 3.6041517657 0.54138212957 1430532693.78
0.429 0.884017869542 0.187833450515 3.45888888889 1.0 0.71 9.51439623605 3.6041517657 0.52708642923 1430532694.14
0.41 0.88340196031 0.186708043888 3.59777777778 1.0 0.744444444444 9.51439623605 3.6041517657 0.517184351521 1430532694.49
0.425 0.88272555384 0.19262437171 3.82222222222 1.0 0.771111111111 9.51439623605 3.6041517657 0.505848585423 1430532694.86
0.431 0.879575938727 0.199357761039 3.74444444444 1.0 0.804444444444 9.51439623605 3.6041517657 0.511556019499 1430532695.24
0.486 0.875133254162 0.192979059288 3.75111111111 1.0 0.827777777778 9.51439623605 3.6041517657 0.498596947357 1430532695.59
0.49 0.874098962352 0.185604649407 3.40111111111 1.0 0.871111111111 9.51439623605 3.6041517657 0.504791696271 1430532695.94
0.455 0.876855468938 0.183709489059 3.39111111111 1.0 0.894444444444 9.51439623605 3.6041517657 0.515892750396 1430532696.32
0.455 0.880778766849 0.190025648901 3.29666666667 1.0 0.375555555556 10.757198118 3.96081688016 0.529111415646 1430532696.7
0.449 0.883537083544 0.187363290047 3.19222222222 1.0 0.53 10.757198118 3.96081688016 0.535604380746 1430532697.08
0.455 0.881796507544 0.18220623126 3.17888888889 1.0 0.601111111111 10.757198118 3.96081688016 0.518728396576 1430532697.46
0.428 0.884388147587 0.179805935223 3.21333333333 1.0 0.657777777778 10.757198118 3.96081688016 0.536006169023 1430532697.86
0.431 0.883750351149 0.173586445513 3.24333333333 1.0 0.713333333333 10.757198118 3.96081688016 0.503653399279 1430532698.25
0.432 0.883147086553 0.179919506238 3.47222222222 1.0 0.74 10.757198118 3.96081688016 0.521463822124 1430532698.66
0.474 0.880834060937 0.175874371793 3.70888888889 1.0 0.754444444444 10.757198118 3.96081688016 0.530954699569 1430532699.06
0.468 0.878740493858 0.167472054012 3.59222222222 1.0 0.787777777778 10.757198118 3.96081688016 0.497444618332 1430532699.46
0.502 0.886730906556 0.173224558451 3.56444444444 1.0 0.818888888889 10.757198118 3.96081688016 0.509542428748 1430532699.85
0.502 0.889159687715 0.174970228304 3.29555555556 1.0 0.852222222222 10.757198118 3.96081688016 0.474864024206 1430532700.25
0.486 0.885435509956 0.178682413011 3.11888888889 1.0 0.89 10.757198118 3.96081688016 0.47907005449 1430532700.63
0.474 0.881818336998 0.184981868335 3.13 1.0 0.344444444444 10.878599059 4.16539693877 0.48595519233 1430532701.03
0.502 0.875430334548 0.184173963319 3.19222222222 1.0 0.566666666667 10.878599059 4.16539693877 0.485431100235 1430532701.41
0.514 0.871133769338 0.183253622243 3.18 1.0 0.647777777778 10.878599059 4.16539693877 0.442739135902 1430532701.8
0.51 0.872504578697 0.199817971701 3.10444444444 1.0 0.705555555556 10.878599059 4.16539693877 0.475648387446 1430532702.21
0.487 0.87017407136 0.197690267175 3.04222222222 1.0 0.757777777778 10.878599059 4.16539693877 0.493006276203 1430532702.59
0.504 0.871150163172 0.202166312275 2.95 1.0 0.813333333333 10.878599059 4.16539693877 0.482643695653 1430532702.98
0.465 0.87299473868 0.201814757716 2.90777777778 1.0 0.854444444444 10.878599059 4.16539693877 0.463357403568 1430532703.37
0.467 0.871739263642 0.199998662238 2.80666666667 1.0 0.884444444444 10.878599059 4.16539693877 0.477119582998 1430532703.75
0.484 0.870179458945 0.201433959822 2.61333333333 1.0 0.396666666667 9.43929952951 3.61369896434 0.462001902652 1430532704.12
0.528 0.872977109646 0.202864214892 2.39888888889 1.0 0.588888888889 9.43929952951 3.61369896434 0.449201581525 1430532704.46
0.503 0.872261663524 0.198931721304 2.13 1.0 0.694444444444 9.43929952951 3.61369896434 0.422050260799 1430532704.87
0.479 0.873866276736 0.201228569904 2.25888888889 1.0 0.75 9.43929952951 3.61369896434 0.456804203213 1430532705.25
0.486 0.873801577252 0.191822937329 2.27222222222 1.0 0.811111111111 9.43929952951 3.61369896434 0.496532806071 1430532705.63
0.464 0.874173269574 0.18533392973 2.41555555556 1.0 0.847777777778 9.43929952951 3.61369896434 0.500829742949 1430532706.03
0.484 0.876132118765 0.186637726001 2.60888888889 1.0 0.875555555556 9.43929952951 3.61369896434 0.513895089372 1430532706.41
0.494 0.880574584633 0.191497027438 2.72555555556 1.0 0.144444444444 8.21964976475 3.21241402876 0.487314680362 1430532706.79
0.46 0.879174369545 0.183236390191 2.7 1.0 0.501111111111 8.21964976475 3.21241402876 0.528137653981 1430532707.19
0.475 0.875160834874 0.184227827882 2.75777777778 1.0 0.59 8.21964976475 3.21241402876 0.496851638836 1430532707.59
0.507 0.872423952389 0.178862575426 2.82111111111 1.0 0.648888888889 8.21964976475 3.21241402876 0.501728516056 1430532707.98
0.488 0.872732698187 0.181808275619 2.95333333333 1.0 0.694444444444 8.21964976475 3.21241402876 0.495960840684 1430532708.37
0.493 0.876810335569 0.180705393817 2.83666666667 1.0 0.755555555556 8.21964976475 3.21241402876 0.503495614961 1430532708.77
0.454 0.87962692398 0.185111802779 2.97888888889 1.0 0.793333333333 8.21964976475 3.21241402876 0.505513723578 1430532709.17
0.461 0.881338672478 0.190293308033 3.09555555556 1.0 0.822222222222 8.21964976475 3.21241402876 0.476233204995 1430532709.57
0.456 0.879731039065 0.191330712548 3.05888888889 1.0 0.865555555556 8.21964976475 3.21241402876 0.518250627402 1430532709.95
0.451 0.878044294009 0.184018658645 2.90666666667 1.0 0.895555555556 8.21964976475 3.21241402876 0.552162969924 1430532710.36
0.46 0.877441799178 0.176656821288 2.81111111111 1.0 0.431111111111 9.10982488238 3.49544656401 0.547317128637 1430532710.76
0.421 0.880355100172 0.174738455477 2.67111111111 1.0 0.532222222222 9.10982488238 3.49544656401 0.569965097497 1430532711.17
0.417 0.882611563158 0.170059392567 2.60888888889 1.0 0.616666666667 9.10982488238 3.49544656401 0.593550532869 1430532711.55
0.447 0.881569146523 0.171046073588 2.88222222222 1.0 0.654444444444 9.10982488238 3.49544656401 0.588413780844 1430532711.9
0.45 0.881708091617 0.168085931531 2.83555555556 1.0 0.716666666667 9.10982488238 3.49544656401 0.541310195051 1430532712.28
0.506 0.87895388683 0.165973490644 2.77444444444 1.0 0.762222222222 9.10982488238 3.49544656401 0.547679277271 1430532712.66
0.49 0.882848014565 0.164509788546 2.55111111111 1.0 0.826666666667 9.10982488238 3.49544656401 0.552526215068 1430532713.05
0.472 0.884400538733 0.171869403849 2.51333333333 1.0 0.871111111111 9.10982488238 3.49544656401 0.578216651131 1430532713.41
0.447 0.880666141585 0.171982060474 2.37666666667 1.0 0.115555555556 8.55491244119 3.37385422054 0.541906754795 1430532713.79
0.49 0.882729549865 0.181145060676 2.28888888889 1.0 0.515555555556 8.55491244119 3.37385422054 0.533591262864 1430532714.17
0.494 0.880366668508 0.183898831758 2.37 1.0 0.607777777778 8.55491244119 3.37385422054 0.550990544306 1430532714.53
0.499 0.874362828055 0.189185515474 2.48 1.0 0.674444444444 8.55491244119 3.37385422054 0.564083469645 1430532714.9
0.536 0.870962816456 0.189734490687 2.64777777778 1.0 0.722222222222 8.55491244119 3.37385422054 0.535048622685 1430532715.28
0.549 0.86978063415 0.193338407674 2.40888888889 1.0 0.807777777778 8.55491244119 3.37385422054 0.523859845375 1430532715.67
0.487 0.868894602423 0.198713693559 2.27333333333 1.0 0.864444444444 8.55491244119 3.37385422054 0.515903811232 1430532716.06
0.513 0.870666625841 0.199776098607 2.09222222222 1.0 0.251111111111 7.77745622059 2.96880021723 0.509989956307 1430532716.43
0.534 0.871858087225 0.201044296812 2.06222222222 1.0 0.553333333333 7.77745622059 2.96880021723 0.513168115979 1430532716.8
0.479 0.873443151332 0.193485556148 2.08111111111 1.0 0.646666666667 7.77745622059 2.96880021723 0.518601749008 1430532717.18
0.45 0.874897726036 0.191479311525 2.13777777778 1.0 0.714444444444 7.77745622059 2.96880021723 0.553485198868 1430532717.57
0.483 0.877474593355 0.189059122912 2.26333333333 1.0 0.765555555556 7.77745622059 2.96880021723 0.549720128464 1430532717.94
0.507 0.878947524738 0.189224321866 2.39111111111 1.0 0.813333333333 7.77745622059 2.96880021723 0.535223758424 1430532718.32
0.505 0.878909176947 0.185931949727 2.31777777778 1.0 0.868888888889 7.77745622059 2.96880021723 0.547860371816 1430532718.69
0.484 0.881919795698 0.179946135378 2.33555555556 1.0 0.1 7.3887281103 2.85023053006 0.522193703981 1430532719.09
0.485 0.88530401419 0.182888913077 2.44444444444 1.0 0.448888888889 7.3887281103 2.85023053006 0.568228542435 1430532719.47
0.444 0.883952122498 0.169673518129 2.65555555556 1.0 0.531111111111 7.3887281103 2.85023053006 0.590671156823 1430532719.86
0.449 0.885068670819 0.169803029357 2.82555555556 1.0 0.585555555556 7.3887281103 2.85023053006 0.572003972436 1430532720.26
0.455 0.887233613901 0.179188263755 2.85222222222 1.0 0.654444444444 7.3887281103 2.85023053006 0.572361215572 1430532720.64
0.481 0.885049431189 0.178522921063 2.89333333333 1.0 0.71 7.3887281103 2.85023053006 0.525330196085 1430532721.02
0.461 0.881558794054 0.179929489305 2.85111111111 1.0 0.764444444444 7.3887281103 2.85023053006 0.55411666917 1430532721.39
0.484 0.880941325818 0.183090923765 2.89777777778 1.0 0.803333333333 7.3887281103 2.85023053006 0.547163223071 1430532721.78
0.504 0.879549314758 0.187845769964 2.74888888889 1.0 0.86 7.3887281103 2.85023053006 0.49497879755 1430532722.16
0.478 0.876848324935 0.181228821854 2.75333333333 1.0 0.887777777778 7.3887281103 2.85023053006 0.520691637209 1430532722.52
0.521 0.875615461996 0.184387472488 2.70222222222 1.0 0.254444444444 8.69436405515 3.27019874014 0.530385158569 1430532722.88
0.511 0.877090147481 0.189901812783 2.77444444444 1.0 0.497777777778 8.69436405515 3.27019874014 0.545945235058 1430532723.25
0.464 0.876919318686 0.191773417101 2.84666666667 1.0 0.57 8.69436405515 3.27019874014 0.550110321321 1430532723.64
0.43 0.875153786558 0.190539004357 2.70555555556 1.0 0.645555555556 8.69436405515 3.27019874014 0.549614777469 1430532724.04
0.42 0.876865821824 0.187955629217 2.83666666667 1.0 0.684444444444 8.69436405515 3.27019874014 0.572335890713 1430532724.41
0.416 0.877225693433 0.189525965683 3.16222222222 1.0 0.707777777778 8.69436405515 3.27019874014 0.607070963032 1430532724.79
0.399 0.87703685215 0.187774497378 3.31666666667 1.0 0.742222222222 8.69436405515 3.27019874014 0.562067839343 1430532725.2
0.413 0.88113788874 0.178634164285 3.44888888889 1.0 0.78 8.69436405515 3.27019874014 0.559260438108 1430532725.56
0.452 0.881714407292 0.165998457915 3.51111111111 1.0 0.825555555556 8.69436405515 3.27019874014 0.522685613077 1430532725.93
0.43 0.88607838317 0.154656422764 3.30777777778 1.0 0.884444444444 8.69436405515 3.27019874014 0.55103300175 1430532726.29
0.43 0.895109654237 0.158611206518 3.32333333333 1.0 0.142222222222 9.34718202757 3.56322642047 0.552656206941 1430532726.68
0.381 0.898778623194 0.157861898876 3.44888888889 1.0 0.407777777778 9.34718202757 3.56322642047 0.551854048642 1430532727.08
0.398 0.89749461271 0.155368809366 3.65555555556 1.0 0.473333333333 9.34718202757 3.56322642047 0.547285990859 1430532727.47
0.416 0.892737263518 0.151392811088 3.80222222222 1.0 0.522222222222 9.34718202757 3.56322642047 0.543035042893 1430532727.85
0.42 0.892441127551 0.152106913159 4.0 1.0 0.567777777778 9.34718202757 3.56322642047 0.530489793258 1430532728.25
0.436 0.893865161165 0.153527114082 3.99666666667 1.0 0.626666666667 9.34718202757 3.56322642047 0.525971139109 1430532728.62
0.446 0.891226649969 0.160158342692 4.15111111111 1.0 0.674444444444 9.34718202757 3.56322642047 0.589939262899 1430532728.99
0.458 0.889090354816 0.16535570979 3.88888888889 1.0 0.753333333333 9.34718202757 3.56322642047 0.539043233884 1430532729.37
0.429 0.890450917643 0.169714510133 3.68444444444 1.0 0.808888888889 9.34718202757 3.56322642047 0.552533941701 1430532729.77
0.406 0.889514701951 0.17293643057 3.56555555556 1.0 0.845555555556 9.34718202757 3.56322642047 0.541758883719 1430532730.16
0.415 0.885369775968 0.167857903387 3.52222222222 1.0 0.875555555556 9.34718202757 3.56322642047 0.531155047727 1430532730.55
0.45 0.884081184871 0.175429961664 3.13666666667 1.0 0.318888888889 10.1735910138 3.84508774618 0.540401678681 1430532730.95
0.476 0.879631732691 0.173872737865 3.01333333333 1.0 0.513333333333 10.1735910138 3.84508774618 0.525594449381 1430532731.32
0.443 0.878849282122 0.17569901894 3.04111111111 1.0 0.587777777778 10.1735910138 3.84508774618 0.524239065677 1430532731.67
0.455 0.877975607216 0.178125021541 3.17888888889 1.0 0.634444444444 10.1735910138 3.84508774618 0.543320702376 1430532732.02
0.471 0.881970382957 0.190597348058 3.05333333333 1.0 0.71 10.1735910138 3.84508774618 0.538511525558 1430532732.41
0.466 0.882244469047 0.194537087999 3.05444444444 1.0 0.758888888889 10.1735910138 3.84508774618 0.524786584785 1430532732.8
0.513 0.875584228897 0.193134074641 2.80777777778 1.0 0.813333333333 10.1735910138 3.84508774618 0.533009172005 1430532733.19
0.499 0.871595408632 0.184402577643 2.71 1.0 0.855555555556 10.1735910138 3.84508774618 0.529001288676 1430532733.58
0.487 0.877655050367 0.183293524226 2.87888888889 1.0 0.88 10.1735910138 3.84508774618 0.544507142114 1430532733.96
0.47 0.882343803012 0.18303719299 2.84444444444 1.0 0.0533333333333 9.58679550689 3.71984135081 0.577777250262 1430532734.34
0.456 0.885056607228 0.184065926812 2.89 1.0 0.46 9.58679550689 3.71984135081 0.614298978545 1430532734.73
0.48 0.882445170726 0.172974468908 3.0 1.0 0.544444444444 9.58679550689 3.71984135081 0.620522237997 1430532735.1
0.463 0.880058399304 0.159281701537 2.88333333333 1.0 0.623333333333 9.58679550689 3.71984135081 0.576777667685 1430532735.46
0.452 0.890650182967 0.158765042516 2.95222222222 1.0 0.682222222222 9.58679550689 3.71984135081 0.580584854474 1430532735.87
0.422 0.896542047265 0.157341840211 2.95777777778 1.0 0.731111111111 9.58679550689 3.71984135081 0.58289264898 1430532736.26
0.429 0.894511824629 0.157786651894 2.85222222222 1.0 0.796666666667 9.58679550689 3.71984135081 0.549726381043 1430532736.63
0.445 0.891048715614 0.163066334042 2.91777777778 1.0 0.84 9.58679550689 3.71984135081 0.545701215529 1430532737.0
0.447 0.889993797942 0.176331246885 2.94222222222 1.0 0.873333333333 9.58679550689 3.71984135081 0.594472740965 1430532737.4
0.471 0.885644835384 0.183247326878 2.85666666667 1.0 0.12 9.29339775345 3.56615977968 0.578874426611 1430532737.78
0.48 0.878044084335 0.182530910094 2.77444444444 1.0 0.45 9.29339775345 3.56615977968 0.53975294298 1430532738.19
0.471 0.872670729939 0.183930316354 2.61666666667 1.0 0.561111111111 9.29339775345 3.56615977968 0.511718741278 1430532738.57
0.48 0.873894443517 0.193285243712 2.57888888889 1.0 0.632222222222 9.29339775345 3.56615977968 0.521650562935 1430532738.96
0.468 0.875341066797 0.197243938696 2.79 1.0 0.674444444444 9.29339775345 3.56615977968 0.550396766658 1430532739.35
0.5 0.873950454601 0.196930324384 2.85333333333 1.0 0.722222222222 9.29339775345 3.56615977968 0.535001094426 1430532739.76
0.518 0.873722342066 0.194071116685 2.74333333333 1.0 0.785555555556 9.29339775345 3.56615977968 0.545997423732 1430532740.14
0.481 0.875945952016 0.193222407339 2.78555555556 1.0 0.82 9.29339775345 3.56615977968 0.568019855201 1430532740.51
0.505 0.87585312731 0.1824688914 2.69555555556 1.0 0.863333333333 9.29339775345 3.56615977968 0.576413723223 1430532740.88
0.488 0.879094960505 0.17700290357 2.49222222222 1.0 0.172222222222 9.14669887672 3.51584043843 0.609633351311 1430532741.27
0.485 0.88425147775 0.171682080042 2.46777777778 1.0 0.495555555556 9.14669887672 3.51584043843 0.611963607221 1430532741.65
0.45 0.887517343249 0.161639006149 2.38 1.0 0.596666666667 9.14669887672 3.51584043843 0.627031999818 1430532742.04
0.494 0.892923097456 0.155077697323 2.29333333333 1.0 0.684444444444 9.14669887672 3.51584043843 0.602890528753 1430532742.42
0.479 0.897550075552 0.156610233675 2.29555555556 1.0 0.747777777778 9.14669887672 3.51584043843 0.627942189141 1430532742.78
0.414 0.898146454018 0.157184938879 2.27 1.0 0.814444444444 9.14669887672 3.51584043843 0.626430974123 1430532743.17
0.416 0.892998368451 0.151860795509 2.42888888889 1.0 0.853333333333 9.14669887672 3.51584043843 0.590295946542 1430532743.58
0.452 0.891817085927 0.153389951175 2.77444444444 1.0 0.87 9.14669887672 3.51584043843 0.585342519119 1430532743.93
0.432 0.894000052028 0.161631394722 2.99777777778 1.0 0.888888888889 9.14669887672 3.51584043843 0.598783866037 1430532744.33
0.445 0.894275586847 0.166265150165 2.89111111111 1.0 0.285555555556 9.07334943836 3.41919167212 0.612145301182 1430532744.7
0.448 0.893163283554 0.172543499677 2.74666666667 1.0 0.48 9.07334943836 3.41919167212 0.580719557375 1430532745.1
0.438 0.887948190019 0.172373553833 2.64333333333 1.0 0.583333333333 9.07334943836 3.41919167212 0.573358258225 1430532745.48
0.454 0.882510717713 0.1679821091 2.64111111111 1.0 0.66 9.07334943836 3.41919167212 0.590826433969 1430532745.82
0.448 0.881993104503 0.165581776778 2.83222222222 1.0 0.704444444444 9.07334943836 3.41919167212 0.578999812235 1430532746.22
0.485 0.885017869814 0.166871728527 2.93222222222 1.0 0.755555555556 9.07334943836 3.41919167212 0.614533118858 1430532746.57
0.49 0.887806619016 0.170224628279 2.82444444444 1.0 0.82 9.07334943836 3.41919167212 0.624270514636 1430532746.93
0.482 0.887148056166 0.174241772885 2.61888888889 1.0 0.878888888889 9.07334943836 3.41919167212 0.594816759514 1430532747.32
0.452 0.883641932132 0.176511203206 2.71111111111 1.0 0.261111111111 8.53667471918 3.22663585033 0.589906755452 1430532747.69
0.426 0.881398334121 0.178618689548 2.76666666667 1.0 0.484444444444 8.53667471918 3.22663585033 0.61025087121 1430532748.08
0.482 0.878492213485 0.175895311594 2.85111111111 1.0 0.574444444444 8.53667471918 3.22663585033 0.597102254978 1430532748.42
0.5 0.881337421408 0.184258860787 2.87888888889 1.0 0.645555555556 8.53667471918 3.22663585033 0.596762090296 1430532748.81
0.48 0.880495335376 0.192273193683 2.80666666667 1.0 0.721111111111 8.53667471918 3.22663585033 0.591036451764 1430532749.23
0.443 0.878048022787 0.188382063141 2.79555555556 1.0 0.78 8.53667471918 3.22663585033 0.615873796639 1430532749.62
0.469 0.875549219164 0.175022608137 2.71777777778 1.0 0.84 8.53667471918 3.22663585033 0.602924989994 1430532750.01
0.461 0.880403394534 0.176666278993 2.86777777778 1.0 0.871111111111 8.53667471918 3.22663585033 0.599211460163 1430532750.39
0.428 0.885883519346 0.185124637942 2.90111111111 1.0 0.147777777778 8.26833735959 3.17852433366 0.566508913815 1430532750.76
0.451 0.883339096765 0.177321387882 2.91 1.0 0.435555555556 8.26833735959 3.17852433366 0.567043865347 1430532751.13
0.433 0.88278253997 0.169934827114 2.95444444444 1.0 0.516666666667 8.26833735959 3.17852433366 0.548800751787 1430532751.48
0.387 0.883674392448 0.162226923733 2.98444444444 1.0 0.574444444444 8.26833735959 3.17852433366 0.550937714635 1430532751.88
0.42 0.887477239528 0.166912125231 2.72222222222 1.0 0.672222222222 8.26833735959 3.17852433366 0.552997861825 1430532752.27
0.46 0.887546579052 0.169115873473 2.94 1.0 0.713333333333 8.26833735959 3.17852433366 0.537297240534 1430532752.6
0.433 0.889398327395 0.169216587553 3.01 1.0 0.762222222222 8.26833735959 3.17852433366 0.550173874788 1430532752.98
0.45 0.889832616806 0.1681714706 2.86666666667 1.0 0.824444444444 8.26833735959 3.17852433366 0.539895971681 1430532753.37
0.453 0.887454433083 0.168575561447 2.93888888889 1.0 0.856666666667 8.26833735959 3.17852433366 0.533067097515 1430532753.75
0.509 0.883820207444 0.171135944131 2.95555555556 1.0 0.878888888889 8.26833735959 3.17852433366 0.537985958572 1430532754.11
0.489 0.885250310615 0.176106670363 2.87222222222 1.0 0.143333333333 9.1341686798 3.44630018792 0.559397872965 1430532754.47
0.466 0.883443375513 0.177207783736 2.76222222222 1.0 0.462222222222 9.1341686798 3.44630018792 0.566898645716 1430532754.85
0.431 0.884105208111 0.180494624297 2.52777777778 1.0 0.573333333333 9.1341686798 3.44630018792 0.569577313663 1430532755.24
0.439 0.88598431866 0.192454188975 2.55888888889 1.0 0.64 9.1341686798 3.44630018792 0.5942777553 1430532755.62
0.443 0.877251340572 0.182916555496 2.61111111111 1.0 0.688888888889 9.1341686798 3.44630018792 0.559543566604 1430532756.0
0.458 0.873414480305 0.175752617486 2.77333333333 1.0 0.721111111111 9.1341686798 3.44630018792 0.556773797176 1430532756.38
0.454 0.87465866134 0.16673289577 2.85444444444 1.0 0.774444444444 9.1341686798 3.44630018792 0.564193166555 1430532756.7
0.431 0.885897163246 0.167029837164 2.85777777778 1.0 0.824444444444 9.1341686798 3.44630018792 0.543875609338 1430532757.09
0.46 0.893793753089 0.164632818125 2.76666666667 1.0 0.865555555556 9.1341686798 3.44630018792 0.510981469613 1430532757.45
0.456 0.895257546263 0.161009206062 2.69888888889 1.0 0.894444444444 9.1341686798 3.44630018792 0.552701437665 1430532757.82
0.426 0.893601422353 0.156073438906 2.71333333333 1.0 0.365555555556 9.5670843399 3.51653714936 0.547720678301 1430532758.22
0.413 0.893433501796 0.162159287772 2.82888888889 1.0 0.486666666667 9.5670843399 3.51653714936 0.552728449615 1430532758.59
0.407 0.888930093231 0.159387044488 2.73444444444 1.0 0.574444444444 9.5670843399 3.51653714936 0.516255485537 1430532758.94
0.422 0.890389441888 0.164239251269 2.88777777778 1.0 0.624444444444 9.5670843399 3.51653714936 0.523509559498 1430532759.33
0.433 0.891599296554 0.171261287245 2.94333333333 1.0 0.685555555556 9.5670843399 3.51653714936 0.51168691684 1430532759.72
0.427 0.890697493714 0.168440055434 3.19444444444 1.0 0.712222222222 9.5670843399 3.51653714936 0.528886927429 1430532760.1
0.43 0.886583001453 0.159717878498 3.20888888889 1.0 0.754444444444 9.5670843399 3.51653714936 0.545373551694 1430532760.5
0.439 0.88612862413 0.156184611581 3.32 1.0 0.797777777778 9.5670843399 3.51653714936 0.549961546788 1430532760.86
0.434 0.889318684692 0.160714813986 3.49777777778 1.0 0.824444444444 9.5670843399 3.51653714936 0.569001328585 1430532761.2
0.469 0.895646096589 0.165786632804 3.56 1.0 0.853333333333 9.5670843399 3.51653714936 0.565100192411 1430532761.6
0.445 0.896480849867 0.172078661744 3.50444444444 1.0 0.876666666667 9.5670843399 3.51653714936 0.569041835194 1430532761.97
0.457 0.888119867714 0.171635352096 3.44 1.0 0.895555555556 9.5670843399 3.51653714936 0.583042990933 1430532762.36
0.456 0.881280833544 0.176150028636 3.38333333333 1.0 0.235555555556 10.7835421699 4.05226252457 0.547132949989 1430532762.71
0.485 0.875066848524 0.176488942878 3.25333333333 1.0 0.502222222222 10.7835421699 4.05226252457 0.521285076652 1430532763.1
0.449 0.876751757437 0.18401538008 3.27111111111 1.0 0.594444444444 10.7835421699 4.05226252457 0.512859469114 1430532763.47
0.467 0.878049544291 0.19591069166 3.18555555556 1.0 0.67 10.7835421699 4.05226252457 0.541853668612 1430532763.86
0.438 0.876211706009 0.192131032103 3.08777777778 1.0 0.737777777778 10.7835421699 4.05226252457 0.523660026218 1430532764.22
0.444 0.875255130374 0.188002126107 3.05222222222 1.0 0.783333333333 10.7835421699 4.05226252457 0.54130973522 1430532764.62
0.443 0.873294827572 0.189226022147 3.13555555556 1.0 0.818888888889 10.7835421699 4.05226252457 0.557084417525 1430532764.97
0.424 0.875007981604 0.198221186206 3.17333333333 1.0 0.856666666667 10.7835421699 4.05226252457 0.573046526389 1430532765.34
0.44 0.875567937057 0.212644344845 3.30222222222 1.0 0.881111111111 10.7835421699 4.05226252457 0.575847965612 1430532765.7
0.451 0.869070249431 0.212207101306 3.36666666667 1.0 0.0633333333333 9.89177108497 3.75680076073 0.56933572321 1430532766.09
0.446 0.860679603212 0.203614817818 2.99666666667 1.0 0.465555555556 9.89177108497 3.75680076073 0.500038420128 1430532766.47
0.495 0.861787766946 0.204874932866 3.18111111111 1.0 0.525555555556 9.89177108497 3.75680076073 0.544911880044 1430532766.83
0.47 0.864967986612 0.205732229417 3.17777777778 1.0 0.59 9.89177108497 3.75680076073 0.547971373394 1430532767.21
0.455 0.869995976287 0.203786720754 3.01222222222 1.0 0.675555555556 9.89177108497 3.75680076073 0.561070020111 1430532767.6
0.487 0.876106856315 0.205845131087 2.89555555556 1.0 0.735555555556 9.89177108497 3.75680076073 0.560845269604 1430532767.97
0.492 0.875049735443 0.198942655038 2.85222222222 1.0 0.787777777778 9.89177108497 3.75680076073 0.56687670863 1430532768.36
0.474 0.873189459891 0.191739948869 2.71 1.0 0.836666666667 9.89177108497 3.75680076073 0.559268889842 1430532768.75
0.529 0.873780098033 0.184912290975 2.68111111111 1.0 0.877777777778 9.89177108497 3.75680076073 0.552076036481 1430532769.12
0.489 0.879865404045 0.18186529765 2.69333333333 1.0 0.222222222222 9.44588554249 3.56393032764 0.569134039785 1430532769.49
0.468 0.8823063746 0.181973206467 2.63666666667 1.0 0.492222222222 9.44588554249 3.56393032764 0.567704796287 1430532769.88
0.462 0.880377769149 0.178645046604 2.49555555556 1.0 0.6 9.44588554249 3.56393032764 0.567798788812 1430532770.25
0.486 0.88375369806 0.182142336327 2.32888888889 1.0 0.683333333333 9.44588554249 3.56393032764 0.575414767611 1430532770.64
0.453 0.88529973955 0.180292326065 2.35666666667 1.0 0.74 9.44588554249 3.56393032764 0.55356437316 1430532771.03
0.487 0.882233902281 0.166610173055 2.58 1.0 0.77 9.44588554249 3.56393032764 0.568619584724 1430532771.42
0.533 0.881720744353 0.166722529387 2.53555555556 1.0 0.817777777778 9.44588554249 3.56393032764 0.572360826771 1430532771.83
0.429 0.888452750422 0.173865074939 2.77333333333 1.0 0.838888888889 9.44588554249 3.56393032764 0.611613322573 1430532772.23
0.416 0.889170561593 0.174396205776 3.00888888889 1.0 0.856666666667 9.44588554249 3.56393032764 0.622920202429 1430532772.6
0.463 0.886670188774 0.170079352387 2.98888888889 1.0 0.89 9.44588554249 3.56393032764 0.582221304305 1430532772.98
0.495 0.887928587606 0.17997689094 3.18777777778 1.0 0.167777777778 9.72294277124 3.72410908091 0.57868033156 1430532773.38
0.491 0.884110286392 0.184186787443 3.17333333333 1.0 0.5 9.72294277124 3.72410908091 0.565163093206 1430532773.78
0.521 0.879541255462 0.187781823113 2.97222222222 1.0 0.618888888889 9.72294277124 3.72410908091 0.549042493176 1430532774.17
0.534 0.871696395322 0.190900669199 2.93777777778 1.0 0.681111111111 9.72294277124 3.72410908091 0.548747125645 1430532774.56
0.502 0.870009157091 0.197810941942 3.01333333333 1.0 0.727777777778 9.72294277124 3.72410908091 0.553331117997 1430532774.96
0.501 0.867225816561 0.191984621372 3.09 1.0 0.782222222222 9.72294277124 3.72410908091 0.523061289198 1430532775.36
0.486 0.868677882254 0.186589299232 3.12222222222 1.0 0.814444444444 9.72294277124 3.72410908091 0.549758479682 1430532775.72
0.51 0.871724533827 0.189809541087 3.25666666667 1.0 0.831111111111 9.72294277124 3.72410908091 0.519093058692 1430532776.08
0.509 0.875668499054 0.188040909649 3.37444444444 1.0 0.84 9.72294277124 3.72410908091 0.52428622704 1430532776.48
0.483 0.877037930527 0.186043610014 3.47888888889 1.0 0.855555555556 9.72294277124 3.72410908091 0.551974358029 1430532776.87
0.48 0.878560267681 0.188983310872 3.58888888889 1.0 0.868888888889 9.72294277124 3.72410908091 0.545757892247 1430532777.25
0.452 0.87429161727 0.186101146984 3.52 1.0 0.886666666667 9.72294277124 3.72410908091 0.562143157181 1430532777.64
0.502 0.871513901108 0.180125819446 3.40111111111 1.0 0.221111111111 10.8614713856 4.16663356 0.537089171762 1430532778.0
0.489 0.878292786935 0.182672710652 3.23555555556 1.0 0.533333333333 10.8614713856 4.16663356 0.545356915244 1430532778.38
0.482 0.882899887586 0.193930622462 3.07666666667 1.0 0.613333333333 10.8614713856 4.16663356 0.557088532814 1430532778.77
0.488 0.882184182794 0.194453166492 2.80555555556 1.0 0.678888888889 10.8614713856 4.16663356 0.540860839336 1430532779.15
0.497 0.876238190652 0.193686846815 2.74777777778 1.0 0.734444444444 10.8614713856 4.16663356 0.542230408804 1430532779.54
0.453 0.87107112482 0.187859895261 2.62 1.0 0.786666666667 10.8614713856 4.16663356 0.568787637304 1430532779.92
0.457 0.875719685187 0.184598219638 2.65777777778 1.0 0.814444444444 10.8614713856 4.16663356 0.494729915399 1430532780.32
0.478 0.882838912758 0.18516798076 2.90222222222 1.0 0.828888888889 10.8614713856 4.16663356 0.52395667107 1430532780.71
0.457 0.883519313473 0.185028558602 3.15444444444 1.0 0.843333333333 10.8614713856 4.16663356 0.556381623224 1430532781.07
0.461 0.88238468395 0.186183747405 3.08111111111 1.0 0.863333333333 10.8614713856 4.16663356 0.518816949672 1430532781.44
0.487 0.88080839111 0.178538197763 3.19555555556 1.0 0.878888888889 10.8614713856 4.16663356 0.538448301678 1430532781.83
0.473 0.882258642804 0.173921322239 3.13888888889 1.0 0.273333333333 10.9307356928 4.16279230204 0.524834534523 1430532782.2
0.434 0.888238181275 0.181987706017 3.27777777778 1.0 0.47 10.9307356928 4.16279230204 0.50820861412 1430532782.57
0.497 0.88577064974 0.178209922434 3.27111111111 1.0 0.554444444444 10.9307356928 4.16279230204 0.569890417713 1430532782.93
0.44 0.881803178451 0.173787897471 3.1 1.0 0.642222222222 10.9307356928 4.16279230204 0.534367365264 1430532783.31
0.476 0.881675749657 0.178189062961 2.96666666667 1.0 0.704444444444 10.9307356928 4.16279230204 0.550915835242 1430532783.69
0.429 0.882227181601 0.187196056462 2.80555555556 1.0 0.771111111111 10.9307356928 4.16279230204 0.523632684376 1430532784.08
0.476 0.877518888169 0.202025647096 2.68444444444 1.0 0.825555555556 10.9307356928 4.16279230204 0.533339389067 1430532784.45
0.511 0.871552517192 0.212172706594 2.26555555556 1.0 0.896666666667 10.9307356928 4.16279230204 0.513151065327 1430532784.82
0.517 0.864496622283 0.208462317936 2.18 1.0 0.416666666667 9.46536784641 3.55220072313 0.504921253642 1430532785.2
0.496 0.863554546935 0.20794924022 2.24 1.0 0.566666666667 9.46536784641 3.55220072313 0.492684367726 1430532785.57
0.516 0.8646983743 0.203197075226 2.21555555556 1.0 0.651111111111 9.46536784641 3.55220072313 0.538721909534 1430532785.96
0.498 0.867443070112 0.198020602026 2.21222222222 1.0 0.712222222222 9.46536784641 3.55220072313 0.524379213466 1430532786.36
0.488 0.87428621119 0.194837110175 2.06666666667 1.0 0.78 9.46536784641 3.55220072313 0.510672990282 1430532786.73
0.468 0.873735968032 0.178096781115 2.27222222222 1.0 0.812222222222 9.46536784641 3.55220072313 0.525408018303 1430532787.11
0.427 0.881085554706 0.174330051622 2.46222222222 1.0 0.851111111111 9.46536784641 3.55220072313 0.530365430453 1430532787.52
0.45 0.883493636504 0.171100633675 2.63666666667 1.0 0.881111111111 9.46536784641 3.55220072313 0.54419722829 1430532787.87
0.43 0.884842910952 0.174149589166 2.88555555556 1.0 0.122222222222 8.7326839232 3.37570484898 0.545903872026 1430532788.24
0.416 0.884410472798 0.174219696216 3.20333333333 1.0 0.402222222222 8.7326839232 3.37570484898 0.53859123836 1430532788.62
0.43 0.880041909153 0.169770459787 3.12777777778 1.0 0.521111111111 8.7326839232 3.37570484898 0.546108461791 1430532788.98
0.478 0.879580982129 0.171677732284 2.78666666667 1.0 0.622222222222 8.7326839232 3.37570484898 0.528046711337 1430532789.34
0.48 0.87894520814 0.180345212473 2.64222222222 1.0 0.702222222222 8.7326839232 3.37570484898 0.504328541816 1430532789.69
0.487 0.882488020094 0.182839431038 2.89 1.0 0.728888888889 8.7326839232 3.37570484898 0.524354792196 1430532790.07
0.467 0.884587336695 0.189242831719 2.85 1.0 0.776666666667 8.7326839232 3.37570484898 0.52844048581 1430532790.45
0.531 0.880963895128 0.191954301209 2.77444444444 1.0 0.821111111111 8.7326839232 3.37570484898 0.535345761362 1430532790.83
0.507 0.877679908104 0.191820345978 2.70888888889 1.0 0.858888888889 8.7326839232 3.37570484898 0.512204083922 1430532791.23
0.474 0.876352131724 0.185218411245 2.66888888889 1.0 0.892222222222 8.7326839232 3.37570484898 0.577669033437 1430532791.62
0.457 0.873407902511 0.188650279999 2.57777777778 1.0 0.306666666667 9.3663419616 3.51252881895 0.539332087107 1430532792.02
0.443 0.872188606555 0.205024899822 2.5 1.0 0.493333333333 9.3663419616 3.51252881895 0.573277976275 1430532792.4
0.456 0.865688925143 0.194201278284 2.23555555556 1.0 0.601111111111 9.3663419616 3.51252881895 0.537158509341 1430532792.79
0.464 0.865107327843 0.180381116701 2.35555555556 1.0 0.666666666667 9.3663419616 3.51252881895 0.544744003648 1430532793.2
0.457 0.87318595424 0.184797543497 2.47777777778 1.0 0.728888888889 9.3663419616 3.51252881895 0.557973370903 1430532793.62
0.487 0.877264844903 0.178600927441 2.57 1.0 0.783333333333 9.3663419616 3.51252881895 0.540353778489 1430532793.99
0.5 0.880670452847 0.177083322214 2.38 1.0 0.851111111111 9.3663419616 3.51252881895 0.506064202247 1430532794.38
0.513 0.883045342922 0.177866607685 2.15111111111 1.0 0.0644444444444 8.1831709808 3.20786543792 0.538022742012 1430532794.78
0.475 0.88221277047 0.170136580668 2.07888888889 1.0 0.478888888889 8.1831709808 3.20786543792 0.518423137418 1430532795.16
0.458 0.883867895774 0.178264879836 2.21555555556 1.0 0.566666666667 8.1831709808 3.20786543792 0.546865106059 1430532795.55
0.452 0.884354936144 0.176468528964 2.27333333333 1.0 0.633333333333 8.1831709808 3.20786543792 0.514885539575 1430532795.89
0.47 0.88175495595 0.177898636773 2.32444444444 1.0 0.696666666667 8.1831709808 3.20786543792 0.501121858013 1430532796.23
0.443 0.881792646895 0.177338707046 2.64444444444 1.0 0.718888888889 8.1831709808 3.20786543792 0.51031396538 1430532796.64
0.463 0.882870012663 0.174852947559 2.67666666667 1.0 0.761111111111 8.1831709808 3.20786543792 0.544880588402 1430532796.99
0.454 0.885119983361 0.168307849339 2.81555555556 1.0 0.797777777778 8.1831709808 3.20786543792 0.57686426882 1430532797.36
0.441 0.886479472842 0.156322563427 2.88111111111 1.0 0.84 8.1831709808 3.20786543792 0.575745290312 1430532797.78
0.432 0.891372743757 0.154814147222 3.11444444444 1.0 0.858888888889 8.1831709808 3.20786543792 0.574426539033 1430532798.16
0.416 0.894017802479 0.157353234351 3.33666666667 1.0 0.882222222222 8.1831709808 3.20786543792 0.607785206251 1430532798.53
0.408 0.894354308215 0.164225971919 3.58 1.0 0.893333333333 8.1831709808 3.20786543792 0.584902615516 1430532798.91
0.45 0.888596667229 0.166594176254 3.55444444444 1.0 0.374444444444 10.0915854904 3.76939568969 0.595925791135 1430532799.31
0.509 0.88528067185 0.168833446723 3.49555555556 1.0 0.518888888889 10.0915854904 3.76939568969 0.563978477182 1430532799.71
0.453 0.884350499638 0.176950702212 3.51555555556 1.0 0.587777777778 10.0915854904 3.76939568969 0.593142852395 1430532800.11
0.506 0.879914816584 0.180792903443 3.37222222222 1.0 0.658888888889 10.0915854904 3.76939568969 0.560792936317 1430532800.49
0.499 0.876479596553 0.173289805011 3.14888888889 1.0 0.731111111111 10.0915854904 3.76939568969 0.542854698822 1430532800.89
0.485 0.879182834957 0.175702677159 3.02 1.0 0.794444444444 10.0915854904 3.76939568969 0.533295524925 1430532801.29
0.504 0.882459464444 0.178495121997 3.06888888889 1.0 0.833333333333 10.0915854904 3.76939568969 0.566125252328 1430532801.66
0.495 0.880967176711 0.183991628102 2.94666666667 1.0 0.881111111111 10.0915854904 3.76939568969 0.517044531736 1430532802.04
0.483 0.877460674465 0.189048210761 2.84333333333 1.0 0.182222222222 9.0457927452 3.50335638748 0.518343668608 1430532802.4
0.423 0.877288149958 0.187758799791 2.85 1.0 0.451111111111 9.0457927452 3.50335638748 0.536579544229 1430532802.77
0.468 0.877586616225 0.188104779033 2.66333333333 1.0 0.55 9.0457927452 3.50335638748 0.559924724196 1430532803.15
0.486 0.871799246202 0.185870262021 2.58777777778 1.0 0.614444444444 9.0457927452 3.50335638748 0.537131993903 1430532803.54
0.473 0.869605658397 0.184437851059 2.75777777778 1.0 0.661111111111 9.0457927452 3.50335638748 0.560679744415 1430532803.92
0.452 0.876830901712 0.194985407325 2.83444444444 1.0 0.705555555556 9.0457927452 3.50335638748 0.530233089419 1430532804.35
0.476 0.878985366905 0.198970957308 2.74111111111 1.0 0.767777777778 9.0457927452 3.50335638748 0.533049764007 1430532804.76
0.457 0.874569332647 0.199582827997 2.54111111111 1.0 0.831111111111 9.0457927452 3.50335638748 0.524082579796 1430532805.15
0.458 0.868993014223 0.190935100242 2.48888888889 1.0 0.88 9.0457927452 3.50335638748 0.511132601318 1430532805.55
0.463 0.868779113077 0.178354915008 2.55666666667 1.0 0.118888888889 9.0228963726 3.53613170498 0.524879573427 1430532805.92
0.475 0.873327497644 0.172354954327 2.67333333333 1.0 0.47 9.0228963726 3.53613170498 0.490969679089 1430532806.3
0.472 0.881060730363 0.176879221421 2.68222222222 1.0 0.563333333333 9.0228963726 3.53613170498 0.512669344119 1430532806.7
0.441 0.88282576018 0.177080151464 2.7 1.0 0.63 9.0228963726 3.53613170498 0.507047854394 1430532807.06
0.436 0.882287719973 0.16969856776 2.91888888889 1.0 0.657777777778 9.0228963726 3.53613170498 0.495474371264 1430532807.46
0.407 0.889999001448 0.168982042001 3.23 1.0 0.684444444444 9.0228963726 3.53613170498 0.486801492394 1430532807.83
0.36 0.893794884139 0.161171913315 3.58555555556 1.0 0.712222222222 9.0228963726 3.53613170498 0.52977667531 1430532808.21
0.369 0.894450373904 0.151923079787 3.82888888889 1.0 0.741111111111 9.0228963726 3.53613170498 0.52464472806 1430532808.58
0.377 0.898067034484 0.149102137192 4.00777777778 1.0 0.776666666667 9.0228963726 3.53613170498 0.520992837261 1430532808.93
0.369 0.897881605626 0.141784261442 4.17222222222 1.0 0.81 9.0228963726 3.53613170498 0.497839912686 1430532809.31
0.358 0.899594038788 0.139987957874 4.27888888889 1.0 0.846666666667 9.0228963726 3.53613170498 0.525447944221 1430532809.69
0.356 0.902587727717 0.145513712825 4.40555555556 1.0 0.874444444444 9.0228963726 3.53613170498 0.555737942733 1430532810.07
0.362 0.901421688303 0.148921900892 4.66444444444 1.0 0.884444444444 9.0228963726 3.53613170498 0.520706510902 1430532810.46
0.4 0.900024632273 0.157767539413 4.69 1.0 0.89 9.0228963726 3.53613170498 0.515655803722 1430532810.84
0.433 0.895331239756 0.16228928191 4.59333333333 1.0 0.108888888889 11.5114481863 4.41415183004 0.533082305377 1430532811.25
0.437 0.890545829903 0.167460584214 4.27555555556 1.0 0.42 11.5114481863 4.41415183004 0.498972767464 1430532811.66
0.398 0.886760254217 0.173267141898 3.90444444444 1.0 0.512222222222 11.5114481863 4.41415183004 0.534133863774 1430532812.03
0.414 0.884276358873 0.175165149754 3.66111111111 1.0 0.578888888889 11.5114481863 4.41415183004 0.514238547504 1430532812.38
0.433 0.884486918821 0.184199076924 3.39555555556 1.0 0.636666666667 11.5114481863 4.41415183004 0.521021721826 1430532812.79
0.449 0.877822748592 0.185638172107 3.37111111111 1.0 0.685555555556 11.5114481863 4.41415183004 0.4841913506 1430532813.21
0.443 0.875711901497 0.183550168446 3.45666666667 1.0 0.718888888889 11.5114481863 4.41415183004 0.523919389435 1430532813.59
0.481 0.878593898045 0.181972424146 3.49555555556 1.0 0.756666666667 11.5114481863 4.41415183004 0.568765592866 1430532814.0
0.511 0.882118275912 0.178475570555 3.34444444444 1.0 0.8 11.5114481863 4.41415183004 0.53669470625 1430532814.39
0.475 0.883468958844 0.17826509262 3.07555555556 1.0 0.844444444444 11.5114481863 4.41415183004 0.542538555889 1430532814.78
0.484 0.880211105329 0.173027390363 2.82777777778 1.0 0.887777777778 11.5114481863 4.41415183004 0.521525032762 1430532815.17
0.502 0.878689021341 0.173688282974 2.92888888889 1.0 0.204444444444 11.2557240932 4.35737796752 0.536705825521 1430532815.56
0.495 0.883563322338 0.180361404804 2.85 1.0 0.521111111111 11.2557240932 4.35737796752 0.553993170172 1430532815.94
0.502 0.882302387314 0.177258154902 2.82666666667 1.0 0.612222222222 11.2557240932 4.35737796752 0.539906867611 1430532816.34
0.478 0.881979148088 0.175454746763 2.72777777778 1.0 0.686666666667 11.2557240932 4.35737796752 0.555928219143 1430532816.73
0.454 0.880455739126 0.174839297236 2.73444444444 1.0 0.744444444444 11.2557240932 4.35737796752 0.56110862316 1430532817.13
0.442 0.882990748676 0.174666203077 2.68666666667 1.0 0.787777777778 11.2557240932 4.35737796752 0.529778334872 1430532817.54
0.454 0.882527993355 0.174814261665 2.59555555556 1.0 0.843333333333 11.2557240932 4.35737796752 0.544403079477 1430532817.94
0.447 0.882456194213 0.182179787128 2.66666666667 1.0 0.875555555556 11.2557240932 4.35737796752 0.508029184844 1430532818.33
0.501 0.882122462813 0.180546480202 2.71 1.0 0.113333333333 9.62786204658 3.76939151748 0.496837024989 1430532818.7
0.458 0.881210252562 0.182784660587 2.79 1.0 0.473333333333 9.62786204658 3.76939151748 0.503881866017 1430532819.07
0.462 0.880983459798 0.187158460992 2.85222222222 1.0 0.561111111111 9.62786204658 3.76939151748 0.525351742643 1430532819.44
0.477 0.879623102494 0.18762604864 3.02555555556 1.0 0.606666666667 9.62786204658 3.76939151748 0.516861780231 1430532819.82
0.482 0.877781454364 0.193946851321 3.00777777778 1.0 0.668888888889 9.62786204658 3.76939151748 0.550163937184 1430532820.19
0.472 0.874455415486 0.197928118928 2.83444444444 1.0 0.748888888889 9.62786204658 3.76939151748 0.561067431498 1430532820.55
0.502 0.870958780726 0.214738209395 2.68888888889 1.0 0.808888888889 9.62786204658 3.76939151748 0.531521964452 1430532820.93
0.522 0.862808527778 0.205937621389 2.49777777778 1.0 0.871111111111 9.62786204658 3.76939151748 0.492053540747 1430532821.31
0.501 0.860221204084 0.200559312462 2.31888888889 1.0 0.215555555556 8.81393102329 3.35766231052 0.512618670124 1430532821.68
0.535 0.865151451383 0.208940926465 2.00888888889 1.0 0.557777777778 8.81393102329 3.35766231052 0.471625446262 1430532822.08
0.484 0.869599041657 0.212616845074 2.09222222222 1.0 0.641111111111 8.81393102329 3.35766231052 0.530498855261 1430532822.47
0.491 0.86517206731 0.200916395389 2.16555555556 1.0 0.693333333333 8.81393102329 3.35766231052 0.506393558618 1430532822.86
0.517 0.860265796932 0.188014010378 2.22111111111 1.0 0.75 8.81393102329 3.35766231052 0.507671998108 1430532823.24
0.49 0.868433856656 0.197998234092 2.28666666667 1.0 0.797777777778 8.81393102329 3.35766231052 0.513450726018 1430532823.61
0.497 0.870457049856 0.195529372417 2.22777777778 1.0 0.854444444444 8.81393102329 3.35766231052 0.529662108407 1430532824.0
0.496 0.870927118602 0.198102341306 2.28666666667 1.0 0.884444444444 8.81393102329 3.35766231052 0.532281574834 1430532824.39
0.473 0.869868697542 0.196225225969 2.17888888889 1.0 0.324444444444 8.40696551164 3.19052463289 0.54073583467 1430532824.75
0.481 0.868061809903 0.186943938092 2.28666666667 1.0 0.53 8.40696551164 3.19052463289 0.500131965748 1430532825.14
0.455 0.869111252485 0.18292567888 2.47888888889 1.0 0.604444444444 8.40696551164 3.19052463289 0.551228508108 1430532825.54
0.432 0.875532934076 0.182650573191 2.54777777778 1.0 0.662222222222 8.40696551164 3.19052463289 0.516307737029 1430532825.92
0.418 0.882237317776 0.179445214604 2.74888888889 1.0 0.697777777778 8.40696551164 3.19052463289 0.530685747405 1430532826.31
0.458 0.88419474789 0.185077621517 2.86111111111 1.0 0.746666666667 8.40696551164 3.19052463289 0.520490813178 1430532826.68
0.495 0.883673569683 0.182942136415 2.65333333333 1.0 0.81 8.40696551164 3.19052463289 0.485398863597 1430532827.05
0.462 0.885605613234 0.184199523452 2.58222222222 1.0 0.861111111111 8.40696551164 3.19052463289 0.511863355169 1430532827.44
0.492 0.88245005353 0.182535934123 2.61777777778 1.0 0.894444444444 8.40696551164 3.19052463289 0.462822481798 1430532827.85
0.456 0.882986656703 0.19441161728 2.35777777778 1.0 0.417777777778 8.70348275582 3.29069331048 0.469991944151 1430532828.25
0.481 0.87931600541 0.197489641908 2.28555555556 1.0 0.563333333333 8.70348275582 3.29069331048 0.485684493685 1430532828.65
0.43 0.873389693594 0.200060595134 2.43666666667 1.0 0.611111111111 8.70348275582 3.29069331048 0.497111998872 1430532829.04
0.46 0.868018429654 0.203101329537 2.45666666667 1.0 0.678888888889 8.70348275582 3.29069331048 0.499129984318 1430532829.39
0.446 0.871519391721 0.203434976238 2.48222222222 1.0 0.736666666667 8.70348275582 3.29069331048 0.509585220778 1430532829.77
0.458 0.867825118323 0.186446882342 2.59 1.0 0.787777777778 8.70348275582 3.29069331048 0.515753916865 1430532830.14
0.434 0.873044192857 0.183424459583 2.78111111111 1.0 0.823333333333 8.70348275582 3.29069331048 0.514934799233 1430532830.53
0.442 0.877792135674 0.182657911854 2.84777777778 1.0 0.864444444444 8.70348275582 3.29069331048 0.492190458844 1430532830.89
0.491 0.879927638928 0.175033865794 2.82666666667 1.0 0.0966666666667 8.35174137791 3.23628570019 0.455783226258 1430532831.25
0.471 0.880347063973 0.16488080932 2.99 1.0 0.446666666667 8.35174137791 3.23628570019 0.518352099046 1430532831.62
0.483 0.883143883908 0.166465236638 3.16444444444 1.0 0.525555555556 8.35174137791 3.23628570019 0.499161640067 1430532831.97
0.45 0.887257900707 0.17088655927 3.18222222222 1.0 0.603333333333 8.35174137791 3.23628570019 0.553543499742 1430532832.3
0.436 0.88631514081 0.174286671215 3.35555555556 1.0 0.656666666667 8.35174137791 3.23628570019 0.555598595692 1430532832.66
0.435 0.88200599956 0.173189711529 3.35333333333 1.0 0.725555555556 8.35174137791 3.23628570019 0.543719263776 1430532833.07
0.441 0.881566347592 0.180924479217 3.06222222222 1.0 0.796666666667 8.35174137791 3.23628570019 0.520960996135 1430532833.44
0.458 0.877157138493 0.191358374339 3.17555555556 1.0 0.824444444444 8.35174137791 3.23628570019 0.526772426702 1430532833.84
0.473 0.872651861703 0.190649861428 3.17666666667 1.0 0.854444444444 8.35174137791 3.23628570019 0.52801267404 1430532834.24
0.491 0.869817476845 0.200809356621 3.06444444444 1.0 0.883333333333 8.35174137791 3.23628570019 0.506746333025 1430532834.6
0.525 0.867558434969 0.201556809126 3.05555555556 1.0 0.898888888889 8.35174137791 3.23628570019 0.485775580528 1430532834.99
0.525 0.864851525636 0.206239574687 2.76333333333 1.0 0.47 9.67587068896 3.61101234644 0.482866503701 1430532835.38
0.529 0.866693139324 0.207176554837 2.80333333333 1.0 0.616666666667 9.67587068896 3.61101234644 0.49241451556 1430532835.75
0.568 0.864749996456 0.206443960796 2.53222222222 1.0 0.728888888889 9.67587068896 3.61101234644 0.50119926422 1430532836.17
0.533 0.863344349961 0.206325780883 2.48888888889 1.0 0.781111111111 9.67587068896 3.61101234644 0.497361511519 1430532836.56
0.462 0.862805042857 0.198066149684 2.40333333333 1.0 0.837777777778 9.67587068896 3.61101234644 0.495265204029 1430532836.95
0.51 0.86480246567 0.190325192951 2.39888888889 1.0 0.874444444444 9.67587068896 3.61101234644 0.519448262684 1430532837.34
0.49 0.869876623611 0.190229044962 2.52 1.0 0.895555555556 9.67587068896 3.61101234644 0.499249154367 1430532837.72
0.543 0.872748279742 0.182677454189 2.52888888889 1.0 0.391111111111 8.33793534448 3.16630417451 0.480074472704 1430532838.1
0.536 0.878538228749 0.178210710068 2.30111111111 1.0 0.574444444444 8.33793534448 3.16630417451 0.51983676931 1430532838.48
0.45 0.884101182237 0.180492672071 2.13444444444 1.0 0.657777777778 8.33793534448 3.16630417451 0.538532678087 1430532838.88
0.449 0.885732209445 0.174826774631 2.21777777778 1.0 0.715555555556 8.33793534448 3.16630417451 0.530612304688 1430532839.27
0.463 0.888301008868 0.170308711263 2.37777777778 1.0 0.755555555556 8.33793534448 3.16630417451 0.545779639869 1430532839.64
0.443 0.888420360881 0.17521880095 2.55222222222 1.0 0.798888888889 8.33793534448 3.16630417451 0.558264904601 1430532840.03
0.431 0.886262550693 0.178401395185 2.53 1.0 0.848888888889 8.33793534448 3.16630417451 0.543455720478 1430532840.43
0.472 0.882218280259 0.178444678678 2.45222222222 1.0 0.895555555556 8.33793534448 3.16630417451 0.545430698342 1430532840.81
0.492 0.882328276016 0.187574575663 2.58777777778 1.0 0.412222222222 8.16896767224 3.10086909108 0.526267373616 1430532841.21
0.503 0.882459137272 0.195324966197 2.63222222222 1.0 0.538888888889 8.16896767224 3.10086909108 0.519563183139 1430532841.59
0.521 0.876100451497 0.199115392317 2.34666666667 1.0 0.662222222222 8.16896767224 3.10086909108 0.53908881592 1430532841.98
0.527 0.869777026501 0.199108548728 1.95 1.0 0.772222222222 8.16896767224 3.10086909108 0.502252606391 1430532842.36
0.509 0.866888717929 0.204365811647 1.82111111111 1.0 0.844444444444 8.16896767224 3.10086909108 0.498786910033 1430532842.74
0.497 0.864567375307 0.202619202106 1.84666666667 1.0 0.891111111111 8.16896767224 3.10086909108 0.52919586082 1430532843.11
0.509 0.865456351284 0.197835972456 1.89 1.0 0.387777777778 7.08448383612 2.7283365288 0.527787767732 1430532843.52
0.499 0.869323073205 0.192027579265 2.18333333333 1.0 0.528888888889 7.08448383612 2.7283365288 0.516604819519 1430532843.92
0.525 0.875602698315 0.1901931442 2.17444444444 1.0 0.62 7.08448383612 2.7283365288 0.528950154818 1430532844.31
0.51 0.876417191566 0.191377624744 2.27333333333 1.0 0.675555555556 7.08448383612 2.7283365288 0.523807750362 1430532844.71
0.518 0.876810789281 0.187006245055 2.34777777778 1.0 0.734444444444 7.08448383612 2.7283365288 0.548976886765 1430532845.09
0.51 0.880038758815 0.184454735408 2.11111111111 1.0 0.824444444444 7.08448383612 2.7283365288 0.53948632578 1430532845.47
0.495 0.880739886553 0.175091404927 2.25333333333 1.0 0.865555555556 7.08448383612 2.7283365288 0.553985683411 1430532845.84
0.496 0.878910991077 0.169763402724 2.26111111111 1.0 0.0888888888889 7.04224191806 2.80429575635 0.536299233681 1430532846.21
0.485 0.88279181205 0.163608792058 2.39666666667 1.0 0.437777777778 7.04224191806 2.80429575635 0.541327360026 1430532846.61
0.418 0.887945238692 0.159116244402 2.73888888889 1.0 0.516666666667 7.04224191806 2.80429575635 0.545048233633 1430532846.99
0.388 0.895675107476 0.162688681401 2.94666666667 1.0 0.581111111111 7.04224191806 2.80429575635 0.567033856278 1430532847.38
0.443 0.898263153425 0.158880340103 3.19888888889 1.0 0.633333333333 7.04224191806 2.80429575635 0.596276756266 1430532847.77
0.393 0.895234628907 0.157186455012 3.38222222222 1.0 0.685555555556 7.04224191806 2.80429575635 0.544580805046 1430532848.15
0.411 0.89430947174 0.160616458941 3.56333333333 1.0 0.723333333333 7.04224191806 2.80429575635 0.54802205985 1430532848.53
0.451 0.891021409296 0.163047056281 3.24 1.0 0.792222222222 7.04224191806 2.80429575635 0.501718004898 1430532848.91
0.429 0.885985726678 0.16236703727 3.01777777778 1.0 0.851111111111 7.04224191806 2.80429575635 0.533177161536 1430532849.31
0.425 0.88720404573 0.169783368424 3.06777777778 1.0 0.878888888889 7.04224191806 2.80429575635 0.545203355501 1430532849.73
0.429 0.886907915459 0.183683335214 3.17 1.0 0.116666666667 8.52112095903 3.3225358615 0.530761382056 1430532850.1
0.421 0.882973809683 0.175740268911 3.08 1.0 0.43 8.52112095903 3.3225358615 0.516036266892 1430532850.47
0.41 0.880534656852 0.168349958179 3.22444444444 1.0 0.507777777778 8.52112095903 3.3225358615 0.530261533067 1430532850.85
0.409 0.882478780623 0.174984544715 3.38 1.0 0.56 8.52112095903 3.3225358615 0.52687122468 1430532851.27
0.394 0.886236933297 0.18350291506 3.54111111111 1.0 0.611111111111 8.52112095903 3.3225358615 0.527942527866 1430532851.65
0.387 0.881695308077 0.180822920616 3.65222222222 1.0 0.658888888889 8.52112095903 3.3225358615 0.514361996276 1430532852.01
0.42 0.877101603017 0.176557775627 3.66111111111 1.0 0.706666666667 8.52112095903 3.3225358615 0.512229935805 1430532852.4
0.465 0.874508411489 0.175875833432 3.45777777778 1.0 0.765555555556 8.52112095903 3.3225358615 0.513164885749 1430532852.8
0.471 0.877319561123 0.178863444842 3.26 1.0 0.818888888889 8.52112095903 3.3225358615 0.473401172057 1430532853.21
0.526 0.878335110057 0.180052002644 3.14 1.0 0.846666666667 8.52112095903 3.3225358615 0.491620961355 1430532853.58
0.492 0.881343814405 0.179764235411 3.00777777778 1.0 0.884444444444 8.52112095903 3.3225358615 0.521912232547 1430532853.97
0.473 0.882358560742 0.183713970751 3.05222222222 1.0 0.208888888889 9.76056047951 3.78211146045 0.537545925628 1430532854.38
0.455 0.880083312283 0.183723803244 3.00444444444 1.0 0.467777777778 9.76056047951 3.78211146045 0.57668470907 1430532854.75
0.488 0.876685274497 0.179339256008 2.83444444444 1.0 0.565555555556 9.76056047951 3.78211146045 0.581122448403 1430532855.14
0.456 0.879354694319 0.18693358865 2.85444444444 1.0 0.623333333333 9.76056047951 3.78211146045 0.563845745527 1430532855.52
0.435 0.879466616376 0.182972630301 3.05333333333 1.0 0.672222222222 9.76056047951 3.78211146045 0.588263675883 1430532855.9
0.433 0.879698933792 0.180029780805 3.03 1.0 0.732222222222 9.76056047951 3.78211146045 0.614571763993 1430532856.31
0.417 0.880152632587 0.183926723948 3.11222222222 1.0 0.784444444444 9.76056047951 3.78211146045 0.620509853743 1430532856.68
