0.0819 0.872309911029 0.521214230218
0.09999 0.959540902132 0.582938106941
0.094599 0.968264001242 0.616454270883
0.1138599 0.969136311153 0.641757231019
0.11758599 0.969223542144 0.659836425937
0.123358599 0.969232265243 0.674848004711
0.0888358599 0.969233137553 0.685989341341
0.10878358599 0.969233224784 0.697403723929
0.117978358599 0.969233233507 0.705317891419
0.13329783586 0.969233234379 0.708505776061
0.115029783586 0.969233234467 0.711198584611
0.110502978359 0.969233234475 0.714229574208
0.120850297836 0.969233234476 0.720577043197
0.128185029784 0.969233234476 0.725521398036
0.114518502978 0.969233234476 0.726032140716
0.127551850298 0.969233234476 0.724651342008
0.0937551850298 0.969233234476 0.723505238135
0.097575518503 0.969233234476 0.726033194864
0.11235755185 0.969233234476 0.728734762898
0.120135755185 0.969233234476 0.732542802856
0.107413575519 0.969233234476 0.735553314972
0.118741357552 0.969233234476 0.736524442657
0.113574135755 0.969233234476 0.741555579692
0.103157413576 0.969233234476 0.74727095901
0.119215741358 0.969233234476 0.75586266351
0.110921574136 0.969233234476 0.762016834787
0.122692157414 0.969233234476 0.765818964962
0.120269215741 0.969233234476 0.773769541832
0.122726921574 0.969233234476 0.784027951489
0.131072692157 0.969233234476 0.792206533183
0.112107269216 0.969233234476 0.79471079455
0.112010726922 0.969233234476 0.794518238755
0.119201072692 0.969233234476 0.797577640627
0.119920107269 0.969233234476 0.800711453487
0.122692010727 0.969233234476 0.801888834628
0.113969201073 0.969233234476 0.797333477266
0.116696920107 0.969233234476 0.794761016947
0.115169692011 0.969233234476 0.79430979221
0.108716969201 0.969233234476 0.79113552957
0.0981716969201 0.969233234476 0.781805528204
0.093517169692 0.969233234476 0.765363585398
0.0930517169692 0.969233234476 0.749278105548
0.0831051716969 0.969233234476 0.744411944514
0.0902105171697 0.969233234476 0.751294141107
0.109821051717 0.969233234476 0.754897158685
0.118082105172 0.969233234476 0.763042071521
0.126108210517 0.969233234476 0.77600985683
0.117910821052 0.969233234476 0.784224584627
0.117091082105 0.969233234476 0.788604082186
0.140409108211 0.969233234476 0.789403725952
0.148140910821 0.969233234476 0.793963591225
0.111114091082 0.969233234476 0.798385702634
0.133511409108 0.969233234476 0.798587231971
0.132151140911 0.969233234476 0.797910972143
0.137415114091 0.969233234476 0.79895318358
0.117241511409 0.969233234476 0.797800949989
0.130524151141 0.969233234476 0.795176694033
0.131852415114 0.969233234476 0.789706366738
0.127485241511 0.969233234476 0.781090256217
0.133348524151 0.969233234476 0.77283284039
0.125834852415 0.969233234476 0.762450743064
0.117883485242 0.969233234476 0.748840818597
0.123388348524 0.969233234476 0.737172422993
0.124838834852 0.969233234476 0.729306479336
0.124083883485 0.969233234476 0.722670638563
0.122208388349 0.969233234476 0.713059421757
0.147220838835 0.969233234476 0.700412193728
0.129922083883 0.969233234476 0.68980344541
0.144392208388 0.969233234476 0.683758192751
0.127839220839 0.969233234476 0.67676685825
0.130683922084 0.969233234476 0.674101782189
0.131868392208 0.969233234476 0.672085505719
0.110386839221 0.969233234476 0.668829055667
0.119938683922 0.969233234476 0.662445089578
0.124493868392 0.969233234476 0.654009933615
0.142949386839 0.969233234476 0.649151327502
0.132194938684 0.969233234476 0.64596015373
0.114019493868 0.969233234476 0.639951520901
0.123901949387 0.969233234476 0.631296139685
0.119490194939 0.969233234476 0.619720312208
0.120849019494 0.969233234476 0.609053233197
0.127284901949 0.969233234476 0.596368332419
0.118028490195 0.969233234476 0.580077045655
0.110802849019 0.969233234476 0.557804578677
0.116380284902 0.969233234476 0.530143052957
0.0953380284902 0.969233234476 0.497737443438
0.082433802849 0.969233234476 0.465491235204
0.100943380285 0.969233234476 0.469347275304
0.0829943380285 0.969233234476 0.462294081013
0.114499433803 0.969233234476 0.464506883846
0.11494994338 0.969233234476 0.488080174438
0.109594994338 0.969233234476 0.508714965754
0.129759499434 0.969233234476 0.523479571604
0.138975949943 0.969233234476 0.5352247046
0.150697594994 0.969233234476 0.546282820698
0.139269759499 0.969233234476 0.55852294764
0.12102697595 0.969233234476 0.569126862443
0.140802697595 0.969233234476 0.574637002602
0.131980269759 0.969233234476 0.578504826329
0.127498026976 0.969233234476 0.583607687917
0.116249802698 0.969233234476 0.591375473402
0.13132498027 0.969233234476 0.598011430274
0.135532498027 0.969233234476 0.603094928986
0.135053249803 0.969233234476 0.606963633316
0.14400532498 0.969233234476 0.611906922845
0.132300532498 0.969233234476 0.621405532384
0.13563005325 0.969233234476 0.637881837914
0.131463005325 0.969233234476 0.654593374145
0.123846300532 0.969233234476 0.670194491995
0.156384630053 0.969233234476 0.682606536476
0.130838463005 0.969233234476 0.693624579495
0.139983846301 0.969233234476 0.710474392888
0.13999838463 0.969233234476 0.729104976406
0.133699838463 0.969233234476 0.745890006404
0.124069983846 0.969233234476 0.759332098013
0.118606998385 0.969233234476 0.769724516307
0.118960699838 0.969233234476 0.779162521647
0.126196069984 0.969233234476 0.784789144647
0.144919606998 0.969233234476 0.784619811406
0.1332919607 0.969233234476 0.786462067603
0.12672919607 0.969233234476 0.788530713268
0.126072919607 0.969233234476 0.789043009568
0.139507291961 0.969233234476 0.787319848421
0.145350729196 0.969233234476 0.780241000346
0.12073507292 0.969233234476 0.775168050724
0.119173507292 0.969233234476 0.774175723721
0.133417350729 0.969233234476 0.769351498621
0.134841735073 0.969233234476 0.760534910733
0.145784173507 0.969233234476 0.74674716729
0.111778417351 0.969233234476 0.73459537939
0.102077841735 0.969233234476 0.735641099265
0.117307784174 0.969233234476 0.742695654546
0.114330778417 0.969233234476 0.748699741723
0.113133077842 0.969233234476 0.759771652141
0.121113307784 0.969233234476 0.771859109351
0.133611330778 0.969233234476 0.778985152324
0.134861133078 0.969233234476 0.779967567453
0.126886113308 0.969233234476 0.777059816931
0.150388611331 0.969233234476 0.780063203434
0.128438861133 0.969233234476 0.784942703754
0.130743886113 0.969233234476 0.786107517559
0.129174388611 0.969233234476 0.783632628033
0.134417438861 0.969233234476 0.776559366522
0.119641743886 0.969233234476 0.772021943387
0.132564174389 0.969233234476 0.768388079074
0.118556417439 0.969233234476 0.759715687849
0.113555641744 0.969233234476 0.74842257111
0.122055564174 0.969233234476 0.730543499167
0.132805556417 0.969233234476 0.707552528962
0.130280555642 0.969233234476 0.685545196157
0.133628055564 0.969233234476 0.664717098922
0.139362805556 0.969233234476 0.650339019556
0.132736280556 0.969233234476 0.632943588915
0.126673628056 0.969233234476 0.612872349892
0.128767362806 0.969233234476 0.59443613531
0.142476736281 0.969233234476 0.577007490465
0.125847673628 0.969233234476 0.562801293188
0.126884767363 0.969233234476 0.548052391199
0.110788476736 0.969233234476 0.536813322911
0.138878847674 0.969233234476 0.528932387966
0.131787884767 0.969233234476 0.520908459842
0.141878788477 0.969233234476 0.514004193018
0.122187878848 0.969233234476 0.504654306913
0.131018787885 0.969233234476 0.498326829428
0.130101878788 0.969233234476 0.49305159746
0.115610187879 0.969233234476 0.486315685883
0.132161018788 0.969233234476 0.474540473923
0.123916101879 0.969233234476 0.459644054654
0.112291610188 0.969233234476 0.447479333593
0.140829161019 0.969233234476 0.435914586642
0.145482916102 0.969233234476 0.422580226974
0.11174829161 0.969233234476 0.403911043345
0.103874829161 0.969233234476 0.379824709639
0.0886874829161 0.969233234476 0.351981654815
0.0952687482916 0.969233234476 0.317288102325
0.107626874829 0.969233234476 0.314353725183
0.117862687483 0.969233234476 0.301836242601
0.114386268748 0.969233234476 0.299375499496
0.115838626875 0.969233234476 0.317998051727
0.134883862687 0.969233234476 0.334239470893
0.119688386269 0.969233234476 0.346136287719
0.140668838627 0.969233234476 0.355612200684
0.129266883863 0.969233234476 0.367506670209
0.116426688386 0.969233234476 0.381577876799
0.139442668839 0.969233234476 0.392527683482
0.115644266884 0.969233234476 0.399906138371
0.133964426688 0.969233234476 0.405675113495
0.121396442669 0.969233234476 0.414363623217
0.141739644267 0.969233234476 0.425256578921
0.121273964427 0.969233234476 0.438799868257
0.139927396443 0.969233234476 0.454580856901
0.119292739644 0.969233234476 0.46956902048
0.132529273964 0.969233234476 0.485913763301
0.145552927396 0.969233234476 0.504166455243
0.13335529274 0.969233234476 0.524028180182
0.124035529274 0.969233234476 0.546958246482
0.145603552927 0.969233234476 0.571927874465
0.118960355293 0.969233234476 0.597990178299
0.142396035529 0.969233234476 0.619702402921
0.138439603553 0.969233234476 0.642331143628
0.146143960355 0.969233234476 0.666768296771
0.139714396036 0.969233234476 0.692326702981
0.121971439604 0.969233234476 0.718390087957
0.13369714396 0.969233234476 0.737666975006
0.131269714396 0.969233234476 0.751585043142
0.14542697144 0.969233234476 0.761119988735
0.127042697144 0.969233234476 0.763474831755
0.124304269714 0.969233234476 0.76662587941
0.147430426971 0.969233234476 0.772282240337
0.129043042697 0.969233234476 0.776922192684
0.13980430427 0.969233234476 0.776568100093
0.115680430427 0.969233234476 0.770073202427
0.144768043043 0.969233234476 0.765933458494
0.127876804304 0.969233234476 0.767949856751
0.12798768043 0.969233234476 0.767295807309
0.105498768043 0.969233234476 0.761150256655
0.122149876804 0.969233234476 0.74831943906
0.11571498768 0.969233234476 0.736949118845
0.097071498768 0.969233234476 0.72552324129
0.0799071498768 0.969233234476 0.72623236045
0.0997907149877 0.969233234476 0.731880171354
0.113479071499 0.969233234476 0.747052340373
0.12114790715 0.969233234476 0.761375164193
0.122814790715 0.969233234476 0.769337632717
0.126581479071 0.969233234476 0.77077280591
0.126058147907 0.969233234476 0.767205084139
0.138605814791 0.969233234476 0.771004181325
0.137160581479 0.969233234476 0.775603610562
0.132516058148 0.969233234476 0.774427231155
0.133851605815 0.969233234476 0.768596126611
0.133085160581 0.969233234476 0.75914821583
0.122208516058 0.969233234476 0.754758231283
0.128320851606 0.969233234476 0.749329544857
0.129832085161 0.969233234476 0.736525693779
0.134483208516 0.969233234476 0.717173546005
0.146648320852 0.969233234476 0.694313176205
0.153264832085 0.969233234476 0.673355969535
0.133226483209 0.969233234476 0.647679963355
0.124922648321 0.969233234476 0.618869067183
0.139392264832 0.969233234476 0.589872250596
0.143539226483 0.969233234476 0.563426373876
0.134053922648 0.969233234476 0.543336558995
0.143005392265 0.969233234476 0.519074856113
0.126800539226 0.969233234476 0.492815719748
0.134180053923 0.969233234476 0.465663175966
0.125018005392 0.969233234476 0.43899105546
0.136701800539 0.969233234476 0.418055701564
0.146870180054 0.969233234476 0.39675163273
0.128987018005 0.969233234476 0.376055604722
0.146098701801 0.969233234476 0.357636579511
0.12440987018 0.969233234476 0.341288120061
0.120440987018 0.969233234476 0.329584289784
0.132644098702 0.969233234476 0.319676443877
0.13386440987 0.969233234476 0.310115629878
0.127686440987 0.969233234476 0.297555642187
0.124368644099 0.969233234476 0.283482560856
0.15013686441 0.969233234476 0.271932262493
0.135613686441 0.969233234476 0.261959362208
0.122461368644 0.969233234476 0.251320354129
0.119346136864 0.969233234476 0.236930749238
0.116334613686 0.969233234476 0.218840425932
0.111533461369 0.969233234476 0.198272571467
0.0813533461369 0.969233234476 0.16941375587
0.0990353346137 0.969233234476 0.163625230255
0.119703533461 0.969233234476 0.150536364688
0.110070353346 0.969233234476 0.145393183766
0.129807035335 0.969233234476 0.157454880306
0.117380703533 0.969233234476 0.168449736881
0.136838070353 0.969233234476 0.177457076514
0.112683807035 0.969233234476 0.186815647117
0.117468380704 0.969233234476 0.2016195265
0.12784683807 0.969233234476 0.219805694973
0.123484683807 0.969233234476 0.23601902533
0.129348468381 0.969233234476 0.250457295224
0.128134846838 0.969233234476 0.264037338433
0.117213484684 0.969233234476 0.281761769635
0.126021348468 0.969233234476 0.30226715189
0.154802134847 0.969233234476 0.321569000576
0.138780213485 0.969233234476 0.34609090862
0.148878021348 0.969233234476 0.375868589231
0.121987802135 0.969233234476 0.405589926602
0.116598780213 0.969233234476 0.435153241064
0.107959878021 0.969233234476 0.462245267091
0.114295987802 0.969233234476 0.491928099617
0.12212959878 0.969233234476 0.526785170926
0.129212959878 0.969233234476 0.556166694272
0.138021295988 0.969233234476 0.579747566823
0.131702129599 0.969233234476 0.601172673817
0.13557021296 0.969233234476 0.630720144928
0.136857021296 0.969233234476 0.665836912328
0.12348570213 0.969233234476 0.69528440237
0.132948570213 0.969233234476 0.717089381021
0.126694857021 0.969233234476 0.732586180041
0.139569485702 0.969233234476 0.746490117214
0.13185694857 0.969233234476 0.754428927682
0.122085694857 0.969233234476 0.762936302981
0.119308569486 0.969233234476 0.774869777284
0.128930856949 0.969233234476 0.781473864457
0.142493085695 0.969233234476 0.781780033393
0.137549308569 0.969233234476 0.775674366312
0.126254930857 0.969233234476 0.77300469465
0.111625493086 0.969233234476 0.776438657257
0.125462549309 0.969233234476 0.775152876739
0.124146254931 0.969233234476 0.767514790073
0.111414625493 0.969233234476 0.752890621307
0.111041462549 0.969233234476 0.740621901851
0.108304146255 0.969233234476 0.733809447582
0.0972304146255 0.969233234476 0.731007655998
0.0961230414625 0.969233234476 0.729903348104
0.115812304146 0.969233234476 0.736263682985
0.125881230415 0.969233234476 0.749542660204
0.125088123041 0.969233234476 0.757200230154
0.120508812304 0.969233234476 0.759749021906
0.10115088123 0.969233234476 0.758437596432
0.136115088123 0.969233234476 0.763486557098
0.133311508812 0.969233234476 0.769016628165
0.133031150881 0.969233234476 0.768808637239
0.120403115088 0.969233234476 0.763563622935
0.130840311509 0.969233234476 0.754092981445
0.125584031151 0.969233234476 0.7466200989
0.129558403115 0.969233234476 0.740321384816
0.135355840312 0.969233234476 0.729906300181
0.123335584031 0.969233234476 0.71273062916
0.114033558403 0.969233234476 0.689985734973
0.12840335584 0.969233234476 0.664049751096
0.141540335584 0.969233234476 0.637759902943
0.131154033558 0.969233234476 0.610313742231
0.117515403356 0.969233234476 0.579514972434
0.125151540336 0.969233234476 0.553427686882
0.122315154034 0.969233234476 0.527233248227
0.129231515403 0.969233234476 0.497171515169
0.12542315154 0.969233234476 0.462005144693
0.140342315154 0.969233234476 0.423392872457
0.130134231515 0.969233234476 0.390643338639
0.112913423152 0.969233234476 0.362405786147
0.124691342315 0.969233234476 0.33476837742
0.125869134232 0.969233234476 0.304737134096
0.119686913423 0.969233234476 0.27384386687
0.131668691342 0.969233234476 0.248081712226
0.131066869134 0.969233234476 0.225546786778
0.131906686913 0.969233234476 0.205515919676
0.111290668691 0.969233234476 0.186586620297
0.127229066869 0.969233234476 0.166443361847
0.121622906687 0.969233234476 0.145077661135
0.119262290669 0.969233234476 0.126193237837
0.123526229067 0.969233234476 0.112041028926
0.129352622907 0.969233234476 0.101495542858
0.120035262291 0.969233234476 0.0915555109413
0.121803526229 0.969233234476 0.0811205749503
0.107580352623 0.969233234476 0.0700975810134
0.0962580352623 0.969233234476 0.0529138580329
0.0897258035262 0.969233234476 0.0483512748133
0.105272580353 0.969233234476 0.0395314399692
0.113127258035 0.969233234476 0.0360220303372
0.118412725804 0.969233234476 0.0437356284355
0.12434127258 0.969233234476 0.0549262464382
0.127634127258 0.969233234476 0.069706332315
0.128863412726 0.969233234476 0.0891392837702
0.137986341273 0.969233234476 0.112835703807
0.128998634127 0.969233234476 0.138080571102
0.120899863413 0.969233234476 0.163239226489
0.134489986341 0.969233234476 0.188238291331
0.128648998634 0.969233234476 0.214397485254
0.146064899863 0.969233234476 0.241904513831
0.125306489986 0.969233234476 0.271565426386
0.132230648999 0.969233234476 0.302162877356
0.1446230649 0.969233234476 0.335225786734
0.12966230649 0.969233234476 0.365007664379
0.125466230649 0.969233234476 0.393553961525
0.141246623065 0.969233234476 0.420235810465
0.115824662306 0.969233234476 0.454041967363
0.116882466231 0.969233234476 0.491655428532
0.123288246623 0.969233234476 0.524386780437
0.130228824662 0.969233234476 0.551170851404
0.143522882466 0.969233234476 0.573276951706
0.138552288247 0.969233234476 0.601622460505
0.129055228825 0.969233234476 0.63391147634
0.137105522882 0.969233234476 0.661603538889
0.137010552288 0.969233234476 0.685024452292
0.148701055229 0.969233234476 0.705074152691
0.145370105523 0.969233234476 0.72578043562
0.135137010552 0.969233234476 0.741088559802
0.126013701055 0.969233234476 0.748190015144
0.128701370106 0.969233234476 0.75451629471
0.127170137011 0.969233234476 0.768522358681
0.139617013701 0.969233234476 0.777016024108
0.13726170137 0.969233234476 0.779121580537
0.134326170137 0.969233234476 0.774832129408
0.125032617014 0.969233234476 0.77088012312
0.145703261701 0.969233234476 0.773873961746
0.14417032617 0.969233234476 0.771823991762
0.129617032617 0.969233234476 0.763371925235
0.116461703262 0.969233234476 0.747865519474
0.0989461703262 0.969233234476 0.731380407177
0.0953946170326 0.969233234476 0.725823670108
0.104039461703 0.969233234476 0.727219978552
0.0770039461703 0.969233234476 0.728479774566
0.118400394617 0.969233234476 0.734983490752
0.127940039462 0.969233234476 0.749094742262
0.126194003946 0.969233234476 0.757444733965
0.133219400395 0.969233234476 0.759138413322
0.129421940039 0.969233234476 0.75448334292
0.143442194004 0.969233234476 0.762503177255
0.1403442194 0.969233234476 0.766906524577
0.11843442194 0.969233234476 0.764987934887
0.120743442194 0.969233234476 0.758686899735
0.125474344219 0.969233234476 0.74945298838
0.129547434422 0.969233234476 0.747907399641
0.119154743442 0.969233234476 0.740755344506
0.124415474344 0.969233234476 0.731433520638
0.119541547434 0.969233234476 0.718043623521
0.122654154743 0.969233234476 0.700630264082
0.141865415474 0.969233234476 0.675466297221
0.123986541547 0.969233234476 0.648385423768
0.135698654155 0.969233234476 0.622101707763
0.125169865415 0.969233234476 0.597624855818
0.146616986542 0.969233234476 0.572753417498
0.132561698654 0.969233234476 0.542498043206
0.124856169865 0.969233234476 0.510199074579
0.120485616987 0.969233234476 0.478413046524
0.128148561699 0.969233234476 0.448437965283
0.13881485617 0.969233234476 0.418631552591
0.134481485617 0.969233234476 0.385833518273
0.125948148562 0.969233234476 0.354623086189
0.126894814856 0.969233234476 0.319733443056
0.126089481486 0.969233234476 0.28506744633
0.135008948149 0.969233234476 0.25302432625
0.127800894815 0.969233234476 0.221787715594
0.144180089481 0.969233234476 0.191368489521
0.126918008948 0.969233234476 0.161559279469
0.123391800895 0.969233234476 0.132668887293
0.130239180089 0.969233234476 0.10587326363
0.128223918009 0.969233234476 0.0803140597477
0.134322391801 0.969233234476 0.0585081682761
0.10973223918 0.969233234476 0.0405676339216
0.127973223918 0.969233234476 0.0267227272927
0.117197322392 0.969233234476 0.0177033074779
0.0909197322392 0.969233234476 0.0105974151063
0.0810919732239 0.969233234476 0.0106127065799
0.112509197322 0.969233234476 0.0181797026164
0.0949509197322 0.969233234476 0.031392324069
0.103995091973 0.969233234476 0.0464742363975
0.0976995091973 0.969233234476 0.058046912492
0.11326995092 0.969233234476 0.0697854033136
0.122026995092 0.969233234476 0.0922197602826
0.139102699509 0.969233234476 0.119633934494
0.122810269951 0.969233234476 0.147659279999
0.128381026995 0.969233234476 0.174042303395
0.1298381027 0.969233234476 0.198497739887
0.13718381027 0.969233234476 0.231209455638
0.141518381027 0.969233234476 0.266588955221
0.142851838103 0.969233234476 0.300436144942
0.12228518381 0.969233234476 0.336096241561
0.114828518381 0.969233234476 0.373334534577
0.141982851838 0.969233234476 0.407840297591
0.135698285184 0.969233234476 0.437111301857
0.136869828518 0.969233234476 0.460137311045
0.136086982852 0.969233234476 0.489467540127
0.117108698285 0.969233234476 0.519992680692
0.125110869829 0.969233234476 0.546996773322
0.143911086983 0.969233234476 0.567669315223
0.133191108698 0.969233234476 0.586996209698
0.13211911087 0.969233234476 0.612529899842
0.123011911087 0.969233234476 0.639182972506
0.135601191109 0.969233234476 0.66349392231
0.141360119111 0.969233234476 0.681503283662
0.130236011911 0.969233234476 0.698143962325
0.142623601191 0.969233234476 0.715226735134
0.115062360119 0.969233234476 0.726530568106
0.137506236012 0.969233234476 0.73391792117
0.146950623601 0.969233234476 0.737882384626
0.12809506236 0.969233234476 0.743067671709
0.140609506236 0.969233234476 0.750845286014
0.140960950624 0.969233234476 0.753109549731
0.131096095062 0.969233234476 0.752876545288
0.132809609506 0.969233234476 0.750655373687
0.126680960951 0.969233234476 0.744703230309
0.115268096095 0.969233234476 0.747138768793
0.12402680961 0.969233234476 0.744871481357
0.110502680961 0.969233234476 0.735960509535
0.110950268096 0.969233234476 0.719703994067
0.12269502681 0.969233234476 0.69777554466
0.097769502681 0.969233234476 0.696183216386
0.0970769502681 0.969233234476 0.710489213817
0.114107695027 0.969233234476 0.726270527405
0.127510769503 0.969233234476 0.740229207266
0.11625107695 0.969233234476 0.749638398328
0.135825107695 0.969233234476 0.751990310075
0.13598251077 0.969233234476 0.752907697547
0.135098251077 0.969233234476 0.750207108241
0.125109825108 0.969233234476 0.753362496078
0.125910982511 0.969233234476 0.754547127419
0.115191098251 0.969233234476 0.751406466445
0.133019109825 0.969233234476 0.746480033878
0.127601910983 0.969233234476 0.741055226495
0.123460191098 0.969233234476 0.742751409365
0.13744601911 0.969233234476 0.74130448038
0.132544601911 0.969233234476 0.734369544613
0.138354460191 0.969233234476 0.726983162828
0.129035446019 0.969233234476 0.7166731254
0.132603544602 0.969233234476 0.701963016719
0.13116035446 0.969233234476 0.681695600943
0.138216035446 0.969233234476 0.661647553901
0.134421603545 0.969233234476 0.64483795844
0.122342160354 0.969233234476 0.629269230812
0.132834216035 0.969233234476 0.611530049029
0.131183421604 0.969233234476 0.588660834502
0.12831834216 0.969233234476 0.566193681004
0.137931834216 0.969233234476 0.547242824919
0.140693183422 0.969233234476 0.525849012235
0.131969318342 0.969233234476 0.500284321839
0.135596931834 0.969233234476 0.469991711952
0.130559693183 0.969233234476 0.439295778646
0.139955969318 0.969233234476 0.404899852557
0.116595596932 0.969233234476 0.368456074766
0.119659559693 0.969233234476 0.329708452791
0.139765955969 0.969233234476 0.298213860286
0.131876595597 0.969233234476 0.270331993411
0.13108765956 0.969233234476 0.241364984509
0.127408765956 0.969233234476 0.210636276327
0.145940876596 0.969233234476 0.178010928405
0.14329408766 0.969233234476 0.154197620882
0.116929408766 0.969233234476 0.135996955846
0.109792940877 0.969233234476 0.118982979966
0.0982792940877 0.969233234476 0.102618167976
0.0890279294088 0.969233234476 0.0865570900097
0.0845027929409 0.969233234476 0.0931039249675
0.0930502792941 0.969233234476 0.113115691236
0.0930050279294 0.969233234476 0.138294730388
0.0984005027929 0.969233234476 0.1636294898
0.0980400502793 0.969233234476 0.182972719535
0.117804005028 0.969233234476 0.202783279748
0.136880400503 0.969233234476 0.226226812006
0.13428804005 0.969233234476 0.250163599996
0.134928804005 0.969233234476 0.274902823464
0.131392880401 0.969233234476 0.307774964223
0.14633928804 0.969233234476 0.340385870004
0.137933928804 0.969233234476 0.374486557565
0.15419339288 0.969233234476 0.407020395469
0.129719339288 0.969233234476 0.438536836011
0.128171933929 0.969233234476 0.47954587511
0.137917193393 0.969233234476 0.517690613389
0.135291719339 0.969233234476 0.550310892539
0.115229171934 0.969233234476 0.575585458703
0.122222917193 0.969233234476 0.599639211932
0.136422291719 0.969233234476 0.62352818891
0.123442229172 0.969233234476 0.643940472761
0.137444222917 0.969233234476 0.658694842561
0.136144422292 0.969233234476 0.670573137555
0.136014442229 0.969233234476 0.683548357943
0.130601444223 0.969233234476 0.696277076638
0.121960144422 0.969233234476 0.706044295148
0.126496014442 0.969233234476 0.716491967421
0.161149601444 0.969233234476 0.725042716595
0.146614960144 0.969233234476 0.73486152943
0.137961496014 0.969233234476 0.743828684446
0.115496149601 0.969233234476 0.747684831572
0.11954961496 0.969233234476 0.750456063515
0.116354961496 0.969233234476 0.751061608355
0.13403549615 0.969233234476 0.749148475904
0.130403549615 0.969233234476 0.751851393439
0.133640354961 0.969233234476 0.754705411444
0.142064035496 0.969233234476 0.761178956746
0.14380640355 0.969233234476 0.761960877301
0.109780640355 0.969233234476 0.758904363803
0.136078064035 0.969233234476 0.758761708235
0.147707806404 0.969233234476 0.757253115527
0.11827078064 0.969233234476 0.753316666296
0.110827078064 0.969233234476 0.742496194549
0.118182707806 0.969233234476 0.726544622309
0.110818270781 0.969233234476 0.714421050624
0.108281827078 0.969233234476 0.714750246253
0.117028182708 0.969233234476 0.71659211535
0.118802818271 0.969233234476 0.728404457521
0.117180281827 0.969233234476 0.739439882499
0.132318028183 0.969233234476 0.74421168114
0.136531802818 0.969233234476 0.74907821425
0.136953180282 0.969233234476 0.747808894058
0.131595318028 0.969233234476 0.745692276421
0.149959531803 0.969233234476 0.74786977925
0.12119595318 0.969233234476 0.748365999755
0.147119595318 0.969233234476 0.748979817792
0.138911959532 0.969233234476 0.742772755192
0.111991195953 0.969233234476 0.7408098063
0.110199119595 0.969233234476 0.746133821648
0.13701991196 0.969233234476 0.750420630462
0.140601991196 0.969233234476 0.749078314586
0.14546019912 0.969233234476 0.747488704406
0.156746019912 0.969233234476 0.745433608102
0.133574601991 0.969233234476 0.743978644557
0.117757460199 0.969233234476 0.741560599785
0.15487574602 0.969233234476 0.735354210972
0.137887574602 0.969233234476 0.732140510194
0.12358875746 0.969233234476 0.729671732317
0.137458875746 0.969233234476 0.720860060534
0.126245887575 0.969233234476 0.706674705069
0.138624588757 0.969233234476 0.688607746993
0.115562458876 0.969233234476 0.673344307088
0.104256245888 0.969233234476 0.652288161892
0.126525624589 0.969233234476 0.62307118768
0.132352562459 0.969233234476 0.587500689868
0.123935256246 0.969233234476 0.550989386199
0.140193525625 0.969233234476 0.520030897447
0.115719352562 0.969233234476 0.484769531041
0.124071935256 0.969233234476 0.444873282319
0.133907193526 0.969233234476 0.41370937165
0.115990719353 0.969233234476 0.384758310283
0.125899071935 0.969233234476 0.360960011264
0.136789907194 0.969233234476 0.333278667389
0.144178990719 0.969233234476 0.302491303836
0.120617899072 0.969233234476 0.282340910685
0.125461789907 0.969233234476 0.261407960203
0.116046178991 0.969233234476 0.238044829518
0.0971046178991 0.969233234476 0.212182083158
0.0844104617899 0.969233234476 0.217727811164
0.105641046179 0.969233234476 0.245655669871
0.110464104618 0.969233234476 0.276840019729
0.107346410462 0.969233234476 0.307947642879
0.116034641046 0.969233234476 0.33542075005
0.122303464105 0.969233234476 0.361476572041
0.13463034641 0.969233234476 0.385177512292
0.153863034641 0.969233234476 0.405848928158
0.129686303464 0.969233234476 0.434681179605
0.136268630346 0.969233234476 0.461124229161
0.134226863035 0.969233234476 0.484195704086
0.120522686303 0.969233234476 0.510248321076
0.12635226863 0.969233234476 0.539546039019
0.123335226863 0.969233234476 0.576990984866
0.135633522686 0.969233234476 0.612008815511
0.124263352269 0.969233234476 0.641093634329
0.130326335227 0.969233234476 0.67047046928
0.120132633523 0.969233234476 0.698808532158
0.125413263352 0.969233234476 0.720416814596
0.123241326335 0.969233234476 0.735952413932
0.123924132634 0.969233234476 0.746940291864
0.143792413263 0.969233234476 0.75625647911
0.125079241326 0.969233234476 0.763585810312
0.107907924133 0.969233234476 0.764866496582
0.122390792413 0.969233234476 0.759609606336
0.133739079241 0.969233234476 0.756434559946
0.148373907924 0.969233234476 0.760015300579
0.139937390792 0.969233234476 0.763666960064
0.117493739079 0.969233234476 0.761494615622
0.121549373908 0.969233234476 0.752362374064
0.130954937391 0.969233234476 0.748385281794
0.126495493739 0.969233234476 0.751399915943
0.118849549374 0.969233234476 0.75380853797
0.138784954937 0.969233234476 0.751282825743
0.129978495494 0.969233234476 0.74690091717
0.124597849549 0.969233234476 0.747826262733
0.124959784955 0.969233234476 0.755531782881
0.133995978495 0.969233234476 0.758540157943
0.12589959785 0.969233234476 0.757017498718
0.135889959785 0.969233234476 0.754573974008
0.126088995978 0.969233234476 0.752030447073
0.113408899598 0.969233234476 0.751158256651
0.11844088996 0.969233234476 0.744487931138
0.114444088996 0.969233234476 0.732101497425
0.1041444089 0.969233234476 0.724026609492
0.10671444089 0.969233234476 0.727105388381
0.101571444089 0.969233234476 0.726321649427
0.115457144409 0.969233234476 0.727640865359
0.115945714441 0.969233234476 0.735929961341
0.118694571444 0.969233234476 0.740798114039
0.136969457144 0.969233234476 0.745351928748
0.133396945714 0.969233234476 0.746445241909
0.133939694571 0.969233234476 0.7491823692
0.134893969457 0.969233234476 0.747883234824
0.142189396946 0.969233234476 0.748281636831
0.129418939695 0.969233234476 0.75027229705
0.126341893969 0.969233234476 0.748623585813
0.123334189397 0.969233234476 0.75116613559
0.11763341894 0.969233234476 0.755688871301
0.115263341894 0.969233234476 0.759463079663
0.106926334189 0.969233234476 0.765376163956
0.126792633419 0.969233234476 0.769602944543
0.140479263342 0.969233234476 0.770647513613
0.140047926334 0.969233234476 0.773272785615
0.131004792633 0.969233234476 0.776575404863
0.139100479263 0.969233234476 0.778189353081
0.143510047926 0.969233234476 0.778080631732
0.133151004793 0.969233234476 0.775311449896
0.124015100479 0.969233234476 0.774897536285
0.153701510048 0.969233234476 0.769401479437
0.153970151005 0.969233234476 0.759104048616
0.1287970151 0.969233234476 0.74282685115
0.13887970151 0.969233234476 0.719069371319
0.120987970151 0.969233234476 0.699999727844
0.136298797015 0.969233234476 0.677713116557
0.129729879702 0.969233234476 0.647547981777
0.12547298797 0.969233234476 0.61847047145
0.125047298797 0.969233234476 0.586342413296
0.14840472988 0.969233234476 0.561186061359
0.133640472988 0.969233234476 0.540232208141
0.127664047299 0.969233234476 0.520029123662
0.12256640473 0.969233234476 0.502261802975
0.126556640473 0.969233234476 0.482256811118
0.139555664047 0.969233234476 0.456911797427
0.118355566405 0.969233234476 0.431336560965
0.12073555664 0.969233234476 0.407612027996
0.103873555664 0.969233234476 0.388188440926
0.0967873555664 0.969233234476 0.368732150021
0.102378735557 0.969233234476 0.381537196917
0.0966378735557 0.969233234476 0.410519695698
0.0861637873556 0.969233234476 0.442951989334
0.108516378736 0.969233234476 0.470196657084
0.120651637874 0.969233234476 0.485864413582
0.0984651637874 0.969233234476 0.497518550606
0.120546516379 0.969233234476 0.515815699785
0.132654651638 0.969233234476 0.536631049622
0.116765465164 0.969233234476 0.557589766623
0.132276546516 0.969233234476 0.570927651847
0.123927654652 0.969233234476 0.580334900079
0.126692765465 0.969233234476 0.5950322464
0.126069276547 0.969233234476 0.610741285959
0.117006927655 0.969233234476 0.63820992823
0.126900692765 0.969233234476 0.662338372705
0.121590069277 0.969233234476 0.680696362364
0.133659006928 0.969233234476 0.702713926626
0.123165900693 0.969233234476 0.717200100411
0.127516590069 0.969233234476 0.735779204857
0.134251659007 0.969233234476 0.752481947901
0.127725165901 0.969233234476 0.764360848916
0.11267251659 0.969233234476 0.771915977727
0.113867251659 0.969233234476 0.777527595743
0.122986725166 0.969233234476 0.778200527282
0.106798672517 0.969233234476 0.779426871011
0.126779867252 0.969233234476 0.778010348565
0.113477986725 0.969233234476 0.772326574826
0.124747798673 0.969233234476 0.768183999494
0.123174779867 0.969233234476 0.760975525124
0.0843174779867 0.969233234476 0.757018923918
0.100231747799 0.969233234476 0.752269992673
0.11262317478 0.969233234476 0.751478912136
0.119262317478 0.969233234476 0.751966695817
0.119026231748 0.969233234476 0.748383967035
0.128902623175 0.969233234476 0.747264136535
0.135290262317 0.969233234476 0.74532528166
0.122429026232 0.969233234476 0.747115544047
0.134642902623 0.969233234476 0.746872297916
0.144864290262 0.969233234476 0.745541460443
0.109886429026 0.969233234476 0.745204102951
0.130688642903 0.969233234476 0.741381940439
0.12376886429 0.969233234476 0.741251611981
0.109576886429 0.969233234476 0.734343264805
0.100057688643 0.969233234476 0.723173293217
0.113505768864 0.969233234476 0.718702557706
0.0968505768864 0.969233234476 0.724144163005
0.114085057689 0.969233234476 0.728901449305
0.0870085057689 0.969233234476 0.733751710726
0.105900850577 0.969233234476 0.740568217105
0.121290085058 0.969233234476 0.744339870614
0.101229008506 0.969233234476 0.748502212419
0.106422900851 0.969233234476 0.753210894769
0.119542290085 0.969233234476 0.757822009778
0.128054229009 0.969233234476 0.756110882464
0.112705422901 0.969233234476 0.751756930632
0.12107054229 0.969233234476 0.75449715377
0.112007054229 0.969233234476 0.75837236137
0.116500705423 0.969233234476 0.762172604191
0.0926500705423 0.969233234476 0.759439817247
0.107365007054 0.969233234476 0.754139452546
0.111536500705 0.969233234476 0.759197912012
0.117353650071 0.969233234476 0.765512835713
0.129635365007 0.969233234476 0.767302045058
0.105663536501 0.969233234476 0.766741148787
0.11766635365 0.969233234476 0.763178166328
0.108066635365 0.969233234476 0.764378074744
0.111606663537 0.969233234476 0.76329130894
0.106560666354 0.969233234476 0.757561531364
0.108756066635 0.969233234476 0.74923164401
0.116175606664 0.969233234476 0.736888993491
0.0944175606664 0.969233234476 0.722362419474
0.108441756067 0.969233234476 0.705678576888
0.104444175607 0.969233234476 0.695189095208
0.121144417561 0.969233234476 0.683578472712
0.114714441756 0.969233234476 0.673706349835
0.114971444176 0.969233234476 0.655258415078
0.105997144418 0.969233234476 0.630467642593
0.0969997144418 0.969233234476 0.623832405873
0.112299971444 0.969233234476 0.616786039879
0.112929997144 0.969233234476 0.612715051067
0.0949929997144 0.969233234476 0.60548796429
0.104899299971 0.969233234476 0.590419558488
0.100489929997 0.969233234476 0.579787606238
0.109948993 0.969233234476 0.567981507832
0.1045948993 0.969233234476 0.560344310124
0.11485948993 0.969233234476 0.551272436972
0.104185948993 0.969233234476 0.536351470827
0.0869185948993 0.969233234476 0.528054919718
0.0878918594899 0.969233234476 0.500974095572
0.087089185949 0.969233234476 0.4891531591
0.0942089185949 0.969233234476 0.476750483726
0.102120891859 0.969233234476 0.473576506523
0.135312089186 0.969233234476 0.486202398526
0.122431208919 0.969233234476 0.497552349101
0.107643120892 0.969233234476 0.515819079634
0.126864312089 0.969233234476 0.536631387607
0.125186431209 0.969233234476 0.557589800422
0.125018643121 0.969233234476 0.570927655227
0.127701864312 0.969233234476 0.580334900417
0.129770186431 0.969233234476 0.595032246433
0.135377018643 0.969233234476 0.610741285962
0.139537701864 0.969233234476 0.63820992823
0.125553770186 0.969233234476 0.662338372705
0.118755377019 0.969233234476 0.680696362364
0.127075537702 0.969233234476 0.702713926626
0.12880755377 0.969233234476 0.717200100411
0.145180755377 0.969233234476 0.735779204857
0.136918075538 0.969233234476 0.752481947901
0.126191807554 0.969233234476 0.764360848916
0.119719180755 0.969233234476 0.771915977727
0.119071918076 0.969233234476 0.777527595743
0.121707191808 0.969233234476 0.778200527282
0.128270719181 0.969233234476 0.779426871011
0.136127071918 0.969233234476 0.778010348565
0.136912707192 0.969233234476 0.772326574826
0.128891270719 0.969233234476 0.768183999494
0.137989127072 0.969233234476 0.760975525124
0.140698912707 0.969233234476 0.757018923918
0.132869891271 0.969233234476 0.752269992673
0.132086989127 0.969233234476 0.751478912136
0.123908698913 0.969233234476 0.751966695817
0.129390869891 0.969233234476 0.748383967035
0.129039086989 0.969233234476 0.747264136535
0.136203908699 0.969233234476 0.74532528166
0.14322039087 0.969233234476 0.747115544047
0.135822039087 0.969233234476 0.746872297916
0.125182203909 0.969233234476 0.745541460443
0.143918220391 0.969233234476 0.745204102951
0.132291822039 0.969233234476 0.741381940439
0.113129182204 0.969233234476 0.741251611981
0.13641291822 0.969233234476 0.734343264805
0.105441291822 0.969233234476 0.723173293217
0.0942441291822 0.969233234476 0.713365052775
0.110224412918 0.969233234476 0.71432452752
0.110922441292 0.969233234476 0.712415257184
0.109192244129 0.969233234476 0.726250226135
0.106319224413 0.969233234476 0.735790897419
0.112331922441 0.969233234476 0.740784207646
0.120133192244 0.969233234476 0.745350538109
0.137113319224 0.969233234476 0.746445102845
0.119011331922 0.969233234476 0.749182355294
0.124401133192 0.969233234476 0.747883233434
0.144740113319 0.969233234476 0.748281636692
0.142274011332 0.969233234476 0.750272297036
0.131227401133 0.969233234476 0.748623585812
0.141822740113 0.969233234476 0.75116613559
0.121282274011 0.969233234476 0.755688871301
0.123728227401 0.969233234476 0.759463079663
0.12307282274 0.969233234476 0.765376163956
0.126607282274 0.969233234476 0.769602944543
0.138660728227 0.969233234476 0.770647513613
0.118266072823 0.969233234476 0.773272785615
0.124326607282 0.969233234476 0.776575404863
0.113232660728 0.969233234476 0.778189353081
0.119323266073 0.969233234476 0.778080631732
0.128032326607 0.969233234476 0.775311449896
0.137903232661 0.969233234476 0.774897536285
0.0974903232661 0.969233234476 0.769401479437
0.133049032327 0.969233234476 0.759104048616
0.126704903233 0.969233234476 0.74282685115
0.147670490323 0.969233234476 0.719069371319
0.125467049032 0.969233234476 0.699999727844
0.124146704903 0.969233234476 0.677713116557
0.11861467049 0.969233234476 0.647547981777
0.127961467049 0.969233234476 0.61847047145
0.118996146705 0.969233234476 0.586342413296
0.14059961467 0.969233234476 0.561186061359
0.121159961467 0.969233234476 0.540232208141
0.130915996147 0.969233234476 0.520029123662
0.131891599615 0.969233234476 0.502261802975
0.121189159961 0.969233234476 0.482256811118
0.137218915996 0.969233234476 0.456911797427
0.1181218916 0.969233234476 0.431336560965
0.12161218916 0.969233234476 0.407612027996
0.096761218916 0.969233234476 0.388188440926
0.111376121892 0.969233234476 0.368732150021
0.0894376121892 0.969233234476 0.335884477352
0.0944437612189 0.969233234476 0.327488753013
0.0949443761219 0.969233234476 0.3089180452
0.111194437612 0.969233234476 0.311155445426
0.124519443761 0.969233234476 0.335741530305
0.114151944376 0.969233234476 0.361508650067
0.130215194438 0.969233234476 0.385180720095
0.139921519444 0.969233234476 0.405849248938
0.143592151944 0.969233234476 0.434681211683
0.119659215194 0.969233234476 0.461124232368
0.120865921519 0.969233234476 0.484195704406
0.122786592152 0.969233234476 0.510248321108
0.129278659215 0.969233234476 0.539546039022
0.123627865922 0.969233234476 0.576990984866
0.127562786592 0.969233234476 0.612008815511
0.123456278659 0.969233234476 0.641093634329
0.132945627866 0.969233234476 0.67047046928
0.134794562787 0.969233234476 0.698808532158
0.134079456279 0.969233234476 0.720416814596
0.143907945628 0.969233234476 0.735952413932
0.129590794563 0.969233234476 0.746940291864
0.133559079456 0.969233234476 0.75625647911
0.120455907946 0.969233234476 0.763585810312
0.128145590795 0.969233234476 0.764866496582
0.126214559079 0.969233234476 0.759609606336
0.125121455908 0.969233234476 0.756434559946
0.122312145591 0.969233234476 0.760015300579
0.131931214559 0.969233234476 0.763666960064
0.128393121456 0.969233234476 0.761494615622
0.148739312146 0.969233234476 0.752362374064
0.130073931215 0.969233234476 0.748385281794
0.124607393121 0.969233234476 0.751399915943
0.117760739312 0.969233234476 0.75380853797
0.135976073931 0.969233234476 0.751282825743
0.132397607393 0.969233234476 0.74690091717
0.123039760739 0.969233234476 0.747826262733
0.137403976074 0.969233234476 0.755531782881
0.116340397607 0.969233234476 0.758540157943
0.116934039761 0.969233234476 0.757017498718
0.134093403976 0.969233234476 0.754573974008
0.131309340398 0.969233234476 0.752030447073
0.14363093404 0.969233234476 0.751158256651
0.116963093404 0.969233234476 0.744487931138
0.11519630934 0.969233234476 0.732101497425
0.111419630934 0.969233234476 0.725778157204
0.114641963093 0.969233234476 0.729494088177
0.0960641963093 0.969233234476 0.72886543941
0.0987064196309 0.969233234476 0.729631789927
0.121470641963 0.969233234476 0.73956261574
0.123747064196 0.969233234476 0.744223954464
0.12937470642 0.969233234476 0.749079441582
0.131737470642 0.969233234476 0.747809016791
0.132873747064 0.969233234476 0.745692288694
0.129387374706 0.969233234476 0.747869780477
0.132638737471 0.969233234476 0.748365999878
0.137463873747 0.969233234476 0.748979817804
0.152346387375 0.969233234476 0.742772755193
0.124134638737 0.969233234476 0.7408098063
0.125813463874 0.969233234476 0.746133821648
0.125981346387 0.969233234476 0.750420630462
0.125998134639 0.969233234476 0.749078314586
0.134999813464 0.969233234476 0.747488704406
0.141299981346 0.969233234476 0.745433608102
0.118529998135 0.969233234476 0.743978644557
0.128852999813 0.969233234476 0.741560599785
0.115485299981 0.969233234476 0.735354210972
0.111448529998 0.969233234476 0.732140510194
0.127244853 0.969233234476 0.729671732317
0.1270244853 0.969233234476 0.720860060534
0.12880244853 0.969233234476 0.706674705069
0.142480244853 0.969233234476 0.688607746993
0.139348024485 0.969233234476 0.673344307088
0.132734802449 0.969233234476 0.652288161892
0.139273480245 0.969233234476 0.62307118768
0.133627348024 0.969233234476 0.587500689868
0.142062734802 0.969233234476 0.550989386199
0.12670627348 0.969233234476 0.520030897447
0.117970627348 0.969233234476 0.484769531041
0.123397062735 0.969233234476 0.444873282319
0.132039706273 0.969233234476 0.41370937165
0.115803970627 0.969233234476 0.384758310283
0.138480397063 0.969233234476 0.360960011264
0.120948039706 0.969233234476 0.333278667389
0.147994803971 0.969233234476 0.302491303836
0.127299480397 0.969233234476 0.282340910685
0.12162994804 0.969233234476 0.261407960203
0.092262994804 0.969233234476 0.238044829518
0.10552629948 0.969233234476 0.212182083158
0.087952629948 0.969233234476 0.181596610217
0.119495262995 0.969233234476 0.179534871467
0.0974495262995 0.969233234476 0.168793596013
0.11774495263 0.969233234476 0.166679376362
0.108974495263 0.969233234476 0.183277708191
0.135997449526 0.969233234476 0.202813778613
0.144099744953 0.969233234476 0.226229861892
0.154809974495 0.969233234476 0.250163904984
0.13878099745 0.969233234476 0.274902853963
0.130878099745 0.969233234476 0.307774967273
0.121987809974 0.969233234476 0.340385870309
0.128298780997 0.969233234476 0.374486557595
0.1397298781 0.969233234476 0.407020395472
0.14447298781 0.969233234476 0.438536836011
0.135947298781 0.969233234476 0.47954587511
0.118894729878 0.969233234476 0.517690613389
0.127989472988 0.969233234476 0.550310892539
0.126198947299 0.969233234476 0.575585458703
0.14491989473 0.969233234476 0.599639211932
0.139591989473 0.969233234476 0.62352818891
0.138159198947 0.969233234476 0.643940472761
0.138015919895 0.969233234476 0.658694842561
0.134401591989 0.969233234476 0.670573137555
0.132240159199 0.969233234476 0.683548357943
0.13832401592 0.969233234476 0.696277076638
0.125432401592 0.969233234476 0.706044295148
0.124143240159 0.969233234476 0.716491967421
0.128514324016 0.969233234476 0.725042716595
0.126251432402 0.969233234476 0.73486152943
0.14672514324 0.969233234476 0.743828684446
0.128972514324 0.969233234476 0.747684831572
0.121797251432 0.969233234476 0.750456063515
0.132779725143 0.969233234476 0.751061608355
0.145577972514 0.969233234476 0.749148475904
