0.072 0.872309911029 0.64053043628
0.0981 0.959540902132 0.720336029657
0.11331 0.968264001242 0.745529442271
0.125631 0.969136311153 0.758588069394
0.1115631 0.969223542144 0.76396009456
0.11915631 0.969232265243 0.762129848782
0.125315631 0.969233137553 0.753714227412
0.1286315631 0.969233224784 0.741382129188
0.12176315631 0.969233233507 0.72093063344
0.100376315631 0.969233234379 0.695091463819
0.115337631563 0.969233234467 0.671976553006
0.108733763156 0.969233234475 0.645936243186
0.118873376316 0.969233234476 0.63529972711
0.126187337632 0.969233234476 0.631579670998
0.104418733763 0.969233234476 0.621610029137
0.115741873376 0.969233234476 0.61205309551
0.115974187338 0.969233234476 0.606291154626
0.112397418734 0.969233234476 0.613539216473
0.133639741873 0.969233234476 0.626908772753
0.124063974187 0.969233234476 0.632993146233
0.133006397419 0.969233234476 0.630794735171
0.104200639742 0.969233234476 0.632165547369
0.100420063974 0.969233234476 0.647644662743
0.122542006397 0.969233234476 0.670914713946
0.12925420064 0.969233234476 0.688971651097
0.113725420064 0.969233234476 0.700470144715
0.121172542006 0.969233234476 0.722539512513
0.116517254201 0.969233234476 0.738035493992
0.10705172542 0.969233234476 0.746486289012
0.131305172542 0.969233234476 0.754849222782
0.102230517254 0.969233234476 0.760225900519
0.0966230517254 0.969233234476 0.771379357836
0.121262305173 0.969233234476 0.776885936543
0.118326230517 0.969233234476 0.777820948214
0.109032623052 0.969233234476 0.78258759477
0.123403262305 0.969233234476 0.783177140428
0.126640326231 0.969233234476 0.781802629112
0.103564032623 0.969233234476 0.776108629789
0.102156403262 0.969233234476 0.766114220831
0.111015640326 0.969233234476 0.765572473491
0.102901564033 0.969233234476 0.76389653519
0.0966901564033 0.969233234476 0.760135440096
0.0888690156403 0.969233234476 0.75821693658
0.107886901564 0.969233234476 0.75931029915
0.111588690156 0.969233234476 0.759219607648
0.112858869016 0.969233234476 0.76659891262
0.117485886902 0.969233234476 0.771080201492
0.10804858869 0.969233234476 0.774701856818
0.135904858869 0.969233234476 0.783767937483
0.129690485887 0.969233234476 0.789539345855
0.122769048589 0.969233234476 0.790357943652
0.134676904859 0.969233234476 0.785275724026
0.118767690486 0.969233234476 0.77754487863
0.122576769049 0.969233234476 0.775127336638
0.135557676905 0.969233234476 0.770745776793
0.12965576769 0.969233234476 0.763607970842
0.144365576769 0.969233234476 0.757945143345
0.135936557677 0.969233234476 0.745056845752
0.126993655768 0.969233234476 0.737842172002
0.126999365577 0.969233234476 0.729904507402
0.151299936558 0.969233234476 0.716759004202
0.130329993656 0.969233234476 0.703107854487
0.120132999366 0.969233234476 0.680291819193
0.120913299937 0.969233234476 0.658904616208
0.125491329994 0.969233234476 0.661220261622
0.119649132999 0.969233234476 0.665431302913
0.1226649133 0.969233234476 0.659689202646
0.12206649133 0.969233234476 0.642402273663
0.138206649133 0.969233234476 0.624354475495
0.115520664913 0.969233234476 0.635848028429
0.118652066491 0.969233234476 0.648865478499
0.127965206649 0.969233234476 0.65134963931
0.129796520665 0.969233234476 0.642601976505
0.132679652066 0.969233234476 0.635814540253
0.129367965207 0.969233234476 0.659436636788
0.124536796521 0.969233234476 0.68564223699
0.125853679652 0.969233234476 0.702966326801
0.136785367965 0.969233234476 0.71113835929
0.108178536797 0.969233234476 0.722660377158
0.12871785368 0.969233234476 0.740132494831
0.129871785368 0.969233234476 0.751012452611
0.124587178537 0.969233234476 0.754490071286
0.137558717854 0.969233234476 0.751146054383
0.131655871785 0.969233234476 0.748138315885
0.101365587179 0.969233234476 0.738897976169
0.0848365587179 0.969233234476 0.721889272008
0.0939836558718 0.969233234476 0.709724410875
0.0957983655872 0.969233234476 0.717955785028
0.0950798365587 0.969233234476 0.718669302486
0.111207983656 0.969233234476 0.72024486814
0.116420798366 0.969233234476 0.727352257911
0.119642079837 0.969233234476 0.728068952095
0.152364207984 0.969233234476 0.721229083745
0.129536420798 0.969233234476 0.716144022292
0.14435364208 0.969233234476 0.711840532321
0.112535364208 0.969233234476 0.711471907693
0.127353536421 0.969233234476 0.705179380256
0.118935353642 0.969233234476 0.689248080124
0.136093535364 0.969233234476 0.671717688749
0.127009353536 0.969233234476 0.650689572755
0.128800935354 0.969233234476 0.649025833534
0.126280093535 0.969233234476 0.652773183185
0.141328009354 0.969233234476 0.652609828439
0.137432800935 0.969233234476 0.653519404968
0.129843280094 0.969233234476 0.648328706204
0.117384328009 0.969233234476 0.650136104814
0.142238432801 0.969233234476 0.654188301368
0.14112384328 0.969233234476 0.654897703203
0.129312384328 0.969233234476 0.662471789939
0.148831238433 0.969233234476 0.661781392101
0.142683123843 0.969233234476 0.668476336957
0.125868312384 0.969233234476 0.678315703406
0.139486831238 0.969233234476 0.685976181088
0.120148683124 0.969233234476 0.708459722774
0.118214868312 0.969233234476 0.726790157219
0.147721486831 0.969233234476 0.737989575593
0.139872148683 0.969233234476 0.742323470729
0.123787214868 0.969233234476 0.740635974425
0.144678721487 0.969233234476 0.75341691146
0.124267872149 0.969233234476 0.763410051554
0.141126787215 0.969233234476 0.767712052935
0.128412678721 0.969233234476 0.768006990632
0.136141267872 0.969233234476 0.774641279973
0.126114126787 0.969233234476 0.78001163597
0.123311412679 0.969233234476 0.779414689388
0.128431141268 0.969233234476 0.774277531311
0.122643114127 0.969233234476 0.766486683523
0.118464311413 0.969233234476 0.764335036344
0.116246431141 0.969233234476 0.760475336612
0.0971246431141 0.969233234476 0.749784610723
0.0907124643114 0.969233234476 0.736418200999
0.0972712464311 0.969233234476 0.737193773191
0.0853271246431 0.969233234476 0.734678114899
0.117432712464 0.969233234476 0.734333049507
0.108943271246 0.969233234476 0.746195962955
0.143194327125 0.969233234476 0.754213123821
0.125019432712 0.969233234476 0.761428006872
0.116901943271 0.969233234476 0.762513021808
0.125090194327 0.969233234476 0.759272879991
0.126809019433 0.969233234476 0.760929369821
0.135980901943 0.969233234476 0.760539634928
0.117098090194 0.969233234476 0.759927576702
0.135009809019 0.969233234476 0.752782381882
0.140400980902 0.969233234476 0.746289049034
0.13554009809 0.969233234476 0.740543966538
0.117054009809 0.969233234476 0.734902710282
0.135005400981 0.969233234476 0.723919543255
0.105300540098 0.969233234476 0.715733263591
0.13293005401 0.969233234476 0.707628851084
0.121293005401 0.969233234476 0.697897627658
0.13452930054 0.969233234476 0.686006511932
0.132252930054 0.969233234476 0.667882742003
0.134725293005 0.969233234476 0.670062551576
0.125972529301 0.969233234476 0.673169239623
0.12599725293 0.969233234476 0.673845663789
0.128699725293 0.969233234476 0.668273411518
0.126269972529 0.969233234476 0.658134946468
0.130526997253 0.969233234476 0.667935754952
0.129152699725 0.969233234476 0.672326591457
0.141615269973 0.969233234476 0.666578630303
0.114961526997 0.969233234476 0.660196085243
0.1194961527 0.969233234476 0.662128942264
0.13974961527 0.969233234476 0.676834692522
0.152574961527 0.969233234476 0.683832141273
0.125957496153 0.969233234476 0.680907102413
0.122395749615 0.969233234476 0.677960219899
0.120239574962 0.969233234476 0.68355871974
0.144323957496 0.969233234476 0.693635790813
0.12243239575 0.969233234476 0.696491144978
0.118443239575 0.969233234476 0.691121047772
0.133344323957 0.969233234476 0.680755857084
0.115034432396 0.969233234476 0.672404091187
0.10060344324 0.969233234476 0.668728385568
0.100960344324 0.969233234476 0.658387046453
0.0856960344324 0.969233234476 0.634936914365
0.107569603443 0.969233234476 0.631818467707
0.107056960344 0.969233234476 0.627688418486
0.0908056960344 0.969233234476 0.626444698256
0.121580569603 0.969233234476 0.635245300267
0.13905805696 0.969233234476 0.651668762751
0.146205805696 0.969233234476 0.66397317913
0.12172058057 0.969233234476 0.674164793888
0.132772058057 0.969233234476 0.681578490638
0.139277205806 0.969233234476 0.686762634545
0.128227720581 0.969233234476 0.693460088252
0.120822772058 0.969233234476 0.691566791526
0.131782277206 0.969233234476 0.685376052117
0.133778227721 0.969233234476 0.675826388876
0.142977822772 0.969233234476 0.667532985158
0.138497782277 0.969233234476 0.678608807864
0.137149778228 0.969233234476 0.68401852864
0.147814977823 0.969233234476 0.683666489497
0.122781497782 0.969233234476 0.679659442396
0.141878149778 0.969233234476 0.673937778538
0.133887814978 0.969233234476 0.676978015552
0.138488781498 0.969233234476 0.683325567235
0.12634887815 0.969233234476 0.687358598227
0.119734887815 0.969233234476 0.688151988115
0.122673488781 0.969233234476 0.68248756242
0.151767348878 0.969233234476 0.68804379729
0.129476734888 0.969233234476 0.703728182213
0.129947673489 0.969233234476 0.718360599338
0.131794767349 0.969233234476 0.730646114731
0.122979476735 0.969233234476 0.737072778094
0.142797947673 0.969233234476 0.737960062129
0.115979794767 0.969233234476 0.746757292909
0.125897979477 0.969233234476 0.755286423333
0.116989797948 0.969233234476 0.762951572828
0.123298979795 0.969233234476 0.76668762011
0.124829897979 0.969233234476 0.766885004764
0.138482989798 0.969233234476 0.770873855075
0.12814829898 0.969233234476 0.769793065357
0.132514829898 0.969233234476 0.762088447656
0.14735148299 0.969233234476 0.747893002228
0.134435148299 0.969233234476 0.733871888202
0.12864351483 0.969233234476 0.727986274538
0.120864351483 0.969233234476 0.716714638102
0.111086435148 0.969233234476 0.697215972085
0.115508643515 0.969233234476 0.676086029847
0.105150864351 0.969233234476 0.680082259299
0.114015086435 0.969233234476 0.674388792989
0.0969015086435 0.969233234476 0.675050462732
0.127590150864 0.969233234476 0.692545540926
0.126159015086 0.969233234476 0.71011187636
0.149415901509 0.969233234476 0.731413938793
0.145441590151 0.969233234476 0.746374775604
0.136944159015 0.969233234476 0.753734095846
0.140594415902 0.969233234476 0.753621162844
0.13375944159 0.969233234476 0.75199832484
0.115975944159 0.969233234476 0.755339967452
0.136697594416 0.969233234476 0.753225877456
0.128869759442 0.969233234476 0.743682326422
0.116386975944 0.969233234476 0.738283340624
0.149338697594 0.969233234476 0.734763357243
0.138233869759 0.969233234476 0.727162529721
0.146123386976 0.969233234476 0.718903127005
0.121712338698 0.969233234476 0.705232217449
0.10577123387 0.969233234476 0.702306366288
0.136577123387 0.969233234476 0.701366284338
0.124357712339 0.969233234476 0.695747556189
0.143835771234 0.969233234476 0.688827742815
0.133183577123 0.969233234476 0.676121267646
0.128518357712 0.969233234476 0.681250468797
0.124451835771 0.969233234476 0.691785960432
0.123145183577 0.969233234476 0.69880798175
0.137414518358 0.969233234476 0.697483587096
0.125341451836 0.969233234476 0.689670401145
0.125934145184 0.969233234476 0.687762007095
0.121493414518 0.969233234476 0.693177988238
0.120149341452 0.969233234476 0.696135138288
0.111014934145 0.969233234476 0.694862359513
0.143401493415 0.969233234476 0.68735551341
0.136740149341 0.969233234476 0.680243878905
0.133374014934 0.969233234476 0.682606516424
0.117737401493 0.969233234476 0.680481959285
0.125173740149 0.969233234476 0.673156596847
0.123217374015 0.969233234476 0.6586458456
0.125721737401 0.969233234476 0.636455351535
0.12147217374 0.969233234476 0.62159484651
0.122847217374 0.969233234476 0.603759062196
0.106784721737 0.969233234476 0.584140190757
0.103378472174 0.969233234476 0.561766973744
0.0886378472174 0.969233234476 0.540568772233
0.0862637847217 0.969233234476 0.544850451546
0.101326378472 0.969233234476 0.540059763733
0.101932637847 0.969233234476 0.5507822553
0.117293263785 0.969233234476 0.573191043852
0.126929326378 0.969233234476 0.597661338928
0.129692932638 0.969233234476 0.622606936446
0.134469293264 0.969233234476 0.64370176799
0.132246929326 0.969233234476 0.662105018367
0.138324692933 0.969233234476 0.672845188611
0.121832469293 0.969233234476 0.688366206966
0.130083246929 0.969233234476 0.704327056506
0.124608324693 0.969233234476 0.713960506313
0.153760832469 0.969233234476 0.718001827162
0.130576083247 0.969233234476 0.715405030352
0.146257608325 0.969233234476 0.719046137407
0.143325760832 0.969233234476 0.724355273647
0.138532576083 0.969233234476 0.724125593073
0.131753257608 0.969233234476 0.719299781172
0.134675325761 0.969233234476 0.711692412477
0.120567532576 0.969233234476 0.710194347264
0.123656753258 0.969233234476 0.712838362882
0.129365675326 0.969233234476 0.709766630858
0.121836567533 0.969233234476 0.710455765901
0.122883656753 0.969233234476 0.714481002608
0.138288365675 0.969233234476 0.717970827874
0.119128836568 0.969233234476 0.724840174626
0.136112883657 0.969233234476 0.726195369656
0.130611288366 0.969233234476 0.732137773104
0.132761128837 0.969233234476 0.738242754273
0.123076112884 0.969233234476 0.743896874807
0.137407611288 0.969233234476 0.753455905676
0.123540761129 0.969233234476 0.758192943994
0.123954076113 0.969233234476 0.765530918946
0.125795407611 0.969233234476 0.768560322466
0.130479540761 0.969233234476 0.764675828409
0.131847954076 0.969233234476 0.760880491237
0.131084795408 0.969233234476 0.751694993909
0.119308479541 0.969233234476 0.735879204826
0.128930847954 0.969233234476 0.720536699735
0.130793084795 0.969233234476 0.698413020044
0.11477930848 0.969233234476 0.675237481759
0.124877930848 0.969233234476 0.645906730103
0.115087793085 0.969233234476 0.609617404629
0.115908779308 0.969233234476 0.581482314684
0.117790877931 0.969233234476 0.592662289879
0.125179087793 0.969233234476 0.592950813623
0.117817908779 0.969233234476 0.602518513484
0.130581790878 0.969233234476 0.630928298798
0.125558179088 0.969233234476 0.666408542244
0.121455817909 0.969233234476 0.699358314542
0.131845581791 0.969233234476 0.724887508268
0.127484558179 0.969233234476 0.743833281
0.131548455818 0.969233234476 0.754492479789
0.108554845582 0.969233234476 0.760863581039
0.122455484558 0.969233234476 0.766183864949
0.148145548456 0.969233234476 0.766017726102
0.136314554846 0.969233234476 0.759173305564
0.126131455485 0.969233234476 0.750913590564
0.144013145548 0.969233234476 0.750324082628
0.120601314555 0.969233234476 0.748192552845
0.136260131455 0.969233234476 0.742858968433
0.112626013146 0.969233234476 0.729894503299
0.135462601315 0.969233234476 0.721364777683
0.133246260131 0.969233234476 0.725898484625
0.133924626013 0.969233234476 0.731165657569
0.136692462601 0.969233234476 0.731823262359
0.12886924626 0.969233234476 0.723814006984
0.137086924626 0.969233234476 0.71986672659
0.128008692463 0.969233234476 0.72896238558
0.141500869246 0.969233234476 0.739072244889
0.129350086925 0.969233234476 0.747357824228
0.129035008692 0.969233234476 0.74809426674
0.138003500869 0.969233234476 0.747521615126
0.136200350087 0.969233234476 0.745490885102
0.150420035009 0.969233234476 0.737113536227
0.133842003501 0.969233234476 0.728147556462
0.12318420035 0.969233234476 0.720688713536
0.123918420035 0.969233234476 0.71239519404
0.118591842004 0.969233234476 0.701691314687
0.1252591842 0.969233234476 0.683029353214
0.12592591842 0.969233234476 0.661674615894
0.121492591842 0.969233234476 0.639475196368
0.126449259184 0.969233234476 0.614381870095
0.120644925918 0.969233234476 0.586105125312
0.118264492592 0.969233234476 0.550455350347
0.0973264492592 0.969233234476 0.519853013953
0.100632644926 0.969233234476 0.493151578657
0.0865632644926 0.969233234476 0.469713951583
0.113056326449 0.969233234476 0.483839202444
0.109405632645 0.969233234476 0.495287091646
0.107240563264 0.969233234476 0.510963917758
0.0998240563264 0.969233234476 0.539592386725
0.0999824056326 0.969233234476 0.568349627063
0.156698240563 0.969233234476 0.603647485228
0.131769824056 0.969233234476 0.637540284806
0.120276982406 0.969233234476 0.664304386735
0.123627698241 0.969233234476 0.682585639979
0.132962769824 0.969233234476 0.697220013569
0.120396276982 0.969233234476 0.718156102998
0.134439627698 0.969233234476 0.735905838159
0.12774396277 0.969233234476 0.748274643305
0.129774396277 0.969233234476 0.753261142624
0.140777439628 0.969233234476 0.750968037856
0.141877743963 0.969233234476 0.756241437417
0.128487774396 0.969233234476 0.75948083632
0.12174877744 0.969233234476 0.757775815645
0.123774877744 0.969233234476 0.754262383095
0.118577487774 0.969233234476 0.746418646054
0.129757748777 0.969233234476 0.740697654759
0.122775774878 0.969233234476 0.733259707596
0.113977577488 0.969233234476 0.730036663886
0.139197757749 0.969233234476 0.731640199619
0.143519775775 0.969233234476 0.731941977343
0.146651977577 0.969233234476 0.734385612311
0.137965197758 0.969233234476 0.734639014051
0.130796519776 0.969233234476 0.73736867004
0.139979651978 0.969233234476 0.745277944108
0.140897965198 0.969233234476 0.750732371053
0.13288979652 0.969233234476 0.753371785943
0.139288979652 0.969233234476 0.753846214315
0.128228897965 0.969233234476 0.75728573624
0.138822889797 0.969233234476 0.757880078691
0.12998228898 0.969233234476 0.75156461204
0.135398228898 0.969233234476 0.738749390256
0.13593982289 0.969233234476 0.721316495321
0.113493982289 0.969233234476 0.702233278985
0.122049398229 0.969233234476 0.67430680091
0.115704939823 0.969233234476 0.636440658647
0.124970493982 0.969233234476 0.592203297137
0.0988970493982 0.969233234476 0.544697274717
0.10978970494 0.969233234476 0.499828969871
0.119878970494 0.969233234476 0.463811878872
0.0920878970494 0.969233234476 0.474881312948
0.118108789705 0.969233234476 0.482305953098
0.11171087897 0.969233234476 0.502617676157
0.116471087897 0.969233234476 0.551995405509
0.12234710879 0.969233234476 0.598854084454
0.129234710879 0.969233234476 0.643859411442
0.148823471088 0.969233234476 0.68333725486
0.142682347109 0.969233234476 0.714421392733
0.124068234711 0.969233234476 0.738429785368
0.114106823471 0.969233234476 0.754128552164
0.132910682347 0.969233234476 0.762054301881
0.156391068235 0.969233234476 0.764512237342
0.134439106823 0.969233234476 0.761216396308
0.134043910682 0.969233234476 0.763919679277
0.127704391068 0.969233234476 0.763488394959
0.117170439107 0.969233234476 0.763161326166
0.125117043911 0.969233234476 0.757734734768
0.136711704391 0.969233234476 0.748469364954
0.132471170439 0.969233234476 0.749357228543
0.155447117044 0.969233234476 0.747350884035
0.132544711704 0.969233234476 0.746575708148
0.11315447117 0.969233234476 0.749398316842
0.139115447117 0.969233234476 0.748721676042
0.138111544712 0.969233234476 0.753551442909
0.120011154471 0.969233234476 0.753905712864
0.121801115447 0.969233234476 0.755225533381
0.125580111545 0.969233234476 0.758614357664
0.132258011154 0.969233234476 0.762089239447
0.133825801115 0.969233234476 0.76493299295
0.116882580112 0.969233234476 0.761132052805
0.117888258011 0.969233234476 0.751405597953
0.144088825801 0.969233234476 0.751217844241
0.12600888258 0.969233234476 0.748845764613
0.126000888258 0.969233234476 0.739058695722
0.142200088826 0.969233234476 0.720774441856
0.119520008883 0.969233234476 0.693125739633
0.138852000888 0.969233234476 0.673998840833
0.122785200089 0.969233234476 0.652384879761
0.141878520009 0.969233234476 0.621990199965
0.127587852001 0.969233234476 0.582847274012
0.1117587852 0.969233234476 0.538084965004
0.10027587852 0.969233234476 0.506543393887
0.100927587852 0.969233234476 0.47473377113
0.0964927587852 0.969233234476 0.461147023158
0.0951492758785 0.969233234476 0.47943524325
0.117514927588 0.969233234476 0.496275228831
0.119751492759 0.969233234476 0.523771832467
0.122675149276 0.969233234476 0.556126460316
0.140067514928 0.969233234476 0.58821797346
0.137306751493 0.969233234476 0.625183165276
0.126230675149 0.969233234476 0.661208869035
0.132323067515 0.969233234476 0.688768174544
0.135632306751 0.969233234476 0.707144354201
0.135963230675 0.969233234476 0.722103753896
0.144996323068 0.969233234476 0.736678355241
0.128799632307 0.969233234476 0.751933293582
0.118179963231 0.969233234476 0.760864277034
0.136017996323 0.969233234476 0.762635498414
0.123401799632 0.969233234476 0.761813643503
0.142840179963 0.969233234476 0.760309464095
0.117784017996 0.969233234476 0.760502237205
0.1215784018 0.969233234476 0.761678098401
0.13365784018 0.969233234476 0.757568327162
0.139365784018 0.969233234476 0.75374880504
0.130036578402 0.969233234476 0.748806987906
0.13990365784 0.969233234476 0.752033678819
0.122890365784 0.969233234476 0.756711027521
0.145489036578 0.969233234476 0.756193613786
0.120748903658 0.969233234476 0.756480107768
0.124574890366 0.969233234476 0.754597685891
0.131257489037 0.969233234476 0.759330509982
0.131925748904 0.969233234476 0.764186761012
0.10499257489 0.969233234476 0.763732716738
0.132899257489 0.969233234476 0.763939627121
0.139289925749 0.969233234476 0.763587327677
0.140828992575 0.969233234476 0.763982616097
0.123882899257 0.969233234476 0.757833263124
0.129388289926 0.969233234476 0.744116102674
0.129938828993 0.969233234476 0.72731459803
0.136293882899 0.969233234476 0.708753848018
0.12522938829 0.969233234476 0.682678860725
0.125922938829 0.969233234476 0.647466682827
0.128692293883 0.969233234476 0.602805633348
0.136169229388 0.969233234476 0.55382223864
0.129716922939 0.969233234476 0.502768325029
0.114671692294 0.969233234476 0.448055256374
0.101467169229 0.969233234476 0.397459917386
0.0956467169229 0.969233234476 0.365952672561
0.0986646716923 0.969233234476 0.389348654824
0.107966467169 0.969233234476 0.410697835047
0.104396646717 0.969233234476 0.438839571721
0.104039664672 0.969233234476 0.486547944097
0.121103966467 0.969233234476 0.533899625461
0.132710396647 0.969233234476 0.575355411512
0.129371039665 0.969233234476 0.609067000279
0.122737103966 0.969233234476 0.645779872731
0.131073710397 0.969233234476 0.678448886277
0.14360737104 0.969233234476 0.704805565433
0.123260737104 0.969233234476 0.723087410408
0.15092607371 0.969233234476 0.733210197622
0.139292607371 0.969233234476 0.746874288894
0.129129260737 0.969233234476 0.75467255817
0.140712926074 0.969233234476 0.760079640064
0.133771292607 0.969233234476 0.766871134202
0.132177129261 0.969233234476 0.767059331457
0.133817712926 0.969233234476 0.767253043666
0.137581771293 0.969233234476 0.763409816861
0.137058177129 0.969233234476 0.757025819596
0.150505817713 0.969233234476 0.754892059419
0.134750581771 0.969233234476 0.75429296423
0.131375058177 0.969233234476 0.758075117509
0.120237505818 0.969233234476 0.756640212655
0.135323750582 0.969233234476 0.752019548222
0.119732375058 0.969233234476 0.752848871491
0.134373237506 0.969233234476 0.755573163418
0.143037323751 0.969233234476 0.762659382472
0.145703732375 0.969233234476 0.768763812064
0.138770373238 0.969233234476 0.769599045938
0.131777037324 0.969233234476 0.767286834545
0.117577703732 0.969233234476 0.765399662309
0.138657770373 0.969233234476 0.76099903696
0.125465777037 0.969233234476 0.75487270112
0.137646577704 0.969233234476 0.745132318611
0.14696465777 0.969233234476 0.727749192173
0.129896465777 0.969233234476 0.701871857802
0.130889646578 0.969233234476 0.673304728045
0.124688964658 0.969233234476 0.64816245806
0.133068896466 0.969233234476 0.62105734306
0.118606889647 0.969233234476 0.586628369681
0.0964606889647 0.969233234476 0.54556642711
0.0978460688965 0.969233234476 0.505570047703
0.11328460689 0.969233234476 0.502956757233
0.102228460689 0.969233234476 0.534473799256
0.0957228460689 0.969233234476 0.565776762524
0.113072284607 0.969233234476 0.596890322265
0.120207228461 0.969233234476 0.6271508797
0.129020722846 0.969233234476 0.663223565429
0.119102072285 0.969233234476 0.695712006497
0.135210207228 0.969233234476 0.723169131647
0.135921020723 0.969233234476 0.744495314519
0.133292102072 0.969233234476 0.758096189283
0.130329210207 0.969233234476 0.771726843674
0.134532921021 0.969233234476 0.780245318154
0.121453292102 0.969233234476 0.783945365873
0.12734532921 0.969233234476 0.783617393108
0.133334532921 0.969233234476 0.780479676942
0.136633453292 0.969233234476 0.778112528782
0.145063345329 0.969233234476 0.774141783138
0.123406334533 0.969233234476 0.770504747387
0.131140633453 0.969233234476 0.766558343398
0.140914063345 0.969233234476 0.759396486321
0.121191406335 0.969233234476 0.757721290952
0.134519140633 0.969233234476 0.757519954594
0.129551914063 0.969233234476 0.757229306049
0.120955191406 0.969233234476 0.756045737415
0.146195519141 0.969233234476 0.754321338337
0.142419551914 0.969233234476 0.754675648441
0.145641955191 0.969233234476 0.755968691705
0.118964195519 0.969233234476 0.75751600643
0.131596419552 0.969233234476 0.757583260649
0.124759641955 0.969233234476 0.75529712694
0.140275964196 0.969233234476 0.751885184197
0.11752759642 0.969233234476 0.74352847345
0.144952759642 0.969233234476 0.730485217094
0.127895275964 0.969233234476 0.716822889354
0.137889527596 0.969233234476 0.70276184102
0.14068895276 0.969233234476 0.682779287808
0.120268895276 0.969233234476 0.654979159919
0.161426889528 0.969233234476 0.622694110808
0.149342688953 0.969233234476 0.591215955046
0.132834268895 0.969233234476 0.5577665143
0.11948342689 0.969233234476 0.518467911944
0.129848342689 0.969233234476 0.473451041095
0.117384834269 0.969233234476 0.425152894438
0.117938483427 0.969233234476 0.376338121235
0.102693848343 0.969233234476 0.352289699792
0.0984693848343 0.969233234476 0.37337241712
0.125946938483 0.969233234476 0.388265455106
0.116994693848 0.969233234476 0.41354657143
0.118799469385 0.969233234476 0.452607316141
0.126179946938 0.969233234476 0.495500086657
0.119717994694 0.969233234476 0.536606788079
0.120871799469 0.969233234476 0.571473567648
0.127287179947 0.969233234476 0.598591789501
0.124328717995 0.969233234476 0.622529325243
0.137532871799 0.969233234476 0.653358460002
0.13075328718 0.969233234476 0.680131130481
0.118375328718 0.969233234476 0.698227402093
0.128837532872 0.969233234476 0.707791030623
0.145183753287 0.969233234476 0.714452927371
0.142318375329 0.969233234476 0.726690892046
0.133031837533 0.969233234476 0.734186653106
0.141103183753 0.969233234476 0.740837529788
0.141010318375 0.969233234476 0.746833381742
0.134701031838 0.969233234476 0.74957487021
0.133170103184 0.969233234476 0.748510138884
0.119517010318 0.969233234476 0.751022634434
0.135251701032 0.969233234476 0.755959421686
0.117025170103 0.969233234476 0.760573101234
0.11610251701 0.969233234476 0.761988178058
0.120510251701 0.969233234476 0.759255842271
0.14345102517 0.969233234476 0.760929882329
0.125945102517 0.969233234476 0.767670383434
0.116094510252 0.969233234476 0.775098367602
0.134909451025 0.969233234476 0.780192216359
0.123290945103 0.969233234476 0.782095846236
0.12932909451 0.969233234476 0.787391961086
0.118232909451 0.969233234476 0.79153323585
0.112623290945 0.969233234476 0.789923548421
0.127362329095 0.969233234476 0.787472132445
0.131536232909 0.969233234476 0.785914096189
0.139153623291 0.969233234476 0.779882986243
0.124615362329 0.969233234476 0.766819291665
0.150161536233 0.969233234476 0.746041230512
0.130216153623 0.969233234476 0.724130917025
0.132721615362 0.969233234476 0.703260554295
0.115872161536 0.969233234476 0.677941445208
0.102487216154 0.969233234476 0.64732446094
0.0984487216154 0.969233234476 0.61175662453
0.104344872162 0.969233234476 0.607699712578
0.0986344872162 0.969233234476 0.632274155727
0.105263448722 0.969233234476 0.656468383909
0.110426344872 0.969233234476 0.680468722812
0.107342634487 0.969233234476 0.706464834664
0.114234263449 0.969233234476 0.731013769981
0.133823426345 0.969233234476 0.749193436211
0.126782342634 0.969233234476 0.764362520352
0.134178234263 0.969233234476 0.776585691326
0.125017823426 0.969233234476 0.78605863213
0.129501782343 0.969233234476 0.79379667396
0.124550178234 0.969233234476 0.795296331334
0.143855017823 0.969233234476 0.794412321392
0.120585501782 0.969233234476 0.791064704828
0.138958550178 0.969233234476 0.78527516057
0.131795855018 0.969233234476 0.787383983046
0.124779585502 0.969233234476 0.786250025159
0.12857795855 0.969233234476 0.779361889219
0.124457795855 0.969233234476 0.774086528192
0.127645779586 0.969233234476 0.766999404303
0.111764577959 0.969233234476 0.767101433716
0.141676457796 0.969233234476 0.76530337971
0.12756764578 0.969233234476 0.75933937238
0.130656764578 0.969233234476 0.757310417461
0.138165676458 0.969233234476 0.751820081866
0.122716567646 0.969233234476 0.749322660424
0.137371656765 0.969233234476 0.743843401459
0.135237165676 0.969233234476 0.733355372983
0.124223716568 0.969233234476 0.735172108995
0.136622371657 0.969233234476 0.735354262195
0.138762237166 0.969233234476 0.728734961065
0.146176223717 0.969233234476 0.720201516906
0.113617622372 0.969233234476 0.705630944677
0.111261762237 0.969233234476 0.695889892849
0.138926176224 0.969233234476 0.682282263727
0.131792617622 0.969233234476 0.660842613416
0.140079261762 0.969233234476 0.636805130526
0.122907926176 0.969233234476 0.605029993149
0.118490792618 0.969233234476 0.57618898021
0.121649079262 0.969233234476 0.545663794306
0.152564907926 0.969233234476 0.509301422447
0.142156490793 0.969233234476 0.468087744934
0.116815649079 0.969233234476 0.424660966395
0.108881564908 0.969233234476 0.383082614461
0.103588156491 0.969233234476 0.365069846654
0.0859588156491 0.969233234476 0.385172728586
0.106695881565 0.969233234476 0.405035061034
0.120469588156 0.969233234476 0.431556659794
0.116446958816 0.969233234476 0.469286491753
0.120544695882 0.969233234476 0.505078397481
0.141654469588 0.969233234476 0.542105413616
0.139265446959 0.969233234476 0.575570726671
0.132726544696 0.969233234476 0.601663821542
0.13747265447 0.969233234476 0.622681537213
0.141547265447 0.969233234476 0.644116810594
0.127554726545 0.969233234476 0.671453529256
0.133355472654 0.969233234476 0.693725702104
0.140235547265 0.969233234476 0.707600389973
0.129223554727 0.969233234476 0.716356169824
0.140722355473 0.969233234476 0.726001612972
0.136472235547 0.969233234476 0.736479109099
0.123447223555 0.969233234476 0.739939075122
0.141044722355 0.969233234476 0.73650777713
0.121204472236 0.969233234476 0.734168655286
0.137220447224 0.969233234476 0.740985184515
0.120822044722 0.969233234476 0.752317436219
0.131782204472 0.969233234476 0.759881517088
0.116678220447 0.969233234476 0.760998947415
0.141267822045 0.969233234476 0.762130354667
0.123026782204 0.969233234476 0.767065968542
0.12570267822 0.969233234476 0.772624631749
0.128670267822 0.969233234476 0.778493568476
0.123567026782 0.969233234476 0.779637670779
0.127556702678 0.969233234476 0.78192028348
0.147755670268 0.969233234476 0.786974532
0.141675567027 0.969233234476 0.791108843941
0.136567556703 0.969233234476 0.796511312061
0.14595675567 0.969233234476 0.799474845801
0.130695675567 0.969233234476 0.800986455616
0.130069567557 0.969233234476 0.798754140546
0.124606956756 0.969233234476 0.795251447567
0.134860695676 0.969233234476 0.788188824076
0.136786069568 0.969233234476 0.778177399161
0.128878606957 0.969233234476 0.764602846291
0.128987860696 0.969233234476 0.748218708395
0.11999878607 0.969233234476 0.735789398946
0.128999878607 0.969233234476 0.717235230265
0.105599987861 0.969233234476 0.691213393457
0.0951599987861 0.969233234476 0.684424555911
0.0941159998786 0.969233234476 0.70522215468
0.103911599988 0.969233234476 0.723347986382
0.110291159999 0.969233234476 0.742276205577
0.127129116 0.969233234476 0.761319985913
0.1018129116 0.969233234476 0.773865905224
0.12628129116 0.969233234476 0.779828905413
0.131428129116 0.969233234476 0.785129958841
0.122942812912 0.969233234476 0.78974226311
0.112194281291 0.969233234476 0.793651898223
0.111119428129 0.969233234476 0.794486579071
0.114611942813 0.969233234476 0.793055975444
0.124861194281 0.969233234476 0.792467967892
0.139386119428 0.969233234476 0.788967775688
0.122838611943 0.969233234476 0.77979677709
0.133783861194 0.969233234476 0.779189055152
0.133978386119 0.969233234476 0.781716586582
0.126797838612 0.969233234476 0.780292977387
0.124279783861 0.969233234476 0.773085094512
0.122227978386 0.969233234476 0.763522101865
0.130122797839 0.969233234476 0.763958949995
0.127312279784 0.969233234476 0.769413351506
0.115331227978 0.969233234476 0.769633089133
0.129433122798 0.969233234476 0.76315812445
0.12904331228 0.969233234476 0.753009918179
0.129904331228 0.969233234476 0.746465952761
0.131790433123 0.969233234476 0.749442263294
0.128379043312 0.969233234476 0.747049619957
0.122637904331 0.969233234476 0.739580874828
0.123863790433 0.969233234476 0.734010702884
0.118586379043 0.969233234476 0.721587366982
0.124358637904 0.969233234476 0.716376220113
0.12403586379 0.969233234476 0.708188390988
0.129403586379 0.969233234476 0.694047689969
0.132640358638 0.969233234476 0.680427831191
0.135664035864 0.969233234476 0.658515181017
0.119766403586 0.969233234476 0.637994314141
0.135276640359 0.969233234476 0.614640527244
0.134127664036 0.969233234476 0.58764355349
0.110612766404 0.969233234476 0.562783286875
0.14246127664 0.969233234476 0.532634939123
0.094346127664 0.969233234476 0.497536852583
0.104834612766 0.969233234476 0.459648176942
0.0887834612766 0.969233234476 0.420247349549
0.0925783461277 0.969233234476 0.40979398852
0.0956578346128 0.969233234476 0.436331466629
0.0932657834613 0.969233234476 0.462089367541
0.100226578346 0.969233234476 0.491649907639
0.121622657835 0.969233234476 0.530342798702
0.103962265783 0.969233234476 0.565095621134
0.120196226578 0.969233234476 0.593378495264
0.107419622658 0.969233234476 0.615209825846
0.129541962266 0.969233234476 0.631903741476
0.122754196227 0.969233234476 0.652579262767
0.121175419623 0.969233234476 0.674537169317
0.146217541962 0.969233234476 0.693881168582
0.109121754196 0.969233234476 0.707459492748
0.0982121754196 0.969233234476 0.716214703392
0.114221217542 0.969233234476 0.727163005059
0.100522121754 0.969233234476 0.738607962004
0.0973522121754 0.969233234476 0.747713610925
0.116835221218 0.969233234476 0.752944302626
0.121483522122 0.969233234476 0.75468122409
0.116548352212 0.969233234476 0.758832035371
0.110654835221 0.969233234476 0.760860730762
0.121765483522 0.969233234476 0.763774175502
0.123776548352 0.969233234476 0.767085799919
0.127577654835 0.969233234476 0.769618244354
0.103657765484 0.969233234476 0.769217444533
0.121065776548 0.969233234476 0.767256383016
0.119206577655 0.969233234476 0.765917911006
0.121720657765 0.969233234476 0.768744572574
0.121072065777 0.969233234476 0.772871804847
0.103907206578 0.969233234476 0.774898635188
0.107590720658 0.969233234476 0.775476220449
0.112459072066 0.969233234476 0.776866415521
0.120145907207 0.969233234476 0.781765801835
0.112814590721 0.969233234476 0.788204835337
0.118381459072 0.969233234476 0.79527696811
0.124338145907 0.969233234476 0.798897896355
0.121333814591 0.969233234476 0.799386697605
0.115633381459 0.969233234476 0.801342184689
0.109663338146 0.969233234476 0.798933871114
0.137866333815 0.969233234476 0.796364462958
0.119986633381 0.969233234476 0.790779964371
0.106498663338 0.969233234476 0.781533948335
0.101549866334 0.969233234476 0.769263991582
0.0821549866334 0.969233234476 0.750125383545
0.0937154986633 0.969233234476 0.733841478377
0.0993715498663 0.969233234476 0.739967232771
0.0891371549866 0.969233234476 0.738511088132
0.0971137154987 0.969233234476 0.743792515752
0.12401137155 0.969233234476 0.76147161693
0.127601137155 0.969233234476 0.773881068326
0.112660113715 0.969233234476 0.779830421723
0.111166011372 0.969233234476 0.785130110472
0.129016601137 0.969233234476 0.789742278273
0.130801660114 0.969233234476 0.79365189974
0.115680166011 0.969233234476 0.794486579222
0.134868016601 0.969233234476 0.793055975459
0.11968680166 0.969233234476 0.792467967894
0.131668680166 0.969233234476 0.788967775688
0.131966868017 0.969233234476 0.77979677709
0.128396686802 0.969233234476 0.779189055152
0.13793966868 0.969233234476 0.781716586582
0.127193966868 0.969233234476 0.780292977387
0.131519396687 0.969233234476 0.773085094512
0.121151939669 0.969233234476 0.763522101865
0.109315193967 0.969233234476 0.763958949995
0.150431519397 0.969233234476 0.769413351506
0.12304315194 0.969233234476 0.769633089133
0.141904315194 0.969233234476 0.76315812445
0.141090431519 0.969233234476 0.753009918179
0.125709043152 0.969233234476 0.746465952761
0.133170904315 0.969233234476 0.749442263294
0.133017090432 0.969233234476 0.747049619957
0.128501709043 0.969233234476 0.739580874828
0.111850170904 0.969233234476 0.734010702884
0.10748501709 0.969233234476 0.721587366982
0.119648501709 0.969233234476 0.716376220113
0.114564850171 0.969233234476 0.708188390988
0.135656485017 0.969233234476 0.694047689969
0.125165648502 0.969233234476 0.680427831191
0.14031656485 0.969233234476 0.658515181017
0.128331656485 0.969233234476 0.637994314141
0.131633165649 0.969233234476 0.614640527244
0.109463316565 0.969233234476 0.58764355349
0.115346331656 0.969233234476 0.562783286875
0.121334633166 0.969233234476 0.532634939123
0.114733463317 0.969233234476 0.497536852583
0.109573346332 0.969233234476 0.459648176942
0.102757334633 0.969233234476 0.420247349549
0.0921757334633 0.969233234476 0.391723287648
0.0992175733463 0.969233234476 0.403535133957
0.100821757335 0.969233234476 0.411056551161
0.130682175733 0.969233234476 0.432158808806
0.113868217573 0.969233234476 0.469346706655
0.117586821757 0.969233234476 0.505084418971
0.132358682176 0.969233234476 0.542106015765
0.130235868218 0.969233234476 0.575570786886
0.117423586822 0.969233234476 0.601663827564
0.153942358682 0.969233234476 0.622681537816
0.129694235868 0.969233234476 0.644116810654
0.138069423587 0.969233234476 0.671453529262
0.137106942359 0.969233234476 0.693725702104
0.134310694236 0.969233234476 0.707600389973
0.134931069424 0.969233234476 0.716356169824
0.149393106942 0.969233234476 0.726001612972
0.136439310694 0.969233234476 0.736479109099
0.145043931069 0.969233234476 0.739939075122
0.130604393107 0.969233234476 0.73650777713
0.113860439311 0.969233234476 0.734168655286
0.123886043931 0.969233234476 0.740985184515
0.130288604393 0.969233234476 0.752317436219
0.121028860439 0.969233234476 0.759881517088
0.139002886044 0.969233234476 0.760998947415
0.123700288604 0.969233234476 0.762130354667
0.13927002886 0.969233234476 0.767065968542
0.126427002886 0.969233234476 0.772624631749
0.140442700289 0.969233234476 0.778493568476
0.133744270029 0.969233234476 0.779637670779
0.144774427003 0.969233234476 0.78192028348
0.1143774427 0.969233234476 0.786974532
0.13833774427 0.969233234476 0.791108843941
0.134433774427 0.969233234476 0.796511312061
0.143943377443 0.969233234476 0.799474845801
0.123294337744 0.969233234476 0.800986455616
0.141029433774 0.969233234476 0.798754140546
0.135602943377 0.969233234476 0.795251447567
0.134160294338 0.969233234476 0.788188824076
0.118716029434 0.969233234476 0.778177399161
0.128871602943 0.969233234476 0.764602846291
0.146087160294 0.969233234476 0.748218708395
0.116308716029 0.969233234476 0.735789398946
0.103430871603 0.969233234476 0.717235230265
0.10034308716 0.969233234476 0.691213393457
0.100934308716 0.969233234476 0.669343305451
0.106393430872 0.969233234476 0.677288343599
0.0925393430872 0.969233234476 0.676530105935
0.0974539343087 0.969233234476 0.682474895014
0.124945393431 0.969233234476 0.706665451884
0.128594539343 0.969233234476 0.731033831703
0.130759453934 0.969233234476 0.749195442383
0.130075945393 0.969233234476 0.764362720969
0.127307594539 0.969233234476 0.776585711388
0.127030759454 0.969233234476 0.786058634136
0.136903075945 0.969233234476 0.793796674161
0.128890307595 0.969233234476 0.795296331354
0.132589030759 0.969233234476 0.794412321394
0.130258903076 0.969233234476 0.791064704829
0.130925890308 0.969233234476 0.78527516057
0.128292589031 0.969233234476 0.787383983046
0.119929258903 0.969233234476 0.786250025159
0.13439292589 0.969233234476 0.779361889219
0.115139292589 0.969233234476 0.774086528192
0.116813929259 0.969233234476 0.766999404303
0.125081392926 0.969233234476 0.767101433716
0.156508139293 0.969233234476 0.76530337971
0.149750813929 0.969233234476 0.75933937238
0.132875081393 0.969233234476 0.757310417461
0.140187508139 0.969233234476 0.751820081866
0.122918750814 0.969233234476 0.749322660424
0.123891875081 0.969233234476 0.743843401459
0.128489187508 0.969233234476 0.733355372983
0.119948918751 0.969233234476 0.735172108995
0.135294891875 0.969233234476 0.735354262195
0.122429489188 0.969233234476 0.728734961065
0.127442948919 0.969233234476 0.720201516906
0.129744294892 0.969233234476 0.705630944677
0.138074429489 0.969233234476 0.695889892849
0.135307442949 0.969233234476 0.682282263727
0.137730744295 0.969233234476 0.660842613416
0.133473074429 0.969233234476 0.636805130526
0.125847307443 0.969233234476 0.605029993149
0.128684730744 0.969233234476 0.57618898021
0.124468473074 0.969233234476 0.545663794306
0.119546847307 0.969233234476 0.509301422447
0.109154684731 0.969233234476 0.468087744934
0.124315468473 0.969233234476 0.424660966395
0.101531546847 0.969233234476 0.383082614461
0.107353154685 0.969233234476 0.363142406557
0.0926353154685 0.969233234476 0.381427611721
0.0992635315468 0.969233234476 0.394423679796
0.110726353155 0.969233234476 0.414162393899
0.117272635315 0.969233234476 0.452668898388
0.136827263532 0.969233234476 0.495506244882
0.136982726353 0.969233234476 0.536607403902
0.136098272635 0.969233234476 0.57147362923
0.123409827264 0.969233234476 0.598591795659
0.130240982726 0.969233234476 0.622529325859
0.121924098273 0.969233234476 0.653358460063
0.126492409827 0.969233234476 0.680131130487
0.117949240983 0.969233234476 0.698227402094
0.129694924098 0.969233234476 0.707791030623
0.13626949241 0.969233234476 0.714452927371
0.133326949241 0.969233234476 0.726690892046
0.147432694924 0.969233234476 0.734186653106
0.145243269492 0.969233234476 0.740837529788
0.122524326949 0.969233234476 0.746833381742
0.152652432695 0.969233234476 0.74957487021
0.134065243269 0.969233234476 0.748510138884
0.123206524327 0.969233234476 0.751022634434
0.135620652433 0.969233234476 0.755959421686
0.125162065243 0.969233234476 0.760573101234
0.127716206524 0.969233234476 0.761988178058
0.133371620652 0.969233234476 0.759255842271
0.151037162065 0.969233234476 0.760929882329
0.128503716207 0.969233234476 0.767670383434
0.111850371621 0.969233234476 0.775098367602
0.123685037162 0.969233234476 0.780192216359
0.134768503716 0.969233234476 0.782095846236
0.124176850372 0.969233234476 0.787391961086
0.131217685037 0.969233234476 0.79153323585
0.128321768504 0.969233234476 0.789923548421
0.11813217685 0.969233234476 0.787472132445
0.123413217685 0.969233234476 0.785914096189
0.125741321769 0.969233234476 0.779882986243
0.121474132177 0.969233234476 0.766819291665
0.121047413218 0.969233234476 0.746041230512
0.128204741322 0.969233234476 0.724130917025
0.123520474132 0.969233234476 0.703260554295
0.107752047413 0.969233234476 0.677941445208
0.109775204741 0.969233234476 0.64732446094
0.100077520474 0.969233234476 0.61175662453
0.0973077520474 0.969233234476 0.583247837517
0.0880307752047 0.969233234476 0.593221010244
0.11410307752 0.969233234476 0.592823823293
0.108610307752 0.969233234476 0.599595028342
0.118861030775 0.969233234476 0.627421350308
0.114486103078 0.969233234476 0.66325061249
0.136548610308 0.969233234476 0.695714711203
0.127054861031 0.969233234476 0.723169402117
0.139605486103 0.969233234476 0.744495341566
0.14536054861 0.969233234476 0.758096191988
0.123436054861 0.969233234476 0.771726843944
0.126643605486 0.969233234476 0.780245318181
0.140464360549 0.969233234476 0.783945365876
0.137346436055 0.969233234476 0.783617393108
0.130734643605 0.969233234476 0.780479676942
0.137273464361 0.969233234476 0.778112528782
0.110027346436 0.969233234476 0.774141783138
0.155902734644 0.969233234476 0.770504747387
0.127190273464 0.969233234476 0.766558343398
0.111719027346 0.969233234476 0.759396486321
0.125471902735 0.969233234476 0.757721290952
0.134947190273 0.969233234476 0.757519954594
0.143094719027 0.969233234476 0.757229306049
0.131309471903 0.969233234476 0.756045737415
0.12473094719 0.969233234476 0.754321338337
0.139373094719 0.969233234476 0.754675648441
0.117437309472 0.969233234476 0.755968691705
0.135043730947 0.969233234476 0.75751600643
0.117904373095 0.969233234476 0.757583260649
0.137790437309 0.969233234476 0.75529712694
0.140679043731 0.969233234476 0.751885184197
0.132867904373 0.969233234476 0.74352847345
0.138386790437 0.969233234476 0.730485217094
0.120938679044 0.969233234476 0.716822889354
