0.1386 0.872309911029 0.422835143305
0.16236 0.959540902132 0.484517548365
0.150336 0.968264001242 0.524393357842
0.1572336 0.969136311153 0.563112434191
0.15522336 0.969223542144 0.602101733128
0.152322336 0.969232265243 0.638483401898
0.1772322336 0.969233137553 0.668685937775
0.16622322336 0.969233224784 0.689986399326
0.159722322336 0.969233233507 0.701204844928
0.151872232234 0.969233234379 0.701992860001
0.165487223223 0.969233234467 0.69260364263
0.154248722322 0.969233234475 0.673576210325
0.155824872232 0.969233234476 0.645787746501
0.152382487223 0.969233234476 0.611350141432
0.155638248722 0.969233234476 0.57323411129
0.181163824872 0.969233234476 0.534370830389
0.166616382487 0.969233234476 0.496040451714
0.149861638249 0.969233234476 0.457327586705
0.157186163825 0.969233234476 0.419093085519
0.181318616382 0.969233234476 0.382792807275
0.145931861638 0.969233234476 0.35116635117
0.165793186164 0.969233234476 0.324233839908
0.162379318616 0.969233234476 0.299578180071
0.166537931862 0.969233234476 0.276802017738
0.193053793186 0.969233234476 0.256705701495
0.173205379319 0.969233234476 0.241758084641
0.168520537932 0.969233234476 0.231972884789
0.150952053793 0.969233234476 0.225173816907
0.160895205379 0.969233234476 0.2214183337
0.151089520538 0.969233234476 0.222070284866
0.160008952054 0.969233234476 0.230063683349
0.172600895205 0.969233234476 0.245435674499
0.183760089521 0.969233234476 0.265122608334
0.142576008952 0.969233234476 0.286995601392
0.127657600895 0.969233234476 0.309139790034
0.15226576009 0.969233234476 0.331335926515
0.141226576009 0.969233234476 0.352238568773
0.150922657601 0.969233234476 0.341962858657
0.14919226576 0.969233234476 0.318599092409
0.158019226576 0.969233234476 0.29101620709
0.151701922658 0.969233234476 0.266925259225
0.168170192266 0.969233234476 0.248809691547
0.177017019227 0.969233234476 0.230813192823
0.186001701923 0.969233234476 0.212629832067
0.180600170192 0.969233234476 0.195811401234
0.169260017019 0.969233234476 0.183146541035
0.181626001702 0.969233234476 0.176964177237
0.17386260017 0.969233234476 0.176865528663
0.167686260017 0.969233234476 0.181011340862
0.183268626002 0.969233234476 0.188534575475
0.1848268626 0.969233234476 0.200321512168
0.18048268626 0.969233234476 0.217863576673
0.174648268626 0.969233234476 0.239529881662
0.183964826863 0.969233234476 0.263428112454
0.183996482686 0.969233234476 0.288990171261
0.182199648269 0.969233234476 0.317506288621
0.190119964827 0.969233234476 0.350844346713
0.200811996483 0.969233234476 0.387559529898
0.196481199648 0.969233234476 0.425503773993
0.187948119965 0.969233234476 0.463231758768
0.196994811996 0.969233234476 0.500736626147
0.1708994812 0.969233234476 0.538774018447
0.17818994812 0.969233234476 0.575555467216
0.154618994812 0.969233234476 0.608914461191
0.154061899481 0.969233234476 0.636524170681
0.177406189948 0.969233234476 0.656538311523
0.193240618995 0.969233234476 0.668000663621
0.190324061899 0.969233234476 0.669412316086
0.17293240619 0.969233234476 0.66046717025
0.200893240619 0.969233234476 0.641548934205
0.191089324062 0.969233234476 0.61395815894
0.196408932406 0.969233234476 0.580197303421
0.166340893241 0.969233234476 0.543623721142
0.169634089324 0.969233234476 0.506931137849
0.156463408932 0.969233234476 0.470475649853
0.147046340893 0.969233234476 0.432695546675
0.141604634089 0.969233234476 0.406440469932
0.154560463409 0.969233234476 0.418008552094
0.151356046341 0.969233234476 0.422402011677
0.141135604634 0.969233234476 0.434531020387
0.168913560463 0.969233234476 0.46659404848
0.174391356046 0.969233234476 0.501018796838
0.206439135605 0.969233234476 0.534215827898
0.17994391356 0.969233234476 0.56410744089
0.171894391356 0.969233234476 0.588387019438
0.171089439136 0.969233234476 0.604828973361
0.172808943914 0.969233234476 0.612445051813
0.215280894391 0.969233234476 0.610917595474
0.194328089439 0.969233234476 0.600852334265
0.181432808944 0.969233234476 0.582697721639
0.188243280894 0.969233234476 0.557284757851
0.190724328089 0.969233234476 0.526348182136
0.174772432809 0.969233234476 0.492396986275
0.174077243281 0.969233234476 0.457812286155
0.193807724328 0.969233234476 0.423244450996
0.193980772433 0.969233234476 0.387730150494
0.172398077243 0.969233234476 0.351051232951
0.182839807724 0.969233234476 0.315095985375
0.187483980772 0.969233234476 0.282509495004
0.203248398077 0.969233234476 0.253777316339
0.194924839808 0.969233234476 0.227377913427
0.206692483981 0.969233234476 0.202449347384
0.176369248398 0.969233234476 0.180236360302
0.18683692484 0.969233234476 0.162874327896
0.195983692484 0.969233234476 0.150597289293
0.176198369248 0.969233234476 0.141886837756
0.191319836925 0.969233234476 0.136010217897
0.180231983692 0.969233234476 0.134280302829
0.207023198369 0.969233234476 0.138662108524
0.187202319837 0.969233234476 0.148854998332
0.218520231984 0.969233234476 0.162335644167
0.167652023198 0.969233234476 0.176698006006
0.15626520232 0.969233234476 0.19084701411
0.149726520232 0.969233234476 0.204579133737
0.157172652023 0.969233234476 0.217368171856
0.148017265202 0.969233234476 0.205435448701
0.14350172652 0.969233234476 0.187064787974
0.146650172652 0.969233234476 0.164414586139
0.162265017265 0.969233234476 0.145986596196
0.179126501727 0.969233234476 0.13569417063
0.166412650173 0.969233234476 0.125499517806
0.189441265017 0.969233234476 0.114372369134
0.191744126502 0.969233234476 0.103373045979
0.17397441265 0.969233234476 0.095290525174
0.200997441265 0.969233234476 0.0925616661885
0.171299744127 0.969233234476 0.0952051471937
0.194429974413 0.969233234476 0.101426926329
0.203042997441 0.969233234476 0.110058985153
0.190404299744 0.969233234476 0.12203601341
0.200840429974 0.969233234476 0.138829779523
0.199184042997 0.969233234476 0.160100647302
0.2071184043 0.969233234476 0.183896592261
0.18451184043 0.969233234476 0.20888952318
0.180451184043 0.969233234476 0.235809937835
0.189045118404 0.969233234476 0.266372289288
0.17460451184 0.969233234476 0.299544061593
0.176760451184 0.969233234476 0.333064731836
0.172476045118 0.969233234476 0.365138441419
0.171147604512 0.969233234476 0.395860937317
0.184514760451 0.969233234476 0.426669012227
0.182251476045 0.969233234476 0.457044846904
0.185625147605 0.969233234476 0.485335067219
0.18956251476 0.969233234476 0.509193449613
0.172856251476 0.969233234476 0.526712901061
0.197285625148 0.969233234476 0.538666255023
0.196128562515 0.969233234476 0.545006775935
0.190612856251 0.969233234476 0.542861535837
0.196361285625 0.969233234476 0.531843104654
0.185236128563 0.969233234476 0.51243806805
0.172423612856 0.969233234476 0.487969321742
0.180142361286 0.969233234476 0.46139401056
0.171914236129 0.969233234476 0.432808274698
0.158491423613 0.969233234476 0.403130437311
0.161649142361 0.969233234476 0.371430777273
0.147564914236 0.969233234476 0.354828683353
0.156956491424 0.969233234476 0.368891447953
0.164195649142 0.969233234476 0.379719054661
0.171219564914 0.969233234476 0.39375868416
0.176421956491 0.969233234476 0.416394322731
0.177842195649 0.969233234476 0.438765294237
0.177984219565 0.969233234476 0.459204178312
0.193298421956 0.969233234476 0.478159401044
0.196629842196 0.969233234476 0.49120175931
0.16456298422 0.969233234476 0.496969697514
0.173956298422 0.969233234476 0.495007837773
0.203695629842 0.969233234476 0.485595375319
0.191369562984 0.969233234476 0.471388219595
0.175736956298 0.969233234476 0.450546380346
0.18407369563 0.969233234476 0.424451447591
0.176807369563 0.969233234476 0.395293028749
0.168880736956 0.969233234476 0.365568668405
0.198688073696 0.969233234476 0.338911314453
0.18546880737 0.969233234476 0.312144121102
0.185046880737 0.969233234476 0.283791546733
0.190404688074 0.969233234476 0.254228381543
0.172940468807 0.969233234476 0.225005122802
0.179294046881 0.969233234476 0.197556163444
0.185329404688 0.969233234476 0.172093493172
0.195832940469 0.969233234476 0.147905348671
0.175283294047 0.969233234476 0.125304946127
0.177728329405 0.969233234476 0.105329043611
0.18877283294 0.969233234476 0.0888859375739
0.167377283294 0.969233234476 0.0758984521598
0.190437728329 0.969233234476 0.065607450083
0.176543772833 0.969233234476 0.0583999361416
0.160754377283 0.969233234476 0.0553286195133
0.192475437728 0.969233234476 0.0570244023706
0.172247543773 0.969233234476 0.0626101414437
0.172924754377 0.969233234476 0.0699199602694
0.164892475438 0.969233234476 0.0774670339826
0.171289247544 0.969233234476 0.0843649046489
0.154828924754 0.969233234476 0.0902100064695
0.159482892475 0.969233234476 0.0952019528366
0.150048289248 0.969233234476 0.0840156018909
0.150004828925 0.969233234476 0.0729197368993
0.167100482892 0.969233234476 0.0592960239508
0.166110048289 0.969233234476 0.0490928402019
0.159711004829 0.969233234476 0.0449423313236
0.192371100483 0.969233234476 0.0409972642377
0.184837110048 0.969233234476 0.0368928065519
0.178683711005 0.969233234476 0.0327701724688
0.1996683711 0.969233234476 0.029611826651
0.19276683711 0.969233234476 0.029432212159
0.186676683711 0.969233234476 0.0335889703599
0.176167668371 0.969233234476 0.0415240132411
0.175116766837 0.969233234476 0.051744756784
0.174111676684 0.969233234476 0.0638471955297
0.167711167668 0.969233234476 0.0789771981219
0.178771116767 0.969233234476 0.0979106267751
0.180777111677 0.969233234476 0.119642269333
0.199877711168 0.969233234476 0.142309987677
0.187387771117 0.969233234476 0.16516780259
0.181638777112 0.969233234476 0.189017043555
0.177463877711 0.969233234476 0.21457048442
0.179746387771 0.969233234476 0.241332197265
0.182674638777 0.969233234476 0.268292705262
0.182967463878 0.969233234476 0.295157749893
0.189296746388 0.969233234476 0.322473305519
0.183629674639 0.969233234476 0.350318888408
0.174962967464 0.969233234476 0.377597284966
0.174996296746 0.969233234476 0.4026932664
0.190299629675 0.969233234476 0.424029795139
0.175629962967 0.969233234476 0.440221439231
0.179562996297 0.969233234476 0.450417576788
0.18535629963 0.969233234476 0.454575709388
0.186835629963 0.969233234476 0.455270930548
0.194183562996 0.969233234476 0.449933225941
0.2147183563 0.969233234476 0.438654842963
0.19427183563 0.969233234476 0.422920422349
0.194927183563 0.969233234476 0.40509107597
0.170692718356 0.969233234476 0.388868416946
0.128669271836 0.969233234476 0.370760071913
0.155966927184 0.969233234476 0.363007635984
0.155996692718 0.969233234476 0.373649919025
0.151499669272 0.969233234476 0.382381862663
0.180749966927 0.969233234476 0.392539602496
0.167474996693 0.969233234476 0.402077464158
0.168847499669 0.969233234476 0.411803280198
0.185184749967 0.969233234476 0.419370640491
0.180518474997 0.969233234476 0.423096726833
0.1890518475 0.969233234476 0.421596054828
0.19530518475 0.969233234476 0.416226496462
0.184230518475 0.969233234476 0.407676636859
0.186723051847 0.969233234476 0.393830733191
0.167172305185 0.969233234476 0.374230044418
0.189517230518 0.969233234476 0.349445796433
0.171951723052 0.969233234476 0.323111346263
0.171095172305 0.969233234476 0.298016290413
0.181809517231 0.969233234476 0.273349093354
0.165780951723 0.969233234476 0.24869180227
0.184878095172 0.969233234476 0.223398388727
0.180487809517 0.969233234476 0.197848732661
0.185448780952 0.969233234476 0.173580536188
0.173344878095 0.969233234476 0.151674151524
0.18833448781 0.969233234476 0.131647159049
0.189833448781 0.969233234476 0.112292510375
0.171983344878 0.969233234476 0.0931153837716
0.174698334488 0.969233234476 0.0748670656577
0.193869833449 0.969233234476 0.0586136484328
0.201186983345 0.969233234476 0.0447495930438
0.186618698334 0.969233234476 0.0329084333496
0.186961869833 0.969233234476 0.0227946978156
0.183396186983 0.969233234476 0.0150122328706
0.169539618698 0.969233234476 0.0103939414501
0.18975396187 0.969233234476 0.00899350303175
0.195375396187 0.969233234476 0.00977999280654
0.198637539619 0.969233234476 0.0112925357418
0.188163753962 0.969233234476 0.0126975297531
0.174516375396 0.969233234476 0.0137799015994
0.18215163754 0.969233234476 0.0145470715428
0.151415163754 0.969233234476 0.0150429826064
0.140241516375 0.969233234476 0.00894209529431
0.159824151638 0.969233234476 0.00539511347791
0.153682415164 0.969233234476 0.0023217530162
0.152168241516 0.969233234476 0.00105450269748
0.150216824152 0.969233234476 0.000910120426834
0.176121682415 0.969233234476 0.000846890666689
0.192212168242 0.969233234476 0.000759716020452
0.174921216824 0.969233234476 0.0006641884677
0.182192121682 0.969233234476 0.000877597828991
0.179319212168 0.969233234476 0.00237768843915
0.183531921217 0.969233234476 0.00612142726126
0.181253192122 0.969233234476 0.012224501414
0.187325319212 0.969233234476 0.0202321973588
0.187932531921 0.969233234476 0.0297376337141
0.185293253192 0.969233234476 0.0408766231026
0.186829325319 0.969233234476 0.0538270440419
0.174382932532 0.969233234476 0.0681640228687
0.185738293253 0.969233234476 0.0831911693672
0.171573829325 0.969233234476 0.0986785066358
0.209757382933 0.969233234476 0.115662510124
0.191975738293 0.969233234476 0.135359123902
0.190197573829 0.969233234476 0.15737546324
0.181019757383 0.969233234476 0.180861353783
0.179201975738 0.969233234476 0.205399513628
0.157420197574 0.969233234476 0.230941916751
0.175042019757 0.969233234476 0.2578632785
0.197504201976 0.969233234476 0.285123567978
0.182650420198 0.969233234476 0.31143944553
0.18296504202 0.969233234476 0.335889061957
0.170396504202 0.969233234476 0.357451913378
0.16913965042 0.969233234476 0.375735951985
0.169913965042 0.969233234476 0.38997680015
0.178091396504 0.969233234476 0.39997769403
0.17620913965 0.969233234476 0.406307347658
0.179620913965 0.969233234476 0.40997660111
0.179062091397 0.969233234476 0.411383866364
0.20150620914 0.969233234476 0.410584312461
0.167750620914 0.969233234476 0.407704898735
0.152675062091 0.969233234476 0.402216542554
0.145767506209 0.969233234476 0.405595712413
0.155876750621 0.969233234476 0.412943652498
0.161387675062 0.969233234476 0.419707832721
0.155638767506 0.969233234476 0.422831651039
0.184763876751 0.969233234476 0.418452114645
0.164276387675 0.969233234476 0.410317343912
0.195527638768 0.969233234476 0.399924085441
0.184252763877 0.969233234476 0.390396845516
0.183125276388 0.969233234476 0.378328835703
0.203712527639 0.969233234476 0.361967491335
0.195871252764 0.969233234476 0.341653096327
0.171687125276 0.969233234476 0.318287742975
0.183668712528 0.969233234476 0.295600585246
0.191166871253 0.969233234476 0.271426979689
0.172116687125 0.969233234476 0.245400186235
0.184611668713 0.969233234476 0.21904617948
0.165161166871 0.969233234476 0.193700554895
0.186616116687 0.969233234476 0.169277280169
0.192361611669 0.969233234476 0.145060834272
0.192936161167 0.969233234476 0.121431847633
0.183993616117 0.969233234476 0.100154033915
0.192099361612 0.969233234476 0.0825883145185
0.182109936161 0.969233234476 0.068337134107
0.170310993616 0.969233234476 0.0558880553679
0.179031099362 0.969233234476 0.0443308883045
0.186203109936 0.969233234476 0.0339891932238
0.195020310994 0.969233234476 0.0252930265065
0.180602031099 0.969233234476 0.0179391998543
0.18366020311 0.969233234476 0.0114749731044
0.188466020311 0.969233234476 0.00609483048962
0.193446602031 0.969233234476 0.00240254440453
0.179544660203 0.969233234476 0.000609914511624
0.20335446602 0.969233234476 9.11112083009e-05
0.185935446602 0.969233234476 1.01545200273e-05
0.16439354466 0.969233234476 1.72713223003e-06
0.173939354466 0.969233234476 8.50627253104e-07
0.163193935447 0.969233234476 6.27739851231e-07
0.154019393545 0.969233234476 5.63410023743e-07
0.139601939354 0.969233234476 6.67046997643e-07
0.147160193935 0.969233234476 7.90808938929e-08
0.160516019394 0.969233234476 8.17588313144e-09
0.137551601939 0.969233234476 8.17722488691e-10
0.164055160194 0.969233234476 8.17723467805e-11
0.164005516019 0.969233234476 8.17755269081e-12
0.164000551602 0.969233234476 8.18593663793e-13
0.18290005516 0.969233234476 2.75390191694e-13
0.173990005516 0.969233234476 3.14174015141e-09
0.208199000552 0.969233234476 1.06655384857e-06
0.195419900055 0.969233234476 3.86282811986e-05
0.189641990006 0.969233234476 0.000373410341554
0.182764199001 0.969233234476 0.00162565922473
0.1766764199 0.969233234476 0.00431529165191
0.18236764199 0.969233234476 0.00836196611631
0.190136764199 0.969233234476 0.0132454695559
0.17201367642 0.969233234476 0.0186234427339
0.182801367642 0.969233234476 0.0247317538333
0.175780136764 0.969233234476 0.0321635662155
0.184078013676 0.969233234476 0.0417924340395
0.187607801368 0.969233234476 0.0545497632345
0.171760780137 0.969233234476 0.0708257548775
0.198076078014 0.969233234476 0.09009691032
0.176407607801 0.969233234476 0.111191213948
0.18414076078 0.969233234476 0.133270830064
0.179514076078 0.969233234476 0.156678318555
0.186251407608 0.969233234476 0.184068900193
0.197725140761 0.969233234476 0.212674236999
0.185372514076 0.969233234476 0.240782913493
0.185037251408 0.969233234476 0.267421883027
0.174203725141 0.969233234476 0.292936980163
0.177620372514 0.969233234476 0.319913388457
0.180662037251 0.969233234476 0.345331884539
0.185466203725 0.969233234476 0.367537733178
0.186846620373 0.969233234476 0.386359474175
0.179784662037 0.969233234476 0.403286568199
0.197078466204 0.969233234476 0.421541747427
0.15110784662 0.969233234476 0.437891589299
0.133010784662 0.969233234476 0.449895393973
0.142901078466 0.969233234476 0.456061406543
0.143890107847 0.969233234476 0.46852951388
0.148489010785 0.969233234476 0.47387153792
0.184948901078 0.969233234476 0.48107207537
0.153494890108 0.969233234476 0.480796351991
0.152149489011 0.969233234476 0.463607743517
0.164614948901 0.969233234476 0.443230001459
0.19016149489 0.969233234476 0.420229034561
0.192716149489 0.969233234476 0.395428980573
0.183071614949 0.969233234476 0.368757125356
0.178507161495 0.969233234476 0.340285551738
0.200550716149 0.969233234476 0.311996699003
0.187455071615 0.969233234476 0.283223611604
0.170845507161 0.969233234476 0.254971357986
0.203384550716 0.969233234476 0.227309320014
0.199438455072 0.969233234476 0.199255758146
0.212543845507 0.969233234476 0.170432847821
0.180554384551 0.969233234476 0.142012166939
0.188155438455 0.969233234476 0.115664871957
0.178115543846 0.969233234476 0.0919965940344
0.183411554385 0.969233234476 0.0704477533704
0.192941155438 0.969233234476 0.0509107635845
0.178594115544 0.969233234476 0.0345976519403
0.181659411554 0.969233234476 0.0228683599758
0.181965941155 0.969233234476 0.0155574875165
0.170296594116 0.969233234476 0.0108836123477
0.185329659412 0.969233234476 0.00721503712283
0.190432965941 0.969233234476 0.00413999727205
0.197243296594 0.969233234476 0.00189102800673
0.185324329659 0.969233234476 0.00062134450408
0.192232432966 0.969233234476 0.000131199910122
0.180323243297 0.969233234476 1.73436337165e-05
0.18813232433 0.969233234476 1.78873928502e-06
0.188013232433 0.969233234476 1.78926712135e-07
0.180801323243 0.969233234476 1.7892671851e-08
0.186380132324 0.969233234476 1.7892671851e-09
0.184238013232 0.969233234476 1.7892671851e-10
0.163323801323 0.969233234476 1.7892671851e-11
0.148632380132 0.969233234476 1.7892671851e-12
0.150763238013 0.969233234476 1.7892671851e-13
0.129376323801 0.969233234476 1.7892671851e-14
0.15423763238 0.969233234476 1.7892671851e-15
0.161223763238 0.969233234476 1.7892671851e-16
0.148422376324 0.969233234476 1.7892671851e-17
0.171442237632 0.969233234476 1.7892671851e-18
0.153044223763 0.969233234476 1.7892671851e-19
0.183604422376 0.969233234476 1.7892671851e-20
0.177660442238 0.969233234476 1.78927100655e-21
0.182466044224 0.969233234476 2.31099331675e-18
0.178446604422 0.969233234476 5.88211023216e-13
0.198744660442 0.969233234476 1.50310492873e-09
0.176474466044 0.969233234476 2.36971610336e-07
0.191347446604 0.969233234476 6.67269083945e-06
0.16313474466 0.969233234476 6.33346071784e-05
0.192713474466 0.969233234476 0.000297909907288
0.178571347447 0.969233234476 0.000882140759001
0.178957134745 0.969233234476 0.00198578136201
0.189795713474 0.969233234476 0.00430330751647
0.204379571347 0.969233234476 0.00972550313502
0.203137957135 0.969233234476 0.0200974429443
0.195813795713 0.969233234476 0.0356249560093
0.187881379571 0.969233234476 0.0550698791615
0.187088137957 0.969233234476 0.0769204736458
0.196008813796 0.969233234476 0.100616582147
0.17080088138 0.969233234476 0.126615325884
0.171880088138 0.969233234476 0.154632186568
0.189988008814 0.969233234476 0.183537261354
0.185498800881 0.969233234476 0.215134621934
0.180549880088 0.969233234476 0.247675001391
0.172854988009 0.969233234476 0.280698643253
0.192785498801 0.969233234476 0.313911298598
0.18217854988 0.969233234476 0.346263176056
0.187417854988 0.969233234476 0.379622645677
0.167241785499 0.969233234476 0.412233261238
0.16612417855 0.969233234476 0.443501329469
0.175012417855 0.969233234476 0.47290882072
0.175901241785 0.969233234476 0.49914223033
0.139990124179 0.969233234476 0.523255662568
0.144499012418 0.969233234476 0.54150661995
0.145849901242 0.969233234476 0.563381120404
0.163084990124 0.969233234476 0.569410149362
0.153108499012 0.969233234476 0.578924085516
0.166510849901 0.969233234476 0.57812087841
0.18045108499 0.969233234476 0.552965176638
0.198945108499 0.969233234476 0.520640145659
0.16929451085 0.969233234476 0.48541412706
0.190629451085 0.969233234476 0.450142885111
0.185562945108 0.969233234476 0.41553679393
0.197656294511 0.969233234476 0.38019124815
0.185365629451 0.969233234476 0.342532619575
0.184136562945 0.969233234476 0.304114387548
0.187613656295 0.969233234476 0.267331755005
0.187961365629 0.969233234476 0.232781703274
0.174496136563 0.969233234476 0.199054386114
0.184849613656 0.969233234476 0.164651269106
0.188584961366 0.969233234476 0.131275346515
0.197058496137 0.969233234476 0.101524805053
0.203305849614 0.969233234476 0.0760008415339
0.176030584961 0.969233234476 0.0537344444974
0.185003058496 0.969233234476 0.0334222180494
0.17330030585 0.969233234476 0.0167756928819
0.182030030585 0.969233234476 0.00612262161865
0.168503003058 0.969233234476 0.00142940932527
0.192350300306 0.969233234476 0.000207359859113
0.204635030031 0.969233234476 2.45833208033e-05
0.183363503003 0.969233234476 2.73131961279e-06
0.1758363503 0.969233234476 2.8010975819e-07
0.19308363503 0.969233234476 2.80434911524e-08
0.184008363503 0.969233234476 2.80435988582e-09
0.16510083635 0.969233234476 2.80435988636e-10
0.179410083635 0.969233234476 2.80435988636e-11
0.169141008364 0.969233234476 2.80435988636e-12
0.192414100836 0.969233234476 2.80435988636e-13
0.197441410084 0.969233234476 2.80435988636e-14
0.170044141008 0.969233234476 2.80435988636e-15
0.170904414101 0.969233234476 2.80435988636e-16
0.17369044141 0.969233234476 2.80435988636e-17
0.146969044141 0.969233234476 2.80435988636e-18
0.182996904414 0.969233234476 2.80435988636e-19
0.152399690441 0.969233234476 2.80435988636e-20
0.161039969044 0.969233234476 2.80435988636e-21
0.170003996904 0.969233234476 2.80435988636e-22
0.17000039969 0.969233234476 2.80435988636e-23
0.178100039969 0.969233234476 2.80435988636e-24
0.177110003997 0.969233234476 2.80435988636e-25
0.1941110004 0.969233234476 2.80435988636e-26
0.16701110004 0.969233234476 2.80435988636e-27
0.201201110004 0.969233234476 2.80435988636e-28
0.196520111 0.969233234476 2.80435988636e-29
0.1780520111 0.969233234476 2.95484613193e-30
0.17440520111 0.969233234476 1.7081571555e-23
0.171340520111 0.969233234476 9.64436966558e-15
0.183634052011 0.969233234476 1.64392356807e-09
0.201963405201 0.969233234476 1.54546706537e-06
0.18489634052 0.969233234476 8.92057859765e-05
0.163389634052 0.969233234476 0.00110826927033
0.189138963405 0.969233234476 0.00567979606615
0.179113896341 0.969233234476 0.0167337363527
0.170911389634 0.969233234476 0.0347023857594
0.170991138963 0.969233234476 0.0575409718027
0.199799113896 0.969233234476 0.0830576788065
0.17927991139 0.969233234476 0.111225164632
0.183527991139 0.969233234476 0.143286721904
0.171352799114 0.969233234476 0.178947883063
0.171935279911 0.969233234476 0.216106678578
0.177393527991 0.969233234476 0.252864715876
0.195939352799 0.969233234476 0.28960965851
0.16989393528 0.969233234476 0.327992168095
0.189789393528 0.969233234476 0.368058122285
0.182778939353 0.969233234476 0.407958150806
0.185677893935 0.969233234476 0.445955389569
0.176067789394 0.969233234476 0.482509991668
0.179606778939 0.969233234476 0.519257461858
0.155660677894 0.969233234476 0.55613765466
0.168566067789 0.969233234476 0.591231906582
0.159056606779 0.969233234476 0.621535288424
0.152705660678 0.969233234476 0.644475924512
0.152970566068 0.969233234476 0.65873054279
0.152097056607 0.969233234476 0.653728859364
0.158309705661 0.969233234476 0.647457556656
0.158930970566 0.969233234476 0.633199486467
0.174293097057 0.969233234476 0.603251617921
0.201029309706 0.969233234476 0.567553671543
0.199202930971 0.969233234476 0.530297856376
0.204420293097 0.969233234476 0.493611543237
0.17974202931 0.969233234476 0.456683905403
0.176374202931 0.969233234476 0.417768089426
0.181437420293 0.969233234476 0.376892005222
0.172043742029 0.969233234476 0.336393004582
0.181904374203 0.969233234476 0.29799651579
0.19549043742 0.969233234476 0.260762503548
0.176149043742 0.969233234476 0.222922956162
0.172414904374 0.969233234476 0.184575478556
0.176541490437 0.969233234476 0.148219973548
0.177854149044 0.969233234476 0.11584366141
0.195085414904 0.969233234476 0.0868723388751
0.17970854149 0.969233234476 0.0600002032985
0.184470854149 0.969233234476 0.0358411423056
0.170547085415 0.969233234476 0.0171732226358
0.187154708541 0.969233234476 0.00598397648713
0.172615470854 0.969233234476 0.00133220116736
0.174761547085 0.969233234476 0.000178051565106
0.176776154709 0.969233234476 1.82504032776e-05
0.178777615471 0.969233234476 1.82521311627e-06
0.178077761547 0.969233234476 1.82521311796e-07
0.169907776155 0.969233234476 1.82521311796e-08
0.196990777615 0.969233234476 1.82521311796e-09
0.184399077762 0.969233234476 1.82521311796e-10
0.170539907776 0.969233234476 1.82521311796e-11
0.199753990778 0.969233234476 1.82521311796e-12
0.178375399078 0.969233234476 1.82521311796e-13
0.169037539908 0.969233234476 1.82521311796e-14
0.170803753991 0.969233234476 1.82521311796e-15
0.164680375399 0.969233234476 1.82521311796e-16
0.15686803754 0.969233234476 1.82521311796e-17
0.164186803754 0.969233234476 1.82521311796e-18
0.152318680375 0.969233234476 1.82521311796e-19
0.139431868038 0.969233234476 1.82521311796e-20
0.133643186804 0.969233234476 1.82521311796e-21
0.15286431868 0.969233234476 1.82521311796e-22
0.159286431868 0.969233234476 1.82521311796e-23
0.181528643187 0.969233234476 1.82521311796e-24
0.197252864319 0.969233234476 1.82521311796e-25
0.210525286432 0.969233234476 1.82521311796e-26
0.192052528643 0.969233234476 1.82521311796e-27
0.186605252864 0.969233234476 1.82521311796e-28
0.176160525286 0.969233234476 1.82521311796e-29
0.189516052529 0.969233234476 1.82521311796e-30
0.173751605253 0.969233234476 5.55517273954e-25
0.168575160525 0.969233234476 3.6510259476e-15
0.200457516053 0.969233234476 1.00002697306e-09
0.182945751605 0.969233234476 1.29128320972e-06
0.179394575161 0.969233234476 8.76878133943e-05
0.181739457516 0.969233234476 0.00114131934751
0.178373945752 0.969233234476 0.00581485051636
0.193337394575 0.969233234476 0.0170247332769
0.194833739458 0.969233234476 0.0352985523666
0.190483373946 0.969233234476 0.0585248944166
0.203548337395 0.969233234476 0.0842988680465
0.202154833739 0.969233234476 0.112491950163
0.196615483374 0.969233234476 0.14438520465
0.191561548337 0.969233234476 0.179899684603
0.187456154834 0.969233234476 0.216965259743
0.198745615483 0.969233234476 0.253523198214
0.170174561548 0.969233234476 0.289876402842
0.172717456155 0.969233234476 0.327708685213
0.181071745615 0.969233234476 0.367266937499
0.204407174562 0.969233234476 0.406715382574
0.172540717456 0.969233234476 0.444242757283
0.167554071746 0.969233234476 0.480208010809
0.172455407175 0.969233234476 0.516179371723
0.167545540717 0.969233234476 0.552288972208
0.150854554072 0.969233234476 0.586426010606
0.164485455407 0.969233234476 0.615622376138
0.155048545541 0.969233234476 0.637238402203
0.143304854554 0.969233234476 0.633032627548
0.146630485455 0.969233234476 0.616077649241
0.148763048546 0.969233234476 0.592833146964
0.148076304855 0.969233234476 0.568461007948
0.158807630485 0.969233234476 0.542260543464
0.175180763049 0.969233234476 0.511573410185
0.177718076305 0.969233234476 0.478363292637
0.17887180763 0.969233234476 0.445034593024
0.161887180763 0.969233234476 0.411898028133
0.172788718076 0.969233234476 0.377156064821
0.156778871808 0.969233234476 0.340421012888
0.191177887181 0.969233234476 0.303120323069
0.166717788718 0.969233234476 0.26742490305
0.179571778872 0.969233234476 0.233542223079
0.182657177887 0.969233234476 0.199646889
0.178465717789 0.969233234476 0.165395135524
0.164546571779 0.969233234476 0.132329631916
0.183854657178 0.969233234476 0.102803668179
0.169585465718 0.969233234476 0.0772616408528
0.169958546572 0.969233234476 0.0541408698123
0.175395854657 0.969233234476 0.033331249448
0.172339585466 0.969233234476 0.0164906684863
0.163933958547 0.969233234476 0.00584431185034
0.170293395855 0.969233234476 0.00130783922245
0.188929339585 0.969233234476 0.000177193805561
0.172792933959 0.969233234476 1.82592081897e-05
0.163979293396 0.969233234476 1.82619098989e-06
0.18289792934 0.969233234476 1.82619099367e-07
0.185689792934 0.969233234476 1.82619099367e-08
0.165268979293 0.969233234476 1.82619099367e-09
0.183926897929 0.969233234476 1.82619099367e-10
0.190292689793 0.969233234476 1.82619099367e-11
0.190929268979 0.969233234476 1.82619099367e-12
0.181992926898 0.969233234476 1.82619099367e-13
0.17839929269 0.969233234476 1.82619099367e-14
0.160939929269 0.969233234476 1.82619099367e-15
0.151993992927 0.969233234476 1.82619099367e-16
0.147499399293 0.969233234476 1.82619099367e-17
0.139849939929 0.969233234476 1.82619099367e-18
0.130984993993 0.969233234476 1.82619099367e-19
0.133698499399 0.969233234476 1.82619099367e-20
0.14566984994 0.969233234476 1.82619099367e-21
0.126166984994 0.969233234476 1.82619099367e-22
0.151216698499 0.969233234476 1.82619099367e-23
0.14022166985 0.969233234476 1.82619099367e-24
0.153522166985 0.969233234476 1.82619099367e-25
0.144952216698 0.969233234476 1.82619099367e-26
0.16929522167 0.969233234476 1.82619099367e-27
0.170829522167 0.969233234476 1.82619099367e-28
0.166482952217 0.969233234476 1.82619099367e-29
0.169648295222 0.969233234476 1.82619099367e-30
0.169964829522 0.969233234476 8.15876592055e-26
0.153796482952 0.969233234476 1.5406014022e-15
0.153979648295 0.969233234476 7.25819965417e-10
0.15939796483 0.969233234476 1.18202129618e-06
0.168939796483 0.969233234476 8.66555277322e-05
0.164493979648 0.969233234476 0.00112752568332
0.166749397965 0.969233234476 0.00552684749614
0.147174939796 0.969233234476 0.0154268249816
0.17671749398 0.969233234476 0.0306540337482
0.145471749398 0.969233234476 0.0491436690931
0.15224717494 0.969233234476 0.069205823298
0.164624717494 0.969233234476 0.0914486112257
0.139762471749 0.969233234476 0.11721451759
0.148076247175 0.969233234476 0.14615177175
0.155207624717 0.969233234476 0.176243238064
0.146920762472 0.969233234476 0.205886856628
0.156892076247 0.969233234476 0.235814319603
0.156089207625 0.969233234476 0.267608130397
0.156908920762 0.969233234476 0.300798266436
0.156990892076 0.969233234476 0.333431759274
0.147999089208 0.969233234476 0.363965115386
0.146199908921 0.969233234476 0.39315898431
0.176619990892 0.969233234476 0.422592473137
0.155361999089 0.969233234476 0.451763017962
0.128036199909 0.969233234476 0.478584569387
0.151403619991 0.969233234476 0.500585392651
0.129440361999 0.969233234476 0.516065941902
0.1335440362 0.969233234476 0.541035503496
0.12765440362 0.969233234476 0.550355983021
0.155865440362 0.969233234476 0.563810613585
0.169486544036 0.969233234476 0.56555875461
0.169948654404 0.969233234476 0.54197031813
0.16369486544 0.969233234476 0.511544387651
0.181969486544 0.969233234476 0.478360390383
0.151396948654 0.969233234476 0.445034302798
0.170839694865 0.969233234476 0.41189799911
0.163783969487 0.969233234476 0.377156061919
0.184678396949 0.969233234476 0.340421012598
0.169667839695 0.969233234476 0.30312032304
0.165466783969 0.969233234476 0.267424903047
0.168646678397 0.969233234476 0.233542223078
0.17526466784 0.969233234476 0.199646889
0.168726466784 0.969233234476 0.165395135524
0.174372646678 0.969233234476 0.132329631916
0.154237264668 0.969233234476 0.102803668179
0.174723726467 0.969233234476 0.0772616408528
0.175872372647 0.969233234476 0.0541408698123
0.171487237265 0.969233234476 0.033331249448
0.171948723726 0.969233234476 0.0164906684863
0.168394872373 0.969233234476 0.00584431185034
0.182439487237 0.969233234476 0.00130783922245
0.163143948724 0.969233234476 0.000177193805561
0.161214394872 0.969233234476 1.82592081897e-05
0.178121439487 0.969233234476 1.82619098989e-06
0.183412143949 0.969233234476 1.82619099367e-07
0.171341214395 0.969233234476 1.82619099367e-08
0.191734121439 0.969233234476 1.82619099367e-09
0.158673412144 0.969233234476 1.82619099367e-10
0.157167341214 0.969233234476 1.82619099367e-11
0.169616734121 0.969233234476 1.82619099367e-12
0.166361673412 0.969233234476 1.82619099367e-13
0.171436167341 0.969233234476 1.82619099367e-14
0.172843616734 0.969233234476 1.82619099367e-15
0.153184361673 0.969233234476 1.82619099367e-16
0.128718436167 0.969233234476 1.82619099367e-17
0.141571843617 0.969233234476 1.82619099367e-18
0.137457184362 0.969233234476 1.82619099367e-19
0.135245718436 0.969233234476 1.82619099367e-20
0.160224571844 0.969233234476 1.82619099367e-21
0.167222457184 0.969233234476 1.82619099367e-22
0.194022245718 0.969233234476 1.82619099367e-23
0.167002224572 0.969233234476 1.82619099367e-24
0.179600222457 0.969233234476 1.82619099367e-25
0.159260022246 0.969233234476 1.82619099367e-26
0.177926002225 0.969233234476 1.82619099367e-27
0.191492600222 0.969233234476 1.82619099367e-28
0.180249260022 0.969233234476 1.82619099367e-29
0.192624926002 0.969233234476 1.82619099367e-30
0.1776624926 0.969233234476 5.55517274052e-25
0.18966624926 0.969233234476 3.6510259476e-15
0.172866624926 0.969233234476 1.00002697306e-09
0.178386662493 0.969233234476 1.29128320972e-06
0.190638666249 0.969233234476 8.76878133943e-05
0.166663866625 0.969233234476 0.00114131934751
0.169666386662 0.969233234476 0.00581485051636
0.202366638666 0.969233234476 0.0170247332769
0.204736663867 0.969233234476 0.0352985523666
0.177973666387 0.969233234476 0.0585248944166
0.177997366639 0.969233234476 0.0842988680465
0.201399736664 0.969233234476 0.112491950163
0.178539973666 0.969233234476 0.14438520465
0.201453997367 0.969233234476 0.179899684603
0.202845399737 0.969233234476 0.216965259743
0.192184539974 0.969233234476 0.253523198214
0.171318453997 0.969233234476 0.289876402842
0.1908318454 0.969233234476 0.327708685213
0.16308318454 0.969233234476 0.367266937499
0.205308318454 0.969233234476 0.406715382574
0.190630831845 0.969233234476 0.444242757283
0.188263083185 0.969233234476 0.480208010809
0.179026308318 0.969233234476 0.516179371723
0.196102630832 0.969233234476 0.552288972208
0.165410263083 0.969233234476 0.586426010606
0.173141026308 0.969233234476 0.615622376138
0.163114102631 0.969233234476 0.637238402203
0.161211410263 0.969233234476 0.65317370108
0.140321141026 0.969233234476 0.650295496941
0.158032114103 0.969233234476 0.646387339384
0.15890321141 0.969233234476 0.633092464739
0.174290321141 0.969233234476 0.603240915749
0.157829032114 0.969233234476 0.567552601326
0.193082903211 0.969233234476 0.530297749354
0.181308290321 0.969233234476 0.493611532535
0.185530829032 0.969233234476 0.456683904333
0.183253082903 0.969233234476 0.417768089319
0.19112530829 0.969233234476 0.376892005211
0.164912530829 0.969233234476 0.33639300458
0.179391253083 0.969233234476 0.29799651579
0.173639125308 0.969233234476 0.260762503548
0.170363912531 0.969233234476 0.222922956162
0.203336391253 0.969233234476 0.184575478556
0.176933639125 0.969233234476 0.148219973548
0.207593363913 0.969233234476 0.11584366141
0.191759336391 0.969233234476 0.0868723388751
0.177575933639 0.969233234476 0.0600002032985
0.190557593364 0.969233234476 0.0358411423056
0.181955759336 0.969233234476 0.0171732226358
0.176595575934 0.969233234476 0.00598397648713
0.184159557593 0.969233234476 0.00133220116736
0.183115955759 0.969233234476 0.000178051565106
0.202811595576 0.969233234476 1.82504032776e-05
0.177781159558 0.969233234476 1.82521311627e-06
0.160878115956 0.969233234476 1.82521311796e-07
0.183487811596 0.969233234476 1.82521311796e-08
0.17944878116 0.969233234476 1.82521311796e-09
0.186244878116 0.969233234476 1.82521311796e-10
0.177024487812 0.969233234476 1.82521311796e-11
0.194102448781 0.969233234476 1.82521311796e-12
0.202110244878 0.969233234476 1.82521311796e-13
0.161511024488 0.969233234476 1.82521311796e-14
0.160151102449 0.969233234476 1.82521311796e-15
0.159115110245 0.969233234476 1.82521311796e-16
0.169811511024 0.969233234476 1.82521311796e-17
0.162781151102 0.969233234476 1.82521311796e-18
0.14407811511 0.969233234476 1.82521311796e-19
0.163807811511 0.969233234476 1.82521311796e-20
0.154080781151 0.969233234476 1.82521311796e-21
0.172008078115 0.969233234476 1.82521311796e-22
0.163900807812 0.969233234476 1.82521311796e-23
0.161290080781 0.969233234476 1.82521311796e-24
0.193429008078 0.969233234476 1.82521311796e-25
0.174142900808 0.969233234476 1.82521311796e-26
0.200114290081 0.969233234476 1.82521311796e-27
0.194611429008 0.969233234476 1.82521311796e-28
0.191361142901 0.969233234476 1.82521311796e-29
0.17663611429 0.969233234476 1.97569936353e-30
0.166163611429 0.969233234476 1.7081571457e-23
0.164216361143 0.969233234476 9.64436966558e-15
0.191021636114 0.969233234476 1.64392356807e-09
0.183802163611 0.969233234476 1.54546706537e-06
0.185780216361 0.969233234476 8.92057859765e-05
0.197678021636 0.969233234476 0.00110826927033
0.192567802164 0.969233234476 0.00567979606615
0.192956780216 0.969233234476 0.0167337363527
0.177695678022 0.969233234476 0.0347023857594
0.187869567802 0.969233234476 0.0575409718027
0.16908695678 0.969233234476 0.0830576788065
0.205008695678 0.969233234476 0.111225164632
0.178000869568 0.969233234476 0.143286721904
0.194200086957 0.969233234476 0.178947883063
0.185020008696 0.969233234476 0.216106678578
0.19310200087 0.969233234476 0.252864715876
0.199310200087 0.969233234476 0.28960965851
0.191831020009 0.969233234476 0.327992168095
0.211783102001 0.969233234476 0.368058122285
0.1714783102 0.969233234476 0.407958150806
0.18904783102 0.969233234476 0.445955389569
0.181804783102 0.969233234476 0.482509991668
0.17478047831 0.969233234476 0.519257461858
0.190278047831 0.969233234476 0.55613765466
0.165727804783 0.969233234476 0.591231906582
0.164172780478 0.969233234476 0.621535288424
0.163117278048 0.969233234476 0.644475924512
0.155811727805 0.969233234476 0.643333929017
0.13888117278 0.969233234476 0.627054717103
0.163288117278 0.969233234476 0.605252260049
0.156728811728 0.969233234476 0.580753695863
0.174972881173 0.969233234476 0.553228458383
0.190297288117 0.969233234476 0.520666473834
0.193629728812 0.969233234476 0.485416759877
0.188562972881 0.969233234476 0.450143148393
0.187156297288 0.969233234476 0.415536820258
0.195115629729 0.969233234476 0.380191250782
0.194111562973 0.969233234476 0.342532619839
0.207511156297 0.969233234476 0.304114387574
0.18005111563 0.969233234476 0.267331755008
0.174605111563 0.969233234476 0.232781703275
0.173160511156 0.969233234476 0.199054386114
0.193716051116 0.969233234476 0.164651269106
0.197571605112 0.969233234476 0.131275346515
0.201557160511 0.969233234476 0.101524805053
0.196555716051 0.969233234476 0.0760008415339
0.192455571605 0.969233234476 0.0537344444974
0.181245557161 0.969233234476 0.0334222180494
0.193624555716 0.969233234476 0.0167756928819
0.180462455572 0.969233234476 0.00612262161865
0.165646245557 0.969233234476 0.00142940932527
0.171364624556 0.969233234476 0.000207359859113
0.154836462456 0.969233234476 2.45833208033e-05
0.186483646246 0.969233234476 2.73131961279e-06
0.170748364625 0.969233234476 2.8010975819e-07
0.185374836462 0.969233234476 2.80434911524e-08
0.175137483646 0.969233234476 2.80435988582e-09
0.193913748365 0.969233234476 2.80435988636e-10
0.182291374836 0.969233234476 2.80435988636e-11
0.180229137484 0.969233234476 2.80435988636e-12
0.184522913748 0.969233234476 2.80435988636e-13
0.179552291375 0.969233234476 2.80435988636e-14
0.183555229137 0.969233234476 2.80435988636e-15
0.183955522914 0.969233234476 2.80435988636e-16
0.152495552291 0.969233234476 2.80435988636e-17
0.149349555229 0.969233234476 2.80435988636e-18
0.148134955523 0.969233234476 2.80435988636e-19
0.139013495552 0.969233234476 2.80435988636e-20
0.145301349555 0.969233234476 2.80435988636e-21
0.172030134956 0.969233234476 2.80435988636e-22
0.149503013496 0.969233234476 2.80435988636e-23
0.16615030135 0.969233234476 2.80435988636e-24
0.184015030135 0.969233234476 2.80435988636e-25
0.211901503013 0.969233234476 3.18650536611e-26
0.176890150301 0.969233234476 2.31081439284e-18
0.18238901503 0.969233234476 5.88211023198e-13
0.188338901503 0.969233234476 1.50310492873e-09
0.18083389015 0.969233234476 2.36971610336e-07
0.179183389015 0.969233234476 6.67269083945e-06
0.179018338902 0.969233234476 6.33346071784e-05
0.17810183389 0.969233234476 0.000297909907288
0.196910183389 0.969233234476 0.000882140759001
0.182591018339 0.969233234476 0.00198578136201
0.182959101834 0.969233234476 0.00430330751647
0.179395910183 0.969233234476 0.00972550313502
0.212339591018 0.969233234476 0.0200974429443
0.194033959102 0.969233234476 0.0356249560093
0.19400339591 0.969233234476 0.0550698791615
0.176000339591 0.969233234476 0.0769204736458
0.178700033959 0.969233234476 0.100616582147
0.188870003396 0.969233234476 0.126615325884
0.18088700034 0.969233234476 0.154632186568
0.168388700034 0.969233234476 0.183537261354
0.176138870003 0.969233234476 0.215134621934
0.171513887 0.969233234476 0.247675001391
0.1764513887 0.969233234476 0.280698643253
0.19944513887 0.969233234476 0.313911298598
0.180144513887 0.969233234476 0.346263176056
0.186314451389 0.969233234476 0.379622645677
0.194131445139 0.969233234476 0.412233261238
0.205713144514 0.969233234476 0.443501329469
0.172671314451 0.969233234476 0.47290882072
0.163967131445 0.969233234476 0.49914223033
0.162196713145 0.969233234476 0.523255662568
0.148519671314 0.969233234476 0.54150661995
0.144451967131 0.969233234476 0.531649474119
0.162945196713 0.969233234476 0.516258538187
0.153094519671 0.969233234476 0.49966619124
0.161109451967 0.969233234476 0.482655763578
0.176310945197 0.969233234476 0.463793684676
0.19133109452 0.969233234476 0.443248595575
0.188333109452 0.969233234476 0.420230893972
0.178133310945 0.969233234476 0.395429166514
0.201413331095 0.969233234476 0.36875714395
0.176741333109 0.969233234476 0.340285553598
0.167074133311 0.969233234476 0.311996699189
0.176007413331 0.969233234476 0.283223611622
0.178700741333 0.969233234476 0.254971357987
0.183470074133 0.969233234476 0.227309320014
0.173147007413 0.969233234476 0.199255758146
0.200014700741 0.969233234476 0.170432847821
0.182901470074 0.969233234476 0.142012166939
0.177590147007 0.969233234476 0.115664871957
0.175259014701 0.969233234476 0.0919965940344
0.16962590147 0.969233234476 0.0704477533704
0.155562590147 0.969233234476 0.0509107635845
0.178456259015 0.969233234476 0.0345976519403
0.188845625901 0.969233234476 0.0228683599758
0.19348456259 0.969233234476 0.0155574875165
0.187648456259 0.969233234476 0.0108836123477
0.178964845626 0.969233234476 0.00721503712283
0.170896484563 0.969233234476 0.00413999727205
0.172789648456 0.969233234476 0.00189102800673
0.179278964846 0.969233234476 0.00062134450408
0.177227896485 0.969233234476 0.000131199910122
0.176122789648 0.969233234476 1.73436337165e-05
0.202112278965 0.969233234476 1.78873928502e-06
0.197511227896 0.969233234476 1.78926712135e-07
0.18625112279 0.969233234476 1.7892671851e-08
0.175225112279 0.969233234476 1.7892671851e-09
0.182222511228 0.969233234476 1.7892671851e-10
0.152322251123 0.969233234476 1.7892671851e-11
0.163732225112 0.969233234476 1.7892671851e-12
0.164873222511 0.969233234476 1.7892671851e-13
0.170387322251 0.969233234476 1.7892671851e-14
0.154738732225 0.969233234476 1.7892671851e-15
0.158573873223 0.969233234476 1.78979885635e-16
0.165257387322 0.969233234476 1.15809449814e-16
0.151525738732 0.969233234476 3.29593696594e-16
0.173552573873 0.969233234476 8.71354082328e-16
0.173955257387 0.969233234476 1.93617960723e-13
0.194695525739 0.969233234476 3.14173197419e-09
0.169769552574 0.969233234476 1.06655384776e-06
0.188876955257 0.969233234476 3.86282811985e-05
0.170987695526 0.969233234476 0.000373410341554
0.175498769553 0.969233234476 0.00162565922473
0.175949876955 0.969233234476 0.00431529165191
0.178694987696 0.969233234476 0.00836196611631
0.16096949877 0.969233234476 0.0132454695559
0.188896949877 0.969233234476 0.0186234427339
0.180889694988 0.969233234476 0.0247317538333
0.189088969499 0.969233234476 0.0321635662155
0.18450889695 0.969233234476 0.0417924340395
0.187650889695 0.969233234476 0.0545497632345
0.171765088969 0.969233234476 0.0708257548775
0.171076508897 0.969233234476 0.09009691032
0.19260765089 0.969233234476 0.111191213948
0.203760765089 0.969233234476 0.133270830064
0.176976076509 0.969233234476 0.156678318555
0.179697607651 0.969233234476 0.184068900193
0.174569760765 0.969233234476 0.212674236999
