0.136 0.999650071235 0.220557323354 0.878711111111 0.121288888889 0.121288888889 0 0 0.900416733894 1409573576.7
0.173 0.934488409412 0.0857297572124 1.62915555556 0.185422222222 0.185422222222 0 0 0.706664066413 1409573577.47
0.247 0.862127521709 0.0436258577974 2.29453333333 0.235155555556 0.235155555556 0 0 0.612893366682 1409573578.9
0.293 0.821644705596 0.0287788893302 2.86364444444 0.284088888889 0.284088888889 0 0 0.56543467022 1409573580.65
0.328 0.808669714111 0.0240178905025 3.34177777778 0.331644444444 0.331644444444 0 0 0.54896274642 1409573583.2
0.395 0.810986219677 0.0254407846488 3.74768888889 0.3764 0.3764 0 0 0.55949291764 1409573585.33
0.373 0.824587496383 0.0246875911017 4.23168888889 0.398888888889 0.398888888889 0 0 0.598644863557 1409573587.69
0.389 0.843375371961 0.0192495782907 4.622 0.426933333333 0.426933333333 0 0 0.608899905649 1409573590.1
0.416 0.864829553493 0.0146983163611 5.05733333333 0.443333333333 0.443333333333 0 0 0.631733546186 1409573592.02
0.395 0.887339296173 0.0105631029221 5.58893333333 0.452266666667 0.452266666667 0 0 0.655598000399 1409573593.76
0.327 0.906347718157 0.0061632666943 6.1952 0.456666666667 0.456666666667 0 0 0.693791092139 1409573595.52
0.295 0.918420376608 0.00590696839732 6.8376 0.460133333333 0.460133333333 0 0 0.736048100266 1409573597.13
0.305 0.929115487559 0.00780695160333 7.50075555556 0.462133333333 0.462133333333 0 0 0.773139203365 1409573598.68
0.3 0.937587290349 0.00455198180779 8.10555555556 0.465777777778 0.465777777778 0 0 0.740864699554 1409573600.25
0.266 0.94225118556 0.00479400630372 8.69582222222 0.470977777778 0.470977777778 0 0 0.7252947083 1409573601.84
0.289 0.945509834126 0.00497727435811 9.09977777778 0.486622222222 0.486622222222 0 0 0.707860886494 1409573603.65
0.294 0.950097292326 0.00410023194478 9.46791111111 0.506266666667 0.506266666667 0 0 0.735929734852 1409573605.53
0.285 0.95250318926 0.00167358325336 10.0158222222 0.516311111111 0.516311111111 0 0 0.729571885001 1409573606.81
0.316 0.955564079443 0.000566461599919 10.1556888889 0.546622222222 0.546622222222 0 0 0.721208276851 1409573608.12
0.292 0.95841828079 0.000431274490745 10.6340444444 0.5584 0.5584 0 0 0.724645103326 1409573609.27
0.314 0.960042010723 0.000370171697645 11.1837333333 0.566222222222 0.566222222222 0 0 0.704700307997 1409573610.54
0.28 0.960323974177 0.00119815445834 11.6459555556 0.576488888889 0.576488888889 0 0 0.660318367931 1409573611.62
0.308 0.959761897083 0.000853045663632 12.0208 0.585377777778 0.585377777778 0 0 0.626238876378 1409573612.72
0.351 0.961627369063 0.00145291121284 12.1755555556 0.602577777778 0.602577777778 0 0 0.624893380652 1409573613.96
0.374 0.967376151789 0.00104325487591 11.7585333333 0.644177777778 0.644177777778 0 0 0.661513843255 1409573615.3
0.364 0.972912506652 0.00170064798915 11.1909777778 0.689777777778 0.689777777778 0 0 0.684215491928 1409573616.48
0.334 0.977476717533 0.00111876003307 11.2653333333 0.711866666667 0.711866666667 0 0 0.701451884709 1409573617.71
0.345 0.981590741585 0.000192285637035 10.9517333333 0.746977777778 0.746977777778 0 0 0.695113755863 1409573618.99
0.297 0.984467554843 0.00024294207929 10.8282666667 0.773822222222 0.773822222222 0 0 0.718392712334 1409573620.08
0.282 0.987314151814 0.000758470701117 10.9104888889 0.791555555556 0.791555555556 0 0 0.747880030896 1409573621.44
0.281 0.989288337652 0.000990095880617 11.2928888889 0.800666666667 0.800666666667 0 0 0.775486097019 1409573622.75
0.233 0.99020164841 0.00438527985857 11.4184 0.817288888889 0.817288888889 0 0 0.785457169903 1409573623.79
0.284 0.990161662586 0.0126753258534 11.4404888889 0.836444444444 0.836444444444 0 0 0.784443812744 1409573625.33
0.259 0.989214570934 0.0186574601219 11.6738666667 0.848222222222 0.848222222222 0 0 0.797226278355 1409573626.52
0.269 0.986909375713 0.0106931553992 11.9096 0.86 0.86 0 0 0.800532108289 1409573627.67
0.308 0.983978057861 0.00774268113623 11.9069333333 0.874266666667 0.874266666667 0 0 0.776971053745 1409573628.69
0.304 0.983376778217 0.00922647160992 11.5877333333 0.895911111111 0.895911111111 0 0 0.775679077575 1409573630.22
0.303 0.983532964064 0.00928906025594 11.1155555556 0.921822222222 0.275911111111 37 54.3853440285 0.765844015615 1409573631.54
0.318 0.984917187756 0.00801102393361 10.3627111111 0.950044444444 0.3588 37 54.3853440285 0.747765215369 1409573632.71
0.326 0.986593984429 0.00597623425223 9.93226666667 0.968266666667 0.415555555556 37 54.3853440285 0.739353583698 1409573633.81
0.358 0.989628375708 0.00631340633749 9.67448888889 0.978933333333 0.469955555556 37 54.3853440285 0.756636283283 1409573634.88
0.337 0.992357913803 0.00413640388418 9.78484444444 0.978933333333 0.514266666667 37 54.3853440285 0.76583711642 1409573636.09
0.287 0.995443272116 0.00327549380827 10.0811111111 0.978933333333 0.540622222222 37 54.3853440285 0.810204727212 1409573637.33
0.271 0.99746160893 0.00254018610943 10.2661777778 0.978933333333 0.576355555556 37 54.3853440285 0.837264493596 1409573638.47
0.269 0.998525472662 0.00488918116145 10.3251555556 0.978933333333 0.613555555556 37 54.3853440285 0.852110438907 1409573639.58
0.301 0.998974239485 0.00580540896629 10.0763111111 0.978933333333 0.663555555556 37 54.3853440285 0.852687827124 1409573640.7
0.282 0.99891047636 0.00841368528336 9.64844444444 0.979733333333 0.706533333333 37 54.3853440285 0.843988405783 1409573641.83
0.315 0.998648989934 0.00819470006493 9.0216 0.984622222222 0.749644444444 37 54.3853440285 0.839832632313 1409573642.96
0.331 0.998194105605 0.00484911031833 8.60515555556 0.990577777778 0.784088888889 37 54.3853440285 0.817805228705 1409573644.23
0.32 0.997569564651 0.00735876399104 8.39088888889 0.992977777778 0.806133333333 37 54.3853440285 0.819217514322 1409573645.75
0.322 0.996678572734 0.00669330040953 8.40813333333 0.994666666667 0.822444444444 37 54.3853440285 0.821768191861 1409573647.0
0.302 0.996118206366 0.00677122669972 8.53697777778 0.995777777778 0.834933333333 37 54.3853440285 0.812553938571 1409573648.27
0.325 0.996106428712 0.00549502033994 8.8816 0.995777777778 0.839022222222 37 54.3853440285 0.811538836974 1409573649.2
0.351 0.996355619641 0.00546980320172 9.238 0.995777777778 0.841244444444 37 54.3853440285 0.813554088711 1409573650.23
0.34 0.996260670451 0.00521112311891 9.53546666667 0.995777777778 0.841777777778 37 54.3853440285 0.819882254619 1409573651.45
0.352 0.996334633696 0.00295982261754 9.70697777778 0.995777777778 0.847111111111 37 54.3853440285 0.803136876547 1409573652.61
0.356 0.99736029077 0.00192596179692 9.97471111111 0.995777777778 0.85 37 54.3853440285 0.801991711841 1409573653.79
0.328 0.998669553622 0.00197186234802 10.1737777778 0.995777777778 0.854933333333 37 54.3853440285 0.828453786253 1409573654.89
0.312 0.999123961644 0.00231836963495 10.3764 0.995777777778 0.861733333333 37 54.3853440285 0.840094696085 1409573656.01
0.339 0.999266083467 0.00335396750592 10.0944 0.995777777778 0.874888888889 37 54.3853440285 0.830262706806 1409573657.1
0.305 0.99885257324 0.00381823330508 10.1438666667 0.995777777778 0.882222222222 37 54.3853440285 0.804403880762 1409573658.25
0.329 0.9983364591 0.00412148872813 10.3543111111 0.995777777778 0.886755555556 37 54.3853440285 0.81304030654 1409573659.19
0.322 0.997724251626 0.00553416862326 10.3136 0.995777777778 0.896133333333 37 54.3853440285 0.806442964558 1409573660.24
0.344 0.996788541614 0.00651612869122 9.602 0.995777777778 0.182755555556 31.5 42.3463214636 0.78574250437 1409573661.53
0.329 0.995969274841 0.00873526717498 9.44746666667 0.995777777778 0.357688888889 31.5 42.3463214636 0.777503820254 1409573662.93
0.354 0.995044589131 0.00901033392755 9.64257777778 0.995777777778 0.407555555556 31.5 42.3463214636 0.792803254928 1409573664.12
0.328 0.994967601799 0.00884719157952 9.85426666667 0.995777777778 0.449911111111 31.5 42.3463214636 0.79105896346 1409573665.47
0.334 0.995116132042 0.00797508630977 9.95951111111 0.995777777778 0.496977777778 31.5 42.3463214636 0.783124661952 1409573666.53
0.33 0.9964134496 0.0100692713593 10.0212888889 0.995777777778 0.544444444444 31.5 42.3463214636 0.818915547378 1409573668.08
0.322 0.996657690502 0.0129135555756 9.74253333333 0.995777777778 0.586622222222 31.5 42.3463214636 0.799695735204 1409573669.38
0.324 0.995685471031 0.0123791773713 9.228 0.995777777778 0.635822222222 31.5 42.3463214636 0.79075959193 1409573670.46
0.341 0.994244722585 0.0146252312788 8.71377777778 0.995777777778 0.679288888889 31.5 42.3463214636 0.779623535451 1409573671.58
0.353 0.992309586082 0.0129715190441 8.37306666667 0.995777777778 0.724577777778 31.5 42.3463214636 0.759472528047 1409573673.16
0.318 0.991171446266 0.00960491390972 8.60666666667 0.995777777778 0.747333333333 31.5 42.3463214636 0.759522054975 1409573674.75
0.326 0.991894181234 0.00766715190541 8.58342222222 0.995777777778 0.773644444444 31.5 42.3463214636 0.7702496229 1409573676.02
0.306 0.993395800381 0.00381953751539 8.78431111111 0.995777777778 0.786711111111 31.5 42.3463214636 0.767551401067 1409573677.24
0.27 0.995289640888 0.00101356759108 9.00786666667 0.995777777778 0.8004 31.5 42.3463214636 0.788647806982 1409573678.55
0.295 0.996764666124 0.00140687125282 9.03208888889 0.995777777778 0.8132 31.5 42.3463214636 0.805820829325 1409573679.73
0.346 0.997877206074 0.00177683162521 8.7788 0.995777777778 0.835022222222 31.5 42.3463214636 0.814600249112 1409573680.82
0.312 0.99861553915 0.00333128885186 8.76666666667 0.995777777778 0.854177777778 31.5 42.3463214636 0.835496518895 1409573681.83
0.312 0.998339061294 0.00383359344388 8.85848888889 0.995777777778 0.864533333333 31.5 42.3463214636 0.850759033325 1409573682.92
0.275 0.997739301522 0.00459120690429 8.69257777778 0.995777777778 0.883955555556 31.5 42.3463214636 0.84747079854 1409573684.13
0.259 0.998177178879 0.00406367869589 8.77226666667 0.995777777778 0.898933333333 31.5 42.3463214636 0.839259179638 1409573685.18
0.259 0.998939370683 0.00359934279234 9.0448 0.995777777778 0.169288888889 25.75 33.5992261767 0.855312686321 1409573686.43
0.26 0.998800647134 0.00309960694062 8.74591111111 0.996488888889 0.306844444444 25.75 33.5992261767 0.841040566097 1409573687.73
0.25 0.998634731348 0.00367358320636 8.84924444444 0.996666666667 0.344977777778 25.75 33.5992261767 0.833591423869 1409573688.91
0.191 0.998489944233 0.00532300669154 9.19351111111 0.997422222222 0.366711111111 25.75 33.5992261767 0.833585891596 1409573690.12
0.213 0.997996236009 0.0069454574706 9.71933333333 0.998177777778 0.378622222222 25.75 33.5992261767 0.849119666222 1409573691.05
0.241 0.997198803394 0.00759200044212 9.90377777778 0.998888888889 0.4072 25.75 33.5992261767 0.825884962155 1409573692.11
0.283 0.99714673562 0.0105170036794 10.1583555556 1.0 0.428622222222 25.75 33.5992261767 0.849123579668 1409573693.09
0.254 0.996553394527 0.00709036427413 10.7485777778 1.0 0.436888888889 25.75 33.5992261767 0.864094822441 1409573694.28
0.243 0.995836023779 0.0032780485306 11.0842666667 1.0 0.454133333333 25.75 33.5992261767 0.865962609382 1409573695.28
0.271 0.996344147634 0.00382671567049 11.2485333333 1.0 0.480577777778 25.75 33.5992261767 0.864205705985 1409573696.27
0.239 0.997243176359 0.00332702396385 11.5085333333 1.0 0.503688888889 25.75 33.5992261767 0.855782528687 1409573697.3
0.261 0.997938696412 0.00299153576259 11.4511555556 1.0 0.539111111111 25.75 33.5992261767 0.849312148922 1409573698.5
0.28 0.99827346755 0.00413254002211 11.3774666667 1.0 0.577422222222 25.75 33.5992261767 0.839395819282 1409573699.89
0.274 0.998453205982 0.00465296880308 11.6723111111 1.0 0.599688888889 25.75 33.5992261767 0.841409539432 1409573700.95
0.249 0.998333619415 0.00442531992312 11.9469777778 1.0 0.619822222222 25.75 33.5992261767 0.827312603289 1409573702.12
0.289 0.997834891679 0.00360442064213 12.2267555556 1.0 0.639333333333 25.75 33.5992261767 0.834515919588 1409573703.16
0.251 0.9980977937 0.00250177670944 12.3304444444 1.0 0.659911111111 25.75 33.5992261767 0.841272810501 1409573704.41
0.274 0.998551301156 0.0033533917271 12.4081777778 1.0 0.68 25.75 33.5992261767 0.851069647983 1409573705.72
0.281 0.998924359347 0.00194882029293 12.6788444444 1.0 0.693022222222 25.75 33.5992261767 0.865194661548 1409573707.12
0.235 0.999221870861 0.00466671119588 12.9183111111 1.0 0.704844444444 25.75 33.5992261767 0.877483011221 1409573708.17
0.295 0.999007095903 0.00570495233268 13.1099555556 1.0 0.716177777778 25.75 33.5992261767 0.862073709082 1409573709.19
0.295 0.998558631666 0.00478783071161 12.9890666667 1.0 0.7384 25.75 33.5992261767 0.844506302294 1409573710.25
0.321 0.998238861097 0.00683772542114 12.9410666667 1.0 0.752933333333 25.75 33.5992261767 0.841261091457 1409573711.58
0.329 0.996966907412 0.00584782860601 12.5998666667 1.0 0.767244444444 25.75 33.5992261767 0.824756183417 1409573712.83
0.303 0.996141740097 0.00406029478634 12.4671111111 1.0 0.778177777778 25.75 33.5992261767 0.82641674025 1409573714.33
0.275 0.996724584843 0.00238764211922 12.6690666667 1.0 0.784133333333 25.75 33.5992261767 0.845485888982 1409573715.63
0.255 0.997999995507 0.00147077173046 12.8174222222 1.0 0.791066666667 25.75 33.5992261767 0.860689214163 1409573716.79
0.261 0.998940120124 0.00159874494235 12.7131111111 1.0 0.804488888889 25.75 33.5992261767 0.858069939185 1409573718.2
0.252 0.999392865837 0.00216752344812 12.8442222222 1.0 0.814933333333 25.75 33.5992261767 0.862148620882 1409573719.68
0.27 0.998998471554 0.00178847529909 12.9312 1.0 0.827422222222 25.75 33.5992261767 0.853771703882 1409573721.0
0.257 0.99879206402 0.000977739444754 13.3630222222 1.0 0.830622222222 25.75 33.5992261767 0.855488264861 1409573722.04
0.249 0.99914514773 0.00177934735422 13.7288888889 1.0 0.835688888889 25.75 33.5992261767 0.836702222418 1409573723.06
0.264 0.999470104517 0.00478136306805 14.0344 1.0 0.8408 25.75 33.5992261767 0.839167179691 1409573724.21
0.28 0.999452259568 0.00744212377537 14.1890222222 1.0 0.840888888889 25.75 33.5992261767 0.848417540591 1409573725.14
0.321 0.999039170049 0.00754864943912 14.2096444444 1.0 0.840888888889 25.75 33.5992261767 0.834724081335 1409573726.07
0.332 0.99837921369 0.00703959286245 13.9343111111 1.0 0.843422222222 25.75 33.5992261767 0.834022304646 1409573727.38
0.324 0.997204140484 0.0024228057399 14.1379111111 1.0 0.846177777778 25.75 33.5992261767 0.841553548306 1409573728.69
0.313 0.99774889738 0.00294763291694 14.4169333333 1.0 0.848444444444 25.75 33.5992261767 0.838095183686 1409573730.07
0.292 0.99818205036 0.00162716644721 14.4490666667 1.0 0.852577777778 25.75 33.5992261767 0.83527690906 1409573731.39
0.255 0.998695887584 0.00330004839723 14.1057333333 1.0 0.868577777778 25.75 33.5992261767 0.857000523203 1409573732.51
0.268 0.999047039049 0.00685769698775 13.7445777778 1.0 0.884177777778 25.75 33.5992261767 0.8671357624 1409573733.58
0.288 0.998841669461 0.00792640196681 12.8812 1.0 0.105955555556 33.375 41.0435995758 0.857084146685 1409573734.63
0.289 0.998082083256 0.00702895351378 11.8425777778 1.0 0.306311111111 33.375 41.0435995758 0.852203108403 1409573736.1
0.322 0.996808179166 0.0042666725284 11.27 1.0 0.359955555556 33.375 41.0435995758 0.83193673185 1409573737.22
0.31 0.996678254838 0.00428781462551 10.9932888889 1.0 0.396355555556 33.375 41.0435995758 0.805429524418 1409573738.32
0.287 0.997215944344 0.00557479305546 10.3742222222 1.0 0.439733333333 33.375 41.0435995758 0.808938066092 1409573739.32
0.296 0.997294864333 0.00813811055784 10.3909777778 1.0 0.473244444444 33.375 41.0435995758 0.812974022681 1409573740.41
0.331 0.996693293436 0.0117751968113 9.8732 1.0 0.520711111111 33.375 41.0435995758 0.769626955233 1409573741.49
0.312 0.99572575649 0.00952613708508 9.466 1.0 0.567911111111 33.375 41.0435995758 0.774020748501 1409573742.73
0.367 0.994468526152 0.00908841269246 8.79528888889 1.0 0.627288888889 33.375 41.0435995758 0.752932752735 1409573743.81
0.356 0.994243242762 0.00815363195585 7.93511111111 1.0 0.686577777778 33.375 41.0435995758 0.760011859661 1409573745.02
0.338 0.994595131354 0.00564568781483 7.58586666667 1.0 0.729777777778 33.375 41.0435995758 0.767293561516 1409573746.3
0.372 0.995982618372 0.00714883976622 7.28915555556 1.0 0.7664 33.375 41.0435995758 0.774573363446 1409573747.52
0.354 0.996774418887 0.0091681591482 7.17857777778 1.0 0.7984 33.375 41.0435995758 0.779806198435 1409573748.79
0.311 0.996033678518 0.00561178722438 7.25577777778 1.0 0.816666666667 33.375 41.0435995758 0.785006606506 1409573750.26
0.36 0.995995449393 0.00674352530209 7.23257777778 1.0 0.839688888889 33.375 41.0435995758 0.778787814343 1409573751.39
0.355 0.996090994087 0.00640531783106 7.15031111111 1.0 0.8636 33.375 41.0435995758 0.772836156391 1409573752.81
0.374 0.996714806836 0.00481020483561 7.21137777778 1.0 0.880133333333 33.375 41.0435995758 0.784007175519 1409573753.96
0.398 0.997635618935 0.00242344222116 7.26395555556 1.0 0.890666666667 33.375 41.0435995758 0.786592547514 1409573755.19
0.336 0.998670809358 0.00176153902897 7.40048888889 1.0 0.899022222222 33.375 41.0435995758 0.800350221879 1409573756.23
0.317 0.999241285361 0.00281991799498 7.74515555556 1.0 0.183688888889 26.1875 31.7790883631 0.817853410139 1409573757.57
0.314 0.999084532844 0.00322500943032 8.22728888889 1.0 0.339111111111 26.1875 31.7790883631 0.812589739337 1409573758.67
0.309 0.998590660305 0.00281901294628 8.61622222222 1.0 0.386622222222 26.1875 31.7790883631 0.803165961247 1409573759.73
0.32 0.997967595045 0.00315675481896 9.02657777778 1.0 0.417288888889 26.1875 31.7790883631 0.795156215042 1409573761.18
0.315 0.997672516092 0.00212521078792 9.43862222222 1.0 0.44 26.1875 31.7790883631 0.804659823689 1409573762.57
0.277 0.998379172211 0.00208099188215 9.65777777778 1.0 0.472755555556 26.1875 31.7790883631 0.808686505554 1409573763.72
0.28 0.998938095009 0.00411400045169 10.0197333333 1.0 0.495511111111 26.1875 31.7790883631 0.832715968961 1409573764.77
0.282 0.998741866371 0.00725596483835 10.1989333333 1.0 0.525022222222 26.1875 31.7790883631 0.828831679799 1409573765.7
0.278 0.997693571711 0.00704454823126 10.3274222222 1.0 0.557777777778 26.1875 31.7790883631 0.812438146436 1409573766.75
0.317 0.9962175365 0.00281032657906 10.3854666667 1.0 0.589022222222 26.1875 31.7790883631 0.802182552451 1409573768.12
0.291 0.996379831621 0.00132436509913 10.3658666667 1.0 0.628711111111 26.1875 31.7790883631 0.808764055287 1409573769.5
0.276 0.997623068007 0.00287728994743 10.6634222222 1.0 0.647911111111 26.1875 31.7790883631 0.809924313928 1409573770.48
0.245 0.998715840448 0.00345041661214 10.8866222222 1.0 0.668311111111 26.1875 31.7790883631 0.839072103791 1409573772.02
0.266 0.998920768952 0.00338426878798 11.2284444444 1.0 0.685777777778 26.1875 31.7790883631 0.845455875723 1409573773.37
0.292 0.998706626523 0.00362128609292 11.8116888889 1.0 0.687866666667 26.1875 31.7790883631 0.84973900157 1409573774.53
0.27 0.998885276926 0.00343589683502 12.2954222222 1.0 0.689466666667 26.1875 31.7790883631 0.848215801013 1409573775.82
0.244 0.998667669657 0.00116234228584 12.6591111111 1.0 0.694177777778 26.1875 31.7790883631 0.843772972733 1409573776.93
0.291 0.998860597711 0.000893142998569 13.2496444444 1.0 0.694177777778 26.1875 31.7790883631 0.869167541631 1409573778.25
0.228 0.999299193519 0.000577949189723 13.7330222222 1.0 0.695022222222 26.1875 31.7790883631 0.883176364183 1409573779.29
0.237 0.999640652408 0.000377287775605 14.0909333333 1.0 0.7012 26.1875 31.7790883631 0.889352335736 1409573780.73
0.208 0.99980833292 0.000408886005465 14.5978666667 1.0 0.707244444444 26.1875 31.7790883631 0.8927768337 1409573781.81
0.188 0.999772719814 0.000685529662667 15.1483555556 1.0 0.711644444444 26.1875 31.7790883631 0.898859271876 1409573782.74
0.211 0.999659062618 0.000585066307561 15.4784 1.0 0.721244444444 26.1875 31.7790883631 0.890853669187 1409573783.62
0.2 0.999741377191 0.000878525962598 15.8720444444 1.0 0.728666666667 26.1875 31.7790883631 0.896119642445 1409573784.64
0.219 0.999723524915 0.00285001068058 16.0119555556 1.0 0.735777777778 26.1875 31.7790883631 0.893033354974 1409573785.64
0.236 0.999362435365 0.00639867234776 15.8248444444 1.0 0.754044444444 26.1875 31.7790883631 0.866580335196 1409573786.65
0.248 0.998514098519 0.00366416006941 15.7386222222 1.0 0.7704 26.1875 31.7790883631 0.853927516038 1409573787.69
0.276 0.998076692885 0.00244850329507 15.4606222222 1.0 0.790622222222 26.1875 31.7790883631 0.838472349209 1409573788.84
0.288 0.998116356228 0.00369439820363 15.4464 1.0 0.806488888889 26.1875 31.7790883631 0.832503339144 1409573790.17
0.289 0.997436074736 0.00443789644658 15.3822666667 1.0 0.817333333333 26.1875 31.7790883631 0.798103589312 1409573791.27
0.283 0.997103786786 0.00670324498452 15.4289777778 1.0 0.827822222222 26.1875 31.7790883631 0.805604304021 1409573792.32
0.301 0.996735514661 0.00722122743073 15.0157333333 1.0 0.845511111111 26.1875 31.7790883631 0.776266865236 1409573793.37
0.324 0.996196045529 0.00814050505715 14.7957777778 1.0 0.857955555556 26.1875 31.7790883631 0.764256515588 1409573794.37
0.333 0.995723716727 0.00641484177436 14.5503555556 1.0 0.863777777778 26.1875 31.7790883631 0.747894009308 1409573795.83
0.337 0.995697281252 0.00968126546499 14.1187111111 1.0 0.873777777778 26.1875 31.7790883631 0.757811051006 1409573796.96
0.344 0.99510115941 0.00878819426982 13.3046666667 1.0 0.884222222222 26.1875 31.7790883631 0.775410034502 1409573798.31
0.336 0.994547602922 0.00776796688443 12.7727111111 1.0 0.892977777778 26.1875 31.7790883631 0.783326231362 1409573799.49
0.339 0.994777580512 0.00927197042193 12.6077333333 1.0 0.896533333333 26.1875 31.7790883631 0.802668158878 1409573800.63
0.345 0.994800896125 0.0121324173837 12.0834666667 1.0 0.349022222222 32.09375 37.9343506619 0.806535975043 1409573801.9
0.337 0.994451763869 0.0123748471361 11.5789333333 1.0 0.413111111111 32.09375 37.9343506619 0.800730067791 1409573803.1
0.364 0.994218200539 0.0152284614774 10.4338222222 1.0 0.474355555556 32.09375 37.9343506619 0.780426579143 1409573804.39
0.354 0.993805183858 0.0229411658533 8.54871111111 1.0 0.5288 32.09375 37.9343506619 0.777911742063 1409573805.44
0.334 0.993398309011 0.0348249047455 6.70791111111 1.0 0.562977777778 32.09375 37.9343506619 0.758839214959 1409573806.68
0.367 0.992119764379 0.0354609149403 6.32337777778 1.0 0.585244444444 32.09375 37.9343506619 0.765715820238 1409573807.75
0.34 0.99005906453 0.0274279988384 6.65804444444 1.0 0.594666666667 32.09375 37.9343506619 0.768907298042 1409573808.82
0.372 0.989045923881 0.017767451799 6.97671111111 1.0 0.603644444444 32.09375 37.9343506619 0.761902447729 1409573810.35
0.362 0.988393948412 0.0121054356603 7.11964444444 1.0 0.622933333333 32.09375 37.9343506619 0.738577858923 1409573811.67
0.394 0.990475772348 0.00921405772594 7.16542222222 1.0 0.650355555556 32.09375 37.9343506619 0.75872532298 1409573812.79
0.387 0.993119292558 0.00605628528037 7.28871111111 1.0 0.667422222222 32.09375 37.9343506619 0.791473904345 1409573813.99
0.336 0.994969036197 0.00383447332412 7.5116 1.0 0.681111111111 32.09375 37.9343506619 0.794562340454 1409573815.05
0.356 0.995961232239 0.00276686100452 7.46311111111 1.0 0.7044 32.09375 37.9343506619 0.790228322499 1409573816.17
0.352 0.997218020291 0.0027305714621 7.23813333333 1.0 0.737288888889 32.09375 37.9343506619 0.810350619926 1409573817.24
0.305 0.997696455935 0.00276301787306 7.03902222222 1.0 0.769288888889 32.09375 37.9343506619 0.82466730983 1409573818.44
0.285 0.997559184734 0.0044483836381 6.7652 1.0 0.803555555556 32.09375 37.9343506619 0.826694402313 1409573819.42
0.301 0.997938595413 0.00325955847738 6.77866666667 1.0 0.827555555556 32.09375 37.9343506619 0.81937503251 1409573820.52
0.293 0.998265615998 0.0029688056256 6.94444444444 1.0 0.842488888889 32.09375 37.9343506619 0.82386899129 1409573821.51
0.266 0.998563521183 0.00320464365256 7.25382222222 1.0 0.851422222222 32.09375 37.9343506619 0.832676111741 1409573822.54
0.312 0.998765760749 0.00482091380119 7.48573333333 1.0 0.862 32.09375 37.9343506619 0.831384349137 1409573823.91
0.307 0.998400457253 0.00623464388066 7.53933333333 1.0 0.873688888889 32.09375 37.9343506619 0.811198347826 1409573825.19
0.312 0.997651975636 0.00681195114796 7.71537777778 1.0 0.879733333333 32.09375 37.9343506619 0.808032691783 1409573826.31
0.328 0.996913409827 0.00713659501021 7.82888888889 1.0 0.889377777778 32.09375 37.9343506619 0.799919858787 1409573827.74
0.324 0.9960867358 0.00629898250811 7.81875555556 1.0 0.237422222222 27.546875 32.6564553641 0.783666960625 1409573829.04
0.31 0.995945382774 0.00615757159489 7.88746666667 1.0 0.339911111111 27.546875 32.6564553641 0.784943832173 1409573830.39
0.294 0.99625431923 0.006829202169 8.15546666667 1.0 0.379955555556 27.546875 32.6564553641 0.763694231426 1409573831.44
0.291 0.996207507557 0.00576862173008 8.44364444444 1.0 0.404666666667 27.546875 32.6564553641 0.766608640386 1409573832.76
0.261 0.996070384301 0.00603797162149 8.56426666667 1.0 0.430488888889 27.546875 32.6564553641 0.769088511861 1409573833.95
0.246 0.996415509575 0.00518298519448 8.71604444444 1.0 0.457466666667 27.546875 32.6564553641 0.803960081041 1409573835.34
0.258 0.997145060823 0.00805367698478 8.81471111111 1.0 0.487688888889 27.546875 32.6564553641 0.830231322031 1409573836.38
0.312 0.997312985584 0.00798425912141 8.96991111111 1.0 0.524177777778 27.546875 32.6564553641 0.821505514571 1409573837.62
0.292 0.99637980491 0.00468170187612 9.20435555556 1.0 0.551111111111 27.546875 32.6564553641 0.808817439676 1409573838.9
0.304 0.996263116971 0.00513531131607 9.46813333333 1.0 0.571777777778 27.546875 32.6564553641 0.813239592343 1409573840.06
0.288 0.996943745364 0.00482459220886 9.76591111111 1.0 0.5924 27.546875 32.6564553641 0.834983806174 1409573841.25
0.3 0.997544451377 0.00426138145118 10.1383555556 1.0 0.605333333333 27.546875 32.6564553641 0.833364806895 1409573842.57
0.293 0.997789716808 0.00262567184944 10.5161333333 1.0 0.617422222222 27.546875 32.6564553641 0.839588015347 1409573843.76
0.28 0.998426288761 0.00327842494333 10.7407111111 1.0 0.629244444444 27.546875 32.6564553641 0.845570325193 1409573844.79
0.268 0.998913061144 0.00378509778767 10.8959555556 1.0 0.6468 27.546875 32.6564553641 0.831187501649 1409573845.9
0.326 0.998526741467 0.00232906416622 11.1474666667 1.0 0.660177777778 27.546875 32.6564553641 0.832993740837 1409573846.9
0.299 0.998575392475 0.00235249986308 11.0808888889 1.0 0.687288888889 27.546875 32.6564553641 0.81154886859 1409573848.15
0.292 0.998816571561 0.00380388929573 11.3951111111 1.0 0.703066666667 27.546875 32.6564553641 0.814903418539 1409573849.13
0.296 0.998684351529 0.00526708363951 11.3688444444 1.0 0.726666666667 27.546875 32.6564553641 0.817978936914 1409573850.36
0.284 0.998176887144 0.00972767619136 11.3112888889 1.0 0.747511111111 27.546875 32.6564553641 0.824136518315 1409573851.52
0.304 0.997671776422 0.00717337519867 11.3167555556 1.0 0.767333333333 27.546875 32.6564553641 0.82263898527 1409573852.92
0.297 0.997276208045 0.00455875542533 11.5434666667 1.0 0.778844444444 27.546875 32.6564553641 0.841258174744 1409573853.98
0.296 0.997125238407 0.0033507988635 11.6896888889 1.0 0.790355555556 27.546875 32.6564553641 0.841735698984 1409573855.18
0.276 0.997560207058 0.00381035139114 11.8740888889 1.0 0.801377777778 27.546875 32.6564553641 0.841382091693 1409573856.31
0.241 0.99724798069 0.00538229229921 12.4989333333 1.0 0.801733333333 27.546875 32.6564553641 0.832305005622 1409573857.39
0.245 0.99704069766 0.00605482106185 13.0292444444 1.0 0.801733333333 27.546875 32.6564553641 0.841517283153 1409573858.63
0.271 0.997040817652 0.00346373224289 13.4504888889 1.0 0.801733333333 27.546875 32.6564553641 0.838283157801 1409573859.58
0.293 0.997750638628 0.00218602765525 13.6278222222 1.0 0.803955555556 27.546875 32.6564553641 0.816582145622 1409573860.7
0.298 0.998667255787 0.00412344112704 13.7789333333 1.0 0.809288888889 27.546875 32.6564553641 0.825722440669 1409573862.06
0.306 0.999035483279 0.00237759632508 13.6856444444 1.0 0.819866666667 27.546875 32.6564553641 0.810257409262 1409573863.31
0.323 0.998890018525 0.00224103916875 13.4758222222 1.0 0.829155555556 27.546875 32.6564553641 0.804028478182 1409573864.62
0.335 0.998792710545 0.00167196383309 13.4391111111 1.0 0.834 27.546875 32.6564553641 0.804606120135 1409573865.9
0.295 0.999184773699 0.00269124082455 13.4664444444 1.0 0.844622222222 27.546875 32.6564553641 0.813121393858 1409573867.11
0.268 0.999066849391 0.00170280412582 13.5547555556 1.0 0.854177777778 27.546875 32.6564553641 0.828719999536 1409573868.39
0.277 0.998957889198 0.00153986798354 13.6484888889 1.0 0.858888888889 27.546875 32.6564553641 0.820258977644 1409573869.52
0.293 0.99910242591 0.0038465221166 13.4243111111 1.0 0.870355555556 27.546875 32.6564553641 0.810132834807 1409573870.53
0.313 0.99870760111 0.00442640789004 13.2100444444 1.0 0.882133333333 27.546875 32.6564553641 0.821105346253 1409573871.68
0.318 0.997895406711 0.00318500797834 13.0388444444 1.0 0.892444444444 27.546875 32.6564553641 0.792445060746 1409573873.27
0.291 0.997629802477 0.00437809014313 12.8397333333 1.0 0.200844444444 32.7734375 39.1697441768 0.790457726454 1409573874.85
0.298 0.997834358158 0.00615419068101 12.4203111111 1.0 0.349688888889 32.7734375 39.1697441768 0.784755590007 1409573876.35
0.32 0.997386627544 0.00811981152704 11.8889333333 1.0 0.398355555556 32.7734375 39.1697441768 0.776527113228 1409573877.4
0.345 0.996553577529 0.0113037442013 11.6561777778 1.0 0.452133333333 32.7734375 39.1697441768 0.76584387956 1409573878.44
0.319 0.995061411637 0.0129610253149 11.1817333333 1.0 0.510488888889 32.7734375 39.1697441768 0.787435333948 1409573879.67
0.31 0.9935992769 0.013528841241 10.9704888889 1.0 0.541644444444 32.7734375 39.1697441768 0.789555897638 1409573880.66
0.333 0.992690857641 0.0117141692649 10.3156444444 1.0 0.580933333333 32.7734375 39.1697441768 0.790008325285 1409573881.82
0.327 0.992101998256 0.00896124264147 9.77151111111 1.0 0.624711111111 32.7734375 39.1697441768 0.798864241446 1409573883.08
0.324 0.992837074121 0.00688235665129 9.87884444444 1.0 0.639866666667 32.7734375 39.1697441768 0.795228942147 1409573884.27
0.363 0.994638902752 0.00985657984851 9.48955555556 1.0 0.659777777778 32.7734375 39.1697441768 0.764163237426 1409573885.37
0.339 0.995181883103 0.014492975274 9.08146666667 1.0 0.681422222222 32.7734375 39.1697441768 0.760420556358 1409573886.85
0.298 0.994388186252 0.0158780876469 8.73715555556 1.0 0.704844444444 32.7734375 39.1697441768 0.761108148873 1409573887.93
0.374 0.991712794149 0.0131464051818 8.28706666667 1.0 0.729333333333 32.7734375 39.1697441768 0.721460686123 1409573888.97
0.375 0.990630558747 0.0133779296535 7.77204444444 1.0 0.7572 32.7734375 39.1697441768 0.723840995657 1409573890.48
0.395 0.990361719214 0.00997680142906 7.482 1.0 0.7776 32.7734375 39.1697441768 0.73406027519 1409573891.59
0.376 0.991375713583 0.0051429762348 6.99964444444 1.0 0.811733333333 32.7734375 39.1697441768 0.714122330205 1409573892.71
0.368 0.993433577208 0.00277485340549 6.54462222222 1.0 0.839733333333 32.7734375 39.1697441768 0.747146646358 1409573893.83
0.338 0.995668034563 0.00193489019222 6.38502222222 1.0 0.861555555556 32.7734375 39.1697441768 0.760052326068 1409573894.98
0.346 0.997577655317 0.00285040281007 6.45706666667 1.0 0.8772 32.7734375 39.1697441768 0.780521740093 1409573896.08
0.317 0.998697724394 0.00268978004025 6.84564444444 1.0 0.883511111111 32.7734375 39.1697441768 0.799953131532 1409573897.34
0.274 0.999137123823 0.00200778806392 7.23586666667 1.0 0.892 32.7734375 39.1697441768 0.805386741674 1409573898.64
0.276 0.999074830224 0.00164582691741 7.45266666667 1.0 0.221511111111 26.88671875 32.1295951223 0.828893964372 1409573899.82
0.267 0.999063740014 0.00248660544097 7.66537777778 1.0 0.313022222222 26.88671875 32.1295951223 0.827264979645 1409573901.0
0.263 0.998838173669 0.00194338861127 7.89093333333 1.0 0.347822222222 26.88671875 32.1295951223 0.825694423864 1409573902.01
0.252 0.998728409211 0.00266748779993 8.21506666667 1.0 0.375555555556 26.88671875 32.1295951223 0.828611890419 1409573903.07
0.252 0.998987912343 0.00188148234223 8.45733333333 1.0 0.402711111111 26.88671875 32.1295951223 0.820503108235 1409573904.1
0.272 0.999408837321 0.00168308898063 8.82875555556 1.0 0.421022222222 26.88671875 32.1295951223 0.829859104613 1409573905.3
0.275 0.999485221555 0.00256178153542 9.22844444444 1.0 0.437288888889 26.88671875 32.1295951223 0.849307258533 1409573906.38
0.279 0.999253037513 0.00182824495877 9.38764444444 1.0 0.4616 26.88671875 32.1295951223 0.830038338318 1409573907.7
0.295 0.999190523867 0.0013803392741 9.40613333333 1.0 0.482844444444 26.88671875 32.1295951223 0.838256706744 1409573908.87
0.305 0.999304792639 0.00307509804292 9.33248888889 1.0 0.508622222222 26.88671875 32.1295951223 0.813243459784 1409573910.33
0.293 0.998887646658 0.0029338796749 9.50217777778 1.0 0.527422222222 26.88671875 32.1295951223 0.831432268607 1409573911.63
0.289 0.998288482069 0.00296581138179 9.38768888889 1.0 0.564222222222 26.88671875 32.1295951223 0.837933799349 1409573912.98
0.262 0.998191413684 0.00461803825949 9.63195555556 1.0 0.585377777778 26.88671875 32.1295951223 0.83527683164 1409573913.97
0.289 0.997849408508 0.00602322285266 9.63937777778 1.0 0.615555555556 26.88671875 32.1295951223 0.806301411443 1409573915.13
0.314 0.997282576275 0.00682051252884 9.53102222222 1.0 0.648311111111 26.88671875 32.1295951223 0.823764577326 1409573916.31
0.289 0.9964611633 0.00545132900338 9.65173333333 1.0 0.667644444444 26.88671875 32.1295951223 0.819034382198 1409573917.46
0.299 0.996255250941 0.00267518785666 9.80613333333 1.0 0.686355555556 26.88671875 32.1295951223 0.791938416869 1409573918.6
0.32 0.996945584848 0.00184728852216 10.1232888889 1.0 0.693911111111 26.88671875 32.1295951223 0.784968222672 1409573919.81
0.309 0.997981098977 0.00186651307235 10.3732 1.0 0.6968 26.88671875 32.1295951223 0.796812501247 1409573920.8
0.288 0.999112978927 0.00297889666591 10.6737777778 1.0 0.700088888889 26.88671875 32.1295951223 0.822084577629 1409573921.9
0.295 0.999277508924 0.00189645812397 11.1208444444 1.0 0.7016 26.88671875 32.1295951223 0.834828240695 1409573923.0
0.281 0.999224336842 0.00164883073426 11.3647555556 1.0 0.713066666667 26.88671875 32.1295951223 0.821291745064 1409573924.28
0.268 0.999147185907 0.0012038981844 11.8954666667 1.0 0.7132 26.88671875 32.1295951223 0.8243322116 1409573925.41
0.288 0.999375107072 0.00158039062622 12.2781777778 1.0 0.715777777778 26.88671875 32.1295951223 0.818104676106 1409573926.36
0.285 0.999363154564 0.00167633410849 12.4936888889 1.0 0.721111111111 26.88671875 32.1295951223 0.832543089567 1409573927.51
0.269 0.999216043376 0.00207567379693 12.5802222222 1.0 0.733422222222 26.88671875 32.1295951223 0.835320206038 1409573928.77
0.257 0.998992087199 0.00420891284938 12.736 1.0 0.746133333333 26.88671875 32.1295951223 0.833257822722 1409573929.83
0.327 0.998360737003 0.00433470913701 12.3057333333 1.0 0.775022222222 26.88671875 32.1295951223 0.786450492382 1409573930.97
0.338 0.99738661265 0.00343521011983 11.8012444444 1.0 0.799377777778 26.88671875 32.1295951223 0.764749124645 1409573932.23
0.32 0.997436915982 0.00439410071839 11.9661777778 1.0 0.804755555556 26.88671875 32.1295951223 0.774211508981 1409573933.2
0.315 0.997147549588 0.00400694864998 12.0886222222 1.0 0.811066666667 26.88671875 32.1295951223 0.778904132549 1409573934.35
0.281 0.997147184515 0.00420213025638 12.1912444444 1.0 0.819644444444 26.88671875 32.1295951223 0.773586592027 1409573935.67
0.296 0.997094878366 0.00375403800343 12.0347111111 1.0 0.837511111111 26.88671875 32.1295951223 0.76728725096 1409573936.7
0.312 0.997465208912 0.00418041719048 12.0571555556 1.0 0.844977777778 26.88671875 32.1295951223 0.779301160634 1409573937.81
0.298 0.997882022033 0.00439392624428 12.2932888889 1.0 0.846488888889 26.88671875 32.1295951223 0.804212040659 1409573938.92
0.275 0.997821101323 0.00277326000904 12.5344 1.0 0.846488888889 26.88671875 32.1295951223 0.810168848143 1409573939.99
0.288 0.997917658003 0.00245387583944 12.9296888889 1.0 0.846488888889 26.88671875 32.1295951223 0.82263280886 1409573941.28
0.289 0.998506025293 0.00151814475668 13.2161777778 1.0 0.8468 26.88671875 32.1295951223 0.851461414964 1409573942.22
0.277 0.999295709006 0.00141297518989 13.4477333333 1.0 0.851511111111 26.88671875 32.1295951223 0.833129928873 1409573943.59
0.236 0.999353218231 0.00168048925558 13.6448444444 1.0 0.857822222222 26.88671875 32.1295951223 0.834218481883 1409573944.96
0.242 0.999197586324 0.0026299327025 13.7577333333 1.0 0.860666666667 26.88671875 32.1295951223 0.824935825796 1409573946.2
0.262 0.999005801798 0.0023770939863 13.6450222222 1.0 0.865911111111 26.88671875 32.1295951223 0.823202575602 1409573947.47
0.269 0.998784945594 0.00315568825243 13.2708444444 1.0 0.874355555556 26.88671875 32.1295951223 0.828700777241 1409573948.87
0.291 0.998625156003 0.00517157343693 13.4064 1.0 0.876888888889 26.88671875 32.1295951223 0.825139107147 1409573950.07
0.294 0.998360813351 0.00649918934209 13.51 1.0 0.880044444444 26.88671875 32.1295951223 0.826790200552 1409573951.28
0.33 0.99777470529 0.00612083916456 13.0651555556 1.0 0.892133333333 26.88671875 32.1295951223 0.815419647566 1409573952.58
0.336 0.996853485223 0.00738773113706 12.7188444444 1.0 0.897955555556 26.88671875 32.1295951223 0.784660995914 1409573954.09
0.387 0.99611397916 0.00766088020962 12.1056 1.0 0.333777777778 36.943359375 43.7815350699 0.775610068174 1409573955.49
0.395 0.995626275458 0.0104467965044 11.2924 1.0 0.441066666667 36.943359375 43.7815350699 0.775993011261 1409573956.59
0.361 0.994174025678 0.00895626378214 10.1687555556 1.0 0.516844444444 36.943359375 43.7815350699 0.77657084516 1409573957.73
0.344 0.993430001221 0.00734336374339 9.64022222222 1.0 0.559822222222 36.943359375 43.7815350699 0.773467722243 1409573959.12
0.366 0.992911485543 0.0085338852662 9.42071111111 1.0 0.592488888889 36.943359375 43.7815350699 0.736478798141 1409573960.39
0.34 0.993404711341 0.0100507528239 9.10893333333 1.0 0.6324 36.943359375 43.7815350699 0.724036224394 1409573961.82
0.354 0.994519694808 0.00840159780066 8.99977777778 1.0 0.662133333333 36.943359375 43.7815350699 0.732577605113 1409573963.08
0.359 0.994752095799 0.00710411505997 8.91915555556 1.0 0.687333333333 36.943359375 43.7815350699 0.741013798879 1409573964.07
0.347 0.994774501701 0.0106419051547 8.5212 1.0 0.718088888889 36.943359375 43.7815350699 0.73914399283 1409573965.21
0.322 0.994305423797 0.0138342012611 8.04986666667 1.0 0.747555555556 36.943359375 43.7815350699 0.73897922396 1409573966.25
0.344 0.992179253603 0.0146382418084 7.72493333333 1.0 0.769422222222 36.943359375 43.7815350699 0.727313575298 1409573967.27
0.303 0.991593747495 0.0125388300825 7.91595555556 1.0 0.783644444444 36.943359375 43.7815350699 0.728593729779 1409573968.65
0.338 0.991700101214 0.0098334875779 7.98635555556 1.0 0.797333333333 36.943359375 43.7815350699 0.700549657669 1409573969.6
0.299 0.992446154183 0.00830243138507 8.03751111111 1.0 0.8136 36.943359375 43.7815350699 0.699583833238 1409573970.78
0.31 0.993726275036 0.00807397815983 8.28764444444 1.0 0.823733333333 36.943359375 43.7815350699 0.711116071433 1409573971.72
0.295 0.994440387769 0.00601992885682 8.63168888889 1.0 0.834444444444 36.943359375 43.7815350699 0.737414987891 1409573973.0
0.309 0.995705431532 0.00537836571469 8.85986666667 1.0 0.845555555556 36.943359375 43.7815350699 0.744572081302 1409573974.19
0.277 0.996826046386 0.00341154037219 9.1564 1.0 0.849155555556 36.943359375 43.7815350699 0.774498883122 1409573975.26
0.241 0.997747658579 0.0017842391358 9.62177777778 1.0 0.852711111111 36.943359375 43.7815350699 0.800715028754 1409573976.32
0.242 0.998741301842 0.00240383311624 9.98942222222 1.0 0.861955555556 36.943359375 43.7815350699 0.831682720738 1409573977.47
0.247 0.999231319275 0.00326262730134 10.4020888889 1.0 0.867377777778 36.943359375 43.7815350699 0.849247353183 1409573978.69
0.24 0.998762699303 0.0028219152583 10.4872444444 1.0 0.879288888889 36.943359375 43.7815350699 0.817381389674 1409573979.77
0.263 0.998222161504 0.00257935991446 10.6212 1.0 0.889111111111 36.943359375 43.7815350699 0.821828475869 1409573980.9
0.258 0.99818444388 0.00387018746315 10.6685777778 1.0 0.897911111111 36.943359375 43.7815350699 0.817991921569 1409573982.2
0.257 0.997896947014 0.00317170502503 11.0632444444 1.0 0.898 36.943359375 43.7815350699 0.793076695946 1409573983.44
0.291 0.997768073148 0.00390592499925 11.2332888889 1.0 0.8988 36.943359375 43.7815350699 0.778472455465 1409573984.53
0.28 0.998008761812 0.00254961693279 11.1863555556 1.0 0.899822222222 36.943359375 43.7815350699 0.785265173804 1409573985.63
0.287 0.998031325928 0.00134905338641 11.2859555556 1.0 0.00831111111111 31.9716796875 37.9412515962 0.804818952535 1409573986.68
0.331 0.998564870567 0.000843899677177 11.5075111111 1.0 0.312755555556 31.9716796875 37.9412515962 0.803906268357 1409573988.03
0.248 0.99929490181 0.00074675014545 11.7728 1.0 0.345111111111 31.9716796875 37.9412515962 0.832359933398 1409573989.17
0.272 0.99965895697 0.00101167929758 11.8043555556 1.0 0.382533333333 31.9716796875 37.9412515962 0.82932414783 1409573990.31
0.279 0.999760974571 0.00178229315064 12.0164 1.0 0.410488888889 31.9716796875 37.9412515962 0.818538736175 1409573991.34
0.31 0.999739158288 0.00463681713604 11.8215555556 1.0 0.450088888889 31.9716796875 37.9412515962 0.829284517815 1409573992.41
0.31 0.999432857072 0.00519025318286 11.6407111111 1.0 0.486088888889 31.9716796875 37.9412515962 0.821393557997 1409573993.43
0.335 0.998537268223 0.0078727776838 10.6484 1.0 0.540444444444 31.9716796875 37.9412515962 0.810900097149 1409573994.45
0.328 0.996974081215 0.00843549468295 9.60653333333 1.0 0.583822222222 31.9716796875 37.9412515962 0.779472395149 1409573995.64
0.352 0.995509938307 0.00979058887894 8.8652 1.0 0.616711111111 31.9716796875 37.9412515962 0.778540247478 1409573996.8
0.372 0.994291221258 0.00892359279504 8.56862222222 1.0 0.643511111111 31.9716796875 37.9412515962 0.771198662005 1409573997.81
0.372 0.99378997472 0.00787770058055 8.3152 1.0 0.6668 31.9716796875 37.9412515962 0.772283402389 1409573998.95
0.351 0.994190197439 0.0102076744512 8.11226666667 1.0 0.6892 31.9716796875 37.9412515962 0.768599290672 1409574000.15
0.342 0.994001593697 0.0079356377074 8.05533333333 1.0 0.709466666667 31.9716796875 37.9412515962 0.748068082522 1409574001.34
0.372 0.994636426754 0.00698482954324 8.05604444444 1.0 0.725955555556 31.9716796875 37.9412515962 0.751197561801 1409574002.49
0.358 0.995487331751 0.00750328698821 8.08506666667 1.0 0.740044444444 31.9716796875 37.9412515962 0.761731225146 1409574003.57
0.353 0.995777470523 0.00479288150767 8.40613333333 1.0 0.746977777778 31.9716796875 37.9412515962 0.791753762466 1409574004.75
0.298 0.996618209063 0.00272867800095 8.62346666667 1.0 0.757777777778 31.9716796875 37.9412515962 0.797778055294 1409574005.77
0.277 0.997493242449 0.00135269982696 8.81906666667 1.0 0.770222222222 31.9716796875 37.9412515962 0.804233536039 1409574006.82
0.269 0.998525249481 0.000966777867745 9.08275555556 1.0 0.780622222222 31.9716796875 37.9412515962 0.827801687487 1409574007.82
0.293 0.99944012716 0.000651427371564 9.26631111111 1.0 0.788222222222 31.9716796875 37.9412515962 0.845782168453 1409574008.89
0.25 0.999746770826 0.00323185933826 9.25742222222 1.0 0.803777777778 31.9716796875 37.9412515962 0.839419978882 1409574010.26
0.249 0.999530782071 0.0021931436037 9.31995555556 1.0 0.819644444444 31.9716796875 37.9412515962 0.839636568005 1409574011.25
0.257 0.999258648004 0.0021879254413 9.2296 1.0 0.838711111111 31.9716796875 37.9412515962 0.831944427324 1409574012.29
0.284 0.998912173196 0.00491170470367 9.04191111111 1.0 0.859644444444 31.9716796875 37.9412515962 0.82386259672 1409574013.26
0.318 0.997917803897 0.00724868737557 8.35128888889 1.0 0.892977777778 31.9716796875 37.9412515962 0.800492378181 1409574014.45
0.321 0.997050497053 0.00929456612598 7.77057777778 1.0 0.191333333333 28.9858398438 33.2063557309 0.785730151626 1409574015.74
0.302 0.996277866074 0.00971670677167 7.76733333333 1.0 0.334266666667 28.9858398438 33.2063557309 0.783759480986 1409574017.18
0.283 0.994845487942 0.00676316839808 7.74653333333 1.0 0.370266666667 28.9858398438 33.2063557309 0.757706081685 1409574018.42
0.292 0.995190092803 0.00694866448207 8.04657777778 1.0 0.404755555556 28.9858398438 33.2063557309 0.776377577243 1409574019.56
0.29 0.996107507525 0.00738790460322 8.35653333333 1.0 0.427288888889 28.9858398438 33.2063557309 0.807546502759 1409574020.7
0.285 0.996343389755 0.0076152872619 8.43346666667 1.0 0.451511111111 28.9858398438 33.2063557309 0.823279165519 1409574021.88
0.262 0.99615767184 0.00703698513707 8.29586666667 1.0 0.489955555556 28.9858398438 33.2063557309 0.823984808153 1409574023.05
0.3 0.995691337854 0.00522145614097 8.34937777778 1.0 0.528266666667 28.9858398438 33.2063557309 0.811229063967 1409574024.08
0.337 0.995934328061 0.00604000443862 8.61031111111 1.0 0.5548 28.9858398438 33.2063557309 0.818981170594 1409574025.33
0.297 0.99699022331 0.00679720461931 8.62342222222 1.0 0.594088888889 28.9858398438 33.2063557309 0.815749407973 1409574026.56
0.336 0.99764813384 0.00643551885086 8.68168888889 1.0 0.627066666667 28.9858398438 33.2063557309 0.823126844573 1409574027.63
0.356 0.997547861225 0.00479088611231 7.99671111111 1.0 0.689333333333 28.9858398438 33.2063557309 0.798196511581 1409574028.98
0.304 0.998027190461 0.00383338657043 7.70826666667 1.0 0.7284 28.9858398438 33.2063557309 0.804674851637 1409574030.54
0.328 0.998549170753 0.00265484650531 7.5984 1.0 0.759822222222 28.9858398438 33.2063557309 0.802613928287 1409574031.65
0.28 0.998669206382 0.00188512059722 7.64711111111 1.0 0.782755555556 28.9858398438 33.2063557309 0.823654384977 1409574033.11
0.339 0.998872775819 0.00168730616673 7.41275555556 1.0 0.815422222222 28.9858398438 33.2063557309 0.805212968102 1409574034.31
0.34 0.99890990995 0.00201956520832 7.32097777778 1.0 0.837511111111 28.9858398438 33.2063557309 0.817757003516 1409574035.7
0.301 0.998575659646 0.00248938851725 7.36524444444 1.0 0.855511111111 28.9858398438 33.2063557309 0.821306303407 1409574037.09
0.294 0.998301772352 0.00339307520405 7.69413333333 1.0 0.864177777778 28.9858398438 33.2063557309 0.821125904644 1409574038.21
0.269 0.998213497265 0.00342456196859 8.21008888889 1.0 0.865511111111 28.9858398438 33.2063557309 0.816351081816 1409574039.2
0.29 0.998029625232 0.00329780166982 8.7368 1.0 0.867288888889 28.9858398438 33.2063557309 0.808846568363 1409574040.54
0.288 0.998009833082 0.00323818033374 9.07328888889 1.0 0.870711111111 28.9858398438 33.2063557309 0.81480983468 1409574041.51
0.311 0.9979226034 0.00322036602776 9.29293333333 1.0 0.871866666667 28.9858398438 33.2063557309 0.817978672738 1409574042.62
0.291 0.9983893081 0.00364219929089 9.32862222222 1.0 0.885511111111 28.9858398438 33.2063557309 0.829008821935 1409574043.89
0.273 0.998645503956 0.0034188207083 9.52613333333 1.0 0.895333333333 28.9858398438 33.2063557309 0.827282707328 1409574045.16
0.277 0.998854951815 0.00245233411221 9.7068 1.0 0.244044444444 26.9929199219 31.8268107972 0.811541444267 1409574046.78
0.278 0.998939240833 0.00214574375036 9.99688888889 1.0 0.317288888889 26.9929199219 31.8268107972 0.836087698023 1409574048.03
0.282 0.998640303539 0.00263406040951 10.204 1.0 0.358444444444 26.9929199219 31.8268107972 0.836872488315 1409574049.03
0.276 0.998163359894 0.00138423848811 10.4637333333 1.0 0.386844444444 26.9929199219 31.8268107972 0.84828067243 1409574050.3
0.275 0.998370868607 0.00223056711789 10.9917333333 1.0 0.404222222222 26.9929199219 31.8268107972 0.855397115838 1409574051.83
0.245 0.998771568669 0.00244722916501 11.4159111111 1.0 0.428844444444 26.9929199219 31.8268107972 0.849562829162 1409574052.96
0.255 0.999105363271 0.00255063679344 11.7151111111 1.0 0.4584 26.9929199219 31.8268107972 0.840047135286 1409574054.2
0.257 0.999215592231 0.00234670927882 12.0104 1.0 0.480711111111 26.9929199219 31.8268107972 0.845508246264 1409574055.34
0.262 0.999047861581 0.00246702670905 12.1499555556 1.0 0.513955555556 26.9929199219 31.8268107972 0.843713379147 1409574056.48
0.292 0.99861865649 0.00417573021665 12.2866222222 1.0 0.537022222222 26.9929199219 31.8268107972 0.843568194926 1409574057.74
0.258 0.997752054057 0.00318402068754 12.5888888889 1.0 0.552755555556 26.9929199219 31.8268107972 0.829106894397 1409574058.89
0.28 0.998019307172 0.00262979027185 12.6881777778 1.0 0.577333333333 26.9929199219 31.8268107972 0.820761760179 1409574060.23
0.276 0.998331777075 0.00426749682073 12.766 1.0 0.601733333333 26.9929199219 31.8268107972 0.826091105738 1409574061.22
0.229 0.998573613813 0.00456593570809 13.0566222222 1.0 0.617155555556 26.9929199219 31.8268107972 0.847366461165 1409574062.29
0.257 0.998613788878 0.00745004981125 13.3279555556 1.0 0.631244444444 26.9929199219 31.8268107972 0.850579062802 1409574063.41
0.268 0.998044291557 0.0072668363219 13.4390666667 1.0 0.644622222222 26.9929199219 31.8268107972 0.836336366288 1409574064.5
0.31 0.997435540351 0.00453700761301 13.4448444444 1.0 0.658444444444 26.9929199219 31.8268107972 0.812663804836 1409574065.73
0.285 0.997161071174 0.00328492875098 13.0983111111 1.0 0.682577777778 26.9929199219 31.8268107972 0.804056625502 1409574066.83
0.276 0.997858663949 0.00307474207348 13.0415111111 1.0 0.701244444444 26.9929199219 31.8268107972 0.801799897957 1409574068.0
0.256 0.998741680753 0.00286464905306 12.9900444444 1.0 0.717911111111 26.9929199219 31.8268107972 0.823551134402 1409574069.45
0.242 0.998995479723 0.00390697447708 13.0783555556 1.0 0.735955555556 26.9929199219 31.8268107972 0.842647370879 1409574070.78
0.228 0.999036030298 0.00437184085507 13.3313333333 1.0 0.747066666667 26.9929199219 31.8268107972 0.828311222072 1409574071.91
0.261 0.999035044967 0.00510993420379 13.7936888889 1.0 0.748088888889 26.9929199219 31.8268107972 0.836629641681 1409574073.12
0.325 0.998473029374 0.00577951962764 13.7178666667 1.0 0.760755555556 26.9929199219 31.8268107972 0.804098437186 1409574074.48
0.281 0.997557874084 0.00608796242773 13.4163555556 1.0 0.780044444444 26.9929199219 31.8268107972 0.803897856787 1409574075.44
0.322 0.996309553448 0.00430197450921 12.9726222222 1.0 0.802 26.9929199219 31.8268107972 0.799752377732 1409574076.5
0.346 0.996406302148 0.00552290324391 11.9622666667 1.0 0.831422222222 26.9929199219 31.8268107972 0.794408184466 1409574077.93
0.366 0.996825913789 0.00565890673571 11.4004 1.0 0.846444444444 26.9929199219 31.8268107972 0.788635369901 1409574079.13
0.402 0.99683863944 0.00863488910203 10.6585333333 1.0 0.8612 26.9929199219 31.8268107972 0.780044260306 1409574080.57
0.386 0.995921631311 0.0114982073371 9.93555555556 1.0 0.8728 26.9929199219 31.8268107972 0.782058989295 1409574082.09
0.353 0.994171415717 0.00973894496933 9.27404444444 1.0 0.886133333333 26.9929199219 31.8268107972 0.787363266819 1409574083.47
0.371 0.993091818059 0.011994465123 8.87088888889 1.0 0.0568 28.9964599609 35.3506393234 0.793839965694 1409574084.59
0.359 0.992470196938 0.00823509840852 8.5692 1.0 0.371911111111 28.9964599609 35.3506393234 0.778370537325 1409574086.01
0.342 0.993190114598 0.00699981855058 8.47515555556 1.0 0.446355555556 28.9964599609 35.3506393234 0.77006373025 1409574087.51
0.375 0.994489784856 0.00658484206531 8.78586666667 1.0 0.489288888889 28.9964599609 35.3506393234 0.769955239496 1409574088.67
0.325 0.995488516438 0.00549369973005 8.86257777778 1.0 0.518711111111 28.9964599609 35.3506393234 0.770407767749 1409574089.77
0.324 0.99635876269 0.00654347101295 9.17111111111 1.0 0.530311111111 28.9964599609 35.3506393234 0.797651688403 1409574090.78
0.303 0.997042920996 0.0101611340694 9.28311111111 1.0 0.548266666667 28.9964599609 35.3506393234 0.816469827295 1409574092.14
0.301 0.99732900552 0.00882721336132 9.2316 1.0 0.573777777778 28.9964599609 35.3506393234 0.824880270326 1409574093.29
0.287 0.99733611997 0.00909630664389 9.0552 1.0 0.599866666667 28.9964599609 35.3506393234 0.810514447757 1409574094.51
0.256 0.997123527309 0.00828525239184 9.34537777778 1.0 0.609288888889 28.9964599609 35.3506393234 0.828402804213 1409574095.73
0.259 0.996401713145 0.00533150599209 9.14813333333 1.0 0.629777777778 28.9964599609 35.3506393234 0.820968570569 1409574097.19
0.258 0.995379182977 0.00475331211772 9.03146666667 1.0 0.647244444444 28.9964599609 35.3506393234 0.822480977409 1409574098.41
0.259 0.995443070208 0.00452794798759 9.21773333333 1.0 0.664444444444 28.9964599609 35.3506393234 0.842048879367 1409574099.72
0.301 0.995989334748 0.00322748453556 9.05351111111 1.0 0.693422222222 28.9964599609 35.3506393234 0.829157013877 1409574100.94
0.298 0.996711836376 0.00450667475256 8.94866666667 1.0 0.716088888889 28.9964599609 35.3506393234 0.858376439044 1409574101.99
0.298 0.997490118534 0.00405843569632 8.67631111111 1.0 0.746 28.9964599609 35.3506393234 0.846117529257 1409574103.06
0.309 0.998022920989 0.0040274156409 8.54897777778 1.0 0.769422222222 28.9964599609 35.3506393234 0.83732833352 1409574104.55
0.289 0.998757981295 0.00814930766179 8.5316 1.0 0.788355555556 28.9964599609 35.3506393234 0.848081131888 1409574105.8
0.289 0.998534232135 0.00661710944825 8.90711111111 1.0 0.796044444444 28.9964599609 35.3506393234 0.857381347302 1409574107.03
0.304 0.997750722284 0.00628685416004 9.24675555556 1.0 0.802444444444 28.9964599609 35.3506393234 0.845903872473 1409574108.0
0.311 0.997022874504 0.00423041883912 9.24733333333 1.0 0.823244444444 28.9964599609 35.3506393234 0.838062705021 1409574109.12
0.335 0.997166734475 0.00296617265301 9.11377777778 1.0 0.841822222222 28.9964599609 35.3506393234 0.819797114649 1409574110.17
0.294 0.997939105666 0.00210363904865 8.93626666667 1.0 0.855822222222 28.9964599609 35.3506393234 0.818361706484 1409574111.19
0.332 0.998977303475 0.00133263177915 9.15986666667 1.0 0.862933333333 28.9964599609 35.3506393234 0.828914514155 1409574112.29
0.308 0.999616660762 0.00186658539854 9.26591111111 1.0 0.871555555556 28.9964599609 35.3506393234 0.838632443205 1409574113.3
0.295 0.999420817811 0.00170398637725 9.15168888889 1.0 0.883022222222 28.9964599609 35.3506393234 0.829692848598 1409574114.4
0.341 0.999226851984 0.00294517763161 9.06284444444 1.0 0.891288888889 28.9964599609 35.3506393234 0.817381512382 1409574115.49
0.298 0.999418575484 0.00463596631467 9.1812 1.0 0.899155555556 28.9964599609 35.3506393234 0.831068917744 1409574116.7
0.314 0.999103245678 0.00577855954954 9.32662222222 1.0 0.263333333333 28.4982299805 34.0475451847 0.837947350933 1409574117.97
0.347 0.998413999593 0.011141632209 9.27982222222 1.0 0.364888888889 28.4982299805 34.0475451847 0.817882474773 1409574119.14
0.321 0.997650308467 0.0112854355139 9.1792 1.0 0.425066666667 28.4982299805 34.0475451847 0.817787822086 1409574120.31
0.273 0.995918067397 0.00509770344957 9.06791111111 1.0 0.4668 28.4982299805 34.0475451847 0.824653545105 1409574121.51
0.28 0.995031850522 0.00741819450066 8.81742222222 1.0 0.5 28.4982299805 34.0475451847 0.831596404992 1409574122.66
0.311 0.994777135431 0.00504335721274 8.54955555556 1.0 0.540222222222 28.4982299805 34.0475451847 0.837601498298 1409574123.69
0.301 0.995686196199 0.00308902138622 8.07448888889 1.0 0.591422222222 28.4982299805 34.0475451847 0.806925514514 1409574124.72
0.277 0.997068014375 0.00236458645779 8.31471111111 1.0 0.613911111111 28.4982299805 34.0475451847 0.826606896218 1409574125.94
0.29 0.998105774121 0.00310464350327 8.68768888889 1.0 0.626 28.4982299805 34.0475451847 0.841724826269 1409574126.87
0.258 0.998434579146 0.00258354956612 9.21697777778 1.0 0.634933333333 28.4982299805 34.0475451847 0.857947160763 1409574127.83
0.217 0.998302146228 0.000814408379026 9.68608888889 1.0 0.648444444444 28.4982299805 34.0475451847 0.875048915965 1409574129.24
0.191 0.998838945235 0.00097249545899 10.3205777778 1.0 0.655333333333 28.4982299805 34.0475451847 0.901583266362 1409574130.56
0.219 0.999371540259 0.00155065753231 10.6785777778 1.0 0.6764 28.4982299805 34.0475451847 0.891835964096 1409574131.81
0.203 0.999704676402 0.00335000660312 11.0559555556 1.0 0.694177777778 28.4982299805 34.0475451847 0.882995819493 1409574132.8
0.239 0.99948634872 0.00346971376503 11.1779111111 1.0 0.717644444444 28.4982299805 34.0475451847 0.875304428936 1409574133.72
0.246 0.99927967524 0.00213561524483 11.4852444444 1.0 0.734311111111 28.4982299805 34.0475451847 0.881907123361 1409574134.7
0.237 0.999160644549 0.00117467832665 12.1689333333 1.0 0.735288888889 28.4982299805 34.0475451847 0.914394571023 1409574135.83
0.201 0.999410417276 0.000495386324523 12.8069333333 1.0 0.740488888889 28.4982299805 34.0475451847 0.919148782549 1409574137.04
0.195 0.999671273918 0.000346183483901 13.3842666667 1.0 0.749511111111 28.4982299805 34.0475451847 0.903312155933 1409574138.19
0.228 0.999749136366 0.000852350514525 13.8806222222 1.0 0.755422222222 28.4982299805 34.0475451847 0.892367527054 1409574139.46
0.223 0.999619760354 0.00234454837313 14.3896888889 1.0 0.758933333333 28.4982299805 34.0475451847 0.88810834508 1409574140.54
0.223 0.999298061839 0.00194131540376 15.1064444444 1.0 0.758977777778 28.4982299805 34.0475451847 0.892400771895 1409574141.62
0.195 0.999169119912 0.000994703465831 15.7512 1.0 0.759022222222 28.4982299805 34.0475451847 0.902479207569 1409574142.97
0.177 0.999195365879 0.000717240889166 16.4579111111 1.0 0.759022222222 28.4982299805 34.0475451847 0.923681983198 1409574144.15
0.179 0.999546579814 0.000752735003485 17.1252 1.0 0.759022222222 28.4982299805 34.0475451847 0.921162871578 1409574145.19
0.201 0.99968826452 0.000854630656422 17.6071555556 1.0 0.759733333333 28.4982299805 34.0475451847 0.900292551439 1409574146.17
0.196 0.999773480335 0.000907049381725 17.9992 1.0 0.762133333333 28.4982299805 34.0475451847 0.889361809451 1409574147.16
0.199 0.999623060927 0.00122348668239 18.3312888889 1.0 0.7636 28.4982299805 34.0475451847 0.873242544969 1409574148.14
0.218 0.999354332137 0.00122303780797 18.5024 1.0 0.763955555556 28.4982299805 34.0475451847 0.866325228089 1409574149.12
0.244 0.999188535165 0.000814124209789 18.6141777778 1.0 0.763955555556 28.4982299805 34.0475451847 0.861610475998 1409574150.4
0.273 0.999328751761 0.00125819626103 18.4821777778 1.0 0.763955555556 28.4982299805 34.0475451847 0.86303508871 1409574151.58
0.323 0.999392424803 0.00538137076229 17.8429333333 1.0 0.764177777778 28.4982299805 34.0475451847 0.839552213151 1409574152.77
0.298 0.999311464705 0.00593893405683 17.1867111111 1.0 0.772355555556 28.4982299805 34.0475451847 0.837003467088 1409574153.97
0.307 0.998603510744 0.00541101971747 16.2371111111 1.0 0.791777777778 28.4982299805 34.0475451847 0.839080188804 1409574155.14
0.309 0.997623782814 0.00498079656164 15.2928 1.0 0.812933333333 28.4982299805 34.0475451847 0.815024547385 1409574156.49
0.326 0.997022465535 0.00601735498826 14.5468888889 1.0 0.8372 28.4982299805 34.0475451847 0.814717734984 1409574157.81
0.319 0.996952779762 0.00753423812261 13.4896888889 1.0 0.861644444444 28.4982299805 34.0475451847 0.802322100525 1409574159.02
0.346 0.996589876544 0.0152142927998 11.8109777778 1.0 0.894622222222 28.4982299805 34.0475451847 0.783145038938 1409574160.41
0.34 0.995036879058 0.0170061913441 10.3079111111 1.0 0.291555555556 33.2491149902 38.8859045456 0.77841259203 1409574161.84
0.381 0.993486385031 0.016063260911 9.12253333333 1.0 0.404444444444 33.2491149902 38.8859045456 0.756750636163 1409574163.08
0.364 0.993254476475 0.0204230119288 8.80733333333 1.0 0.459111111111 33.2491149902 38.8859045456 0.751716498704 1409574164.11
0.38 0.992767983582 0.0201058711976 8.09084444444 1.0 0.521111111111 33.2491149902 38.8859045456 0.741965558555 1409574165.32
0.419 0.990902172972 0.0187731505722 7.41311111111 1.0 0.578755555556 33.2491149902 38.8859045456 0.737852677495 1409574166.49
0.418 0.989598036562 0.0156515146641 6.88257777778 1.0 0.634311111111 33.2491149902 38.8859045456 0.743786893513 1409574167.65
0.427 0.989664146301 0.0141680145426 6.93844444444 1.0 0.663955555556 33.2491149902 38.8859045456 0.750868154352 1409574168.81
0.367 0.989900597714 0.0123641529984 7.1784 1.0 0.688222222222 33.2491149902 38.8859045456 0.756181597502 1409574170.19
0.365 0.991087561586 0.0101791951106 7.31782222222 1.0 0.72 33.2491149902 38.8859045456 0.732315312432 1409574171.5
0.303 0.992275028479 0.0052342813615 7.5204 1.0 0.742888888889 33.2491149902 38.8859045456 0.738689462536 1409574172.58
0.319 0.99410832826 0.00374274541236 7.69791111111 1.0 0.7632 33.2491149902 38.8859045456 0.760029057313 1409574173.76
0.309 0.995944678275 0.00552369528992 7.61448888889 1.0 0.786488888889 33.2491149902 38.8859045456 0.78531618144 1409574175.17
0.273 0.997040053729 0.00580929178024 7.13462222222 1.0 0.815733333333 33.2491149902 38.8859045456 0.80192882912 1409574176.25
0.256 0.997544363279 0.00367957041093 7.13422222222 1.0 0.835555555556 33.2491149902 38.8859045456 0.829245870142 1409574177.55
0.241 0.99808160117 0.00208869395495 7.27155555556 1.0 0.858977777778 33.2491149902 38.8859045456 0.832575165478 1409574178.78
0.261 0.99876387381 0.0035343785311 7.50844444444 1.0 0.877288888889 33.2491149902 38.8859045456 0.837166924921 1409574179.76
0.26 0.998731838573 0.00276758793581 7.81351111111 1.0 0.8892 33.2491149902 38.8859045456 0.847349481153 1409574180.76
0.25 0.998636148983 0.00403375577308 8.20555555556 1.0 0.897466666667 33.2491149902 38.8859045456 0.854966629748 1409574181.93
0.259 0.997861946968 0.00453166312178 8.28502222222 1.0 0.256533333333 25.6245574951 30.1396797871 0.839529745216 1409574183.23
0.295 0.997042792821 0.00418022192855 8.47382222222 1.0 0.322933333333 25.6245574951 30.1396797871 0.835362221058 1409574184.37
0.295 0.997042741827 0.00380040082871 8.71133333333 1.0 0.362 25.6245574951 30.1396797871 0.836079669905 1409574185.47
0.296 0.997194057052 0.00206649202257 8.87751111111 1.0 0.393511111111 25.6245574951 30.1396797871 0.844729582631 1409574186.68
0.281 0.998199977654 0.00171361716039 9.348 1.0 0.406133333333 25.6245574951 30.1396797871 0.867703398192 1409574187.74
0.265 0.998899596953 0.00161484280947 9.88564444444 1.0 0.418711111111 25.6245574951 30.1396797871 0.873631138777 1409574188.85
0.244 0.999175701267 0.00165104755945 10.4678222222 1.0 0.4292 25.6245574951 30.1396797871 0.886169168123 1409574189.9
0.277 0.999284209437 0.000631869736906 10.6400444444 1.0 0.462577777778 25.6245574951 30.1396797871 0.854871095671 1409574191.09
0.238 0.999561852269 0.000817846312067 11.0347111111 1.0 0.4848 25.6245574951 30.1396797871 0.878327240878 1409574192.13
0.281 0.999719704136 0.00093518803618 11.3425777778 1.0 0.507244444444 25.6245574951 30.1396797871 0.871144897598 1409574193.17
0.244 0.999656171647 0.000601438296968 11.7193777778 1.0 0.524533333333 25.6245574951 30.1396797871 0.852829206808 1409574194.23
0.228 0.999775302912 0.000555404140552 12.2183555556 1.0 0.5392 25.6245574951 30.1396797871 0.85318577959 1409574195.25
0.212 0.999721506646 0.000498739956755 12.7345333333 1.0 0.551911111111 25.6245574951 30.1396797871 0.848477225783 1409574196.31
0.231 0.999659193286 0.000536566511788 13.3071111111 1.0 0.560222222222 25.6245574951 30.1396797871 0.822247202127 1409574197.22
0.259 0.999607568065 0.00132566005551 13.8447111111 1.0 0.566 25.6245574951 30.1396797871 0.834734052577 1409574198.18
0.254 0.999683008668 0.00230901760793 14.3815111111 1.0 0.570533333333 25.6245574951 30.1396797871 0.84747500159 1409574199.09
0.251 0.999517257456 0.00296146611948 14.6935111111 1.0 0.580133333333 25.6245574951 30.1396797871 0.850790118455 1409574200.11
0.258 0.999130755685 0.0036617025705 14.5713777778 1.0 0.602488888889 25.6245574951 30.1396797871 0.826421066647 1409574201.43
0.295 0.998358540876 0.00377891940292 14.1755555556 1.0 0.631733333333 25.6245574951 30.1396797871 0.798368482506 1409574202.7
0.319 0.997775279408 0.00278806805606 14.2208444444 1.0 0.650533333333 25.6245574951 30.1396797871 0.789717735346 1409574203.71
0.273 0.99763475972 0.00508780068647 14.0459111111 1.0 0.672755555556 25.6245574951 30.1396797871 0.793754486363 1409574204.78
0.271 0.997221512281 0.00481002444964 13.7211555556 1.0 0.697466666667 25.6245574951 30.1396797871 0.796813736367 1409574205.96
0.264 0.997036654219 0.00446649654868 13.6862222222 1.0 0.708088888889 25.6245574951 30.1396797871 0.818898920927 1409574207.17
0.309 0.996903818952 0.00595625122568 13.4131111111 1.0 0.725111111111 25.6245574951 30.1396797871 0.837538274669 1409574208.24
0.326 0.996784565959 0.00669416917944 12.6939555556 1.0 0.750355555556 25.6245574951 30.1396797871 0.810809446031 1409574209.46
0.332 0.996040698603 0.00700746357112 11.8723111111 1.0 0.769866666667 25.6245574951 30.1396797871 0.786126577833 1409574210.58
0.321 0.99570437642 0.00667166168992 11.2084888889 1.0 0.789244444444 25.6245574951 30.1396797871 0.789510022256 1409574211.71
0.326 0.995884982792 0.00721308104589 11.0468444444 1.0 0.798 25.6245574951 30.1396797871 0.77385273976 1409574213.05
0.308 0.996212292393 0.00918680956003 10.7704 1.0 0.807955555556 25.6245574951 30.1396797871 0.773640195541 1409574214.4
0.305 0.995680819543 0.00790264106729 10.4567555556 1.0 0.822711111111 25.6245574951 30.1396797871 0.765141385489 1409574215.62
0.326 0.995433099718 0.00630691780369 9.85831111111 1.0 0.843155555556 25.6245574951 30.1396797871 0.772204628815 1409574216.73
0.351 0.996144789509 0.00603237963791 9.53297777778 1.0 0.858 25.6245574951 30.1396797871 0.776930362347 1409574217.93
0.363 0.996781735208 0.00568124149287 9.22302222222 1.0 0.869688888889 25.6245574951 30.1396797871 0.782765746619 1409574219.12
0.368 0.996900517248 0.00730961502453 8.82093333333 1.0 0.884711111111 25.6245574951 30.1396797871 0.791879250323 1409574220.24
0.345 0.996239148645 0.0100614520701 8.68462222222 1.0 0.893688888889 25.6245574951 30.1396797871 0.774348428108 1409574221.4
0.351 0.994435591811 0.00577708072303 8.12791111111 1.0 0.215288888889 30.3122787476 34.8981748211 0.747265944041 1409574222.82
0.353 0.994338339486 0.00387304236545 8.09448888889 1.0 0.386266666667 30.3122787476 34.8981748211 0.782537704362 1409574224.11
0.307 0.996057380239 0.00299756243342 8.31426666667 1.0 0.419111111111 30.3122787476 34.8981748211 0.816878675866 1409574225.28
0.244 0.997543763731 0.00322330619161 8.69248888889 1.0 0.447244444444 30.3122787476 34.8981748211 0.821106283083 1409574226.46
0.244 0.998175208645 0.00420399695276 9.27142222222 1.0 0.460533333333 30.3122787476 34.8981748211 0.825760046619 1409574227.56
0.217 0.997986474663 0.00187538674246 9.91453333333 1.0 0.470222222222 30.3122787476 34.8981748211 0.823935912785 1409574228.54
0.216 0.998391481282 0.00144443401317 10.6032444444 1.0 0.474177777778 30.3122787476 34.8981748211 0.838974844374 1409574229.49
0.217 0.998931025815 0.00122136996382 11.2111111111 1.0 0.480533333333 30.3122787476 34.8981748211 0.821723588151 1409574230.71
0.238 0.999259200531 0.00179261685053 11.6247555556 1.0 0.4996 30.3122787476 34.8981748211 0.830954975529 1409574231.69
0.245 0.999514547249 0.00296877370525 11.9602222222 1.0 0.523822222222 30.3122787476 34.8981748211 0.841086413916 1409574232.88
0.294 0.999418714125 0.00283664843206 11.9658222222 1.0 0.5592 30.3122787476 34.8981748211 0.839735781387 1409574234.22
0.263 0.998849797156 0.00253006443913 11.9256444444 1.0 0.595066666667 30.3122787476 34.8981748211 0.826860490261 1409574235.2
0.306 0.99835203711 0.00157900060602 11.7754666667 1.0 0.624444444444 30.3122787476 34.8981748211 0.808896491824 1409574236.58
0.297 0.998546100069 0.00165083200587 11.9767111111 1.0 0.633111111111 30.3122787476 34.8981748211 0.825044639761 1409574237.76
0.257 0.998793838421 0.0040786821173 11.8719111111 1.0 0.653688888889 30.3122787476 34.8981748211 0.842383447555 1409574238.83
0.283 0.998817421817 0.00761275699624 11.7398666667 1.0 0.678 30.3122787476 34.8981748211 0.84686784199 1409574239.93
0.296 0.997994675194 0.00582324433455 11.0015555556 1.0 0.7104 30.3122787476 34.8981748211 0.828828543691 1409574241.04
0.295 0.996528254974 0.00379029175045 11.0090666667 1.0 0.7328 30.3122787476 34.8981748211 0.834919105755 1409574242.12
0.311 0.996548941502 0.00451874219607 11.0580888889 1.0 0.752444444444 30.3122787476 34.8981748211 0.823018926026 1409574243.34
0.308 0.997223772446 0.00500838517584 11.2808444444 1.0 0.766755555556 30.3122787476 34.8981748211 0.810139464728 1409574244.28
0.327 0.997460971861 0.00379977431712 11.4335111111 1.0 0.776088888889 30.3122787476 34.8981748211 0.814061412585 1409574245.54
0.295 0.997777991053 0.0032939072467 11.3517777778 1.0 0.790844444444 30.3122787476 34.8981748211 0.807479287113 1409574247.06
0.299 0.998241012578 0.00283884379222 11.1477333333 1.0 0.804844444444 30.3122787476 34.8981748211 0.815786369815 1409574248.34
0.299 0.998798110182 0.00234483986964 11.3324444444 1.0 0.813333333333 30.3122787476 34.8981748211 0.811854651931 1409574249.37
0.273 0.999211261375 0.00267487660736 11.2485333333 1.0 0.829244444444 30.3122787476 34.8981748211 0.824424419368 1409574250.54
0.292 0.998937142516 0.00215150005487 10.6525777778 1.0 0.8548 30.3122787476 34.8981748211 0.824043112183 1409574251.86
0.352 0.998992628386 0.00373821656769 9.7748 1.0 0.8796 30.3122787476 34.8981748211 0.8190402972 1409574252.95
0.342 0.998767709934 0.00533967856871 9.22208888889 1.0 0.888666666667 30.3122787476 34.8981748211 0.804752963432 1409574254.2
0.354 0.998183938628 0.00737977113953 9.16306666667 1.0 0.894977777778 30.3122787476 34.8981748211 0.795562975781 1409574255.34
0.391 0.997713795105 0.0106303148525 8.88097777778 1.0 0.166177777778 29.6561393738 34.5103833967 0.78727321089 1409574256.54
0.34 0.99710221029 0.0119605715563 9.0728 1.0 0.386711111111 29.6561393738 34.5103833967 0.787150602299 1409574257.86
0.359 0.996183354346 0.0118258644832 8.96217777778 1.0 0.452266666667 29.6561393738 34.5103833967 0.795273932238 1409574258.98
0.4 0.996020889944 0.00775761307313 8.71742222222 1.0 0.508488888889 29.6561393738 34.5103833967 0.786280468731 1409574260.05
0.354 0.996175269726 0.00794809319647 8.40422222222 1.0 0.556888888889 29.6561393738 34.5103833967 0.779416374606 1409574261.34
0.347 0.996298259436 0.0103806796648 7.7404 1.0 0.615377777778 29.6561393738 34.5103833967 0.771344898667 1409574262.44
0.353 0.995364761617 0.00745074274572 7.18764444444 1.0 0.670888888889 29.6561393738 34.5103833967 0.764968297866 1409574263.5
0.342 0.994964243001 0.00751356075487 7.27542222222 1.0 0.693422222222 29.6561393738 34.5103833967 0.743113378036 1409574264.7
0.315 0.995428238346 0.00535386670639 7.59257777778 1.0 0.708844444444 29.6561393738 34.5103833967 0.776185945102 1409574265.94
0.333 0.995899872824 0.00546521096707 8.0164 1.0 0.717422222222 29.6561393738 34.5103833967 0.782421369086 1409574267.25
0.299 0.996502002105 0.00426548465967 8.40004444444 1.0 0.726711111111 29.6561393738 34.5103833967 0.789198593642 1409574268.38
0.279 0.997403419948 0.00391811454758 8.5188 1.0 0.748133333333 29.6561393738 34.5103833967 0.789420010848 1409574269.77
0.269 0.997835613388 0.00405440867144 8.722 1.0 0.7636 29.6561393738 34.5103833967 0.79182435691 1409574270.91
0.244 0.998086318042 0.00493414420005 9.01431111111 1.0 0.775511111111 29.6561393738 34.5103833967 0.799337264485 1409574272.11
0.28 0.998128034765 0.00340223858928 9.32231111111 1.0 0.777688888889 29.6561393738 34.5103833967 0.797033044396 1409574273.18
0.313 0.998143448506 0.00182627340382 9.55377777778 1.0 0.780088888889 29.6561393738 34.5103833967 0.784421829297 1409574274.43
0.28 0.998613213621 0.000462370499609 9.97995555556 1.0 0.783644444444 29.6561393738 34.5103833967 0.801732148691 1409574275.8
0.269 0.999356682312 0.000544442917233 10.4865333333 1.0 0.787155555556 29.6561393738 34.5103833967 0.811828378938 1409574277.02
0.237 0.99975591815 0.000439667705695 10.9392 1.0 0.791066666667 29.6561393738 34.5103833967 0.837720105153 1409574278.09
0.243 0.999859371163 0.00098744990267 11.1862666667 1.0 0.804222222222 29.6561393738 34.5103833967 0.839498716312 1409574279.16
0.276 0.999785898172 0.00183216172769 11.0471555556 1.0 0.828488888889 29.6561393738 34.5103833967 0.841807235435 1409574280.24
0.291 0.999642936376 0.00210360828189 10.8838222222 1.0 0.848 29.6561393738 34.5103833967 0.828660956064 1409574281.38
0.3 0.999302021299 0.00197235206617 10.5931111111 1.0 0.867955555556 29.6561393738 34.5103833967 0.821699471029 1409574282.71
0.298 0.998917168177 0.00251885374035 10.7811111111 1.0 0.879155555556 29.6561393738 34.5103833967 0.825550352695 1409574283.85
0.314 0.998696743903 0.00285353922995 10.8726666667 1.0 0.8936 29.6561393738 34.5103833967 0.828971045984 1409574285.04
0.287 0.998740688428 0.0040194546699 10.8950666667 1.0 0.204311111111 27.3280696869 32.0480446961 0.806129363742 1409574286.23
0.311 0.998764518437 0.00577485954724 10.9149333333 1.0 0.351555555556 27.3280696869 32.0480446961 0.798181524411 1409574287.32
0.305 0.998271236922 0.00293286784842 10.6128 1.0 0.410933333333 27.3280696869 32.0480446961 0.788707313745 1409574288.35
0.304 0.998418807259 0.00318608772121 10.4973333333 1.0 0.463866666667 27.3280696869 32.0480446961 0.79622882472 1409574289.51
0.327 0.99886171275 0.00827106122257 9.96853333333 1.0 0.533377777778 27.3280696869 32.0480446961 0.800810020202 1409574290.5
0.378 0.99879213602 0.0098670528262 9.4956 1.0 0.591911111111 27.3280696869 32.0480446961 0.800265089805 1409574291.83
0.388 0.997777469376 0.0105507800018 8.96102222222 1.0 0.643066666667 27.3280696869 32.0480446961 0.77292841257 1409574292.88
0.383 0.99641082239 0.0102029441406 8.2172 1.0 0.683066666667 27.3280696869 32.0480446961 0.758994639866 1409574293.93
0.38 0.995295390943 0.00905338616248 7.94404444444 1.0 0.706933333333 27.3280696869 32.0480446961 0.758810432917 1409574294.95
0.388 0.995483189378 0.0102517180547 8.0104 1.0 0.724711111111 27.3280696869 32.0480446961 0.773776673458 1409574296.35
0.347 0.995429956622 0.00847519882524 8.18413333333 1.0 0.741155555556 27.3280696869 32.0480446961 0.769084128133 1409574297.44
0.336 0.995448808935 0.00615335541075 8.28448888889 1.0 0.7672 27.3280696869 32.0480446961 0.776640141762 1409574298.44
0.319 0.995786617711 0.0077981182473 8.60506666667 1.0 0.778488888889 27.3280696869 32.0480446961 0.793629610596 1409574299.65
0.292 0.995455255324 0.00677785688298 8.94542222222 1.0 0.788844444444 27.3280696869 32.0480446961 0.798030755629 1409574300.61
0.296 0.995871057477 0.00513077706273 9.24573333333 1.0 0.797777777778 27.3280696869 32.0480446961 0.813461160593 1409574301.61
0.26 0.996367973837 0.00596512255944 9.38488888889 1.0 0.808666666667 27.3280696869 32.0480446961 0.817505696676 1409574302.75
0.25 0.997313942036 0.00734704346888 9.71511111111 1.0 0.817288888889 27.3280696869 32.0480446961 0.845643824728 1409574304.15
0.279 0.997916460222 0.0068522016763 9.83804444444 1.0 0.828844444444 27.3280696869 32.0480446961 0.853775129122 1409574305.12
0.263 0.998164408302 0.00714055263429 9.71422222222 1.0 0.844622222222 27.3280696869 32.0480446961 0.850649123383 1409574306.12
0.294 0.997887586038 0.00732260954097 9.3952 1.0 0.860711111111 27.3280696869 32.0480446961 0.854302463381 1409574307.13
0.286 0.99686847256 0.00713593180465 9.27675555556 1.0 0.876044444444 27.3280696869 32.0480446961 0.855488803916 1409574308.45
0.284 0.995489467013 0.00502243182853 8.62822222222 1.0 0.199866666667 24.1640348434 27.6882313563 0.809442036618 1409574309.91
0.296 0.995473324037 0.00476273466577 8.35466666667 1.0 0.330755555556 24.1640348434 27.6882313563 0.776809163593 1409574311.14
0.297 0.996314484028 0.0040336288266 8.45484444444 1.0 0.378044444444 24.1640348434 27.6882313563 0.794977292425 1409574312.36
0.299 0.997280803881 0.00445570033779 8.55733333333 1.0 0.417733333333 24.1640348434 27.6882313563 0.811086750872 1409574313.55
0.306 0.997939698508 0.00320064094704 8.5212 1.0 0.458533333333 24.1640348434 27.6882313563 0.81770204524 1409574314.61
0.277 0.998387657649 0.00529147182594 8.57235555556 1.0 0.497688888889 24.1640348434 27.6882313563 0.818615525385 1409574315.8
0.281 0.998197878855 0.0043202825306 8.48973333333 1.0 0.539511111111 24.1640348434 27.6882313563 0.819825718091 1409574316.88
0.302 0.997797633632 0.00153389660203 8.51271111111 1.0 0.573511111111 24.1640348434 27.6882313563 0.800022301939 1409574317.96
0.326 0.998261128533 0.00199532939072 8.26106666667 1.0 0.617111111111 24.1640348434 27.6882313563 0.803469102384 1409574319.13
0.318 0.998848726277 0.00410791306493 7.94093333333 1.0 0.660177777778 24.1640348434 27.6882313563 0.815168973618 1409574320.27
0.354 0.998734419362 0.00569490504432 7.73568888889 1.0 0.6968 24.1640348434 27.6882313563 0.817012354364 1409574321.68
0.339 0.998051989597 0.00472087948315 7.53617777778 1.0 0.729555555556 24.1640348434 27.6882313563 0.801350548191 1409574323.0
0.293 0.997567662453 0.00362274853329 7.40182222222 1.0 0.761511111111 24.1640348434 27.6882313563 0.806149392504 1409574324.1
0.314 0.997572243086 0.00403839430257 7.22328888889 1.0 0.790044444444 24.1640348434 27.6882313563 0.796511301103 1409574325.3
0.266 0.997367210647 0.00469327816927 7.11275555556 1.0 0.818133333333 24.1640348434 27.6882313563 0.798521225145 1409574326.57
0.299 0.997329867439 0.00527052836033 7.1172 1.0 0.837155555556 24.1640348434 27.6882313563 0.798045434762 1409574327.91
0.28 0.99736596315 0.00457852792507 7.5476 1.0 0.841111111111 24.1640348434 27.6882313563 0.827354130142 1409574329.12
0.282 0.997234156109 0.00509311220165 7.99351111111 1.0 0.841422222222 24.1640348434 27.6882313563 0.809049444207 1409574330.24
0.244 0.997239067705 0.0027223654382 8.63377777778 1.0 0.841511111111 24.1640348434 27.6882313563 0.81960204576 1409574331.23
0.26 0.997012644677 0.00128264123824 9.10693333333 1.0 0.846444444444 24.1640348434 27.6882313563 0.802531709895 1409574332.27
0.292 0.997831179689 0.00138598022968 9.5008 1.0 0.851022222222 24.1640348434 27.6882313563 0.821960252297 1409574333.24
0.316 0.998754916172 0.00273844404236 9.4472 1.0 0.856355555556 24.1640348434 27.6882313563 0.818714103546 1409574334.37
0.295 0.999201667579 0.00173935467766 9.54848888889 1.0 0.860311111111 24.1640348434 27.6882313563 0.821092741287 1409574335.68
0.283 0.999217936003 0.000544888890203 9.96404444444 1.0 0.860711111111 24.1640348434 27.6882313563 0.844290842985 1409574337.13
0.27 0.999481260704 0.000302853170902 10.3606666667 1.0 0.861066666667 24.1640348434 27.6882313563 0.851119677153 1409574338.22
0.229 0.999864184783 0.000196006963432 10.8172444444 1.0 0.861644444444 24.1640348434 27.6882313563 0.836979017424 1409574339.38
0.252 0.999952496903 0.00123121628722 11.3402222222 1.0 0.862044444444 24.1640348434 27.6882313563 0.86202145975 1409574340.36
0.255 0.999961540966 0.00282211873721 11.6738666667 1.0 0.866933333333 24.1640348434 27.6882313563 0.857528407226 1409574341.67
0.26 0.999855651455 0.00274994641301 12.0747111111 1.0 0.873111111111 24.1640348434 27.6882313563 0.850620885376 1409574342.86
0.238 0.99941392103 0.000799808680009 12.4110222222 1.0 0.878977777778 24.1640348434 27.6882313563 0.857421673113 1409574343.82
0.239 0.999114842399 0.00189652244374 12.8352 1.0 0.881777777778 24.1640348434 27.6882313563 0.864515843067 1409574344.88
0.261 0.99926423976 0.00311488569309 13.2149777778 1.0 0.884711111111 24.1640348434 27.6882313563 0.837198759399 1409574345.84
0.264 0.999258363201 0.00263893937722 13.4951111111 1.0 0.890622222222 24.1640348434 27.6882313563 0.841818115641 1409574346.86
0.234 0.999282758455 0.00318490193204 13.8685777778 1.0 0.891111111111 24.1640348434 27.6882313563 0.853139275357 1409574348.01
0.278 0.999151976054 0.00192257227794 14.1416 1.0 0.892311111111 24.1640348434 27.6882313563 0.829330912318 1409574349.27
0.316 0.998901837935 0.00143878325643 14.1827555556 1.0 0.8952 24.1640348434 27.6882313563 0.833035995434 1409574350.32
0.297 0.999199232502 0.00198138609012 14.1853333333 1.0 0.897955555556 24.1640348434 27.6882313563 0.835962890219 1409574351.34
0.312 0.999253130392 0.00295846876492 14.0527111111 1.0 0.114533333333 30.5820174217 35.4662377275 0.82625142821 1409574352.56
0.305 0.998663677223 0.00534082553796 13.2084 1.0 0.325911111111 30.5820174217 35.4662377275 0.803760270044 1409574353.66
0.335 0.997861376935 0.0094911431506 12.5654666667 1.0 0.391022222222 30.5820174217 35.4662377275 0.803960659241 1409574354.65
0.323 0.997049063511 0.00770412321455 11.6005777778 1.0 0.460311111111 30.5820174217 35.4662377275 0.799442209106 1409574355.84
0.36 0.99551062517 0.00791526972162 11.1172 1.0 0.527333333333 30.5820174217 35.4662377275 0.778689298539 1409574356.91
0.391 0.994634025916 0.00833238456339 10.7610222222 1.0 0.578444444444 30.5820174217 35.4662377275 0.798972583992 1409574358.07
0.342 0.994432694212 0.00819851838329 10.4607111111 1.0 0.6108 30.5820174217 35.4662377275 0.77910973566 1409574359.3
0.332 0.994615105905 0.00983758424609 10.3271555556 1.0 0.639688888889 30.5820174217 35.4662377275 0.783548912343 1409574360.62
0.355 0.994429359031 0.00889712867251 10.3277333333 1.0 0.666044444444 30.5820174217 35.4662377275 0.765270540374 1409574361.84
0.358 0.994574347243 0.00664778570418 10.0965333333 1.0 0.7016 30.5820174217 35.4662377275 0.748002666902 1409574363.11
0.346 0.995070150867 0.00734867999984 9.98488888889 1.0 0.732577777778 30.5820174217 35.4662377275 0.771697853122 1409574364.69
0.34 0.995696948614 0.00488573782551 10.0080888889 1.0 0.754711111111 30.5820174217 35.4662377275 0.79196839127 1409574366.19
0.333 0.996659042535 0.00588140304209 9.76573333333 1.0 0.7816 30.5820174217 35.4662377275 0.811127465228 1409574367.4
0.308 0.996781361594 0.00550901566633 9.74644444444 1.0 0.803466666667 30.5820174217 35.4662377275 0.787944619255 1409574368.74
0.324 0.996659994924 0.00523852347429 9.41377777778 1.0 0.832577777778 30.5820174217 35.4662377275 0.788800892003 1409574369.66
0.317 0.996860401698 0.00528998074927 9.14435555556 1.0 0.859022222222 30.5820174217 35.4662377275 0.788665486453 1409574371.11
0.285 0.99699237604 0.00904485869788 9.35444444444 1.0 0.870088888889 30.5820174217 35.4662377275 0.781453769875 1409574372.35
0.29 0.996375319628 0.0110890933552 9.6348 1.0 0.877822222222 30.5820174217 35.4662377275 0.768713143541 1409574373.35
0.27 0.995598603734 0.0102632916311 10.026 1.0 0.8812 30.5820174217 35.4662377275 0.755987427645 1409574374.28
0.311 0.995598741467 0.0104358083624 10.4903111111 1.0 0.883511111111 30.5820174217 35.4662377275 0.766199209742 1409574375.43
0.313 0.995884164138 0.0087038613881 10.6912 1.0 0.887377777778 30.5820174217 35.4662377275 0.762631764799 1409574376.5
0.303 0.995592322724 0.00659241224813 10.7071111111 1.0 0.898266666667 30.5820174217 35.4662377275 0.759622720972 1409574377.59
0.324 0.995119929118 0.00917799595357 10.5880444444 1.0 0.214488888889 26.2910087109 30.8133164364 0.750981770803 1409574379.07
0.315 0.993998321034 0.00885544238147 10.4999111111 1.0 0.361511111111 26.2910087109 30.8133164364 0.761374077753 1409574380.14
0.34 0.993813945652 0.010278632142 10.1876 1.0 0.428444444444 26.2910087109 30.8133164364 0.755142608641 1409574381.29
0.301 0.993230017849 0.0112532462698 10.0210666667 1.0 0.470222222222 26.2910087109 30.8133164364 0.751460390521 1409574382.51
0.328 0.992420115963 0.0105771818329 9.37702222222 1.0 0.514622222222 26.2910087109 30.8133164364 0.73234291353 1409574383.68
0.318 0.993331562681 0.0101505238495 9.19071111111 1.0 0.556933333333 26.2910087109 30.8133164364 0.735606868336 1409574384.73
0.319 0.993736861323 0.0108456499736 8.9504 1.0 0.5996 26.2910087109 30.8133164364 0.741736373396 1409574385.78
0.302 0.993300034823 0.00861855778057 8.93622222222 1.0 0.627644444444 26.2910087109 30.8133164364 0.747854694298 1409574387.13
0.298 0.993729929176 0.00675580189924 8.98324444444 1.0 0.655777777778 26.2910087109 30.8133164364 0.759471361618 1409574388.35
0.263 0.994959496541 0.00785955927829 9.23906666667 1.0 0.673466666667 26.2910087109 30.8133164364 0.787127570411 1409574389.65
0.302 0.995220266842 0.00811760272462 9.62035555556 1.0 0.684577777778 26.2910087109 30.8133164364 0.773974527448 1409574390.98
0.287 0.995100432647 0.0100213221657 9.79542222222 1.0 0.693511111111 26.2910087109 30.8133164364 0.751627114513 1409574392.17
0.267 0.995099995178 0.0121193933639 10.2022666667 1.0 0.6972 26.2910087109 30.8133164364 0.768927542475 1409574393.15
0.249 0.994855940448 0.0148107509719 10.5080444444 1.0 0.701644444444 26.2910087109 30.8133164364 0.761057698608 1409574394.35
0.284 0.994288158897 0.0126630477183 10.6341333333 1.0 0.709955555556 26.2910087109 30.8133164364 0.785530191542 1409574395.47
0.268 0.992512188285 0.00799272743471 10.7427555556 1.0 0.720888888889 26.2910087109 30.8133164364 0.790709447628 1409574396.49
0.245 0.991993342821 0.00809390300791 11.2727111111 1.0 0.727644444444 26.2910087109 30.8133164364 0.781809780109 1409574397.6
0.242 0.991701230408 0.00572897557357 11.9112888889 1.0 0.729688888889 26.2910087109 30.8133164364 0.759197691442 1409574398.95
0.255 0.992407879559 0.00463528078265 12.3426666667 1.0 0.733422222222 26.2910087109 30.8133164364 0.717935653629 1409574400.1
0.254 0.993779267353 0.00435613346237 12.5959555556 1.0 0.740933333333 26.2910087109 30.8133164364 0.753504082486 1409574401.12
0.276 0.995430962328 0.00382461615168 13.0006222222 1.0 0.745511111111 26.2910087109 30.8133164364 0.798937667345 1409574402.34
0.267 0.99676458532 0.00246687837483 13.4309333333 1.0 0.750666666667 26.2910087109 30.8133164364 0.814749625752 1409574403.58
0.28 0.997996881736 0.00233867269345 13.6019555556 1.0 0.766666666667 26.2910087109 30.8133164364 0.830413057367 1409574404.85
0.254 0.998501672735 0.00194865935671 13.6892444444 1.0 0.780711111111 26.2910087109 30.8133164364 0.830016074556 1409574406.25
0.245 0.998878244312 0.00342285415153 13.7613333333 1.0 0.786488888889 26.2910087109 30.8133164364 0.839846439006 1409574407.28
0.296 0.99906957363 0.007840932121 13.3434222222 1.0 0.804844444444 26.2910087109 30.8133164364 0.843049010317 1409574408.6
0.3 0.999092834901 0.0148128773864 12.9158666667 1.0 0.821733333333 26.2910087109 30.8133164364 0.832994199203 1409574409.69
0.3 0.998197427727 0.0123824900182 12.7804444444 1.0 0.831955555556 26.2910087109 30.8133164364 0.818949086406 1409574410.92
0.313 0.996321639499 0.00903769867799 12.6778222222 1.0 0.842266666667 26.2910087109 30.8133164364 0.79266310369 1409574412.1
0.267 0.995120742929 0.00725014864218 12.5910222222 1.0 0.855511111111 26.2910087109 30.8133164364 0.794779781785 1409574413.25
0.225 0.995262588136 0.00605576559462 12.7193333333 1.0 0.867466666667 26.2910087109 30.8133164364 0.803207278169 1409574414.68
0.237 0.996072796664 0.00694367320056 12.5164444444 1.0 0.887822222222 26.2910087109 30.8133164364 0.79059136247 1409574415.76
0.239 0.996645200487 0.00696707127936 12.1480888889 1.0 0.196533333333 29.1455043554 34.3907611826 0.77450325106 1409574416.85
0.31 0.996489426265 0.0079030437899 11.1540444444 1.0 0.331911111111 29.1455043554 34.3907611826 0.792268662637 1409574417.85
0.299 0.996838452786 0.00902903810987 10.5535111111 1.0 0.386488888889 29.1455043554 34.3907611826 0.828298666973 1409574418.91
0.322 0.996447772099 0.00738680355958 10.2151111111 1.0 0.439155555556 29.1455043554 34.3907611826 0.817640799238 1409574420.13
0.344 0.996195567649 0.00438497145875 9.97875555556 1.0 0.480933333333 29.1455043554 34.3907611826 0.810061539544 1409574421.53
0.311 0.996799112379 0.00333749142011 9.98977777778 1.0 0.515866666667 29.1455043554 34.3907611826 0.824883416193 1409574422.74
0.312 0.99760136799 0.00455073787803 9.9756 1.0 0.546844444444 29.1455043554 34.3907611826 0.816023159829 1409574423.84
0.29 0.99836922823 0.00561887805669 10.1792888889 1.0 0.567866666667 29.1455043554 34.3907611826 0.822318738783 1409574424.99
0.295 0.997813762573 0.00401249572835 10.3989333333 1.0 0.583822222222 29.1455043554 34.3907611826 0.816006298895 1409574426.06
0.315 0.997862076552 0.00340486569013 10.2722222222 1.0 0.610488888889 29.1455043554 34.3907611826 0.813101719561 1409574427.38
0.286 0.998289767059 0.0033363756898 10.2259111111 1.0 0.638666666667 29.1455043554 34.3907611826 0.827421758939 1409574428.59
0.273 0.998359487903 0.00184209131425 10.3549777778 1.0 0.662222222222 29.1455043554 34.3907611826 0.840300369378 1409574429.62
0.261 0.998889775109 0.00328926895625 10.3067111111 1.0 0.688222222222 29.1455043554 34.3907611826 0.843336964283 1409574430.62
0.305 0.999023526181 0.00372970470004 10.5734222222 1.0 0.703066666667 29.1455043554 34.3907611826 0.835052924767 1409574431.92
0.286 0.998815610047 0.00404501295433 10.5912 1.0 0.726444444444 29.1455043554 34.3907611826 0.833263033707 1409574433.03
0.26 0.998439091287 0.00528656723516 10.3719555556 1.0 0.757466666667 29.1455043554 34.3907611826 0.815366964363 1409574434.1
0.296 0.997597579917 0.0030427130062 10.7096 1.0 0.768355555556 29.1455043554 34.3907611826 0.799910191422 1409574435.17
0.298 0.997049093991 0.00443751854997 10.8050222222 1.0 0.781244444444 29.1455043554 34.3907611826 0.803939373649 1409574436.27
0.319 0.996136131628 0.00393156885389 10.6473777778 1.0 0.798444444444 29.1455043554 34.3907611826 0.791692204952 1409574437.42
0.316 0.995660636336 0.00348693296997 10.8105777778 1.0 0.806444444444 29.1455043554 34.3907611826 0.775288234975 1409574438.69
0.322 0.996473970278 0.00449485572869 10.7297333333 1.0 0.820088888889 29.1455043554 34.3907611826 0.77145233103 1409574439.92
0.315 0.997407369685 0.00614964608187 10.7352888889 1.0 0.827955555556 29.1455043554 34.3907611826 0.797476144118 1409574441.19
0.29 0.997237848562 0.00806956883353 10.9741777778 1.0 0.830933333333 29.1455043554 34.3907611826 0.808389444159 1409574442.37
0.29 0.996025376875 0.0053232900182 10.9559111111 1.0 0.838933333333 29.1455043554 34.3907611826 0.806351432852 1409574443.37
0.298 0.996040583086 0.00638905689203 11.2777333333 1.0 0.841511111111 29.1455043554 34.3907611826 0.808120226798 1409574444.44
0.319 0.996205755487 0.00893570300033 11.2971111111 1.0 0.849377777778 29.1455043554 34.3907611826 0.822755005892 1409574445.5
0.285 0.995496586639 0.00909249584401 11.3540444444 1.0 0.853377777778 29.1455043554 34.3907611826 0.790357459921 1409574446.67
0.301 0.994947290569 0.0127204400771 11.5625333333 1.0 0.856311111111 29.1455043554 34.3907611826 0.800616257406 1409574447.84
0.341 0.9935722416 0.0122392484679 11.7287555556 1.0 0.859288888889 29.1455043554 34.3907611826 0.787024885883 1409574449.29
0.327 0.99273251597 0.0112005429111 11.8168 1.0 0.859777777778 29.1455043554 34.3907611826 0.785281745019 1409574450.66
0.339 0.992478119966 0.00845358417456 11.9567111111 1.0 0.862888888889 29.1455043554 34.3907611826 0.754976310999 1409574451.73
0.355 0.993849140747 0.00754761683889 12.0235111111 1.0 0.870577777778 29.1455043554 34.3907611826 0.747834132567 1409574452.95
0.359 0.995088623164 0.00655602564968 11.8403555556 1.0 0.8852 29.1455043554 34.3907611826 0.738841530555 1409574454.14
0.353 0.995887493283 0.00593796067604 11.8249333333 1.0 0.886844444444 29.1455043554 34.3907611826 0.743504036249 1409574455.41
0.359 0.996732360588 0.00517041876392 11.3226222222 1.0 0.896488888889 29.1455043554 34.3907611826 0.75757491907 1409574456.59
0.376 0.997636712134 0.00657559226629 11.1704 1.0 0.0582666666667 32.0727521777 37.8131660451 0.784218413836 1409574457.72
0.337 0.998279295317 0.00702035455218 10.7884 1.0 0.361288888889 32.0727521777 37.8131660451 0.788870750756 1409574459.09
0.346 0.998669572425 0.00354178719053 10.3427111111 1.0 0.416044444444 32.0727521777 37.8131660451 0.795039193932 1409574460.39
0.301 0.99839102147 0.00225569819543 10.0921333333 1.0 0.4512 32.0727521777 37.8131660451 0.813820652343 1409574461.46
0.305 0.998477031566 0.00218077187213 9.91537777778 1.0 0.4868 32.0727521777 37.8131660451 0.818284758297 1409574462.76
0.282 0.998608720895 0.00326202567585 9.69373333333 1.0 0.518088888889 32.0727521777 37.8131660451 0.812740126049 1409574464.17
0.317 0.998589612 0.00700517419336 9.49168888889 1.0 0.546488888889 32.0727521777 37.8131660451 0.811798153999 1409574465.29
0.355 0.998334098446 0.0104682749323 8.92377777778 1.0 0.584266666667 32.0727521777 37.8131660451 0.807681548132 1409574466.45
0.336 0.997620348614 0.00872996109128 8.58586666667 1.0 0.609288888889 32.0727521777 37.8131660451 0.801693082907 1409574467.67
0.351 0.996656841049 0.00816396163757 8.37808888889 1.0 0.631822222222 32.0727521777 37.8131660451 0.803024849162 1409574468.75
0.315 0.995627518398 0.00967386661749 8.45724444444 1.0 0.645911111111 32.0727521777 37.8131660451 0.827558122983 1409574469.79
