0.177 0.999650071235 0.142751255968 0.8222 0.1778 0.1778 0 0 0.876485545409 1411686449.94
0.31 0.934301271156 0.0599007466405 1.4402 0.2799 0.2799 0 0 0.669472783363 1411686450.45
0.349 0.867361183506 0.0486124817663 2.0058 0.3314 0.3314 0 0 0.567303697065 1411686451.16
0.397 0.832226002238 0.0525247224541 2.5253 0.3687 0.3687 0 0 0.524089002554 1411686452.45
0.432 0.815901088509 0.0458113370156 2.9526 0.4095 0.4095 0 0 0.495414729594 1411686453.7
0.408 0.82018977472 0.0382630017777 3.3637 0.4417 0.4417 0 0 0.484872709047 1411686455.12
0.402 0.829462151996 0.0313794190148 3.8739 0.453 0.453 0 0 0.496743055499 1411686456.47
0.428 0.84081068114 0.0305358597367 4.4237 0.4552 0.4552 0 0 0.509034242035 1411686457.78
0.407 0.856136729268 0.033078565009 4.9673 0.4598 0.4598 0 0 0.534028910824 1411686459.17
0.401 0.869919064294 0.0337531467108 5.4267 0.4713 0.4713 0 0 0.548548906484 1411686460.44
0.413 0.882585599965 0.0300432388571 5.8621 0.4822 0.4822 0 0 0.566159965301 1411686461.7
0.409 0.895069098435 0.0242727771681 6.4452 0.4829 0.4829 0 0 0.58572331849 1411686462.87
0.348 0.903889545696 0.013286058209 7.0604 0.4839 0.4839 0 0 0.579166996715 1411686464.0
0.343 0.911102783738 0.0135956049288 7.682 0.4849 0.4849 0 0 0.571891968437 1411686465.11
0.374 0.915309835104 0.020280907987 8.2205 0.486 0.486 0 0 0.593133315792 1411686466.2
0.394 0.918397596167 0.0196357909321 8.6919 0.4895 0.4895 0 0 0.61032367703 1411686467.27
0.412 0.926321304107 0.0195832935565 9.2528 0.4901 0.4901 0 0 0.645943334165 1411686468.55
0.344 0.933742879344 0.0172742124705 9.9067 0.4901 0.4901 0 0 0.666139836752 1411686470.21
0.343 0.940621420567 0.0142901141522 10.5571 0.4901 0.4901 0 0 0.645734105737 1411686471.34
0.315 0.948661571779 0.0136847201076 11.2328 0.4901 0.4901 0 0 0.667065663139 1411686472.78
0.307 0.954470833739 0.00797428228686 11.8895 0.4901 0.4901 0 0 0.683663799877 1411686473.92
0.29 0.96108744005 0.00222402267718 12.5597 0.4901 0.4901 0 0 0.645881610951 1411686475.17
0.282 0.964223191304 0.000827386181769 13.2587 0.4901 0.4901 0 0 0.621773549196 1411686476.38
0.294 0.964552240312 0.00246273078518 13.9199 0.4901 0.4901 0 0 0.643452843785 1411686477.38
0.337 0.964977847293 0.00417172452489 14.5597 0.4901 0.4901 0 0 0.667575859765 1411686478.41
0.31 0.967160312337 0.0017823551567 15.1273 0.4904 0.4904 0 0 0.621189973838 1411686479.35
0.331 0.967980740307 0.00141926197413 15.6476 0.4931 0.4931 0 0 0.614012839926 1411686480.18
0.308 0.967960659833 0.00443617194717 16.2059 0.4952 0.4952 0 0 0.615137732878 1411686481.39
0.322 0.968719127384 0.0108693362792 16.5745 0.5026 0.5026 0 0 0.597242293377 1411686482.51
0.317 0.968975795944 0.00535626202966 17.0456 0.5084 0.5084 0 0 0.589593641959 1411686483.43
0.31 0.968503849876 0.00552468468689 17.4379 0.5161 0.5161 0 0 0.598673977201 1411686484.27
0.35 0.967885648098 0.00623938613527 18.0875 0.5166 0.5166 0 0 0.584176500929 1411686485.43
0.328 0.966554925412 0.00157288846643 18.551 0.5215 0.5215 0 0 0.563067807039 1411686486.38
0.351 0.965622784474 0.00233209941916 18.949 0.5268 0.5268 0 0 0.52621948226 1411686487.2
0.366 0.964829392391 0.0165446832824 19.1558 0.5356 0.5356 0 0 0.52827035243 1411686487.97
0.429 0.963408798725 0.0181350395619 19.239 0.544 0.544 0 0 0.522050898313 1411686488.84
0.383 0.961554292707 0.0228928128916 19.4832 0.5462 0.5462 0 0 0.519690855971 1411686489.74
0.423 0.959022366835 0.0154375432942 19.3747 0.5608 0.5608 0 0 0.5046110894 1411686490.61
0.43 0.958948296148 0.00680430327769 17.7442 0.6137 0.6137 0 0 0.496897139312 1411686491.54
0.427 0.963084175005 0.00408780032164 15.739 0.6747 0.6747 0 0 0.529264375576 1411686492.4
0.416 0.969734251517 0.00310279801555 15.4545 0.693 0.693 0 0 0.575326912934 1411686493.23
0.382 0.977072835761 0.00943051783343 13.8707 0.7443 0.7443 0 0 0.635390928571 1411686494.04
0.333 0.982984076884 0.0101733065927 13.605 0.7659 0.7659 0 0 0.670762364362 1411686494.83
0.352 0.987141506939 0.0273552506442 14.0744 0.7696 0.7696 0 0 0.710302970731 1411686495.62
0.269 0.990122132045 0.0330908942497 13.5889 0.7954 0.7954 0 0 0.756274218055 1411686496.45
0.286 0.991478726088 0.0307482069358 14.1049 0.7968 0.7968 0 0 0.804021151119 1411686497.21
0.297 0.992757505847 0.0339856560383 14.3771 0.7996 0.7996 0 0 0.822693445704 1411686497.99
0.295 0.994757199995 0.0231284323888 14.7618 0.8039 0.8039 0 0 0.857376194867 1411686498.75
0.247 0.996526298179 0.0196914190437 15.3236 0.8053 0.8053 0 0 0.878172559142 1411686499.59
0.252 0.996528139372 0.0157187869006 15.6702 0.8123 0.8123 0 0 0.895530246186 1411686500.39
0.194 0.996483519943 0.0150223196381 16.2047 0.8165 0.8165 0 0 0.925885152244 1411686501.12
0.247 0.995026285952 0.0131347223818 16.7257 0.8192 0.8192 0 0 0.884438517864 1411686501.86
0.269 0.993436376629 0.0111661678011 16.9197 0.827 0.827 0 0 0.86630111557 1411686502.63
0.279 0.99272374894 0.0148606640085 16.9243 0.8365 0.8365 0 0 0.846127929987 1411686503.34
0.309 0.992500624971 0.0171546138474 16.9126 0.8456 0.8456 0 0 0.826759918101 1411686504.14
0.292 0.991937517859 0.0253027564405 17.0699 0.8524 0.8524 0 0 0.81969356001 1411686504.9
0.32 0.98985263631 0.0316736639702 16.8114 0.8613 0.8613 0 0 0.783528006686 1411686505.61
0.378 0.986988875948 0.029898273353 16.256 0.8701 0.8701 0 0 0.714252381641 1411686506.44
0.42 0.986405569829 0.0303121467443 14.4084 0.8838 0.8838 0 0 0.67531187624 1411686507.25
0.394 0.986264431664 0.0277389555828 14.2425 0.889 0.889 0 0 0.675994212354 1411686508.05
0.398 0.985131738395 0.0211235148727 13.8425 0.8946 0.8946 0 0 0.697428391239 1411686508.9
0.393 0.984476254367 0.0168896736533 13.9691 0.8971 0.8971 0 0 0.707854689836 1411686509.8
0.391 0.986706468771 0.0210151521144 14.1072 0.9021 0.3575 62 60.396958828 0.746292104568 1411686510.68
0.426 0.989345244917 0.0412324814428 14.3563 0.9032 0.433 62 60.396958828 0.735118172604 1411686511.47
0.384 0.988959103119 0.0429001912268 14.6517 0.905 0.454 62 60.396958828 0.702735252964 1411686512.34
0.404 0.98763344126 0.0326792473719 14.9812 0.9055 0.4726 62 60.396958828 0.686432804733 1411686513.2
0.375 0.987580195096 0.0305517827366 15.2318 0.9055 0.4946 62 60.396958828 0.704992275294 1411686514.0
0.382 0.988123807473 0.0310646578087 15.7089 0.9055 0.505 62 60.396958828 0.723493348429 1411686514.7
0.369 0.988135307315 0.0279358990126 16.0077 0.9062 0.5239 62 60.396958828 0.72516131028 1411686515.5
0.359 0.985377807679 0.0199418997418 16.0447 0.9084 0.5696 62 60.396958828 0.696362927898 1411686516.4
0.35 0.984766654951 0.0117089746916 16.3125 0.9092 0.598 62 60.396958828 0.711924579198 1411686517.18
0.373 0.986831672553 0.0083172592118 16.5177 0.9122 0.6115 62 60.396958828 0.70551679395 1411686517.96
0.364 0.990677124484 0.013215565234 16.9954 0.9136 0.6153 62 60.396958828 0.733743958844 1411686518.76
0.34 0.991999133272 0.0145385258945 17.1932 0.9174 0.6236 62 60.396958828 0.749947957873 1411686519.43
0.359 0.991663090351 0.0154967050738 16.9559 0.9246 0.6401 62 60.396958828 0.747923503457 1411686520.14
0.349 0.990964870735 0.0129671788544 16.3139 0.9348 0.6617 62 60.396958828 0.708944720887 1411686520.89
0.376 0.991391321053 0.0160838921462 15.3299 0.9487 0.6883 62 60.396958828 0.723440740595 1411686521.69
0.414 0.991548780592 0.0141030617802 14.9662 0.957 0.701 62 60.396958828 0.746223522071 1411686522.44
0.336 0.99185076586 0.0133026359144 15.1455 0.9609 0.7069 62 60.396958828 0.781590019622 1411686523.19
0.34 0.99182111423 0.0128629150175 15.1463 0.9644 0.7182 62 60.396958828 0.793621790403 1411686523.94
0.314 0.992194188026 0.0117911198691 15.5843 0.9652 0.7207 62 60.396958828 0.787868277508 1411686524.71
0.351 0.992691475965 0.0118151397395 15.5633 0.9661 0.7345 62 60.396958828 0.789964901079 1411686525.57
0.302 0.99255790588 0.00946281878964 15.5157 0.9661 0.7492 62 60.396958828 0.77922199446 1411686526.32
0.32 0.992891814801 0.0095091240269 15.7605 0.9661 0.7569 62 60.396958828 0.789176880454 1411686527.01
0.274 0.993188713938 0.0127148403075 16.0575 0.9661 0.7656 62 60.396958828 0.80066678163 1411686527.69
0.31 0.992457503255 0.0128329894094 16.3649 0.9661 0.7718 62 60.396958828 0.814375308491 1411686528.35
0.313 0.991671018177 0.0113604737164 16.5666 0.9661 0.7788 62 60.396958828 0.807434346915 1411686529.03
0.321 0.991734771542 0.0109046452925 16.4689 0.9661 0.7935 62 60.396958828 0.809342925421 1411686529.77
0.3 0.992192036677 0.00621418094827 16.6137 0.9661 0.8001 62 60.396958828 0.790459593993 1411686530.49
0.327 0.994128994538 0.0071231689139 16.4923 0.9661 0.8111 62 60.396958828 0.784873383453 1411686531.16
0.322 0.995627232844 0.00821573201972 16.6689 0.9661 0.8182 62 60.396958828 0.783245951714 1411686531.87
0.32 0.996098100512 0.00676347140916 16.2733 0.9661 0.8282 62 60.396958828 0.796031063081 1411686532.58
0.325 0.996254191543 0.00601469294878 15.8061 0.9661 0.8316 62 60.396958828 0.814899397903 1411686533.3
0.403 0.996291597253 0.00716656542961 15.8052 0.9661 0.8319 62 60.396958828 0.795804303923 1411686534.04
0.358 0.99602822872 0.00885114649415 15.9786 0.9661 0.8319 62 60.396958828 0.807118780174 1411686534.85
0.346 0.995754130855 0.00561602353511 16.3893 0.9661 0.8326 62 60.396958828 0.810661005675 1411686535.63
0.385 0.996172182195 0.00948224075542 16.4248 0.9661 0.8373 62 60.396958828 0.820452235195 1411686536.45
0.373 0.995202421978 0.0167642047286 16.3664 0.9661 0.8452 62 60.396958828 0.803341649753 1411686537.19
0.4 0.992684129192 0.0190998688152 16.8466 0.9666 0.8461 62 60.396958828 0.775854691293 1411686537.93
0.409 0.988645229163 0.0125552413936 17.1631 0.9666 0.8472 62 60.396958828 0.745859904504 1411686538.75
0.418 0.988826413837 0.0136094458893 17.4308 0.9666 0.8483 62 60.396958828 0.758033595372 1411686539.56
0.408 0.990335685098 0.0109128867307 17.6986 0.9666 0.8502 62 60.396958828 0.777205955698 1411686540.39
0.395 0.993113874538 0.0104559535731 17.9731 0.9666 0.8524 62 60.396958828 0.794171828604 1411686541.2
0.403 0.994301509156 0.0148678913152 18.1843 0.9666 0.8579 62 60.396958828 0.808736254095 1411686542.05
0.431 0.993547075862 0.017313539151 16.9085 0.9675 0.8786 62 60.396958828 0.801482242832 1411686542.88
0.375 0.99170133601 0.0201429987939 16.6042 0.9705 0.8882 62 60.396958828 0.787345522718 1411686543.76
0.383 0.988926550012 0.0156470897096 16.8397 0.9715 0.8914 62 60.396958828 0.801389062637 1411686544.59
0.357 0.988450312561 0.0127367783774 16.4515 0.978 0.0875 53.5 47.7298903465 0.804051909553 1411686545.36
0.381 0.989846296534 0.0212589549029 14.9896 0.9886 0.3723 53.5 47.7298903465 0.794969332398 1411686546.21
0.393 0.990307729313 0.0317157057541 14.4556 0.9949 0.419 53.5 47.7298903465 0.774792672176 1411686547.01
0.373 0.989403085668 0.0325445642687 14.3124 0.998 0.4406 53.5 47.7298903465 0.779792455845 1411686547.78
0.37 0.98784634413 0.0288634701614 13.1833 0.9999 0.4774 53.5 47.7298903465 0.775435863805 1411686548.61
0.353 0.986798548203 0.0257797177221 12.0826 0.9999 0.5072 53.5 47.7298903465 0.752607529342 1411686549.35
0.372 0.985745898895 0.0179512594797 11.1632 0.9999 0.5437 53.5 47.7298903465 0.739513683274 1411686550.09
0.381 0.985172748978 0.0167103368528 10.4247 0.9999 0.5887 53.5 47.7298903465 0.712702756681 1411686550.83
0.386 0.986953707334 0.0145961723805 9.8138 0.9999 0.6347 53.5 47.7298903465 0.698412202621 1411686551.56
0.415 0.98960021643 0.0127395156519 9.7776 0.9999 0.662 53.5 47.7298903465 0.728008391697 1411686552.35
0.39 0.991558003221 0.0114431353332 9.6684 0.9999 0.692 53.5 47.7298903465 0.747716507119 1411686553.07
0.416 0.993152528486 0.0119923804508 9.7839 0.9999 0.7098 53.5 47.7298903465 0.759902482507 1411686553.91
0.452 0.993698490153 0.00985379201417 9.6988 0.9999 0.7339 53.5 47.7298903465 0.776169881479 1411686554.71
0.417 0.993979251228 0.00401957290228 9.4299 0.9999 0.7635 53.5 47.7298903465 0.769489101055 1411686555.54
0.429 0.995211411041 0.0021942754599 9.8406 0.9999 0.7685 53.5 47.7298903465 0.782289485414 1411686556.41
0.372 0.997000629296 0.000529533749378 10.3637 0.9999 0.7709 53.5 47.7298903465 0.778424174664 1411686557.23
0.34 0.998320713654 0.000394710323166 10.9018 0.9999 0.774 53.5 47.7298903465 0.785643874503 1411686557.97
0.322 0.999037779423 0.000849341461047 11.3517 0.9999 0.7832 53.5 47.7298903465 0.783766795106 1411686558.7
0.294 0.999178709357 0.000709479355716 11.9002 0.9999 0.7862 53.5 47.7298903465 0.788598504017 1411686559.38
0.275 0.999283068851 0.00149112551985 12.3624 0.9999 0.7903 53.5 47.7298903465 0.797755738023 1411686560.03
0.291 0.999508662558 0.000850649584101 12.8735 0.9999 0.7923 53.5 47.7298903465 0.822913904049 1411686560.76
0.281 0.999626073246 0.000618220841458 13.2742 0.9999 0.7975 53.5 47.7298903465 0.859195868613 1411686561.52
0.285 0.999677253292 0.000769585121438 13.6359 0.9999 0.8019 53.5 47.7298903465 0.873900577614 1411686562.21
0.307 0.999666507124 0.000489212465703 13.9369 0.9999 0.8103 53.5 47.7298903465 0.866021157345 1411686562.96
0.325 0.999446148759 0.0013917647369 13.8819 0.9999 0.824 53.5 47.7298903465 0.843787192578 1411686563.72
0.311 0.999355258964 0.00253251783031 13.5982 0.9999 0.8408 53.5 47.7298903465 0.834851568595 1411686564.5
0.327 0.999162857917 0.0127135970331 13.3202 0.9999 0.8581 53.5 47.7298903465 0.81918072527 1411686565.28
0.345 0.998234760977 0.00888575582985 12.8128 0.9999 0.8801 53.5 47.7298903465 0.803122573012 1411686566.13
0.388 0.996733768867 0.0109674702545 11.9164 0.9999 0.0318 40.75 34.7030646801 0.78708614423 1411686566.96
0.409 0.994391360669 0.00489218905043 11.7551 0.9999 0.3931 40.75 34.7030646801 0.773216273478 1411686567.88
0.42 0.99424922218 0.0105950035793 11.8341 0.9999 0.4407 40.75 34.7030646801 0.748594635978 1411686568.64
0.395 0.994086223199 0.0212145046432 11.7766 0.9999 0.4831 40.75 34.7030646801 0.767569516274 1411686569.35
0.354 0.992729862517 0.0226800503587 12.2635 0.9999 0.4979 40.75 34.7030646801 0.799538586998 1411686570.19
0.345 0.99010772234 0.0139883820888 12.6191 0.9999 0.5135 40.75 34.7030646801 0.802461516088 1411686570.92
0.357 0.98911641201 0.013208420981 12.7895 0.9999 0.5326 40.75 34.7030646801 0.812655844085 1411686571.71
0.314 0.989403583384 0.017017710423 12.868 0.9999 0.5483 40.75 34.7030646801 0.791771150717 1411686572.58
0.329 0.990334682574 0.0216045816791 13.139 0.9999 0.5635 40.75 34.7030646801 0.798429868323 1411686573.41
0.338 0.990022398941 0.0158485112149 13.5469 0.9999 0.5736 40.75 34.7030646801 0.814774620663 1411686574.18
0.28 0.989522182328 0.0091000494931 13.7884 0.9999 0.5878 40.75 34.7030646801 0.821751563045 1411686574.96
0.303 0.991633894438 0.00605506141053 14.2262 0.9999 0.6018 40.75 34.7030646801 0.840558042946 1411686575.67
0.307 0.993733792678 0.00275025422231 14.7415 0.9999 0.6134 40.75 34.7030646801 0.83358760299 1411686576.45
0.282 0.995562344686 0.00774502696746 15.2821 0.9999 0.618 40.75 34.7030646801 0.822930078699 1411686577.12
0.256 0.996368104688 0.0108036287499 15.8251 0.9999 0.6225 40.75 34.7030646801 0.82326938881 1411686577.92
0.275 0.995425167819 0.00355348759097 16.4701 0.9999 0.6226 40.75 34.7030646801 0.827572599947 1411686578.59
0.309 0.994784957878 0.00463566136251 16.8758 0.9999 0.6268 40.75 34.7030646801 0.833746400029 1411686579.3
0.317 0.995785312434 0.00492711963706 17.2638 0.9999 0.6296 40.75 34.7030646801 0.83425077173 1411686580.17
0.337 0.996828143168 0.00538338618599 17.4841 0.9999 0.6383 40.75 34.7030646801 0.858000209288 1411686580.94
0.316 0.997065300984 0.00630613212829 17.1575 0.9999 0.6588 40.75 34.7030646801 0.808718995615 1411686581.71
0.357 0.996614940937 0.00944288616643 17.3152 0.9999 0.6691 40.75 34.7030646801 0.799845271332 1411686582.43
0.3 0.996074892233 0.00889345175911 17.7633 0.9999 0.6747 40.75 34.7030646801 0.832176190592 1411686583.17
0.316 0.995826540051 0.00477937589024 18.0458 0.9999 0.6808 40.75 34.7030646801 0.798520354472 1411686583.84
0.335 0.996297963632 0.00597381989329 17.7484 0.9999 0.696 40.75 34.7030646801 0.785635487952 1411686584.48
0.337 0.99629520592 0.00581508871911 17.9039 0.9999 0.6999 40.75 34.7030646801 0.785153338165 1411686585.21
0.355 0.997184697855 0.00380551675554 17.1139 0.9999 0.7188 40.75 34.7030646801 0.780584658264 1411686585.94
0.321 0.998096908945 0.00347862987526 16.4044 0.9999 0.7386 40.75 34.7030646801 0.783165850782 1411686586.7
0.33 0.997926269385 0.00618010897942 16.2809 0.9999 0.7492 40.75 34.7030646801 0.764347817994 1411686587.46
0.293 0.99789213877 0.00916134587557 16.5448 0.9999 0.7553 40.75 34.7030646801 0.767696455843 1411686588.13
0.332 0.998130659906 0.00816263168889 16.7877 0.9999 0.7603 40.75 34.7030646801 0.780468259415 1411686588.73
0.341 0.997198386457 0.00654537421648 17.1402 0.9999 0.7631 40.75 34.7030646801 0.781206153664 1411686589.53
0.31 0.996122123074 0.00486403421773 17.3567 0.9999 0.7667 40.75 34.7030646801 0.780021730751 1411686590.21
0.322 0.996112092855 0.00708632870802 17.6551 0.9999 0.7696 40.75 34.7030646801 0.808800023058 1411686590.88
0.325 0.995574001466 0.00555979861251 17.934 0.9999 0.7709 40.75 34.7030646801 0.801997156685 1411686591.63
0.351 0.996021148834 0.00695993066499 18.2017 0.9999 0.7736 40.75 34.7030646801 0.80057323153 1411686592.3
0.365 0.996915447515 0.0112997553039 18.0788 0.9999 0.7869 40.75 34.7030646801 0.806041242879 1411686593.03
0.374 0.997075902196 0.0161413439543 17.7148 0.9999 0.8048 40.75 34.7030646801 0.798174956149 1411686593.77
0.359 0.99667150412 0.020531148476 17.261 0.9999 0.8223 40.75 34.7030646801 0.773480230528 1411686594.61
0.378 0.994596924085 0.0225539830086 17.3491 0.9999 0.8274 40.75 34.7030646801 0.752780935346 1411686595.33
0.425 0.991558081643 0.0234385653509 16.8159 0.9999 0.8414 40.75 34.7030646801 0.726711708323 1411686596.06
0.434 0.987345524772 0.0229255352961 15.4834 0.9999 0.8674 40.75 34.7030646801 0.709148252936 1411686596.84
0.473 0.986472240701 0.0281198934215 12.7099 0.9999 0.1881 40.875 32.606762886 0.704822949624 1411686597.64
0.459 0.985979376266 0.0291325780461 12.4692 0.9999 0.4595 40.875 32.606762886 0.706198200292 1411686598.51
0.433 0.98625840841 0.0232331634379 11.0295 0.9999 0.5238 40.875 32.606762886 0.683793012076 1411686599.32
0.471 0.987357489413 0.0174555444131 9.1839 0.9999 0.577 40.875 32.606762886 0.679769848654 1411686600.11
0.464 0.989280875467 0.0202743098101 8.0885 0.9999 0.6241 40.875 32.606762886 0.681659808123 1411686600.92
0.408 0.989473717142 0.0150733627044 7.2876 0.9999 0.668 40.875 32.606762886 0.696093702981 1411686601.7
0.426 0.990278145879 0.00976211768629 7.5907 0.9999 0.681 40.875 32.606762886 0.706320650889 1411686602.49
0.422 0.991233334869 0.0176642059803 7.913 0.9999 0.6892 40.875 32.606762886 0.70767099474 1411686603.15
0.435 0.990413089419 0.0158995885841 8.1257 0.9999 0.6992 40.875 32.606762886 0.723797767572 1411686603.9
0.397 0.990621237259 0.021001706315 8.5946 0.9999 0.7007 40.875 32.606762886 0.7123778384 1411686604.76
0.448 0.988716888952 0.0273136447599 8.4628 0.9999 0.7191 40.875 32.606762886 0.71714006796 1411686605.55
0.435 0.985655397374 0.0324366280313 8.4567 0.9999 0.7463 40.875 32.606762886 0.717916743162 1411686606.3
0.482 0.983220880076 0.0388384454146 8.3196 1.0 0.7635 40.875 32.606762886 0.725566143094 1411686607.09
0.448 0.981671350915 0.0416765373051 8.6103 1.0 0.7702 40.875 32.606762886 0.713972674934 1411686607.88
0.381 0.981410282853 0.0388950395804 8.9861 1.0 0.7805 40.875 32.606762886 0.755538666226 1411686608.67
0.383 0.981575407548 0.0364226037187 9.455 1.0 0.7864 40.875 32.606762886 0.765810820124 1411686609.48
0.337 0.983157700379 0.0316364061295 10.0373 1.0 0.7889 40.875 32.606762886 0.798221354965 1411686610.22
0.283 0.987191389786 0.02162942197 10.6529 1.0 0.7902 40.875 32.606762886 0.787304071784 1411686610.98
0.285 0.989215522401 0.0112326362749 11.278 1.0 0.7912 40.875 32.606762886 0.776563550583 1411686611.74
0.273 0.991480963143 0.00292137015914 11.8939 1.0 0.7912 40.875 32.606762886 0.803431239728 1411686612.5
0.286 0.99400514823 0.000413628716937 12.5394 1.0 0.7912 40.875 32.606762886 0.819358869223 1411686613.28
0.298 0.996598819981 0.000157999477935 13.1601 1.0 0.7921 40.875 32.606762886 0.844992075078 1411686614.06
0.233 0.998703291102 0.000394538267405 13.5036 1.0 0.7977 40.875 32.606762886 0.826643214437 1411686614.87
0.238 0.999519428381 0.000531326074673 13.9242 1.0 0.8024 40.875 32.606762886 0.812629068586 1411686615.47
0.248 0.999551663698 0.000857770097364 14.4238 1.0 0.8047 40.875 32.606762886 0.82953563725 1411686616.12
0.255 0.999700325538 0.00142165578209 14.9117 1.0 0.8047 40.875 32.606762886 0.814698260875 1411686616.82
0.251 0.999426522926 0.00262625305544 14.4115 1.0 0.8132 40.875 32.606762886 0.803904172784 1411686617.52
0.299 0.998591775787 0.00275154060742 14.5246 1.0 0.8163 40.875 32.606762886 0.804191037323 1411686618.28
0.297 0.998027810346 0.0037025235522 14.8097 1.0 0.8202 40.875 32.606762886 0.787840783093 1411686619.01
0.283 0.997508381841 0.00291415735927 15.0666 1.0 0.8275 40.875 32.606762886 0.792884516254 1411686619.79
0.278 0.997948322427 0.00468986106387 14.6837 1.0 0.8416 40.875 32.606762886 0.790833487048 1411686620.42
0.279 0.998098917505 0.0172493706888 13.9022 1.0 0.8603 40.875 32.606762886 0.781276189793 1411686621.09
0.288 0.996798606839 0.0281758838516 13.4688 1.0 0.871 40.875 32.606762886 0.77674510334 1411686621.84
0.31 0.993916427399 0.0194509656052 13.4822 1.0 0.8769 40.875 32.606762886 0.747321636007 1411686622.58
0.315 0.99066569892 0.0114214177782 13.8289 1.0 0.878 40.875 32.606762886 0.765653494568 1411686623.31
0.293 0.990293199905 0.0110486488727 14.3415 1.0 0.878 40.875 32.606762886 0.786602589081 1411686624.14
0.27 0.992456567723 0.0257804055915 15.0816 1.0 0.878 40.875 32.606762886 0.846970005265 1411686624.86
0.257 0.992103835136 0.0265542862435 15.8058 1.0 0.878 40.875 32.606762886 0.843963967756 1411686625.61
0.213 0.989835388045 0.0130110201303 16.4469 1.0 0.878 40.875 32.606762886 0.810383879172 1411686626.46
0.178 0.990922942409 0.012798321077 17.2132 1.0 0.878 40.875 32.606762886 0.850788619837 1411686627.2
0.18 0.992630855755 0.0191875832015 17.9008 1.0 0.878 40.875 32.606762886 0.872278415151 1411686627.92
0.201 0.994477621207 0.0224788495102 18.6056 1.0 0.878 40.875 32.606762886 0.882393525069 1411686628.7
0.209 0.995405028903 0.0236058466859 19.3002 1.0 0.878 40.875 32.606762886 0.871371326403 1411686629.4
0.187 0.996067368807 0.00728814193843 20.047 1.0 0.878 40.875 32.606762886 0.858808552249 1411686630.22
0.204 0.997474285198 0.00538460361802 20.6888 1.0 0.878 40.875 32.606762886 0.834026492434 1411686630.95
0.197 0.997675000985 0.0124606842833 21.3929 1.0 0.878 40.875 32.606762886 0.841893208666 1411686631.66
0.223 0.998371205535 0.0149161460172 22.0851 1.0 0.878 40.875 32.606762886 0.846569573807 1411686632.41
0.185 0.999097428034 0.0235200059727 22.7212 1.0 0.878 40.875 32.606762886 0.853032903188 1411686633.14
0.203 0.999358647403 0.0280309633778 23.4161 1.0 0.878 40.875 32.606762886 0.869451934132 1411686633.83
0.23 0.998914576743 0.0261517772427 23.9792 1.0 0.878 40.875 32.606762886 0.849539161442 1411686634.6
0.215 0.997563617905 0.019287490896 24.5781 1.0 0.878 40.875 32.606762886 0.830852046406 1411686635.35
0.248 0.995874849348 0.0143955110778 25.0431 1.0 0.878 40.875 32.606762886 0.791832711336 1411686636.04
0.246 0.994637556398 0.0135283536943 25.7245 1.0 0.878 40.875 32.606762886 0.788783040255 1411686636.75
0.249 0.992701324502 0.0110829641428 26.4834 1.0 0.878 40.875 32.606762886 0.815966101871 1411686637.45
0.212 0.990240848672 0.00411733467428 27.1686 1.0 0.878 40.875 32.606762886 0.767231933539 1411686638.18
0.212 0.99053578677 0.00602412151119 27.6587 1.0 0.878 40.875 32.606762886 0.794906493855 1411686638.88
0.214 0.992376199776 0.00973318946957 28.2009 1.0 0.878 40.875 32.606762886 0.805037494407 1411686639.68
0.194 0.993359805382 0.00849003792416 29.0047 1.0 0.878 40.875 32.606762886 0.865010049398 1411686640.47
0.206 0.993422052815 0.00666659493126 29.7803 1.0 0.878 40.875 32.606762886 0.862457279751 1411686641.23
0.209 0.99300170549 0.00601907428988 30.385 1.0 0.878 40.875 32.606762886 0.854620863453 1411686642.04
0.224 0.992547288445 0.0111069838563 30.6061 1.0 0.8793 40.875 32.606762886 0.865084450772 1411686642.73
0.244 0.992040076071 0.0198225463284 30.3414 1.0 0.8807 40.875 32.606762886 0.856310884642 1411686643.47
0.287 0.991377010685 0.0377921040493 29.8285 1.0 0.887 40.875 32.606762886 0.806820940018 1411686644.25
0.342 0.990400047104 0.0377519152411 28.942 1.0 0.8871 40.875 32.606762886 0.790671391322 1411686645.07
0.403 0.987027521431 0.0333976397056 27.3751 1.0 0.889 40.875 32.606762886 0.740701624347 1411686645.95
0.393 0.982768455071 0.029186875888 25.9196 1.0 0.8959 40.875 32.606762886 0.734592701846 1411686646.76
0.427 0.982440208982 0.0185477112143 25.0463 1.0 0.2181 53.4375 41.2775174379 0.707303074862 1411686647.64
0.367 0.98359357073 0.0104488586755 25.4709 1.0 0.403 53.4375 41.2775174379 0.723569612191 1411686648.54
0.384 0.984588462127 0.00989041302759 25.5314 1.0 0.4379 53.4375 41.2775174379 0.713442804123 1411686649.29
0.402 0.985796388301 0.00714429021669 24.827 1.0 0.4656 53.4375 41.2775174379 0.733183192685 1411686650.13
0.352 0.987155681538 0.00780545536371 24.7281 1.0 0.4827 53.4375 41.2775174379 0.746048624078 1411686650.89
0.395 0.988313686154 0.00714667258128 24.8384 1.0 0.4953 53.4375 41.2775174379 0.774588570427 1411686651.69
0.4 0.990125040215 0.0246876803998 24.7595 1.0 0.5108 53.4375 41.2775174379 0.784876337433 1411686652.44
0.364 0.990517848001 0.043396394394 24.6834 1.0 0.5241 53.4375 41.2775174379 0.78135493456 1411686653.27
0.403 0.990787845002 0.0362583936894 23.6116 1.0 0.5528 53.4375 41.2775174379 0.743457123302 1411686654.12
0.365 0.989826335383 0.0350178586048 23.6554 1.0 0.5722 53.4375 41.2775174379 0.726829347156 1411686654.94
0.358 0.987720253255 0.0291574543474 22.2397 1.0 0.6042 53.4375 41.2775174379 0.693580360317 1411686655.71
0.369 0.98476591351 0.0427116272523 20.667 1.0 0.6392 53.4375 41.2775174379 0.667217528648 1411686656.52
0.435 0.982915124592 0.0320461222101 19.2171 1.0 0.6743 53.4375 41.2775174379 0.665017855687 1411686657.34
0.44 0.983524165921 0.0194060263604 18.4611 1.0 0.701 53.4375 41.2775174379 0.668043903053 1411686658.13
0.485 0.984027248822 0.0116583875814 17.4248 1.0 0.7324 53.4375 41.2775174379 0.673425495383 1411686658.89
0.457 0.987782284969 0.0183575396803 16.3056 1.0 0.7681 53.4375 41.2775174379 0.68071832941 1411686659.64
0.453 0.989545262785 0.0270144805343 16.1371 1.0 0.7872 53.4375 41.2775174379 0.712208001121 1411686660.48
0.46 0.987641146387 0.0317400839477 15.2754 1.0 0.8067 53.4375 41.2775174379 0.68340806539 1411686661.25
0.493 0.983799762634 0.0258074301984 14.3684 1.0 0.8245 53.4375 41.2775174379 0.679195479009 1411686662.02
0.533 0.980524841205 0.029097840175 13.4365 1.0 0.8352 53.4375 41.2775174379 0.649871121514 1411686662.83
0.541 0.979862154426 0.0208372703222 11.0834 1.0 0.8653 53.4375 41.2775174379 0.657176190795 1411686663.69
0.519 0.982394926715 0.0187863266094 10.4181 1.0 0.8783 53.4375 41.2775174379 0.707115829048 1411686664.7
0.465 0.984725950825 0.0170481623378 10.6085 1.0 0.8808 53.4375 41.2775174379 0.74035235521 1411686665.63
0.418 0.986345537981 0.0185410239257 10.5979 1.0 0.8895 53.4375 41.2775174379 0.774801212866 1411686666.47
0.39 0.987798705461 0.00888166035185 10.9708 1.0 0.8917 53.4375 41.2775174379 0.790190524346 1411686667.34
0.374 0.989638321641 0.00869710730822 10.9861 1.0 0.8966 53.4375 41.2775174379 0.776315703092 1411686668.1
0.367 0.99207406646 0.0113672011156 11.393 1.0 0.8975 53.4375 41.2775174379 0.766540600813 1411686668.84
0.385 0.99331677816 0.00920582703747 11.6411 1.0 0.8997 53.4375 41.2775174379 0.809278374679 1411686669.54
0.325 0.993959401442 0.00960754938972 11.7741 1.0 0.2785 40.71875 31.9099722505 0.83217488166 1411686670.35
0.329 0.993775814028 0.00946631886892 11.889 1.0 0.3515 40.71875 31.9099722505 0.843759729689 1411686671.14
0.306 0.993779242923 0.0119998945334 12.3263 1.0 0.3736 40.71875 31.9099722505 0.828068327359 1411686671.85
0.293 0.99304193923 0.0135668180834 12.7368 1.0 0.3959 40.71875 31.9099722505 0.826201749852 1411686672.59
0.348 0.991135730886 0.0155276150106 13.0477 1.0 0.428 40.71875 31.9099722505 0.740182284069 1411686673.32
0.406 0.989289131877 0.01562875922 13.2606 1.0 0.468 40.71875 31.9099722505 0.701767473977 1411686674.06
0.391 0.988671908682 0.0180933149414 13.0945 1.0 0.4956 40.71875 31.9099722505 0.702752825765 1411686674.74
0.408 0.988152948612 0.0181368955938 13.1565 1.0 0.5098 40.71875 31.9099722505 0.712774311166 1411686675.49
0.417 0.987635451911 0.019347151814 13.4367 1.0 0.5255 40.71875 31.9099722505 0.727154015128 1411686676.24
0.388 0.987600841786 0.0251432761833 13.3299 1.0 0.5542 40.71875 31.9099722505 0.783138216404 1411686677.01
0.409 0.986411055572 0.0221578289294 13.2201 1.0 0.5761 40.71875 31.9099722505 0.773626360943 1411686677.86
0.413 0.985495069417 0.0193038314836 12.9462 1.0 0.5942 40.71875 31.9099722505 0.746223636451 1411686678.73
0.399 0.985419083081 0.0212782646145 12.921 1.0 0.6071 40.71875 31.9099722505 0.715493690958 1411686679.54
0.383 0.985711373138 0.0183152828731 12.6353 1.0 0.6263 40.71875 31.9099722505 0.705158733595 1411686680.33
0.412 0.986751355556 0.022102405966 12.4693 1.0 0.6546 40.71875 31.9099722505 0.676868549807 1411686681.2
0.399 0.987199459201 0.021573014769 11.9935 1.0 0.677 40.71875 31.9099722505 0.702133803585 1411686682.0
0.426 0.986452329724 0.0198173305082 11.4975 1.0 0.6902 40.71875 31.9099722505 0.682406712639 1411686682.76
0.41 0.987304174672 0.0214960580371 10.7978 1.0 0.7086 40.71875 31.9099722505 0.709481020609 1411686683.5
0.445 0.989099817499 0.0337228035618 10.0439 1.0 0.731 40.71875 31.9099722505 0.732662893167 1411686684.27
0.412 0.988466830083 0.031580166149 9.7729 1.0 0.7434 40.71875 31.9099722505 0.726101491668 1411686685.08
0.463 0.985732949792 0.0208881362157 9.4344 1.0 0.7574 40.71875 31.9099722505 0.697812808165 1411686685.86
0.482 0.984934788378 0.018130996959 9.4532 1.0 0.7698 40.71875 31.9099722505 0.685604859546 1411686686.62
0.446 0.985429772333 0.0168353675112 9.7578 1.0 0.7736 40.71875 31.9099722505 0.735412638127 1411686687.41
0.452 0.985201458566 0.0171998795969 9.6731 1.0 0.7835 40.71875 31.9099722505 0.737005377637 1411686688.29
0.458 0.98460988912 0.0165353487335 9.5188 1.0 0.793 40.71875 31.9099722505 0.739746428367 1411686689.08
0.439 0.985964489644 0.0248629492836 9.5443 1.0 0.8045 40.71875 31.9099722505 0.740503507813 1411686689.88
0.461 0.987804259704 0.0199612548243 9.0594 1.0 0.8251 40.71875 31.9099722505 0.739362460222 1411686690.68
0.463 0.987575820852 0.0161115652294 9.1857 1.0 0.8329 40.71875 31.9099722505 0.739101145315 1411686691.42
0.396 0.988159214466 0.014861948867 9.511 1.0 0.836 40.71875 31.9099722505 0.745245017617 1411686692.3
0.42 0.990059595899 0.0118081842432 9.9181 1.0 0.8385 40.71875 31.9099722505 0.735511918757 1411686693.14
0.361 0.991882716379 0.0111430889115 10.2716 1.0 0.844 40.71875 31.9099722505 0.755439265345 1411686693.96
0.361 0.99426002987 0.0113459521517 10.6864 1.0 0.8487 40.71875 31.9099722505 0.781979534111 1411686694.68
0.348 0.99498970962 0.0101058129877 11.1055 1.0 0.8534 40.71875 31.9099722505 0.812437972594 1411686695.42
0.308 0.994519262456 0.00726963842176 11.6584 1.0 0.855 40.71875 31.9099722505 0.823933737983 1411686696.21
0.376 0.99465940469 0.00504099774122 11.8053 1.0 0.8635 40.71875 31.9099722505 0.791528655019 1411686696.96
0.376 0.996105588169 0.00399566858944 12.3005 1.0 0.8648 40.71875 31.9099722505 0.796120807179 1411686697.75
0.345 0.997333663297 0.0124027331251 12.3127 1.0 0.8772 40.71875 31.9099722505 0.805246773322 1411686698.4
0.354 0.998281655739 0.0221544612707 11.4866 1.0 0.2043 38.859375 30.4573911726 0.818557430948 1411686699.16
0.314 0.998095938476 0.0281613849573 11.722 1.0 0.3406 38.859375 30.4573911726 0.836441534528 1411686699.83
0.363 0.997728735139 0.0215293347751 11.5536 1.0 0.3853 38.859375 30.4573911726 0.816088948235 1411686700.53
0.363 0.996412072348 0.0139079739073 11.3126 1.0 0.4309 38.859375 30.4573911726 0.779782888097 1411686701.25
0.394 0.994101668845 0.00801666863459 11.7619 1.0 0.4474 38.859375 30.4573911726 0.765686107425 1411686701.92
0.406 0.993805715958 0.0100433872131 12.2595 1.0 0.4542 38.859375 30.4573911726 0.781641116751 1411686702.56
0.357 0.99296048882 0.00996557073891 12.6156 1.0 0.4696 38.859375 30.4573911726 0.787744234477 1411686703.19
0.343 0.992517429596 0.00164362301478 13.0666 1.0 0.485 38.859375 30.4573911726 0.804062839978 1411686703.87
0.322 0.994190894373 0.00344984476588 13.192 1.0 0.5067 38.859375 30.4573911726 0.801180200565 1411686704.51
0.335 0.995582914935 0.0029145074751 13.7215 1.0 0.5143 38.859375 30.4573911726 0.828685754763 1411686705.28
0.318 0.997092881229 0.000887735090401 14.2841 1.0 0.5172 38.859375 30.4573911726 0.848724621031 1411686706.07
0.292 0.997362087098 0.000718349331433 14.8561 1.0 0.52 38.859375 30.4573911726 0.86026610249 1411686706.74
0.297 0.997281137511 0.0046378838483 15.1735 1.0 0.5326 38.859375 30.4573911726 0.843052650596 1411686707.45
0.333 0.998081385561 0.00169175901922 15.6285 1.0 0.5423 38.859375 30.4573911726 0.832108446821 1411686708.16
0.293 0.999097921699 0.00199090572482 16.0884 1.0 0.5489 38.859375 30.4573911726 0.87005112681 1411686708.85
0.281 0.999266107533 0.00176575050884 16.5528 1.0 0.5545 38.859375 30.4573911726 0.870453677727 1411686709.57
0.264 0.999149849917 0.00226897396552 17.1164 1.0 0.5574 38.859375 30.4573911726 0.85047665348 1411686710.32
0.303 0.998957204402 0.00365450939897 17.5466 1.0 0.5613 38.859375 30.4573911726 0.839939828142 1411686710.98
0.319 0.998211269185 0.00788079855367 17.5964 1.0 0.5756 38.859375 30.4573911726 0.826016669553 1411686711.58
0.396 0.996825900047 0.0117710796802 16.9658 1.0 0.6031 38.859375 30.4573911726 0.806761156804 1411686712.26
0.418 0.995569452444 0.0175169791582 16.3374 1.0 0.6272 38.859375 30.4573911726 0.783821648391 1411686713.01
0.443 0.994891928218 0.0290204853626 15.908 1.0 0.6518 38.859375 30.4573911726 0.783803662296 1411686713.69
0.422 0.995411221124 0.0290792932986 15.3043 1.0 0.676 38.859375 30.4573911726 0.817447533504 1411686714.51
0.421 0.995871330326 0.028950099866 14.8502 1.0 0.6973 38.859375 30.4573911726 0.806257540591 1411686715.32
0.448 0.99492530709 0.0295093247859 14.1145 1.0 0.7187 38.859375 30.4573911726 0.785158352357 1411686716.14
0.42 0.994017849971 0.0306865166254 14.4226 1.0 0.7228 38.859375 30.4573911726 0.792379462976 1411686716.91
0.401 0.993460259804 0.027999917309 14.5997 1.0 0.7287 38.859375 30.4573911726 0.781685041304 1411686717.68
0.373 0.992381768718 0.0302760138819 14.74 1.0 0.7319 38.859375 30.4573911726 0.780466992416 1411686718.49
0.404 0.990280743396 0.0211727044998 14.9887 1.0 0.7345 38.859375 30.4573911726 0.77250323836 1411686719.22
0.402 0.988670529478 0.0136402013453 15.1244 1.0 0.7376 38.859375 30.4573911726 0.735076943303 1411686719.98
0.374 0.988901131579 0.00983300222438 15.6431 1.0 0.7382 38.859375 30.4573911726 0.760997051156 1411686720.86
0.338 0.989979628045 0.00635058411305 16.159 1.0 0.7383 38.859375 30.4573911726 0.791183291854 1411686721.63
0.326 0.992015477283 0.00498093344693 16.5667 1.0 0.7399 38.859375 30.4573911726 0.821320796924 1411686722.41
0.314 0.994850921885 0.00357197020697 17.0922 1.0 0.7401 38.859375 30.4573911726 0.816129603884 1411686723.24
0.351 0.997372207409 0.00167081036678 17.5726 1.0 0.7401 38.859375 30.4573911726 0.802906145074 1411686723.99
0.324 0.998181992306 0.00218353394965 18.0865 1.0 0.7401 38.859375 30.4573911726 0.816859425433 1411686724.69
0.326 0.99847140054 0.00147493680881 18.468 1.0 0.7432 38.859375 30.4573911726 0.810546264162 1411686725.51
0.352 0.998713064974 0.000984172413423 18.6784 1.0 0.747 38.859375 30.4573911726 0.807829229443 1411686726.37
0.356 0.99934734984 0.00109994665238 18.6637 1.0 0.754 38.859375 30.4573911726 0.813103813871 1411686727.12
0.315 0.999764737451 0.000407958427696 18.5666 1.0 0.7639 38.859375 30.4573911726 0.831847816814 1411686727.9
0.344 0.999842186831 0.00199325629555 18.3461 1.0 0.7798 38.859375 30.4573911726 0.840533585768 1411686728.61
0.346 0.999755692959 0.0115503106896 17.9097 1.0 0.7961 38.859375 30.4573911726 0.831417343828 1411686729.37
0.371 0.999107158739 0.0120533144674 17.5981 1.0 0.808 38.859375 30.4573911726 0.82304172333 1411686730.13
0.398 0.997752759094 0.0162768017645 16.9214 1.0 0.8208 38.859375 30.4573911726 0.807088621017 1411686730.82
0.454 0.996257143812 0.0380371718303 16.031 1.0 0.8366 38.859375 30.4573911726 0.793427268356 1411686731.58
0.407 0.993775795602 0.043471680688 14.5498 1.0 0.8639 38.859375 30.4573911726 0.759911647248 1411686732.38
0.441 0.990129073862 0.0357971240888 14.3601 1.0 0.8722 38.859375 30.4573911726 0.741620912648 1411686733.29
0.465 0.985551988611 0.0352883000238 13.6675 1.0 0.8767 38.859375 30.4573911726 0.725489478516 1411686734.19
0.459 0.982020664197 0.0343958727643 13.2596 1.0 0.8852 38.859375 30.4573911726 0.744316883312 1411686735.12
0.524 0.981346653174 0.0259408094296 12.8033 1.0 0.8879 38.859375 30.4573911726 0.684964642822 1411686736.04
0.472 0.98306301243 0.0219050117244 12.7977 1.0 0.8879 38.859375 30.4573911726 0.676624749344 1411686736.93
0.481 0.984718475077 0.0163417786476 13.2997 1.0 0.8879 38.859375 30.4573911726 0.694762993464 1411686737.84
0.446 0.987560034778 0.0100599929085 13.8623 1.0 0.8881 38.859375 30.4573911726 0.727038801699 1411686738.67
0.397 0.991444197368 0.012442734244 14.2483 1.0 0.8887 38.859375 30.4573911726 0.737210092667 1411686739.53
0.341 0.994014601933 0.0140984536803 14.7526 1.0 0.8887 38.859375 30.4573911726 0.756087162855 1411686740.32
0.38 0.993720683791 0.0106627109217 15.2035 1.0 0.8887 38.859375 30.4573911726 0.743771925734 1411686741.1
0.377 0.993784619978 0.0122532932377 15.7107 1.0 0.8887 38.859375 30.4573911726 0.762036841148 1411686741.89
0.371 0.994621414706 0.0184034105322 16.0966 1.0 0.89 38.859375 30.4573911726 0.764091679226 1411686742.65
0.406 0.994661777304 0.0197748723226 16.16 1.0 0.8936 38.859375 30.4573911726 0.774701941934 1411686743.35
0.44 0.993274483663 0.0192512201444 15.7765 1.0 0.8988 38.859375 30.4573911726 0.762978778283 1411686744.11
0.509 0.99143179108 0.0303492908058 13.7564 1.0 0.4736 49.4296875 37.9560870677 0.736561165231 1411686745.04
0.535 0.989349274977 0.0276341508823 12.308 1.0 0.5809 49.4296875 37.9560870677 0.708998979741 1411686745.88
0.548 0.987839540425 0.0327883932352 10.266 1.0 0.6486 49.4296875 37.9560870677 0.714879331895 1411686746.72
0.567 0.985891020921 0.0229392040868 8.9407 1.0 0.6991 49.4296875 37.9560870677 0.707214931612 1411686747.5
0.6 0.984624750736 0.0271012868901 7.6956 1.0 0.7364 49.4296875 37.9560870677 0.693007302547 1411686748.38
0.574 0.983635391313 0.0408565865913 5.1153 1.0 0.7843 49.4296875 37.9560870677 0.703829682466 1411686749.26
0.535 0.983653284761 0.040653512032 4.5419 1.0 0.8073 49.4296875 37.9560870677 0.722248738712 1411686750.12
0.51 0.982766633081 0.0311228107801 4.9643 1.0 0.8073 49.4296875 37.9560870677 0.746104628345 1411686750.97
0.5 0.981617994358 0.0346436305939 4.9325 1.0 0.8138 49.4296875 37.9560870677 0.741226417004 1411686751.81
0.531 0.981040155822 0.0374267232294 5.1085 1.0 0.8175 49.4296875 37.9560870677 0.719338212375 1411686752.62
0.494 0.980321869889 0.0379320383597 4.9599 1.0 0.8383 49.4296875 37.9560870677 0.687955572725 1411686753.52
0.513 0.979198001053 0.0355528042985 4.8264 1.0 0.8512 49.4296875 37.9560870677 0.665098721172 1411686754.37
0.55 0.977393209823 0.030405213818 4.7885 1.0 0.8566 49.4296875 37.9560870677 0.63828878999 1411686755.25
0.516 0.978066527621 0.0266166634086 4.9874 1.0 0.8593 49.4296875 37.9560870677 0.676192048014 1411686756.14
0.444 0.981680448251 0.0271071191947 5.4045 1.0 0.8599 49.4296875 37.9560870677 0.747686367509 1411686756.93
0.441 0.984918190614 0.0156770741666 5.8516 1.0 0.8601 49.4296875 37.9560870677 0.776100936108 1411686757.85
0.373 0.987037768454 0.0181613911709 6.3372 1.0 0.8604 49.4296875 37.9560870677 0.810084747188 1411686758.7
0.405 0.989502945992 0.0103550844121 6.8944 1.0 0.8604 49.4296875 37.9560870677 0.810851565449 1411686759.5
0.357 0.99099101461 0.00594709054865 7.4669 1.0 0.8604 49.4296875 37.9560870677 0.811528050219 1411686760.35
0.379 0.991741425787 0.00307757679529 8.0128 1.0 0.8604 49.4296875 37.9560870677 0.807695138802 1411686761.06
0.355 0.994626475542 0.00292343645729 8.5691 1.0 0.8604 49.4296875 37.9560870677 0.801853630911 1411686761.91
0.311 0.997770073552 0.00459298864209 9.2255 1.0 0.8604 49.4296875 37.9560870677 0.824520228731 1411686762.68
0.321 0.998588903826 0.00332931626034 9.8652 1.0 0.8604 49.4296875 37.9560870677 0.829239088738 1411686763.42
0.35 0.998297516782 0.00239389749615 10.4834 1.0 0.8604 49.4296875 37.9560870677 0.824003505298 1411686764.16
0.319 0.998529086936 0.00196602421353 11.0665 1.0 0.8604 49.4296875 37.9560870677 0.824578714143 1411686764.88
0.275 0.99921644612 0.00194956746595 11.7019 1.0 0.8604 49.4296875 37.9560870677 0.8446604563 1411686765.63
0.26 0.999403348718 0.00155596098992 12.3618 1.0 0.8604 49.4296875 37.9560870677 0.84976688686 1411686766.35
0.253 0.999443513602 0.003715849456 12.9769 1.0 0.8604 49.4296875 37.9560870677 0.854356351841 1411686767.08
0.294 0.998933526319 0.00347053501942 13.3869 1.0 0.8604 49.4296875 37.9560870677 0.84750704801 1411686767.84
0.295 0.998152798768 0.00410485377837 13.676 1.0 0.8604 49.4296875 37.9560870677 0.845009699265 1411686768.63
0.326 0.997143712624 0.00407955480777 14.1179 1.0 0.8604 49.4296875 37.9560870677 0.831613697335 1411686769.39
0.299 0.997029275471 0.00358591209401 14.6128 1.0 0.8604 49.4296875 37.9560870677 0.816882647321 1411686770.13
0.337 0.997563158572 0.00433631069182 15.0515 1.0 0.8604 49.4296875 37.9560870677 0.823803655361 1411686770.83
0.346 0.997744022267 0.00533558160564 15.4082 1.0 0.8604 49.4296875 37.9560870677 0.820588019264 1411686771.64
0.365 0.997433366909 0.00403393663766 15.4937 1.0 0.8604 49.4296875 37.9560870677 0.804752658053 1411686772.49
0.369 0.997056075873 0.00469438460857 15.1996 1.0 0.8604 49.4296875 37.9560870677 0.775108506537 1411686773.24
0.385 0.997163365864 0.0120419962658 14.7042 1.0 0.8629 49.4296875 37.9560870677 0.791176060877 1411686774.0
0.377 0.99623156278 0.0227843951473 14.028 1.0 0.8707 49.4296875 37.9560870677 0.794174546544 1411686774.72
0.422 0.993982343607 0.0342485503137 13.6018 1.0 0.88 49.4296875 37.9560870677 0.787736497221 1411686775.42
0.451 0.993529596239 0.0375345041601 13.2193 1.0 0.8868 49.4296875 37.9560870677 0.773595543544 1411686776.34
0.458 0.993855692993 0.0396337257674 12.6519 1.0 0.0043 44.71484375 35.4076494947 0.767403119925 1411686777.24
0.444 0.992849132468 0.0301567047672 12.1232 1.0 0.445 44.71484375 35.4076494947 0.77414069207 1411686778.19
0.421 0.989026245603 0.018664880986 11.7033 1.0 0.4741 44.71484375 35.4076494947 0.747775737188 1411686779.02
0.419 0.985898424462 0.0110291908891 11.6803 1.0 0.4952 44.71484375 35.4076494947 0.731289996981 1411686779.84
0.375 0.986436547593 0.00918352577408 12.1976 1.0 0.5035 44.71484375 35.4076494947 0.740266592695 1411686780.66
0.364 0.988475616763 0.0130659597865 12.7918 1.0 0.5082 44.71484375 35.4076494947 0.789386567081 1411686781.42
0.35 0.991276797816 0.0132344245673 13.2388 1.0 0.5228 44.71484375 35.4076494947 0.823072619207 1411686782.2
0.323 0.992712679437 0.0106103158603 13.5204 1.0 0.5414 44.71484375 35.4076494947 0.848140600775 1411686783.03
0.365 0.994032369764 0.0101900182519 13.639 1.0 0.5636 44.71484375 35.4076494947 0.8467495666 1411686783.86
0.35 0.994379335934 0.0154319637883 13.4527 1.0 0.5914 44.71484375 35.4076494947 0.840509008742 1411686784.71
0.35 0.994509776022 0.0291073080669 12.8982 1.0 0.6126 44.71484375 35.4076494947 0.814958538673 1411686785.43
0.388 0.993537413193 0.0244333083471 13.0225 1.0 0.6246 44.71484375 35.4076494947 0.78415162126 1411686786.26
0.371 0.991717984096 0.0196668784863 13.2742 1.0 0.636 44.71484375 35.4076494947 0.793565968329 1411686787.08
0.385 0.989875587753 0.0135282317984 13.3506 1.0 0.6521 44.71484375 35.4076494947 0.784591705315 1411686787.95
0.385 0.990052231782 0.0282114055784 13.7636 1.0 0.6562 44.71484375 35.4076494947 0.775851852981 1411686788.81
0.341 0.991811540082 0.0291536060386 13.9548 1.0 0.6629 44.71484375 35.4076494947 0.793247971226 1411686789.56
0.374 0.99364702829 0.0292034944196 14.1253 1.0 0.67 44.71484375 35.4076494947 0.811610381071 1411686790.36
0.335 0.995305982391 0.0306809296088 13.5079 1.0 0.688 44.71484375 35.4076494947 0.815714447832 1411686791.22
0.307 0.995514478129 0.0328496026459 13.9505 1.0 0.6898 44.71484375 35.4076494947 0.8280225583 1411686792.06
0.315 0.994282869099 0.0305209559469 13.8135 1.0 0.7044 44.71484375 35.4076494947 0.829378808216 1411686792.85
0.38 0.992296012043 0.0319172024496 13.1974 1.0 0.7305 44.71484375 35.4076494947 0.787347070785 1411686793.63
0.371 0.989248777846 0.0302981745501 13.2644 1.0 0.7491 44.71484375 35.4076494947 0.776262398797 1411686794.46
0.452 0.985948094179 0.0263421839414 13.0379 1.0 0.7695 44.71484375 35.4076494947 0.742317556123 1411686795.25
0.406 0.985039525524 0.017668257643 13.3539 1.0 0.7764 44.71484375 35.4076494947 0.747753083007 1411686796.13
0.403 0.985614761814 0.00769051019149 13.7519 1.0 0.781 44.71484375 35.4076494947 0.734757753231 1411686796.97
0.396 0.989336037754 0.00254067773416 14.1491 1.0 0.7841 44.71484375 35.4076494947 0.721441697991 1411686797.81
0.402 0.992373107774 0.00250590560269 14.4724 1.0 0.7912 44.71484375 35.4076494947 0.728542005053 1411686798.55
0.339 0.996290845751 0.00200556549917 14.9375 1.0 0.796 44.71484375 35.4076494947 0.75769551431 1411686799.32
0.337 0.998183082273 0.000938930366115 15.5 1.0 0.799 44.71484375 35.4076494947 0.783216367296 1411686800.03
0.327 0.999200518682 0.000623664132762 16.1033 1.0 0.8011 44.71484375 35.4076494947 0.817150010331 1411686800.71
0.313 0.999491194117 0.000820784993855 16.5372 1.0 0.8057 44.71484375 35.4076494947 0.813452221371 1411686801.42
0.337 0.999438209475 0.00247620336082 17.0437 1.0 0.8082 44.71484375 35.4076494947 0.817920030652 1411686802.08
0.305 0.999602977311 0.00408110143927 17.6304 1.0 0.8082 44.71484375 35.4076494947 0.831022917024 1411686802.82
0.281 0.999329894653 0.0027101240434 18.1935 1.0 0.8087 44.71484375 35.4076494947 0.831050794371 1411686803.56
0.285 0.999011103551 0.00178201701941 18.6982 1.0 0.8106 44.71484375 35.4076494947 0.829702436118 1411686804.24
0.314 0.998766191063 0.00463508792865 19.0229 1.0 0.8143 44.71484375 35.4076494947 0.837775428636 1411686804.87
0.298 0.998695141372 0.00754845874367 19.5023 1.0 0.8148 44.71484375 35.4076494947 0.845261071622 1411686805.67
0.318 0.998190555057 0.00612082893083 19.9471 1.0 0.8151 44.71484375 35.4076494947 0.825414902781 1411686806.48
0.334 0.997890470222 0.0048185020251 20.3363 1.0 0.8183 44.71484375 35.4076494947 0.852284264463 1411686807.26
0.312 0.997648031768 0.00419050923929 20.8385 1.0 0.8199 44.71484375 35.4076494947 0.870548090867 1411686808.05
0.294 0.997901910388 0.00497233038444 21.3764 1.0 0.8199 44.71484375 35.4076494947 0.90221317498 1411686808.79
0.306 0.99790930168 0.00507918006155 21.8201 1.0 0.8199 44.71484375 35.4076494947 0.878599993998 1411686809.61
0.329 0.998192839387 0.00639195129636 22.1217 1.0 0.8199 44.71484375 35.4076494947 0.864976159406 1411686810.41
0.332 0.997635534487 0.00666911029581 22.0909 1.0 0.8199 44.71484375 35.4076494947 0.858524637502 1411686811.16
0.375 0.996688834143 0.00454194244555 21.9206 1.0 0.8261 44.71484375 35.4076494947 0.860887885574 1411686812.01
0.315 0.995860871649 0.00354285398159 21.9457 1.0 0.8348 44.71484375 35.4076494947 0.862111400108 1411686812.83
0.318 0.99669128649 0.00309232431798 22.1324 1.0 0.8416 44.71484375 35.4076494947 0.848313286701 1411686813.6
0.274 0.997898995584 0.00540031869464 22.4706 1.0 0.8447 44.71484375 35.4076494947 0.830112445048 1411686814.42
0.309 0.997933816817 0.00861947707627 22.9335 1.0 0.8462 44.71484375 35.4076494947 0.828224201867 1411686815.15
0.325 0.997112986417 0.0148772721339 22.607 1.0 0.8492 44.71484375 35.4076494947 0.821281741863 1411686816.02
0.297 0.995970129347 0.0208167491298 22.3704 1.0 0.8511 44.71484375 35.4076494947 0.847027164529 1411686816.84
0.333 0.996290580948 0.0208862972783 22.1931 1.0 0.8537 44.71484375 35.4076494947 0.833508774873 1411686817.58
0.314 0.996177955916 0.019927424362 22.3296 1.0 0.8589 44.71484375 35.4076494947 0.83759249003 1411686818.46
0.35 0.994689958601 0.0157417214144 22.6653 1.0 0.8611 44.71484375 35.4076494947 0.81206691144 1411686819.4
0.388 0.99261451978 0.02514938885 21.7359 1.0 0.8769 44.71484375 35.4076494947 0.790553024034 1411686820.33
0.409 0.990034779239 0.0364089897124 20.6541 1.0 0.8906 44.71484375 35.4076494947 0.772482612932 1411686821.15
0.468 0.985967897196 0.0468747996833 18.376 1.0 0.436 50.357421875 39.7998987325 0.744386218604 1411686822.1
0.561 0.98119834326 0.0415641391827 16.4037 1.0 0.5574 50.357421875 39.7998987325 0.707618545087 1411686823.04
0.529 0.977158924379 0.0331911900164 12.9711 1.0 0.6283 50.357421875 39.7998987325 0.687622131968 1411686823.93
0.619 0.974849817857 0.0330490739675 8.096 1.0 0.7253 50.357421875 39.7998987325 0.641957446113 1411686824.8
0.578 0.975872306663 0.0326041786865 8.075 1.0 0.7406 50.357421875 39.7998987325 0.664590500772 1411686825.72
0.592 0.975916432802 0.0352215363335 7.7751 1.0 0.7616 50.357421875 39.7998987325 0.655890493562 1411686826.59
0.56 0.975038418755 0.0332772745763 7.2572 1.0 0.7812 50.357421875 39.7998987325 0.659115765254 1411686827.45
0.563 0.975043085198 0.0212786830889 6.9431 1.0 0.7926 50.357421875 39.7998987325 0.672263390268 1411686828.37
0.563 0.97584786597 0.0225700759289 6.8414 1.0 0.8062 50.357421875 39.7998987325 0.687658856644 1411686829.28
0.552 0.979469708213 0.0271021619486 6.9493 1.0 0.8157 50.357421875 39.7998987325 0.718476532004 1411686830.25
0.521 0.983303099223 0.0271947185174 6.9571 1.0 0.8293 50.357421875 39.7998987325 0.73685564405 1411686831.15
0.454 0.98459871972 0.0234659558289 6.9786 1.0 0.8459 50.357421875 39.7998987325 0.768429824795 1411686832.03
0.474 0.985705541009 0.0169248273158 6.9479 1.0 0.8642 50.357421875 39.7998987325 0.780487143953 1411686833.01
0.425 0.985843991058 0.0129665946028 7.0514 1.0 0.8797 50.357421875 39.7998987325 0.787449364955 1411686833.88
0.431 0.987673819095 0.0107395603941 6.9803 1.0 0.895 50.357421875 39.7998987325 0.775828540744 1411686834.73
0.413 0.991215234903 0.010365857948 7.4116 1.0 0.899 50.357421875 39.7998987325 0.782250878959 1411686835.57
0.399 0.993452864228 0.00496164203541 7.5893 1.0 0.2702 33.1787109375 27.1753182951 0.765478005406 1411686836.36
0.376 0.995086788776 0.00246377854994 7.7459 1.0 0.3953 33.1787109375 27.1753182951 0.76810600065 1411686837.08
0.361 0.997399375478 0.00366663712915 7.9936 1.0 0.4191 33.1787109375 27.1753182951 0.787270640478 1411686837.82
0.375 0.998052596187 0.00399124054338 7.7769 1.0 0.461 33.1787109375 27.1753182951 0.778102397743 1411686838.62
0.34 0.997917824086 0.00546883960559 7.6849 1.0 0.4939 33.1787109375 27.1753182951 0.782834786919 1411686839.42
0.361 0.997018593955 0.01281843294 7.9849 1.0 0.5089 33.1787109375 27.1753182951 0.789032290818 1411686840.19
0.335 0.995363800691 0.0137757897812 8.3394 1.0 0.5152 33.1787109375 27.1753182951 0.799360962241 1411686840.96
0.345 0.993282770527 0.0130285632663 8.2172 1.0 0.5288 33.1787109375 27.1753182951 0.76768962642 1411686841.69
0.395 0.991132815042 0.00731801684222 8.2745 1.0 0.5451 33.1787109375 27.1753182951 0.731340693553 1411686842.53
0.401 0.991287457796 0.00424852807014 8.1918 1.0 0.5668 33.1787109375 27.1753182951 0.729952883577 1411686843.33
0.327 0.993418005864 0.00116482749425 8.6673 1.0 0.5766 33.1787109375 27.1753182951 0.79033910707 1411686844.09
0.332 0.995826306198 0.00413612957729 9.0861 1.0 0.5889 33.1787109375 27.1753182951 0.81792184916 1411686844.82
0.338 0.996496642418 0.00555070914052 9.4642 1.0 0.5991 33.1787109375 27.1753182951 0.818491167975 1411686845.49
0.368 0.996735122135 0.00736006364557 9.7139 1.0 0.6111 33.1787109375 27.1753182951 0.817482594752 1411686846.16
0.358 0.996848612464 0.0235171856545 9.9048 1.0 0.6263 33.1787109375 27.1753182951 0.821983900328 1411686846.94
0.354 0.997459388978 0.0293898766506 10.4661 1.0 0.6293 33.1787109375 27.1753182951 0.81153564565 1411686847.76
0.325 0.997381707173 0.0185112550055 10.9531 1.0 0.6323 33.1787109375 27.1753182951 0.797578628719 1411686848.56
0.278 0.996707584982 0.00683753695052 11.6151 1.0 0.6326 33.1787109375 27.1753182951 0.82282701568 1411686849.37
0.278 0.995307350292 0.0018120447305 12.293 1.0 0.633 33.1787109375 27.1753182951 0.82113725362 1411686850.12
0.309 0.99580843004 0.00112940642058 12.9208 1.0 0.633 33.1787109375 27.1753182951 0.821682835781 1411686850.94
0.262 0.996023942866 0.00158802088903 13.595 1.0 0.633 33.1787109375 27.1753182951 0.835491914306 1411686851.74
0.276 0.995940272116 0.00187138685679 14.2614 1.0 0.6331 33.1787109375 27.1753182951 0.839635027829 1411686852.52
0.264 0.995455687291 0.00130593279827 14.8807 1.0 0.6331 33.1787109375 27.1753182951 0.84346194657 1411686853.36
0.274 0.995310122687 0.00210458592566 15.3531 1.0 0.6352 33.1787109375 27.1753182951 0.849282878161 1411686854.19
0.29 0.996395904555 0.00115106371489 15.852 1.0 0.6382 33.1787109375 27.1753182951 0.837824544399 1411686854.99
0.269 0.99782506281 0.00372738416916 16.4655 1.0 0.6403 33.1787109375 27.1753182951 0.8674198088 1411686855.8
0.265 0.998845485952 0.00126609446071 17.0055 1.0 0.6435 33.1787109375 27.1753182951 0.892081452959 1411686856.58
0.263 0.998970110976 0.000272587895827 17.6189 1.0 0.6435 33.1787109375 27.1753182951 0.883406868133 1411686857.36
0.275 0.999185461113 0.000750406740935 18.1789 1.0 0.6435 33.1787109375 27.1753182951 0.868850608328 1411686858.11
0.289 0.999613279256 0.00232212593964 18.7584 1.0 0.6435 33.1787109375 27.1753182951 0.879373184953 1411686858.91
0.282 0.999651513038 0.00366675009016 19.1654 1.0 0.6436 33.1787109375 27.1753182951 0.867392144675 1411686859.69
0.322 0.999283127318 0.00374053945355 19.316 1.0 0.6453 33.1787109375 27.1753182951 0.840602132061 1411686860.53
0.346 0.998101786085 0.00176776084257 19.4204 1.0 0.648 33.1787109375 27.1753182951 0.828137493155 1411686861.35
0.303 0.998463544507 0.00651892114222 19.4649 1.0 0.6518 33.1787109375 27.1753182951 0.843405340114 1411686862.13
0.353 0.997951497795 0.02041083232 19.5785 1.0 0.6576 33.1787109375 27.1753182951 0.820331054206 1411686862.9
0.396 0.99657971217 0.0143578772787 19.1911 1.0 0.6691 33.1787109375 27.1753182951 0.795566082068 1411686863.73
0.363 0.995817294711 0.00625839393173 18.6038 1.0 0.6797 33.1787109375 27.1753182951 0.809683654176 1411686864.59
0.371 0.995633799917 0.010358918163 18.4842 1.0 0.6869 33.1787109375 27.1753182951 0.819962500186 1411686865.37
0.428 0.995263090665 0.01311592062 17.3492 1.0 0.7032 33.1787109375 27.1753182951 0.790504257106 1411686866.25
0.438 0.994230860142 0.0136791148354 17.2469 1.0 0.7115 33.1787109375 27.1753182951 0.783145804202 1411686867.08
0.45 0.992811280033 0.0139761506298 16.6505 1.0 0.732 33.1787109375 27.1753182951 0.766102745705 1411686868.0
0.461 0.992304519353 0.0130846770142 15.3728 1.0 0.7706 33.1787109375 27.1753182951 0.748220877376 1411686868.84
0.488 0.9914823514 0.0104298565975 14.3106 1.0 0.8012 33.1787109375 27.1753182951 0.741159314241 1411686869.7
0.462 0.991415588704 0.00528773615638 13.72 1.0 0.8215 33.1787109375 27.1753182951 0.722092011276 1411686870.58
0.418 0.993173374753 0.00710761530295 13.1721 1.0 0.837 33.1787109375 27.1753182951 0.72949515831 1411686871.42
0.432 0.993787001312 0.00814849611091 13.1344 1.0 0.8464 33.1787109375 27.1753182951 0.771148941494 1411686872.17
0.441 0.993789261584 0.0103585109239 12.7916 1.0 0.8544 33.1787109375 27.1753182951 0.787346841719 1411686873.01
0.42 0.99375712371 0.0119409611323 12.657 1.0 0.8624 33.1787109375 27.1753182951 0.769919324595 1411686873.8
0.437 0.992931436684 0.00691497643785 12.8567 1.0 0.8626 33.1787109375 27.1753182951 0.774047351042 1411686874.58
0.396 0.994566040942 0.0089559906909 12.9975 1.0 0.8651 33.1787109375 27.1753182951 0.790876618328 1411686875.44
0.378 0.996077981716 0.0129487772358 13.4609 1.0 0.8653 33.1787109375 27.1753182951 0.790523942076 1411686876.31
0.369 0.996839710228 0.0237065243166 13.6806 1.0 0.8693 33.1787109375 27.1753182951 0.783891206011 1411686877.04
0.333 0.996967081245 0.0157200705052 14.0882 1.0 0.8713 33.1787109375 27.1753182951 0.808390909804 1411686877.87
0.336 0.995575597348 0.00352580362148 14.6291 1.0 0.8713 33.1787109375 27.1753182951 0.804514362977 1411686878.64
0.383 0.995708061189 0.00289333623991 15.0288 1.0 0.8713 33.1787109375 27.1753182951 0.78237084959 1411686879.38
0.346 0.997569455498 0.00106241808144 15.5708 1.0 0.8713 33.1787109375 27.1753182951 0.798866740781 1411686880.19
0.305 0.999131834802 0.000725409670067 16.204 1.0 0.8713 33.1787109375 27.1753182951 0.830879237883 1411686881.06
0.255 0.999740214301 0.000413837133955 16.8673 1.0 0.8713 33.1787109375 27.1753182951 0.840469693356 1411686881.87
0.247 0.999537653725 0.000353465233321 17.59 1.0 0.8713 33.1787109375 27.1753182951 0.837582074712 1411686882.5
0.25 0.999305003535 0.000453584618574 18.3114 1.0 0.8713 33.1787109375 27.1753182951 0.837917944798 1411686883.15
0.233 0.99963505455 0.000819028379141 19.0327 1.0 0.8713 33.1787109375 27.1753182951 0.839035338264 1411686883.79
0.27 0.999821428181 0.00721843553424 19.6399 1.0 0.8713 33.1787109375 27.1753182951 0.829202520616 1411686884.46
0.266 0.999858062956 0.00425236808843 20.2153 1.0 0.8713 33.1787109375 27.1753182951 0.839365775024 1411686885.21
0.238 0.999822635093 0.00766892916362 20.7818 1.0 0.8713 33.1787109375 27.1753182951 0.870544757235 1411686885.9
0.258 0.999662990178 0.00444976519572 21.32 1.0 0.8713 33.1787109375 27.1753182951 0.875101860085 1411686886.65
0.216 0.998714158838 0.00193584564985 22.0666 1.0 0.8713 33.1787109375 27.1753182951 0.889240868726 1411686887.45
0.226 0.997680981656 0.00400771036469 22.7125 1.0 0.8713 33.1787109375 27.1753182951 0.891027869711 1411686888.28
0.238 0.996282140164 0.00230039704275 23.3826 1.0 0.8713 33.1787109375 27.1753182951 0.861838540387 1411686889.1
0.279 0.996088486476 0.0023303595121 23.7963 1.0 0.8713 33.1787109375 27.1753182951 0.836572709818 1411686889.94
0.285 0.996697617262 0.00226062781748 23.7164 1.0 0.8713 33.1787109375 27.1753182951 0.829324140106 1411686890.74
0.287 0.997799332883 0.0146888885114 23.7103 1.0 0.8713 33.1787109375 27.1753182951 0.823306216062 1411686891.52
0.318 0.99728365594 0.0160311272411 23.3658 1.0 0.8738 33.1787109375 27.1753182951 0.827885574756 1411686892.36
0.344 0.995912314623 0.0215601920408 22.7703 1.0 0.8805 33.1787109375 27.1753182951 0.828398330255 1411686893.15
0.406 0.993304640836 0.0290209197601 22.0326 1.0 0.8843 33.1787109375 27.1753182951 0.838538222095 1411686893.96
0.36 0.988714450299 0.0248532472505 21.6725 1.0 0.8878 33.1787109375 27.1753182951 0.816034795089 1411686894.84
0.447 0.982756485771 0.0146996423393 20.1398 1.0 0.8957 33.1787109375 27.1753182951 0.743062805608 1411686895.73
0.455 0.981483823563 0.014965356668 20.031 1.0 0.8979 33.1787109375 27.1753182951 0.729718143193 1411686896.64
0.466 0.982939529773 0.0199720910993 19.9281 1.0 0.2172 55.0893554688 44.2354971441 0.740872940498 1411686897.51
0.496 0.98439732458 0.0344899376144 19.191 1.0 0.484 55.0893554688 44.2354971441 0.775986660903 1411686898.36
0.486 0.983093317508 0.0370025732811 17.8658 1.0 0.5304 55.0893554688 44.2354971441 0.757082801471 1411686899.22
0.449 0.98208013646 0.0336690315706 17.1687 1.0 0.5625 55.0893554688 44.2354971441 0.751532340228 1411686900.17
0.443 0.980066111089 0.0310734681829 15.7933 1.0 0.5898 55.0893554688 44.2354971441 0.741356399584 1411686901.08
0.462 0.978574378914 0.0199653119662 15.1015 1.0 0.6119 55.0893554688 44.2354971441 0.725554318443 1411686901.89
0.419 0.979764501343 0.0246696315645 15.3559 1.0 0.6236 55.0893554688 44.2354971441 0.749385205253 1411686902.71
0.412 0.982328639544 0.0436485239856 15.2785 1.0 0.6363 55.0893554688 44.2354971441 0.759923219244 1411686903.52
0.46 0.983147401645 0.0500473869686 15.0612 1.0 0.6546 55.0893554688 44.2354971441 0.752736500197 1411686904.38
0.486 0.979096758969 0.0543852892479 14.4897 1.0 0.6745 55.0893554688 44.2354971441 0.751341124744 1411686905.33
0.479 0.973377077622 0.0462990924989 14.1437 1.0 0.6869 55.0893554688 44.2354971441 0.717365439274 1411686906.31
0.513 0.968723200636 0.0398816015348 12.9971 1.0 0.7117 55.0893554688 44.2354971441 0.697614675971 1411686907.21
0.495 0.968754716182 0.0381353824912 12.0531 1.0 0.7368 55.0893554688 44.2354971441 0.663183053155 1411686908.18
0.503 0.970973508191 0.0385429031157 11.0262 1.0 0.7679 55.0893554688 44.2354971441 0.640279035202 1411686909.1
0.518 0.970791384129 0.0416940228999 10.1047 1.0 0.8006 55.0893554688 44.2354971441 0.621907143673 1411686909.94
0.552 0.971560046928 0.0350030601963 8.7213 1.0 0.834 55.0893554688 44.2354971441 0.617015327293 1411686910.78
0.509 0.974263332342 0.0405400855141 8.3938 1.0 0.8444 55.0893554688 44.2354971441 0.62049323957 1411686911.71
0.548 0.974344634924 0.0514560930166 7.4041 1.0 0.8661 55.0893554688 44.2354971441 0.612765263368 1411686912.57
0.562 0.971207869072 0.048431105432 6.1278 1.0 0.8937 55.0893554688 44.2354971441 0.629228201048 1411686913.35
0.552 0.968388353155 0.055174726412 5.2856 1.0 0.279 37.0446777344 30.4858791367 0.632294825798 1411686914.31
0.535 0.967721788254 0.0659066835094 5.1327 1.0 0.5656 37.0446777344 30.4858791367 0.626959972605 1411686915.22
0.521 0.967859626246 0.0541876130153 5.5141 1.0 0.5798 37.0446777344 30.4858791367 0.645052078237 1411686916.17
0.524 0.967649416748 0.0367728831801 5.8478 1.0 0.6018 37.0446777344 30.4858791367 0.650101797101 1411686917.15
0.478 0.971001296783 0.0266144464718 6.15 1.0 0.6162 37.0446777344 30.4858791367 0.696057500005 1411686918.11
0.496 0.975331859554 0.0179169553506 6.2722 1.0 0.6386 37.0446777344 30.4858791367 0.731046395121 1411686918.95
0.446 0.979876402698 0.01850396547 6.4596 1.0 0.6602 37.0446777344 30.4858791367 0.77092771109 1411686919.88
0.439 0.98209421127 0.0181922926111 6.8155 1.0 0.6724 37.0446777344 30.4858791367 0.780893333282 1411686920.78
0.405 0.98351769919 0.0155909202836 7.2207 1.0 0.6857 37.0446777344 30.4858791367 0.775506933145 1411686921.74
0.426 0.985413140291 0.0173754422336 7.6127 1.0 0.6968 37.0446777344 30.4858791367 0.792505616108 1411686922.66
0.376 0.988029760728 0.0203934052322 7.9518 1.0 0.7104 37.0446777344 30.4858791367 0.781252536325 1411686923.59
0.389 0.989052346707 0.0110614656992 8.3961 1.0 0.7149 37.0446777344 30.4858791367 0.790599483672 1411686924.54
0.382 0.991622428755 0.0152873158968 8.8205 1.0 0.7202 37.0446777344 30.4858791367 0.832389269252 1411686925.43
0.372 0.99347278477 0.0220661010243 9.4226 1.0 0.7202 37.0446777344 30.4858791367 0.845050535463 1411686926.32
0.345 0.99291422873 0.0233869290002 10.0349 1.0 0.7211 37.0446777344 30.4858791367 0.832918411889 1411686927.25
0.331 0.990814288002 0.0299847024441 10.6023 1.0 0.7225 37.0446777344 30.4858791367 0.808597155285 1411686928.04
0.331 0.989481473895 0.0393632548405 10.8737 1.0 0.7286 37.0446777344 30.4858791367 0.781021376373 1411686928.88
0.345 0.98865482115 0.0318031902802 11.2206 1.0 0.7336 37.0446777344 30.4858791367 0.758522014919 1411686929.76
0.333 0.988214116977 0.0380621873516 11.224 1.0 0.7531 37.0446777344 30.4858791367 0.733557773735 1411686930.58
0.377 0.9857942142 0.0509804458768 11.4112 1.0 0.7594 37.0446777344 30.4858791367 0.753455319798 1411686931.44
0.407 0.984080981228 0.0588292164362 11.2847 1.0 0.7713 37.0446777344 30.4858791367 0.730732267247 1411686932.27
0.384 0.98215223415 0.0665430927493 11.3595 1.0 0.7786 37.0446777344 30.4858791367 0.715180302147 1411686933.2
0.393 0.979980377809 0.0737490597686 11.6318 1.0 0.7824 37.0446777344 30.4858791367 0.702764809113 1411686933.95
0.408 0.977902110944 0.0616050885755 12.1347 1.0 0.783 37.0446777344 30.4858791367 0.691981977602 1411686934.79
0.408 0.97836685547 0.0510024161699 12.5038 1.0 0.7854 37.0446777344 30.4858791367 0.700583069125 1411686935.5
0.431 0.981837350559 0.0489828588759 12.8488 1.0 0.7867 37.0446777344 30.4858791367 0.734470121291 1411686936.31
0.407 0.981538376913 0.0411412236406 13.3215 1.0 0.7868 37.0446777344 30.4858791367 0.767748954119 1411686937.04
0.402 0.980358937619 0.0280079437767 13.6873 1.0 0.7873 37.0446777344 30.4858791367 0.785680916875 1411686937.87
0.407 0.980239772746 0.021251556645 13.3693 1.0 0.7959 37.0446777344 30.4858791367 0.801251970544 1411686938.72
0.402 0.982869836411 0.0282506177875 13.1511 1.0 0.8054 37.0446777344 30.4858791367 0.795220330964 1411686939.58
0.371 0.982974686726 0.0298161911016 13.5433 1.0 0.81 37.0446777344 30.4858791367 0.815851213781 1411686940.38
0.372 0.982008654474 0.0204292897927 13.8109 1.0 0.8142 37.0446777344 30.4858791367 0.808069409914 1411686941.21
0.382 0.983129202614 0.0182456593894 14.1163 1.0 0.818 37.0446777344 30.4858791367 0.807973879718 1411686942.06
0.369 0.985427033991 0.0228366621695 14.2509 1.0 0.8221 37.0446777344 30.4858791367 0.789833079308 1411686942.86
0.427 0.987151180854 0.0216915333635 14.0866 1.0 0.823 37.0446777344 30.4858791367 0.766553358566 1411686943.6
0.391 0.986589188406 0.0147289107573 14.5393 1.0 0.823 37.0446777344 30.4858791367 0.764071694007 1411686944.4
0.391 0.988635953192 0.0118637243401 14.5755 1.0 0.8232 37.0446777344 30.4858791367 0.760162718822 1411686945.18
0.407 0.990704223389 0.0121502599971 14.7678 1.0 0.8251 37.0446777344 30.4858791367 0.773990602527 1411686946.02
0.409 0.991946745338 0.0100441584342 15.1905 1.0 0.8258 37.0446777344 30.4858791367 0.802591875158 1411686946.8
0.368 0.993399682554 0.00421243282621 15.6066 1.0 0.8258 37.0446777344 30.4858791367 0.824364066435 1411686947.6
0.336 0.996118918688 0.00191805024946 16.0501 1.0 0.8278 37.0446777344 30.4858791367 0.837259736063 1411686948.36
0.353 0.998339750087 0.00328522031373 16.6309 1.0 0.8278 37.0446777344 30.4858791367 0.852266644574 1411686949.08
0.263 0.998929743907 0.00104990540082 17.3068 1.0 0.8278 37.0446777344 30.4858791367 0.866293145388 1411686949.7
0.306 0.999143030875 0.00121803532525 17.7451 1.0 0.8309 37.0446777344 30.4858791367 0.860082104774 1411686950.32
0.278 0.999363147197 0.000792196430693 18.1869 1.0 0.8346 37.0446777344 30.4858791367 0.842273548954 1411686951.04
0.32 0.999374080786 0.00220518308129 18.3593 1.0 0.8418 37.0446777344 30.4858791367 0.834349680607 1411686951.68
0.331 0.998946093618 0.0022335501213 18.5862 1.0 0.8467 37.0446777344 30.4858791367 0.821626506028 1411686952.31
0.345 0.998721171549 0.00520103326619 18.4281 1.0 0.8529 37.0446777344 30.4858791367 0.825671322517 1411686952.94
0.351 0.997774660097 0.00983894105068 18.0424 1.0 0.8602 37.0446777344 30.4858791367 0.811704043999 1411686953.69
0.35 0.996099816546 0.0103625950633 17.5126 1.0 0.8611 37.0446777344 30.4858791367 0.804827895324 1411686954.44
0.372 0.994705485972 0.0170926957535 17.8779 1.0 0.8611 37.0446777344 30.4858791367 0.786361872477 1411686955.26
0.334 0.994621671129 0.0210864138132 18.3565 1.0 0.8611 37.0446777344 30.4858791367 0.799118415052 1411686956.05
0.329 0.994682285583 0.0226375061069 18.8135 1.0 0.8611 37.0446777344 30.4858791367 0.786159093711 1411686956.84
0.316 0.994017408926 0.0111298767313 19.3098 1.0 0.8611 37.0446777344 30.4858791367 0.790888238129 1411686957.63
0.296 0.994152783258 0.0116346441865 19.7792 1.0 0.8611 37.0446777344 30.4858791367 0.822092572199 1411686958.36
0.31 0.993674466504 0.0157685653063 20.2149 1.0 0.8611 37.0446777344 30.4858791367 0.820790163505 1411686959.08
0.353 0.993990386894 0.0260349737145 20.4893 1.0 0.8611 37.0446777344 30.4858791367 0.835128362873 1411686959.79
0.346 0.994595646989 0.0276741803095 20.6441 1.0 0.8611 37.0446777344 30.4858791367 0.835425853324 1411686960.48
0.359 0.994519376373 0.024062003132 21.0441 1.0 0.8611 37.0446777344 30.4858791367 0.845906729858 1411686961.2
0.344 0.995269330314 0.018801303778 21.1923 1.0 0.8611 37.0446777344 30.4858791367 0.832499032397 1411686962.0
0.384 0.996124722841 0.0199766077962 20.9901 1.0 0.8611 37.0446777344 30.4858791367 0.831730069949 1411686962.85
0.387 0.995617137249 0.0132769155778 21.2941 1.0 0.8611 37.0446777344 30.4858791367 0.817030751987 1411686963.65
0.384 0.995017343069 0.00923785297637 21.0204 1.0 0.8614 37.0446777344 30.4858791367 0.798502264013 1411686964.49
0.404 0.994243943428 0.0122919698236 19.8718 1.0 0.8658 37.0446777344 30.4858791367 0.774557739382 1411686965.29
0.41 0.994131703504 0.0183315929156 19.4234 1.0 0.8664 37.0446777344 30.4858791367 0.751038321358 1411686966.06
0.433 0.993958815352 0.0187099095721 18.6811 1.0 0.8664 37.0446777344 30.4858791367 0.755929900492 1411686966.84
0.392 0.993374490335 0.0151778848844 18.3508 1.0 0.8664 37.0446777344 30.4858791367 0.756561437131 1411686967.7
0.37 0.991795077368 0.00943863158977 18.3219 1.0 0.8665 37.0446777344 30.4858791367 0.763278100128 1411686968.49
0.378 0.992112209736 0.00709276559898 18.3375 1.0 0.8665 37.0446777344 30.4858791367 0.753434254891 1411686969.35
0.377 0.99463794064 0.00869572798123 18.522 1.0 0.8665 37.0446777344 30.4858791367 0.778198789171 1411686970.17
0.355 0.995524504407 0.0108351669173 18.6618 1.0 0.8666 37.0446777344 30.4858791367 0.786008432313 1411686970.99
0.348 0.994559473749 0.0124483888979 18.4242 1.0 0.8707 37.0446777344 30.4858791367 0.769804879259 1411686971.74
0.35 0.99233289382 0.0120121631235 17.9053 1.0 0.877 37.0446777344 30.4858791367 0.72793634894 1411686972.59
0.401 0.991176012188 0.0131113256563 17.6308 1.0 0.8846 37.0446777344 30.4858791367 0.747299083031 1411686973.41
0.361 0.990621543423 0.0160638091768 17.4677 1.0 0.8933 37.0446777344 30.4858791367 0.743556810305 1411686974.12
0.376 0.991122095054 0.0170668897543 17.3265 1.0 0.8992 37.0446777344 30.4858791367 0.742045207995 1411686974.85
0.413 0.992809838269 0.0212200174134 16.7057 1.0 0.241 56.5223388672 45.9772685536 0.77658406022 1411686975.69
0.428 0.992615126064 0.0272556486435 15.6817 1.0 0.4359 56.5223388672 45.9772685536 0.737303733304 1411686976.56
0.419 0.990295317384 0.03215950491 13.7503 1.0 0.5086 56.5223388672 45.9772685536 0.742969138789 1411686977.33
0.442 0.986028773583 0.0312899045811 12.6577 1.0 0.5491 56.5223388672 45.9772685536 0.734498635467 1411686978.16
0.418 0.982587378784 0.0183226744355 11.6322 1.0 0.5873 56.5223388672 45.9772685536 0.758072960482 1411686978.99
0.419 0.982815910961 0.0184889836206 11.2621 1.0 0.6197 56.5223388672 45.9772685536 0.763471720867 1411686979.89
0.391 0.984984628945 0.0225206245195 10.7369 1.0 0.64 56.5223388672 45.9772685536 0.77658581236 1411686980.75
0.405 0.985707670817 0.0230954760719 10.4333 1.0 0.6732 56.5223388672 45.9772685536 0.746089165762 1411686981.57
0.411 0.985390594979 0.0187696540134 10.3521 1.0 0.6906 56.5223388672 45.9772685536 0.707002234993 1411686982.36
0.422 0.986900984874 0.0170408769516 10.5122 1.0 0.7013 56.5223388672 45.9772685536 0.666191868836 1411686983.27
0.425 0.989446429542 0.00665075432853 9.7894 1.0 0.7329 56.5223388672 45.9772685536 0.675187254502 1411686984.06
0.407 0.991586882484 0.00594181554534 9.3104 1.0 0.758 56.5223388672 45.9772685536 0.714595423253 1411686984.87
0.416 0.99108632542 0.0105402631545 9.0856 1.0 0.7776 56.5223388672 45.9772685536 0.731333782581 1411686985.59
0.431 0.989373920247 0.0144743592329 8.2879 1.0 0.8089 56.5223388672 45.9772685536 0.740172838226 1411686986.33
0.364 0.988252300964 0.0120208744471 8.2975 1.0 0.824 56.5223388672 45.9772685536 0.790643131759 1411686987.04
0.368 0.990399875484 0.00875708419647 8.5822 1.0 0.8326 56.5223388672 45.9772685536 0.780847997175 1411686987.84
0.401 0.991868092703 0.0141062412534 8.4902 1.0 0.8508 56.5223388672 45.9772685536 0.776829636043 1411686988.54
0.44 0.991927773214 0.0227307852484 8.6288 1.0 0.859 56.5223388672 45.9772685536 0.759550514369 1411686989.31
0.467 0.990690264947 0.0270405456375 8.4993 1.0 0.8693 56.5223388672 45.9772685536 0.759304785435 1411686990.11
0.397 0.9894230662 0.0348496258003 8.4559 1.0 0.8799 56.5223388672 45.9772685536 0.74385943793 1411686990.97
0.422 0.987799632662 0.0314328783527 8.2672 1.0 0.8948 56.5223388672 45.9772685536 0.766884783956 1411686991.83
0.357 0.983525006694 0.0181566429031 8.0723 1.0 0.3102 38.7611694336 31.4006348137 0.777756802981 1411686992.69
0.367 0.983306549948 0.00664122409309 8.2283 1.0 0.3932 38.7611694336 31.4006348137 0.769047013242 1411686993.47
0.37 0.986953172577 0.00568545100887 8.498 1.0 0.4291 38.7611694336 31.4006348137 0.777792303913 1411686994.2
0.345 0.991874499942 0.0123977465175 8.9582 1.0 0.4531 38.7611694336 31.4006348137 0.776139672728 1411686994.98
0.32 0.99377945098 0.0170464213748 9.3782 1.0 0.4604 38.7611694336 31.4006348137 0.82247550206 1411686995.73
0.322 0.992205299354 0.0125764338048 10.0045 1.0 0.4627 38.7611694336 31.4006348137 0.800949856705 1411686996.43
0.325 0.991337707703 0.00672732987682 9.7652 1.0 0.5166 38.7611694336 31.4006348137 0.721249847835 1411686997.16
0.367 0.992692422833 0.00281999242516 9.8469 1.0 0.5525 38.7611694336 31.4006348137 0.703664116941 1411686997.9
0.358 0.995139479178 0.00310763028928 10.1667 1.0 0.5718 38.7611694336 31.4006348137 0.737518650441 1411686998.62
0.357 0.997559527017 0.00676896615961 10.7435 1.0 0.5749 38.7611694336 31.4006348137 0.785670546167 1411686999.31
0.335 0.999000496235 0.0148578074057 11.3598 1.0 0.5752 38.7611694336 31.4006348137 0.833232016699 1411686999.95
0.337 0.998938437741 0.0208275794362 11.8889 1.0 0.5769 38.7611694336 31.4006348137 0.839505559343 1411687000.64
0.344 0.99854341391 0.0155348488905 12.3159 1.0 0.5819 38.7611694336 31.4006348137 0.828464103756 1411687001.32
0.377 0.997929313761 0.0165229187953 12.66 1.0 0.5866 38.7611694336 31.4006348137 0.809684038985 1411687001.97
0.316 0.998071269526 0.0162032560554 13.2172 1.0 0.5882 38.7611694336 31.4006348137 0.80410157084 1411687002.67
0.286 0.997842979767 0.0087095990245 13.8555 1.0 0.5882 38.7611694336 31.4006348137 0.816430634077 1411687003.37
0.246 0.997902602065 0.0100886483015 14.5782 1.0 0.5882 38.7611694336 31.4006348137 0.835172408929 1411687004.13
0.242 0.997850126479 0.0214374019712 15.2115 1.0 0.5882 38.7611694336 31.4006348137 0.831725923981 1411687004.85
0.211 0.997443942989 0.0162545252609 15.9525 1.0 0.5883 38.7611694336 31.4006348137 0.854329053845 1411687005.66
0.187 0.99549743643 0.00469973350364 16.6757 1.0 0.5886 38.7611694336 31.4006348137 0.835489828317 1411687006.38
0.24 0.994120728379 0.00188570417227 17.2338 1.0 0.5887 38.7611694336 31.4006348137 0.83713146241 1411687007.08
0.257 0.994304537694 0.00155963355688 17.7312 1.0 0.5911 38.7611694336 31.4006348137 0.835452240044 1411687007.83
0.249 0.994486423916 0.00222205948707 18.1602 1.0 0.5963 38.7611694336 31.4006348137 0.830986430054 1411687008.56
0.264 0.994386436695 0.00154706236566 18.3192 1.0 0.6116 38.7611694336 31.4006348137 0.811199639445 1411687009.36
0.273 0.994242959098 0.00152067350097 18.7794 1.0 0.6182 38.7611694336 31.4006348137 0.802085248418 1411687010.02
0.301 0.994499089521 0.00740915934349 19.285 1.0 0.6238 38.7611694336 31.4006348137 0.798074692299 1411687010.73
0.271 0.995837663407 0.0110146570957 19.6527 1.0 0.6318 38.7611694336 31.4006348137 0.81311307632 1411687011.43
0.296 0.997395956038 0.0208517598797 19.8812 1.0 0.6457 38.7611694336 31.4006348137 0.823335467588 1411687012.13
0.331 0.998791333187 0.0379623797083 20.0116 1.0 0.6617 38.7611694336 31.4006348137 0.819166919138 1411687012.75
0.301 0.999589904491 0.0406818617522 20.4621 1.0 0.6667 38.7611694336 31.4006348137 0.823782027876 1411687013.49
0.288 0.999313334401 0.0321086018465 21.0875 1.0 0.6671 38.7611694336 31.4006348137 0.82868167101 1411687014.28
0.254 0.998099018698 0.0180000074523 21.7421 1.0 0.6671 38.7611694336 31.4006348137 0.824437606708 1411687015.0
0.257 0.997055046274 0.0220030244748 22.223 1.0 0.6699 38.7611694336 31.4006348137 0.822713068788 1411687015.6
0.253 0.995060255042 0.0109212269565 22.6955 1.0 0.6699 38.7611694336 31.4006348137 0.838110260649 1411687016.42
0.245 0.992576309323 0.00246734961851 23.329 1.0 0.67 38.7611694336 31.4006348137 0.86713570823 1411687017.19
0.253 0.99290409358 0.000777320216995 23.6727 1.0 0.67 38.7611694336 31.4006348137 0.831939489597 1411687018.02
0.269 0.994411144122 0.000223501863636 24.2005 1.0 0.67 38.7611694336 31.4006348137 0.831626400137 1411687018.77
0.269 0.994934924001 0.000152947210097 24.531 1.0 0.67 38.7611694336 31.4006348137 0.822914428406 1411687019.51
0.256 0.995103232675 0.00056287001307 24.8272 1.0 0.67 38.7611694336 31.4006348137 0.804993965581 1411687020.19
0.229 0.995860567289 0.0018639925346 25.157 1.0 0.671 38.7611694336 31.4006348137 0.814999611152 1411687020.92
0.224 0.995767138334 0.0177675419645 25.6339 1.0 0.6743 38.7611694336 31.4006348137 0.834102949838 1411687021.61
0.246 0.995534448928 0.0193359661034 26.1053 1.0 0.6777 38.7611694336 31.4006348137 0.840422284044 1411687022.26
0.256 0.995272246116 0.016920713596 26.3032 1.0 0.6816 38.7611694336 31.4006348137 0.829997153948 1411687022.92
0.25 0.994662255352 0.00856403948504 26.593 1.0 0.6865 38.7611694336 31.4006348137 0.83775366092 1411687023.7
0.264 0.995257614115 0.00556102138181 27.3388 1.0 0.6865 38.7611694336 31.4006348137 0.830633768596 1411687024.49
0.242 0.996103511516 0.00535177507459 27.9468 1.0 0.6876 38.7611694336 31.4006348137 0.827410689331 1411687025.19
0.236 0.99682132932 0.00232743542163 28.1187 1.0 0.6921 38.7611694336 31.4006348137 0.822360280804 1411687025.87
0.248 0.996756629882 0.00459212462338 27.3672 1.0 0.7093 38.7611694336 31.4006348137 0.805465756485 1411687026.6
0.296 0.996372515956 0.00886482210966 26.9389 1.0 0.717 38.7611694336 31.4006348137 0.789052585089 1411687027.28
0.266 0.996862569845 0.0116471987557 27.2541 1.0 0.7187 38.7611694336 31.4006348137 0.797344169362 1411687027.93
0.281 0.996470515502 0.0148825491704 27.8409 1.0 0.7191 38.7611694336 31.4006348137 0.817290254381 1411687028.64
0.294 0.994723068645 0.00817970795217 27.9896 1.0 0.7248 38.7611694336 31.4006348137 0.81267631393 1411687029.43
0.32 0.991986807058 0.00414459981522 27.1925 1.0 0.7426 38.7611694336 31.4006348137 0.771521601383 1411687030.12
0.328 0.991827815483 0.00168277674362 26.9595 1.0 0.7494 38.7611694336 31.4006348137 0.769116009494 1411687030.79
0.334 0.994011566246 0.00232214895546 26.4869 1.0 0.7594 38.7611694336 31.4006348137 0.761106011321 1411687031.57
0.332 0.996916252527 0.00419498066795 24.8895 1.0 0.7771 38.7611694336 31.4006348137 0.786360692517 1411687032.37
0.315 0.998812357516 0.0119030863131 23.21 1.0 0.7997 38.7611694336 31.4006348137 0.79306128146 1411687033.14
0.322 0.999260216444 0.0227729787877 22.6113 1.0 0.8026 38.7611694336 31.4006348137 0.799094328761 1411687033.86
0.329 0.99849133245 0.0265264844641 21.2177 1.0 0.818 38.7611694336 31.4006348137 0.793302181157 1411687034.62
0.355 0.996735741273 0.0384100650604 19.7811 1.0 0.8353 38.7611694336 31.4006348137 0.774244409277 1411687035.44
0.369 0.994261918312 0.0506562080409 18.9326 1.0 0.8476 38.7611694336 31.4006348137 0.752333126526 1411687036.15
0.404 0.990957799522 0.0463645336106 18.0291 1.0 0.8613 38.7611694336 31.4006348137 0.73787933287 1411687037.03
0.453 0.985764784329 0.0166021617309 16.266 1.0 0.8841 38.7611694336 31.4006348137 0.681802142941 1411687037.93
0.436 0.983599150824 0.0131831036065 14.3193 1.0 0.1058 50.8805847168 38.9407274963 0.64585871576 1411687038.9
0.459 0.985139750533 0.0129140802435 13.7677 1.0 0.4341 50.8805847168 38.9407274963 0.665003548324 1411687039.8
0.401 0.987828057517 0.013190106315 13.0991 1.0 0.4978 50.8805847168 38.9407274963 0.693744078899 1411687040.62
0.372 0.989613751351 0.0251037946909 13.1074 1.0 0.5251 50.8805847168 38.9407274963 0.717516784445 1411687041.42
0.353 0.989840102549 0.0256465765876 13.0313 1.0 0.5445 50.8805847168 38.9407274963 0.738070716259 1411687042.25
0.311 0.987562879929 0.0271775528743 12.4408 1.0 0.5655 50.8805847168 38.9407274963 0.710630775686 1411687043.09
0.343 0.984313477781 0.0417754821794 11.4736 1.0 0.5957 50.8805847168 38.9407274963 0.677056497669 1411687043.88
0.378 0.980715517492 0.0579638588235 11.0883 1.0 0.6172 50.8805847168 38.9407274963 0.661036133553 1411687044.61
0.342 0.982699973913 0.0663048221782 11.1237 1.0 0.6263 50.8805847168 38.9407274963 0.709890289428 1411687045.42
0.333 0.983098075 0.0665739779004 10.6306 1.0 0.6419 50.8805847168 38.9407274963 0.696310264889 1411687046.23
0.331 0.981770691564 0.0566429494319 10.7501 1.0 0.6516 50.8805847168 38.9407274963 0.706105449025 1411687046.97
0.323 0.979032328977 0.0564773427431 11.0774 1.0 0.6644 50.8805847168 38.9407274963 0.72905463986 1411687047.79
0.358 0.978917762385 0.0717897391509 11.5013 1.0 0.6703 50.8805847168 38.9407274963 0.766335869497 1411687048.52
0.34 0.978476059254 0.0961012276256 11.9891 1.0 0.6726 50.8805847168 38.9407274963 0.777870884899 1411687049.29
0.318 0.977276634228 0.0925690334438 12.3521 1.0 0.6814 50.8805847168 38.9407274963 0.770262507437 1411687050.11
