0.17 0.986129951005 0.380813790976 0.878888888889 0.142222222222 0.142222222222 0 0 0.838770561782 1430519383.83
0.301 0.934378379183 0.318207660781 1.35 0.333333333333 0.333333333333 0 0 0.477495491298 1430519384.12
0.328 0.926197153391 0.311279582882 1.87888888889 0.406666666667 0.406666666667 0 0 0.443804577607 1430519384.4
0.241 0.952263707252 0.327504166353 2.51666666667 0.435555555556 0.435555555556 0 0 0.543444421928 1430519384.66
0.238 0.969725211188 0.349255486625 3.13666666667 0.461111111111 0.461111111111 0 0 0.660033457881 1430519384.95
0.224 0.967978621337 0.344529281966 3.68888888889 0.493333333333 0.493333333333 0 0 0.659816785381 1430519385.22
0.283 0.950033741829 0.304259493819 4.09333333333 0.542222222222 0.542222222222 0 0 0.628213671975 1430519385.6
0.349 0.908014233096 0.254270781884 4.26555555556 0.585555555556 0.585555555556 0 0 0.600218087817 1430519385.96
0.357 0.895521097875 0.251044101261 4.52888888889 0.611111111111 0.611111111111 0 0 0.562714981476 1430519386.32
0.365 0.913973637612 0.271416520034 4.79 0.638888888889 0.638888888889 0 0 0.5858190095 1430519386.7
0.373 0.927624400679 0.289900562168 5.11777777778 0.655555555556 0.655555555556 0 0 0.601721726446 1430519387.06
0.396 0.924669282906 0.289510665077 5.31111111111 0.676666666667 0.676666666667 0 0 0.589646590029 1430519387.41
0.389 0.917932133814 0.279417632776 5.52111111111 0.691111111111 0.691111111111 0 0 0.606233054457 1430519387.77
0.385 0.915324929286 0.272407557184 5.71 0.701111111111 0.701111111111 0 0 0.608876971632 1430519388.14
0.42 0.910442275884 0.239256076681 5.80666666667 0.708888888889 0.708888888889 0 0 0.598139198771 1430519388.59
0.453 0.87954501891 0.191565441654 6.00888888889 0.712222222222 0.712222222222 0 0 0.592162532026 1430519389.02
0.452 0.865320157368 0.172203084887 6.18444444444 0.716666666667 0.716666666667 0 0 0.584510765897 1430519389.48
0.461 0.872341694672 0.1802136633 6.44 0.724444444444 0.724444444444 0 0 0.589547620185 1430519389.98
0.465 0.88206443897 0.192137521635 6.54111111111 0.731111111111 0.731111111111 0 0 0.583519181084 1430519390.46
0.51 0.883227951793 0.18579060383 6.64 0.741111111111 0.741111111111 0 0 0.586843596802 1430519390.92
0.484 0.875979885858 0.166585165441 6.47333333333 0.763333333333 0.763333333333 0 0 0.601772576822 1430519391.41
0.47 0.878402954946 0.167394614027 6.62555555556 0.768888888889 0.768888888889 0 0 0.611633759146 1430519391.89
0.504 0.882520258386 0.171958315731 6.69666666667 0.775555555556 0.775555555556 0 0 0.601001731468 1430519392.36
0.488 0.885088196207 0.17710364972 6.68555555556 0.786666666667 0.786666666667 0 0 0.583069304804 1430519392.82
0.531 0.88508532933 0.18819143083 6.93222222222 0.79 0.79 0 0 0.597895243511 1430519393.29
0.518 0.880841907414 0.18926359244 6.85888888889 0.803333333333 0.803333333333 0 0 0.578558275496 1430519393.76
0.557 0.874504176964 0.185077807863 6.37222222222 0.822222222222 0.822222222222 0 0 0.554670953392 1430519394.22
0.558 0.870087692592 0.180890648329 6.18777777778 0.83 0.83 0 0 0.56333773156 1430519394.72
0.549 0.870002619438 0.186755064668 5.48222222222 0.855555555556 0.855555555556 0 0 0.559081168195 1430519395.2
0.624 0.872808376419 0.196584097112 4.84333333333 0.875555555556 0.875555555556 0 0 0.548493632519 1430519395.69
0.611 0.873883822761 0.210516926424 3.85444444444 0.906666666667 0.253333333333 30 12.3118269444 0.538226800048 1430519396.16
0.613 0.867053385848 0.21629155204 3.40666666667 0.927777777778 0.607777777778 30 12.3118269444 0.534185194589 1430519396.61
0.601 0.857068563553 0.208414773523 3.16111111111 0.936666666667 0.714444444444 30 12.3118269444 0.5174362422 1430519397.09
0.619 0.853170467005 0.19945356926 2.57555555556 0.954444444444 0.807777777778 30 12.3118269444 0.492227854973 1430519397.56
0.619 0.861162652461 0.20548335729 2.15555555556 0.967777777778 0.87 30 12.3118269444 0.498717448875 1430519398.06
0.638 0.869197364996 0.205938409709 1.43888888889 0.987777777778 0.337777777778 17.5 7.32138597965 0.48509832567 1430519398.53
0.64 0.869874543954 0.206741679001 1.23222222222 0.997777777778 0.646666666667 17.5 7.32138597965 0.510941404437 1430519399.01
0.608 0.867375470289 0.19816028206 1.28333333333 0.997777777778 0.742222222222 17.5 7.32138597965 0.524340372498 1430519399.48
0.616 0.864375606331 0.189597489212 1.29222222222 0.998888888889 0.817777777778 17.5 7.32138597965 0.520710021798 1430519399.97
0.615 0.869722478607 0.19563790197 1.31222222222 1.0 0.865555555556 17.5 7.32138597965 0.515363325536 1430519400.48
0.62 0.870796667371 0.194535691982 1.28111111111 1.0 0.356666666667 11.25 4.86982351542 0.517547495055 1430519401.01
0.648 0.869565967258 0.19170555187 1.19888888889 1.0 0.693333333333 11.25 4.86982351542 0.526486411429 1430519401.49
0.643 0.870113615337 0.187182795387 1.20222222222 1.0 0.788888888889 11.25 4.86982351542 0.552243686954 1430519401.95
0.587 0.871493293924 0.188143512496 1.39666666667 1.0 0.824444444444 11.25 4.86982351542 0.551126756703 1430519402.44
0.602 0.872851938433 0.186998501929 1.49111111111 1.0 0.862222222222 11.25 4.86982351542 0.54334866063 1430519402.91
0.602 0.876276703768 0.18776594865 1.49111111111 1.0 0.0922222222222 8.125 3.7002837956 0.557054732166 1430519403.36
0.591 0.87792094098 0.202359548913 1.55888888889 1.0 0.607777777778 8.125 3.7002837956 0.533468549732 1430519403.82
0.586 0.872388581768 0.207328033011 1.42666666667 1.0 0.733333333333 8.125 3.7002837956 0.514678860159 1430519404.3
0.627 0.865696700076 0.201433179758 1.50444444444 1.0 0.794444444444 8.125 3.7002837956 0.523643817572 1430519404.78
0.652 0.863871221135 0.196269576013 1.43666666667 1.0 0.847777777778 8.125 3.7002837956 0.485517835058 1430519405.24
0.644 0.864341445891 0.200262658396 1.35888888889 1.0 0.894444444444 8.125 3.7002837956 0.511621174632 1430519405.71
0.624 0.869598585309 0.200510816442 1.42222222222 1.0 0.343333333333 7.0625 3.20825637877 0.52007739329 1430519406.2
0.589 0.871295038219 0.200827520779 1.50444444444 1.0 0.636666666667 7.0625 3.20825637877 0.515766982396 1430519406.65
0.611 0.871812862954 0.199912024212 1.53222222222 1.0 0.725555555556 7.0625 3.20825637877 0.531328009892 1430519407.1
0.648 0.87236229479 0.1998963079 1.42 1.0 0.808888888889 7.0625 3.20825637877 0.517028156555 1430519407.59
0.599 0.871441743896 0.201451000878 1.33111111111 1.0 0.865555555556 7.0625 3.20825637877 0.505178717034 1430519408.06
0.648 0.87070887025 0.200810789039 1.21111111111 1.0 0.207777777778 6.03125 2.80170423537 0.486259949309 1430519408.53
0.609 0.871258929654 0.201570474997 1.09777777778 1.0 0.657777777778 6.03125 2.80170423537 0.50418304438 1430519409.01
0.65 0.8721386935 0.208005386927 1.24111111111 1.0 0.736666666667 6.03125 2.80170423537 0.544637360891 1430519409.49
0.582 0.870292784084 0.203807070178 1.33888888889 1.0 0.805555555556 6.03125 2.80170423537 0.51294071486 1430519409.95
0.561 0.867685410717 0.197562517131 1.36444444444 1.0 0.873333333333 6.03125 2.80170423537 0.536433322205 1430519410.41
0.619 0.870261475846 0.195950427485 1.35444444444 1.0 0.207777777778 5.515625 2.58032814041 0.520598812251 1430519410.88
0.624 0.872246655714 0.190503429797 1.36666666667 1.0 0.631111111111 5.515625 2.58032814041 0.546265590575 1430519411.35
0.621 0.878116497777 0.190322681152 1.39 1.0 0.73 5.515625 2.58032814041 0.55999642797 1430519411.82
0.584 0.879243194151 0.183461417804 1.50111111111 1.0 0.781111111111 5.515625 2.58032814041 0.583617347919 1430519412.31
0.612 0.879149110179 0.186134433676 1.50777777778 1.0 0.842222222222 5.515625 2.58032814041 0.548824962223 1430519412.79
0.596 0.877116715808 0.184409479717 1.66888888889 1.0 0.876666666667 5.515625 2.58032814041 0.580855061457 1430519413.25
0.605 0.878097651679 0.179592049679 1.65666666667 1.0 0.226666666667 5.7578125 2.71567566879 0.545993565712 1430519413.74
0.556 0.883419976046 0.183444089546 1.64888888889 1.0 0.607777777778 5.7578125 2.71567566879 0.542994154417 1430519414.23
0.531 0.884181112279 0.186073757759 1.67 1.0 0.697777777778 5.7578125 2.71567566879 0.561662686355 1430519414.71
0.58 0.880524615727 0.185422500224 1.57555555556 1.0 0.773333333333 5.7578125 2.71567566879 0.541869110265 1430519415.2
0.579 0.877592515094 0.18239323154 1.57555555556 1.0 0.834444444444 5.7578125 2.71567566879 0.540245235645 1430519415.64
0.549 0.883769637113 0.18280656288 1.62444444444 1.0 0.882222222222 5.7578125 2.71567566879 0.555021730775 1430519416.11
0.541 0.881695720711 0.17944678016 1.66666666667 1.0 0.396666666667 5.87890625 2.70720080379 0.556291313959 1430519416.52
0.543 0.882519980117 0.1750675612 1.72555555556 1.0 0.608888888889 5.87890625 2.70720080379 0.538972859588 1430519417.0
0.556 0.88381832993 0.171993755549 1.74666666667 1.0 0.685555555556 5.87890625 2.70720080379 0.545095439153 1430519417.48
0.551 0.886513296842 0.179113282765 1.72666666667 1.0 0.767777777778 5.87890625 2.70720080379 0.56289451791 1430519417.93
0.538 0.884396835436 0.179028412602 1.75444444444 1.0 0.823333333333 5.87890625 2.70720080379 0.56868625353 1430519418.37
0.55 0.883085337638 0.179161285074 1.88 1.0 0.856666666667 5.87890625 2.70720080379 0.565131871931 1430519418.82
0.565 0.881401886623 0.177961067722 1.69888888889 1.0 0.181111111111 5.939453125 2.77637340548 0.544306677453 1430519419.26
0.567 0.883289032115 0.182636624431 1.72777777778 1.0 0.564444444444 5.939453125 2.77637340548 0.571155465529 1430519419.7
0.533 0.884718495692 0.192316802229 1.84555555556 1.0 0.641111111111 5.939453125 2.77637340548 0.557458849239 1430519420.19
0.554 0.880189184687 0.192586555022 1.77333333333 1.0 0.726666666667 5.939453125 2.77637340548 0.594231799972 1430519420.67
0.569 0.878069685914 0.19796210862 1.67333333333 1.0 0.808888888889 5.939453125 2.77637340548 0.582707649965 1430519421.15
0.582 0.87264208661 0.19793417336 1.55222222222 1.0 0.875555555556 5.939453125 2.77637340548 0.559504766145 1430519421.63
0.604 0.863897665839 0.192076587104 1.40888888889 1.0 0.316666666667 5.9697265625 2.7661056614 0.557546197101 1430519422.1
0.565 0.866208697653 0.193688138648 1.40555555556 1.0 0.643333333333 5.9697265625 2.7661056614 0.553835950128 1430519422.59
0.579 0.872669145938 0.197449419238 1.45444444444 1.0 0.72 5.9697265625 2.7661056614 0.556269011497 1430519423.05
0.613 0.872994814005 0.19609128772 1.46666666667 1.0 0.79 5.9697265625 2.7661056614 0.543109734673 1430519423.53
0.602 0.874793175284 0.196577689062 1.41333333333 1.0 0.855555555556 5.9697265625 2.7661056614 0.568766824623 1430519423.99
0.593 0.871046472391 0.186487676157 1.37777777778 1.0 0.194444444444 5.48486328125 2.59765732766 0.552117518368 1430519424.44
0.6 0.869185653266 0.184501362067 1.46222222222 1.0 0.612222222222 5.48486328125 2.59765732766 0.524126682316 1430519424.89
0.579 0.871475717912 0.191965505114 1.51222222222 1.0 0.706666666667 5.48486328125 2.59765732766 0.517454913256 1430519425.36
0.585 0.873325319304 0.197403406608 1.43444444444 1.0 0.797777777778 5.48486328125 2.59765732766 0.52522234767 1430519425.82
0.577 0.876055512489 0.198752992656 1.4 1.0 0.865555555556 5.48486328125 2.59765732766 0.500811512673 1430519426.29
0.61 0.87643114601 0.1922886788 1.38555555556 1.0 0.132222222222 5.24243164062 2.45033318043 0.562557470144 1430519426.73
0.585 0.875495033457 0.187747809521 1.29666666667 1.0 0.59 5.24243164062 2.45033318043 0.512176696562 1430519427.19
0.628 0.877065819856 0.188658264936 1.29333333333 1.0 0.714444444444 5.24243164062 2.45033318043 0.541587222614 1430519427.65
0.604 0.878291898935 0.189676004316 1.45333333333 1.0 0.763333333333 5.24243164062 2.45033318043 0.540189651171 1430519428.12
0.607 0.879165095717 0.195518857479 1.42333333333 1.0 0.832222222222 5.24243164062 2.45033318043 0.527510772063 1430519428.58
0.624 0.876108104504 0.19487042831 1.42555555556 1.0 0.874444444444 5.24243164062 2.45033318043 0.532891699522 1430519429.04
0.583 0.872202967292 0.189048090304 1.43 1.0 0.417777777778 5.62121582031 2.53041461229 0.554522353747 1430519429.49
0.575 0.876367882116 0.193473069445 1.43111111111 1.0 0.624444444444 5.62121582031 2.53041461229 0.532679332179 1430519429.98
0.557 0.87901595586 0.20445745143 1.61555555556 1.0 0.695555555556 5.62121582031 2.53041461229 0.548539946088 1430519430.46
0.578 0.872066549977 0.206573675959 1.53333333333 1.0 0.784444444444 5.62121582031 2.53041461229 0.520581194334 1430519430.9
0.575 0.867072442408 0.198437315331 1.43 1.0 0.864444444444 5.62121582031 2.53041461229 0.537782731088 1430519431.37
0.603 0.867004975281 0.195925716861 1.31111111111 1.0 0.178888888889 5.31060791016 2.50810732007 0.539579509887 1430519431.88
0.65 0.869719075611 0.199524899316 1.34777777778 1.0 0.623333333333 5.31060791016 2.50810732007 0.51727818067 1430519432.34
0.632 0.86987753842 0.194910611548 1.30888888889 1.0 0.743333333333 5.31060791016 2.50810732007 0.528370982392 1430519432.82
0.626 0.871416670574 0.196315090079 1.37333333333 1.0 0.806666666667 5.31060791016 2.50810732007 0.553527124392 1430519433.32
0.594 0.872809632524 0.201171854988 1.32 1.0 0.866666666667 5.31060791016 2.50810732007 0.564164026975 1430519433.78
0.518 0.872896080295 0.207866189996 1.45555555556 1.0 0.215555555556 5.15530395508 2.44994623244 0.567174147869 1430519434.26
0.571 0.869442815787 0.199809293768 1.59111111111 1.0 0.583333333333 5.15530395508 2.44994623244 0.566395056063 1430519434.75
0.571 0.870189809341 0.201579230123 1.55888888889 1.0 0.682222222222 5.15530395508 2.44994623244 0.545962317601 1430519435.22
0.571 0.86847348834 0.195027018428 1.53222222222 1.0 0.773333333333 5.15530395508 2.44994623244 0.552619295225 1430519435.7
0.588 0.865559532235 0.188745114705 1.48777777778 1.0 0.843333333333 5.15530395508 2.44994623244 0.520276327214 1430519436.11
0.643 0.868119622127 0.191113191566 1.48444444444 1.0 0.892222222222 5.15530395508 2.44994623244 0.532244570395 1430519436.56
0.613 0.872628011867 0.194399996609 1.57333333333 1.0 0.498888888889 5.57765197754 2.53326657802 0.549846834702 1430519437.02
0.579 0.87346894813 0.192220055366 1.41888888889 1.0 0.675555555556 5.57765197754 2.53326657802 0.534172458735 1430519437.52
0.58 0.871779057422 0.184426263174 1.37444444444 1.0 0.765555555556 5.57765197754 2.53326657802 0.565993014731 1430519438.01
0.564 0.872107315098 0.179869933304 1.51 1.0 0.821111111111 5.57765197754 2.53326657802 0.545212975792 1430519438.42
0.545 0.875863077272 0.179029873302 1.65666666667 1.0 0.854444444444 5.57765197754 2.53326657802 0.528798882179 1430519438.9
0.57 0.881609962277 0.18001285376 1.70666666667 1.0 0.89 5.57765197754 2.53326657802 0.548872523504 1430519439.38
0.588 0.884470514737 0.190658252515 1.82777777778 1.0 0.44 5.78882598877 2.68339027658 0.564710893285 1430519439.85
0.603 0.878426792238 0.18914473384 1.83222222222 1.0 0.631111111111 5.78882598877 2.68339027658 0.55991053425 1430519440.32
0.637 0.87443913844 0.192769208187 1.71888888889 1.0 0.73 5.78882598877 2.68339027658 0.544099790927 1430519440.8
0.639 0.872495424852 0.1963018565 1.6 1.0 0.811111111111 5.78882598877 2.68339027658 0.522137474531 1430519441.27
0.637 0.871681253284 0.199564579722 1.62555555556 1.0 0.864444444444 5.78882598877 2.68339027658 0.553025635477 1430519441.74
0.603 0.869603197118 0.193037444497 1.57777777778 1.0 0.176666666667 5.39441299438 2.60687417634 0.524981757406 1430519442.21
0.553 0.873021449467 0.187584294681 1.61333333333 1.0 0.611111111111 5.39441299438 2.60687417634 0.522267479775 1430519442.69
0.594 0.876850228756 0.184288004036 1.71777777778 1.0 0.694444444444 5.39441299438 2.60687417634 0.536263060687 1430519443.15
0.56 0.879763158053 0.18283710248 1.85666666667 1.0 0.744444444444 5.39441299438 2.60687417634 0.588664936903 1430519443.64
0.523 0.880406866166 0.173724427064 1.89 1.0 0.792222222222 5.39441299438 2.60687417634 0.560398012281 1430519444.1
0.581 0.879713410018 0.172156714033 1.98222222222 1.0 0.831111111111 5.39441299438 2.60687417634 0.575939070787 1430519444.55
0.565 0.881694143549 0.172325533989 1.90111111111 1.0 0.875555555556 5.39441299438 2.60687417634 0.569815991439 1430519445.09
0.546 0.881571570933 0.176134812916 1.88444444444 1.0 0.104444444444 6.19720649719 2.99827811543 0.541325064232 1430519445.6
0.562 0.881951308307 0.179856395435 2.00222222222 1.0 0.521111111111 6.19720649719 2.99827811543 0.574928225932 1430519446.08
0.556 0.88243519167 0.177857599161 1.95 1.0 0.634444444444 6.19720649719 2.99827811543 0.549138636194 1430519446.55
0.492 0.881707559835 0.18442675384 1.71777777778 1.0 0.745555555556 6.19720649719 2.99827811543 0.562161149662 1430519447.04
0.528 0.880591782918 0.190824782519 1.80444444444 1.0 0.794444444444 6.19720649719 2.99827811543 0.55071912279 1430519447.5
0.52 0.879987948011 0.202676338992 1.96666666667 1.0 0.828888888889 6.19720649719 2.99827811543 0.558040216547 1430519447.95
0.575 0.872628356021 0.203773460507 2.00333333333 1.0 0.871111111111 6.19720649719 2.99827811543 0.540920678953 1430519448.44
0.621 0.864238550107 0.200846644929 1.99444444444 1.0 0.897777777778 6.19720649719 2.99827811543 0.565165219717 1430519448.93
0.627 0.864144086088 0.200288714682 1.65 1.0 0.557777777778 7.0986032486 3.30989454897 0.544001157139 1430519449.39
0.626 0.867461329515 0.195155328431 1.41888888889 1.0 0.726666666667 7.0986032486 3.30989454897 0.545119985113 1430519449.87
0.591 0.873105866132 0.194725599972 1.34666666667 1.0 0.807777777778 7.0986032486 3.30989454897 0.546667185454 1430519450.38
0.626 0.8756966656 0.181713723148 1.43 1.0 0.846666666667 7.0986032486 3.30989454897 0.542273141604 1430519450.84
0.631 0.878794803399 0.176946991484 1.40555555556 1.0 0.887777777778 7.0986032486 3.30989454897 0.559846681089 1430519451.31
0.566 0.884574340038 0.177998708597 1.46666666667 1.0 0.394444444444 6.0493016243 2.87063931779 0.561496242551 1430519451.78
0.603 0.886699661861 0.178542248486 1.44333333333 1.0 0.656666666667 6.0493016243 2.87063931779 0.563092680987 1430519452.25
0.591 0.883422208935 0.178186208706 1.39444444444 1.0 0.753333333333 6.0493016243 2.87063931779 0.548243673411 1430519452.71
0.59 0.879986379107 0.173427423909 1.28555555556 1.0 0.841111111111 6.0493016243 2.87063931779 0.523849343874 1430519453.2
0.592 0.883260341532 0.178988484132 1.48333333333 1.0 0.878888888889 6.0493016243 2.87063931779 0.600826521132 1430519453.68
0.558 0.886622315294 0.18191190037 1.55111111111 1.0 0.333333333333 5.52465081215 2.63537323155 0.588042149694 1430519454.2
0.54 0.883722614963 0.180907627175 1.62222222222 1.0 0.571111111111 5.52465081215 2.63537323155 0.593032484671 1430519454.66
0.538 0.879838931644 0.17655819885 1.72333333333 1.0 0.662222222222 5.52465081215 2.63537323155 0.566705895048 1430519455.14
0.564 0.877053334128 0.171881120692 1.78333333333 1.0 0.733333333333 5.52465081215 2.63537323155 0.571140391125 1430519455.57
0.561 0.880147025104 0.172516830736 1.70222222222 1.0 0.813333333333 5.52465081215 2.63537323155 0.577135489947 1430519456.04
0.558 0.88584551645 0.178328736644 1.74666666667 1.0 0.866666666667 5.52465081215 2.63537323155 0.56061063776 1430519456.5
0.562 0.884175612481 0.172361646326 1.68222222222 1.0 0.331111111111 5.76232540607 2.7242435797 0.568032656177 1430519457.02
0.571 0.882144021719 0.167163175532 1.65222222222 1.0 0.597777777778 5.76232540607 2.7242435797 0.560029983907 1430519457.49
0.595 0.883231958755 0.165641701369 1.57333333333 1.0 0.714444444444 5.76232540607 2.7242435797 0.548504630337 1430519457.95
0.573 0.885278014223 0.159731230996 1.51333333333 1.0 0.795555555556 5.76232540607 2.7242435797 0.554457998856 1430519458.41
0.572 0.887108718152 0.162525623332 1.63333333333 1.0 0.846666666667 5.76232540607 2.7242435797 0.571889325701 1430519458.89
0.515 0.886838159714 0.169300383308 1.78 1.0 0.884444444444 5.76232540607 2.7242435797 0.554530540878 1430519459.35
0.541 0.886773506217 0.175103746218 1.64666666667 1.0 0.383333333333 5.88116270304 2.77422472755 0.561362949129 1430519459.82
0.562 0.88372137057 0.179798536936 1.76555555556 1.0 0.59 5.88116270304 2.77422472755 0.549985623028 1430519460.28
0.6 0.880174442826 0.183881126507 1.72888888889 1.0 0.707777777778 5.88116270304 2.77422472755 0.537988638228 1430519460.75
0.59 0.879405342343 0.188586636835 1.67333333333 1.0 0.788888888889 5.88116270304 2.77422472755 0.537464350628 1430519461.21
0.584 0.876817911871 0.185043146542 1.73888888889 1.0 0.834444444444 5.88116270304 2.77422472755 0.542241022068 1430519461.65
0.561 0.877626232061 0.187390147111 1.77111111111 1.0 0.881111111111 5.88116270304 2.77422472755 0.542947091593 1430519462.11
0.592 0.879987036275 0.191008191594 1.72555555556 1.0 0.362222222222 5.94058135152 2.76568447013 0.534897409015 1430519462.56
0.58 0.87616949823 0.187391058259 1.66333333333 1.0 0.621111111111 5.94058135152 2.76568447013 0.514341546189 1430519463.03
0.579 0.87767638908 0.185583275616 1.67888888889 1.0 0.703333333333 5.94058135152 2.76568447013 0.542725964531 1430519463.48
0.587 0.880576558427 0.190402679127 1.64444444444 1.0 0.777777777778 5.94058135152 2.76568447013 0.542749054313 1430519463.96
0.542 0.879124430257 0.186239370424 1.73 1.0 0.825555555556 5.94058135152 2.76568447013 0.544858355393 1430519464.44
0.603 0.879893729197 0.179850208107 1.61555555556 1.0 0.89 5.94058135152 2.76568447013 0.532149713587 1430519464.92
0.59 0.884452115946 0.183895629422 1.70777777778 1.0 0.381111111111 5.97029067576 2.8000132365 0.539444359767 1430519465.4
0.576 0.883461763586 0.182618384064 1.66666666667 1.0 0.65 5.97029067576 2.8000132365 0.542237790848 1430519465.87
0.53 0.881952551254 0.188400720702 1.79111111111 1.0 0.716666666667 5.97029067576 2.8000132365 0.553027757576 1430519466.35
0.534 0.877613591527 0.185929323795 1.94666666667 1.0 0.762222222222 5.97029067576 2.8000132365 0.549295538542 1430519466.84
0.528 0.875819449379 0.188418824205 1.94666666667 1.0 0.811111111111 5.97029067576 2.8000132365 0.520276637455 1430519467.31
0.596 0.874461748014 0.196191703697 2.05333333333 1.0 0.841111111111 5.97029067576 2.8000132365 0.515028094729 1430519467.77
0.593 0.875166457513 0.203159062993 2.03777777778 1.0 0.874444444444 5.97029067576 2.8000132365 0.556899849378 1430519468.23
0.594 0.871619037721 0.19743156842 1.78222222222 1.0 0.307777777778 6.48514533788 3.06400057291 0.508078884522 1430519468.72
0.609 0.87144428235 0.196329030836 1.64444444444 1.0 0.642222222222 6.48514533788 3.06400057291 0.519577919343 1430519469.18
0.594 0.873049762146 0.184780403545 1.72111111111 1.0 0.711111111111 6.48514533788 3.06400057291 0.539032967291 1430519469.63
0.612 0.875453455991 0.177808144267 1.47888888889 1.0 0.791111111111 6.48514533788 3.06400057291 0.533096390784 1430519470.05
0.585 0.883370314148 0.180002171653 1.52222222222 1.0 0.843333333333 6.48514533788 3.06400057291 0.556086942931 1430519470.52
0.558 0.885420661861 0.181031714864 1.56666666667 1.0 0.888888888889 6.48514533788 3.06400057291 0.553634428179 1430519470.97
0.539 0.883383187803 0.171546729848 1.68 1.0 0.383333333333 6.24257266894 2.86505530583 0.550823328237 1430519471.43
0.515 0.880850261689 0.164420466691 1.72666666667 1.0 0.585555555556 6.24257266894 2.86505530583 0.515774928848 1430519471.87
0.542 0.883999486875 0.173664009287 1.80555555556 1.0 0.668888888889 6.24257266894 2.86505530583 0.50051417052 1430519472.33
0.569 0.88865634611 0.186416649415 1.87666666667 1.0 0.732222222222 6.24257266894 2.86505530583 0.529453073771 1430519472.78
0.592 0.881854289888 0.19430748092 1.81888888889 1.0 0.802222222222 6.24257266894 2.86505530583 0.530681287431 1430519473.25
0.629 0.872888321029 0.195713416346 1.44777777778 1.0 0.884444444444 6.24257266894 2.86505530583 0.513775813154 1430519473.71
0.616 0.863821503732 0.192840516004 1.46444444444 1.0 0.376666666667 6.12128633447 2.83536957854 0.518490615957 1430519474.18
0.639 0.865415535535 0.194204101768 1.52111111111 1.0 0.646666666667 6.12128633447 2.83536957854 0.533105920578 1430519474.64
0.593 0.871421818667 0.196855402121 1.57111111111 1.0 0.716666666667 6.12128633447 2.83536957854 0.547738681069 1430519475.11
0.58 0.873929371798 0.199985933966 1.54111111111 1.0 0.785555555556 6.12128633447 2.83536957854 0.572353339808 1430519475.62
0.57 0.87454189792 0.195378764115 1.67777777778 1.0 0.828888888889 6.12128633447 2.83536957854 0.528124133379 1430519476.1
0.564 0.873720314648 0.197572192317 1.74333333333 1.0 0.874444444444 6.12128633447 2.83536957854 0.571503713921 1430519476.57
0.597 0.871670640704 0.194371964842 1.76222222222 1.0 0.142222222222 6.06064316723 2.90274428901 0.539488392382 1430519477.06
0.601 0.87231858546 0.195180355019 1.64 1.0 0.591111111111 6.06064316723 2.90274428901 0.508903910275 1430519477.5
0.6 0.875449961078 0.194295895507 1.51333333333 1.0 0.71 6.06064316723 2.90274428901 0.519747788395 1430519477.97
0.598 0.876753167695 0.191129655419 1.43222222222 1.0 0.797777777778 6.06064316723 2.90274428901 0.53732102486 1430519478.44
0.583 0.874717001952 0.175739494439 1.38444444444 1.0 0.863333333333 6.06064316723 2.90274428901 0.560261045659 1430519478.88
0.576 0.876974589048 0.170468583181 1.39222222222 1.0 0.237777777778 5.53032158362 2.59192859916 0.594130926999 1430519479.37
0.596 0.885747811602 0.176146341402 1.45777777778 1.0 0.61 5.53032158362 2.59192859916 0.572921119172 1430519479.83
0.587 0.888161939533 0.177257359758 1.53555555556 1.0 0.698888888889 5.53032158362 2.59192859916 0.584015128296 1430519480.32
0.6 0.883488512067 0.168679477724 1.54 1.0 0.778888888889 5.53032158362 2.59192859916 0.593125152032 1430519480.8
0.601 0.882165956946 0.168896828395 1.44555555556 1.0 0.856666666667 5.53032158362 2.59192859916 0.559618516283 1430519481.29
0.574 0.883940497876 0.173446109064 1.40777777778 1.0 0.241111111111 5.26516079181 2.49587732448 0.56463086477 1430519481.74
0.592 0.8849567019 0.174944728057 1.40333333333 1.0 0.604444444444 5.26516079181 2.49587732448 0.603096929547 1430519482.24
0.574 0.885542084893 0.175160887589 1.34333333333 1.0 0.714444444444 5.26516079181 2.49587732448 0.595654911825 1430519482.74
0.608 0.885891078311 0.174293907023 1.40111111111 1.0 0.79 5.26516079181 2.49587732448 0.561748119339 1430519483.23
0.552 0.886529561405 0.183807954919 1.52888888889 1.0 0.842222222222 5.26516079181 2.49587732448 0.59073430214 1430519483.69
0.567 0.882845877292 0.189943941141 1.52666666667 1.0 0.893333333333 5.26516079181 2.49587732448 0.570288900456 1430519484.19
0.55 0.878072496217 0.187175585401 1.6 1.0 0.465555555556 5.6325803959 2.61647716112 0.582450983542 1430519484.67
0.556 0.877662414274 0.182502217409 1.65 1.0 0.635555555556 5.6325803959 2.61647716112 0.570414926481 1430519485.14
0.554 0.881348770154 0.189582754616 1.53444444444 1.0 0.75 5.6325803959 2.61647716112 0.58769395743 1430519485.59
0.53 0.878908972255 0.190926830914 1.71555555556 1.0 0.793333333333 5.6325803959 2.61647716112 0.562233944945 1430519486.07
0.557 0.876675872007 0.19137747862 1.82444444444 1.0 0.832222222222 5.6325803959 2.61647716112 0.543861793707 1430519486.56
0.593 0.875241697303 0.181089179291 1.80666666667 1.0 0.876666666667 5.6325803959 2.61647716112 0.561577590063 1430519487.06
0.636 0.878951761231 0.183023006272 1.85666666667 1.0 0.894444444444 5.6325803959 2.61647716112 0.554321909494 1430519487.51
0.584 0.884014498951 0.190311590336 1.86222222222 1.0 0.387777777778 6.31629019795 2.98380251203 0.569026142475 1430519487.98
0.589 0.883874401423 0.193262122249 1.73444444444 1.0 0.626666666667 6.31629019795 2.98380251203 0.560999224527 1430519488.46
0.572 0.878809901917 0.180732254816 1.61666666667 1.0 0.716666666667 6.31629019795 2.98380251203 0.580597531942 1430519488.94
0.562 0.877995030336 0.185730183299 1.61222222222 1.0 0.771111111111 6.31629019795 2.98380251203 0.563921139046 1430519489.41
0.574 0.877568395731 0.185638100352 1.66222222222 1.0 0.82 6.31629019795 2.98380251203 0.547100229535 1430519489.86
0.612 0.877581935964 0.178129424071 1.59111111111 1.0 0.871111111111 6.31629019795 2.98380251203 0.519522536294 1430519490.32
0.587 0.88151389676 0.183987112456 1.46666666667 1.0 0.281111111111 6.15814509898 2.94813821452 0.520665596014 1430519490.77
0.577 0.882502760844 0.185771314209 1.67222222222 1.0 0.594444444444 6.15814509898 2.94813821452 0.540002939146 1430519491.23
0.58 0.877203472678 0.179210061301 1.54555555556 1.0 0.717777777778 6.15814509898 2.94813821452 0.504774060617 1430519491.69
0.581 0.878367939221 0.185696484821 1.53444444444 1.0 0.791111111111 6.15814509898 2.94813821452 0.519472269478 1430519492.16
0.569 0.877703315611 0.18461167714 1.57777777778 1.0 0.841111111111 6.15814509898 2.94813821452 0.536612735507 1430519492.61
0.591 0.8759378703 0.192131853051 1.51444444444 1.0 0.89 6.15814509898 2.94813821452 0.491192445587 1430519493.09
0.594 0.869424559859 0.19726800521 1.48555555556 1.0 0.421111111111 6.07907254949 2.81785510846 0.501607605276 1430519493.54
0.58 0.864146986564 0.19407701581 1.56444444444 1.0 0.658888888889 6.07907254949 2.81785510846 0.48987851552 1430519494.0
0.637 0.868425226203 0.203220909143 1.59222222222 1.0 0.746666666667 6.07907254949 2.81785510846 0.510683847495 1430519494.47
0.602 0.867617951535 0.198410104522 1.57333333333 1.0 0.808888888889 6.07907254949 2.81785510846 0.501153589954 1430519494.93
0.621 0.869863719844 0.201853101433 1.54444444444 1.0 0.858888888889 6.07907254949 2.81785510846 0.496814534209 1430519495.39
0.605 0.87024980013 0.207146571711 1.37111111111 1.0 0.141111111111 5.53953627474 2.63065647517 0.500595920613 1430519495.85
0.601 0.870359090707 0.203828588304 1.41 1.0 0.587777777778 5.53953627474 2.63065647517 0.513012997951 1430519496.32
0.576 0.870137764506 0.19568557638 1.44 1.0 0.687777777778 5.53953627474 2.63065647517 0.522968759129 1430519496.81
0.568 0.873897930971 0.194249501811 1.46777777778 1.0 0.766666666667 5.53953627474 2.63065647517 0.529610482548 1430519497.3
0.559 0.874635767564 0.183112117107 1.4 1.0 0.846666666667 5.53953627474 2.63065647517 0.519673418461 1430519497.77
0.563 0.879689687053 0.184922812902 1.50111111111 1.0 0.886666666667 5.53953627474 2.63065647517 0.553555552044 1430519498.26
0.532 0.884736591096 0.190222394127 1.59777777778 1.0 0.396666666667 5.76976813737 2.68748163896 0.575156926158 1430519498.76
0.548 0.881489855324 0.18949229334 1.71333333333 1.0 0.603333333333 5.76976813737 2.68748163896 0.558610125869 1430519499.23
0.553 0.878443229322 0.183653173354 1.71 1.0 0.7 5.76976813737 2.68748163896 0.549013018471 1430519499.71
0.584 0.880256058798 0.189641500576 1.62444444444 1.0 0.785555555556 5.76976813737 2.68748163896 0.556244029819 1430519500.18
0.565 0.880504740428 0.191035997017 1.62555555556 1.0 0.85 5.76976813737 2.68748163896 0.548195737376 1430519500.67
0.604 0.87817561441 0.191373646291 1.51333333333 1.0 0.224444444444 5.38488406869 2.59761929372 0.553441807475 1430519501.14
0.583 0.875984482294 0.189068916578 1.44666666667 1.0 0.631111111111 5.38488406869 2.59761929372 0.54410199326 1430519501.63
0.618 0.876423594349 0.1892063865 1.47444444444 1.0 0.734444444444 5.38488406869 2.59761929372 0.553367039263 1430519502.09
0.608 0.878791827216 0.188433576886 1.43888888889 1.0 0.802222222222 5.38488406869 2.59761929372 0.543080921128 1430519502.55
0.645 0.879688273358 0.187963654894 1.36 1.0 0.866666666667 5.38488406869 2.59761929372 0.544844951848 1430519503.02
0.584 0.87995306336 0.186723973429 1.31 1.0 0.347777777778 5.19244203434 2.45174264838 0.530303417408 1430519503.51
0.555 0.880395006898 0.186658799453 1.47222222222 1.0 0.592222222222 5.19244203434 2.45174264838 0.56009276179 1430519503.99
0.583 0.88024678693 0.183133381427 1.64666666667 1.0 0.662222222222 5.19244203434 2.45174264838 0.559171034433 1430519504.47
0.556 0.881773848923 0.184368242104 1.67444444444 1.0 0.745555555556 5.19244203434 2.45174264838 0.558415076622 1430519504.98
0.59 0.882792096927 0.186642102831 1.78777777778 1.0 0.794444444444 5.19244203434 2.45174264838 0.554489641309 1430519505.46
0.584 0.883325398583 0.185855383613 1.78444444444 1.0 0.846666666667 5.19244203434 2.45174264838 0.544942194535 1430519505.91
0.621 0.881611364367 0.183921281292 1.66111111111 1.0 0.00111111111111 5.59622101717 2.74855279887 0.543235230975 1430519506.38
0.607 0.879932328289 0.184774620583 1.47666666667 1.0 0.605555555556 5.59622101717 2.74855279887 0.50887517128 1430519506.86
0.616 0.877216983438 0.192804569685 1.47 1.0 0.706666666667 5.59622101717 2.74855279887 0.526731685129 1430519507.33
0.599 0.875360256503 0.203397494394 1.56555555556 1.0 0.756666666667 5.59622101717 2.74855279887 0.540378719643 1430519507.79
0.629 0.873163365445 0.209158208352 1.52 1.0 0.824444444444 5.59622101717 2.74855279887 0.567421714263 1430519508.26
0.623 0.867322297653 0.213339346064 1.38111111111 1.0 0.891111111111 5.59622101717 2.74855279887 0.551368613279 1430519508.72
0.633 0.864101596959 0.218553563608 1.22888888889 1.0 0.473333333333 5.79811050859 2.67093086225 0.517227925345 1430519509.22
0.639 0.859988431092 0.209034940319 1.17666666667 1.0 0.73 5.79811050859 2.67093086225 0.517954919952 1430519509.68
0.62 0.861752321146 0.205627133779 1.28555555556 1.0 0.805555555556 5.79811050859 2.67093086225 0.527675671184 1430519510.15
0.603 0.864778020536 0.201906055575 1.35 1.0 0.856666666667 5.79811050859 2.67093086225 0.548346105676 1430519510.61
0.605 0.869597489043 0.199436051787 1.36888888889 1.0 0.144444444444 4.89905525429 2.35803747168 0.557375112788 1430519511.08
0.599 0.873287258497 0.195989694023 1.36111111111 1.0 0.617777777778 4.89905525429 2.35803747168 0.561102519436 1430519511.56
0.617 0.874184234072 0.199025838292 1.25444444444 1.0 0.74 4.89905525429 2.35803747168 0.538213336667 1430519512.05
0.62 0.870906138382 0.194117847857 1.33 1.0 0.8 4.89905525429 2.35803747168 0.534859944818 1430519512.52
0.637 0.870557178263 0.183943251044 1.35777777778 1.0 0.853333333333 4.89905525429 2.35803747168 0.547311416407 1430519513.0
0.622 0.87633189802 0.181434656372 1.32666666667 1.0 0.104444444444 4.94952762715 2.38837921615 0.527468689317 1430519513.5
0.609 0.881886852418 0.188760802822 1.29555555556 1.0 0.611111111111 4.94952762715 2.38837921615 0.559753112033 1430519513.99
0.583 0.882237473816 0.18392324582 1.30777777778 1.0 0.7 4.94952762715 2.38837921615 0.558926155708 1430519514.43
0.535 0.880219155579 0.176898710042 1.42777777778 1.0 0.767777777778 4.94952762715 2.38837921615 0.567811414847 1430519514.88
0.567 0.880391791292 0.178030231131 1.55222222222 1.0 0.808888888889 4.94952762715 2.38837921615 0.558598777021 1430519515.36
0.537 0.882706673613 0.182433393165 1.69555555556 1.0 0.847777777778 4.94952762715 2.38837921615 0.57767667533 1430519515.83
0.55 0.882419847695 0.17723455592 1.78333333333 1.0 0.887777777778 4.94952762715 2.38837921615 0.555665031682 1430519516.31
0.557 0.883379163211 0.178021191842 1.77444444444 1.0 0.401111111111 5.97476381357 2.74705761669 0.563969048537 1430519516.78
0.551 0.883399960592 0.179393955422 1.84777777778 1.0 0.612222222222 5.97476381357 2.74705761669 0.585586271433 1430519517.26
0.542 0.88284788708 0.175139632208 1.89555555556 1.0 0.69 5.97476381357 2.74705761669 0.5848614018 1430519517.73
0.561 0.885522083018 0.177173249868 1.78222222222 1.0 0.77 5.97476381357 2.74705761669 0.559237936752 1430519518.18
0.525 0.884218300617 0.180951161958 1.72777777778 1.0 0.831111111111 5.97476381357 2.74705761669 0.583100053903 1430519518.65
0.531 0.881892526868 0.180154142706 1.70777777778 1.0 0.886666666667 5.97476381357 2.74705761669 0.533594207463 1430519519.1
0.581 0.880792300503 0.176462893189 1.73 1.0 0.186666666667 5.98738190679 2.8239122331 0.541105889069 1430519519.57
0.571 0.88092120042 0.164598607154 1.66333333333 1.0 0.598888888889 5.98738190679 2.8239122331 0.559631935094 1430519520.04
0.55 0.886446254914 0.168309085928 1.65777777778 1.0 0.7 5.98738190679 2.8239122331 0.532059875043 1430519520.5
0.544 0.88675879145 0.168812917744 1.62666666667 1.0 0.771111111111 5.98738190679 2.8239122331 0.537185262353 1430519520.99
0.52 0.887450888348 0.172699919219 1.73777777778 1.0 0.822222222222 5.98738190679 2.8239122331 0.543523475294 1430519521.47
0.571 0.887208074718 0.168634862547 1.84888888889 1.0 0.864444444444 5.98738190679 2.8239122331 0.545654229222 1430519521.91
0.518 0.887335865695 0.171843013023 1.82111111111 1.0 0.0755555555556 5.99369095339 2.86100105941 0.54231914278 1430519522.38
0.541 0.885095529127 0.175405183161 1.78111111111 1.0 0.541111111111 5.99369095339 2.86100105941 0.555025461502 1430519522.83
0.582 0.88204956501 0.174067040554 1.71 1.0 0.671111111111 5.99369095339 2.86100105941 0.565541792365 1430519523.28
0.578 0.88103538061 0.173554196752 1.63333333333 1.0 0.762222222222 5.99369095339 2.86100105941 0.540196723536 1430519523.72
0.549 0.880629412994 0.173939921211 1.80111111111 1.0 0.801111111111 5.99369095339 2.86100105941 0.572930789521 1430519524.17
0.539 0.882534170225 0.176350496155 1.79555555556 1.0 0.842222222222 5.99369095339 2.86100105941 0.572448873106 1430519524.64
0.615 0.884005531849 0.181277333513 1.75222222222 1.0 0.882222222222 5.99369095339 2.86100105941 0.53243832179 1430519525.07
0.581 0.879608516837 0.182930639048 1.42666666667 1.0 0.295555555556 6.4968454767 2.94115652889 0.547752513094 1430519525.5
0.599 0.880608659251 0.187933627463 1.25333333333 1.0 0.645555555556 6.4968454767 2.94115652889 0.520514833419 1430519525.98
0.587 0.877250174268 0.185125445247 1.28111111111 1.0 0.732222222222 6.4968454767 2.94115652889 0.524142929861 1430519526.46
0.581 0.873621898034 0.17885260822 1.26 1.0 0.806666666667 6.4968454767 2.94115652889 0.509795578481 1430519526.93
0.541 0.877056039729 0.178048405979 1.39555555556 1.0 0.847777777778 6.4968454767 2.94115652889 0.518486580287 1430519527.41
0.538 0.882974063889 0.178166859531 1.61444444444 1.0 0.875555555556 6.4968454767 2.94115652889 0.555862623516 1430519527.89
0.506 0.886060490815 0.175322104264 1.77777777778 1.0 0.0244444444444 6.24842273835 2.95761318132 0.55040215949 1430519528.36
0.548 0.886307273227 0.170265887548 1.88222222222 1.0 0.553333333333 6.24842273835 2.95761318132 0.564969436406 1430519528.86
0.537 0.884396638284 0.162710663622 1.93666666667 1.0 0.657777777778 6.24842273835 2.95761318132 0.541340117494 1430519529.32
0.559 0.888341438364 0.170715602696 2.00444444444 1.0 0.725555555556 6.24842273835 2.95761318132 0.567989035969 1430519529.8
0.532 0.887156742733 0.173430179884 2.11666666667 1.0 0.78 6.24842273835 2.95761318132 0.558623643774 1430519530.29
0.566 0.883961799496 0.178683297877 2.18333333333 1.0 0.828888888889 6.24842273835 2.95761318132 0.579302693014 1430519530.75
0.52 0.878631502872 0.177527779315 2.01333333333 1.0 0.882222222222 6.24842273835 2.95761318132 0.509813573089 1430519531.21
0.555 0.880113917071 0.182846336643 2.08888888889 1.0 0.216666666667 6.62421136917 3.08396766148 0.509882940338 1430519531.72
0.592 0.880720064711 0.188252479951 1.85777777778 1.0 0.598888888889 6.62421136917 3.08396766148 0.537253276031 1430519532.19
0.55 0.881620907971 0.18368237594 1.61444444444 1.0 0.731111111111 6.62421136917 3.08396766148 0.541342921395 1430519532.66
0.546 0.881895377238 0.176934650651 1.74777777778 1.0 0.781111111111 6.62421136917 3.08396766148 0.548002545186 1430519533.14
0.592 0.881722776265 0.170523652625 1.69333333333 1.0 0.848888888889 6.62421136917 3.08396766148 0.566365989424 1430519533.61
0.597 0.883652456172 0.167489854926 1.60555555556 1.0 0.211111111111 5.81210568459 2.74656985979 0.573182541109 1430519534.06
0.568 0.88727418243 0.166076693386 1.61 1.0 0.572222222222 5.81210568459 2.74656985979 0.56925742107 1430519534.54
0.548 0.887296874956 0.162332373601 1.83555555556 1.0 0.64 5.81210568459 2.74656985979 0.556625657393 1430519534.99
0.488 0.892845944009 0.162551822217 2.08888888889 1.0 0.69 5.81210568459 2.74656985979 0.575629176379 1430519535.49
0.496 0.892344926424 0.160275716536 2.23333333333 1.0 0.745555555556 5.81210568459 2.74656985979 0.578550983608 1430519535.97
0.524 0.889193350686 0.162209912477 2.17111111111 1.0 0.808888888889 5.81210568459 2.74656985979 0.551485567649 1430519536.42
0.526 0.888998789969 0.174558873604 2.14666666667 1.0 0.861111111111 5.81210568459 2.74656985979 0.538817936865 1430519536.88
0.503 0.882900423488 0.179661008374 1.96111111111 1.0 0.251111111111 6.40605284229 2.9959404408 0.528172912724 1430519537.33
0.523 0.877870585829 0.179160959938 1.84888888889 1.0 0.573333333333 6.40605284229 2.9959404408 0.542317023323 1430519537.79
0.54 0.877910503564 0.179292443439 1.94888888889 1.0 0.661111111111 6.40605284229 2.9959404408 0.567600199124 1430519538.29
0.548 0.879400931199 0.184539061107 2.08111111111 1.0 0.712222222222 6.40605284229 2.9959404408 0.531297689014 1430519538.72
0.534 0.87920038468 0.192010352676 2.07666666667 1.0 0.771111111111 6.40605284229 2.9959404408 0.565498653091 1430519539.19
0.539 0.87593299457 0.188492952112 1.93333333333 1.0 0.831111111111 6.40605284229 2.9959404408 0.572166118772 1430519539.66
0.571 0.873555087664 0.192635303443 1.89666666667 1.0 0.866666666667 6.40605284229 2.9959404408 0.555628027648 1430519540.12
0.554 0.87408851728 0.191268051654 1.99777777778 1.0 0.892222222222 6.40605284229 2.9959404408 0.552338208166 1430519540.6
0.582 0.873406010332 0.187515314991 1.89555555556 1.0 0.318888888889 7.20302642115 3.34437024291 0.544570906077 1430519541.07
0.58 0.877910950928 0.193243071883 1.63444444444 1.0 0.642222222222 7.20302642115 3.34437024291 0.546508595978 1430519541.52
0.606 0.878380403891 0.187276542539 1.64222222222 1.0 0.726666666667 7.20302642115 3.34437024291 0.553612212242 1430519541.97
0.571 0.876358771788 0.18200566192 1.60444444444 1.0 0.79 7.20302642115 3.34437024291 0.559725840277 1430519542.45
0.592 0.877489277195 0.179024138144 1.64333333333 1.0 0.846666666667 7.20302642115 3.34437024291 0.544895904056 1430519542.92
0.584 0.883276249005 0.18627970471 1.73222222222 1.0 0.884444444444 7.20302642115 3.34437024291 0.56257119267 1430519543.38
0.57 0.881355321447 0.186665153257 1.67111111111 1.0 0.332222222222 6.60151321057 3.04408711044 0.560860566747 1430519543.84
0.566 0.877575467131 0.183727546914 1.74222222222 1.0 0.6 6.60151321057 3.04408711044 0.560774827615 1430519544.35
0.567 0.872987019478 0.180118496253 1.71444444444 1.0 0.691111111111 6.60151321057 3.04408711044 0.567796477125 1430519544.82
0.592 0.875608086595 0.182458654399 1.74 1.0 0.752222222222 6.60151321057 3.04408711044 0.556174581604 1430519545.3
0.588 0.879747698965 0.177635022689 1.81444444444 1.0 0.802222222222 6.60151321057 3.04408711044 0.555236658791 1430519545.79
0.565 0.88056509114 0.173061340952 1.79888888889 1.0 0.86 6.60151321057 3.04408711044 0.551573687726 1430519546.23
0.568 0.881827378646 0.172182777335 1.70666666667 1.0 0.262222222222 6.30075660529 2.97728201671 0.540203446565 1430519546.72
0.559 0.883231573469 0.175055048196 1.76111111111 1.0 0.59 6.30075660529 2.97728201671 0.551925341442 1430519547.18
0.566 0.886334495249 0.172961965406 1.73888888889 1.0 0.711111111111 6.30075660529 2.97728201671 0.546283379878 1430519547.62
0.521 0.888359808414 0.166863792142 1.81666666667 1.0 0.772222222222 6.30075660529 2.97728201671 0.56837724587 1430519548.1
0.521 0.889902512814 0.164742507448 1.92777777778 1.0 0.824444444444 6.30075660529 2.97728201671 0.558230883321 1430519548.59
0.518 0.891035891346 0.159845435865 2.08666666667 1.0 0.861111111111 6.30075660529 2.97728201671 0.562816010617 1430519549.07
0.502 0.894652328768 0.160829441823 2.23777777778 1.0 0.89 6.30075660529 2.97728201671 0.530932073864 1430519549.55
0.479 0.895755984529 0.156213504135 2.43 1.0 0.233333333333 6.65037830264 3.14538393877 0.562352941481 1430519550.01
0.472 0.89424316704 0.154327222135 2.57 1.0 0.492222222222 6.65037830264 3.14538393877 0.550352303262 1430519550.43
0.458 0.891383933061 0.151592959278 2.71555555556 1.0 0.56 6.65037830264 3.14538393877 0.548835435359 1430519550.88
0.429 0.892851349261 0.148441809237 2.93888888889 1.0 0.605555555556 6.65037830264 3.14538393877 0.571224075901 1430519551.37
0.436 0.895596348596 0.147948648367 3.02222222222 1.0 0.661111111111 6.65037830264 3.14538393877 0.546114953484 1430519551.85
0.448 0.898290600689 0.151033549922 3.00111111111 1.0 0.718888888889 6.65037830264 3.14538393877 0.570332156156 1430519552.31
0.429 0.899408689977 0.155622711735 3.09444444444 1.0 0.758888888889 6.65037830264 3.14538393877 0.578673139036 1430519552.73
0.448 0.899417250661 0.155187301516 2.96777777778 1.0 0.815555555556 6.65037830264 3.14538393877 0.581255946444 1430519553.19
0.457 0.901149486691 0.158291914167 3.08555555556 1.0 0.842222222222 6.65037830264 3.14538393877 0.584118759027 1430519553.68
0.447 0.899739613125 0.166939750113 2.92777777778 1.0 0.884444444444 6.65037830264 3.14538393877 0.591621299389 1430519554.15
0.478 0.894493928259 0.171204848086 2.72666666667 1.0 0.41 8.32518915132 3.80505996179 0.572343091084 1430519554.6
0.466 0.889453225175 0.175112328317 2.69888888889 1.0 0.551111111111 8.32518915132 3.80505996179 0.539741429278 1430519555.06
0.487 0.882418052645 0.170467499568 2.73444444444 1.0 0.621111111111 8.32518915132 3.80505996179 0.562814372342 1430519555.51
0.514 0.884351899896 0.16317519501 2.74555555556 1.0 0.686666666667 8.32518915132 3.80505996179 0.536566608547 1430519555.98
0.531 0.890579470482 0.168706666128 2.72333333333 1.0 0.746666666667 8.32518915132 3.80505996179 0.560562798971 1430519556.45
0.556 0.893232560055 0.173731853553 2.42111111111 1.0 0.821111111111 8.32518915132 3.80505996179 0.520032555134 1430519556.93
0.517 0.888470797931 0.167775703867 2.08 1.0 0.893333333333 8.32518915132 3.80505996179 0.52070546917 1430519557.39
0.541 0.883551908333 0.163418206003 1.93 1.0 0.506666666667 7.66259457566 3.50979855275 0.474454938332 1430519557.86
0.514 0.884926546336 0.161429313793 1.95333333333 1.0 0.621111111111 7.66259457566 3.50979855275 0.522705519339 1430519558.34
0.462 0.886141542021 0.162973520346 2.25 1.0 0.661111111111 7.66259457566 3.50979855275 0.533309627142 1430519558.79
0.508 0.887428153506 0.168316453216 2.37111111111 1.0 0.708888888889 7.66259457566 3.50979855275 0.547793140557 1430519559.28
0.483 0.884330732685 0.175963612602 2.54444444444 1.0 0.748888888889 7.66259457566 3.50979855275 0.542034644593 1430519559.73
0.49 0.88228322783 0.176953988908 2.38111111111 1.0 0.814444444444 7.66259457566 3.50979855275 0.500436483668 1430519560.22
0.499 0.882138525029 0.176964119197 2.24111111111 1.0 0.874444444444 7.66259457566 3.50979855275 0.491697542745 1430519560.69
0.537 0.883446854257 0.179000785418 2.27444444444 1.0 0.0422222222222 7.33129728783 3.54656924116 0.485038059198 1430519561.16
0.538 0.880028942312 0.170645358007 2.14888888889 1.0 0.532222222222 7.33129728783 3.54656924116 0.502892214595 1430519561.64
0.541 0.878247003361 0.168387966185 2.01777777778 1.0 0.656666666667 7.33129728783 3.54656924116 0.484771878084 1430519562.09
0.524 0.883502423199 0.170019198604 2.16777777778 1.0 0.708888888889 7.33129728783 3.54656924116 0.531579069508 1430519562.56
0.531 0.887252227063 0.168013958426 2.17111111111 1.0 0.763333333333 7.33129728783 3.54656924116 0.53630970308 1430519563.01
0.542 0.889258454054 0.170424919591 2.2 1.0 0.795555555556 7.33129728783 3.54656924116 0.518195030953 1430519563.48
0.57 0.88825833957 0.166660693567 2.16333333333 1.0 0.843333333333 7.33129728783 3.54656924116 0.519834074514 1430519563.93
0.544 0.889004569262 0.165016198932 2.14888888889 1.0 0.891111111111 7.33129728783 3.54656924116 0.544530950381 1430519564.39
0.537 0.89078454767 0.169396551978 2.08666666667 1.0 0.397777777778 7.66564864392 3.51411110812 0.540328589472 1430519564.85
0.521 0.889896351887 0.174671894893 1.78333333333 1.0 0.588888888889 7.66564864392 3.51411110812 0.492230170176 1430519565.32
0.543 0.885897196995 0.168691357906 1.78444444444 1.0 0.678888888889 7.66564864392 3.51411110812 0.511281954644 1430519565.78
0.553 0.886295656798 0.164762977955 1.91111111111 1.0 0.727777777778 7.66564864392 3.51411110812 0.505446454309 1430519566.24
0.589 0.88991741055 0.170766969284 1.93333333333 1.0 0.775555555556 7.66564864392 3.51411110812 0.475538476688 1430519566.71
0.576 0.892266425152 0.166740975461 1.97111111111 1.0 0.811111111111 7.66564864392 3.51411110812 0.50780374972 1430519567.18
0.542 0.892179432915 0.158265510648 1.96888888889 1.0 0.857777777778 7.66564864392 3.51411110812 0.518860262559 1430519567.64
0.571 0.892652003838 0.154667670922 1.83444444444 1.0 0.172222222222 7.33282432196 3.45552412 0.516400994636 1430519568.09
0.521 0.896819795078 0.162461404452 1.93555555556 1.0 0.532222222222 7.33282432196 3.45552412 0.541208409546 1430519568.53
0.554 0.894824518441 0.161766944321 2.04444444444 1.0 0.633333333333 7.33282432196 3.45552412 0.523684161211 1430519568.98
0.548 0.892275144935 0.162559275935 2.23333333333 1.0 0.685555555556 7.33282432196 3.45552412 0.513416554884 1430519569.45
0.549 0.889519953033 0.165995385946 2.15555555556 1.0 0.761111111111 7.33282432196 3.45552412 0.506984644043 1430519569.92
0.538 0.886144453384 0.171360845423 2.14111111111 1.0 0.812222222222 7.33282432196 3.45552412 0.506459924278 1430519570.38
0.554 0.880593126359 0.180768603554 2.05111111111 1.0 0.853333333333 7.33282432196 3.45552412 0.496372525849 1430519570.84
0.554 0.877225887325 0.180160926027 2.07 1.0 0.886666666667 7.33282432196 3.45552412 0.506858314991 1430519571.3
0.567 0.877668119372 0.182242237059 2.00111111111 1.0 0.324444444444 7.66641216098 3.52001758082 0.495647983566 1430519571.76
0.55 0.878902311788 0.182655532761 1.96222222222 1.0 0.592222222222 7.66641216098 3.52001758082 0.486577210794 1430519572.23
0.576 0.878360833296 0.169405047132 1.79222222222 1.0 0.7 7.66641216098 3.52001758082 0.451045607682 1430519572.68
0.574 0.88309839057 0.16015705748 1.81 1.0 0.767777777778 7.66641216098 3.52001758082 0.503419279739 1430519573.15
0.56 0.890239100411 0.156899622356 1.85222222222 1.0 0.821111111111 7.66641216098 3.52001758082 0.478298822265 1430519573.63
0.515 0.897616880457 0.163677225837 1.83333333333 1.0 0.868888888889 7.66641216098 3.52001758082 0.533854282033 1430519574.1
0.497 0.896968485039 0.161878271074 1.89888888889 1.0 0.113333333333 6.83320608049 3.20451734296 0.506533672556 1430519574.54
0.507 0.890192811539 0.151613800522 1.94777777778 1.0 0.527777777778 6.83320608049 3.20451734296 0.497789462405 1430519574.95
0.549 0.892592004805 0.145602993447 2.11 1.0 0.61 6.83320608049 3.20451734296 0.503979408064 1430519575.41
0.491 0.899231762446 0.14892420715 2.12222222222 1.0 0.688888888889 6.83320608049 3.20451734296 0.481214854653 1430519575.88
0.497 0.901557734466 0.150624896495 2.28444444444 1.0 0.735555555556 6.83320608049 3.20451734296 0.548147077502 1430519576.37
0.507 0.898233695658 0.158810682061 2.20666666667 1.0 0.798888888889 6.83320608049 3.20451734296 0.512777557531 1430519576.83
0.539 0.889126894376 0.149280779112 2.23777777778 1.0 0.841111111111 6.83320608049 3.20451734296 0.520739815793 1430519577.26
0.503 0.891913932285 0.157115334214 2.23555555556 1.0 0.882222222222 6.83320608049 3.20451734296 0.523201310118 1430519577.75
0.488 0.89552645965 0.160111156926 2.31111111111 1.0 0.125555555556 7.41660304024 3.42617415305 0.50923789821 1430519578.22
0.504 0.89601026794 0.158642809887 2.22666666667 1.0 0.532222222222 7.41660304024 3.42617415305 0.548527789609 1430519578.74
0.504 0.89328629608 0.157582866187 2.32444444444 1.0 0.611111111111 7.41660304024 3.42617415305 0.549234898815 1430519579.21
0.509 0.891476895068 0.156693270922 2.44555555556 1.0 0.664444444444 7.41660304024 3.42617415305 0.5475422173 1430519579.67
0.518 0.894889209979 0.163846584566 2.43888888889 1.0 0.732222222222 7.41660304024 3.42617415305 0.515552138751 1430519580.12
0.541 0.892521572669 0.167421910717 2.48111111111 1.0 0.777777777778 7.41660304024 3.42617415305 0.52866203271 1430519580.57
0.539 0.890286076365 0.167461688737 2.35888888889 1.0 0.828888888889 7.41660304024 3.42617415305 0.502705919577 1430519581.01
0.538 0.889671986518 0.168617261838 2.13111111111 1.0 0.891111111111 7.41660304024 3.42617415305 0.536029416759 1430519581.46
0.505 0.891086865043 0.176911469333 2.05 1.0 0.355555555556 7.70830152012 3.4878665155 0.562158040151 1430519581.89
0.536 0.890541593313 0.175502085107 2.08 1.0 0.575555555556 7.70830152012 3.4878665155 0.56112194101 1430519582.34
0.545 0.888882917504 0.174942083772 2.12888888889 1.0 0.658888888889 7.70830152012 3.4878665155 0.546917393535 1430519582.78
0.577 0.88649987685 0.181243620493 2.04444444444 1.0 0.736666666667 7.70830152012 3.4878665155 0.516391063619 1430519583.24
0.561 0.883848517164 0.172051505507 1.78555555556 1.0 0.828888888889 7.70830152012 3.4878665155 0.530798120782 1430519583.69
0.497 0.881843469835 0.16202054922 1.88 1.0 0.863333333333 7.70830152012 3.4878665155 0.532098926045 1430519584.17
0.512 0.887226400814 0.166026518354 2.07333333333 1.0 0.884444444444 7.70830152012 3.4878665155 0.570678855197 1430519584.63
0.524 0.891632951079 0.173372890292 2.29222222222 1.0 0.298888888889 7.35415076006 3.34392970531 0.56657518086 1430519585.11
0.538 0.890261941476 0.173545934018 2.18555555556 1.0 0.581111111111 7.35415076006 3.34392970531 0.546419776083 1430519585.56
0.523 0.88790905537 0.169713253091 2.21 1.0 0.665555555556 7.35415076006 3.34392970531 0.552458315191 1430519586.02
0.504 0.88850142555 0.170885598578 2.11444444444 1.0 0.746666666667 7.35415076006 3.34392970531 0.557771338365 1430519586.49
0.503 0.887947404784 0.168907123073 2.16 1.0 0.804444444444 7.35415076006 3.34392970531 0.566394163444 1430519586.94
0.53 0.887616927905 0.174198581197 2.06555555556 1.0 0.854444444444 7.35415076006 3.34392970531 0.563859287547 1430519587.42
0.503 0.887346809091 0.181519863658 2.03333333333 1.0 0.0922222222222 6.67707538003 3.13394281133 0.541962552678 1430519587.88
0.53 0.885433245087 0.182580431973 1.94222222222 1.0 0.532222222222 6.67707538003 3.13394281133 0.519669121812 1430519588.33
0.546 0.880022263938 0.180223373687 2.05555555556 1.0 0.62 6.67707538003 3.13394281133 0.526624901218 1430519588.81
0.534 0.878484914724 0.1810973468 2.08555555556 1.0 0.698888888889 6.67707538003 3.13394281133 0.523454242036 1430519589.27
0.519 0.878556415082 0.182962764238 2.10222222222 1.0 0.773333333333 6.67707538003 3.13394281133 0.546557656339 1430519589.73
0.505 0.881138107361 0.181351165731 2.28555555556 1.0 0.813333333333 6.67707538003 3.13394281133 0.547277616037 1430519590.2
0.498 0.885296389589 0.183871165984 2.44 1.0 0.843333333333 6.67707538003 3.13394281133 0.541441253238 1430519590.67
0.537 0.883281064189 0.183213848611 2.54222222222 1.0 0.872222222222 6.67707538003 3.13394281133 0.560646462233 1430519591.16
0.573 0.881045181458 0.18736463732 2.46222222222 1.0 0.895555555556 6.67707538003 3.13394281133 0.576672260169 1430519591.63
0.556 0.877625385588 0.185253203247 2.36444444444 1.0 0.451111111111 7.83853769002 3.58522544734 0.534699365858 1430519592.11
0.609 0.875198948909 0.178704404575 2.24666666667 1.0 0.66 7.83853769002 3.58522544734 0.517251371667 1430519592.56
0.59 0.8801117529 0.17455526282 2.19777777778 1.0 0.727777777778 7.83853769002 3.58522544734 0.535082122313 1430519593.03
0.495 0.887409720213 0.178188765764 2.17 1.0 0.786666666667 7.83853769002 3.58522544734 0.525295893722 1430519593.48
0.532 0.888679458596 0.184277624644 2.04333333333 1.0 0.834444444444 7.83853769002 3.58522544734 0.502007987276 1430519593.95
0.567 0.879471220708 0.17443336212 1.86555555556 1.0 0.886666666667 7.83853769002 3.58522544734 0.519950345021 1430519594.35
0.549 0.878207350044 0.170113713222 1.93777777778 1.0 0.323333333333 6.91926884501 3.19611626085 0.47967281789 1430519594.85
0.53 0.883647038053 0.176291747558 1.93777777778 1.0 0.578888888889 6.91926884501 3.19611626085 0.491323280945 1430519595.34
0.552 0.884775794721 0.184109208908 1.97888888889 1.0 0.653333333333 6.91926884501 3.19611626085 0.511126240197 1430519595.78
0.56 0.883001967018 0.183259430152 1.89555555556 1.0 0.743333333333 6.91926884501 3.19611626085 0.557912074383 1430519596.24
0.549 0.878759001537 0.179135454041 1.79 1.0 0.807777777778 6.91926884501 3.19611626085 0.560402428292 1430519596.68
0.545 0.878858600558 0.188364324063 1.73444444444 1.0 0.866666666667 6.91926884501 3.19611626085 0.567252777117 1430519597.14
0.539 0.876468916227 0.191350780065 1.82222222222 1.0 0.894444444444 6.91926884501 3.19611626085 0.526186527653 1430519597.59
0.51 0.873369120538 0.191298345523 1.86333333333 1.0 0.465555555556 6.9596344225 3.17131521909 0.512890028213 1430519598.07
0.521 0.872481049825 0.197226572089 1.93555555556 1.0 0.611111111111 6.9596344225 3.17131521909 0.536753589629 1430519598.56
0.562 0.871039991005 0.196151183516 1.95333333333 1.0 0.693333333333 6.9596344225 3.17131521909 0.546065033043 1430519599.02
0.603 0.871683476569 0.201207575166 1.65111111111 1.0 0.806666666667 6.9596344225 3.17131521909 0.512049496754 1430519599.49
0.59 0.872971936073 0.19485299237 1.56666666667 1.0 0.873333333333 6.9596344225 3.17131521909 0.517711198688 1430519599.97
0.594 0.871851369386 0.187309581567 1.46444444444 1.0 0.405555555556 5.97981721125 2.80818463667 0.537401154837 1430519600.43
0.595 0.874313875204 0.18313753757 1.41 1.0 0.652222222222 5.97981721125 2.80818463667 0.55180615005 1430519600.89
0.593 0.878690992103 0.177162061205 1.49444444444 1.0 0.727777777778 5.97981721125 2.80818463667 0.557807902693 1430519601.39
0.541 0.883472312466 0.17243084179 1.47333333333 1.0 0.798888888889 5.97981721125 2.80818463667 0.545012394268 1430519601.86
0.57 0.886587630423 0.169077802647 1.55444444444 1.0 0.848888888889 5.97981721125 2.80818463667 0.532996277603 1430519602.35
0.58 0.886215163563 0.172269615504 1.61777777778 1.0 0.882222222222 5.97981721125 2.80818463667 0.552186273053 1430519602.81
0.572 0.885865022912 0.176667288201 1.78111111111 1.0 0.0455555555556 5.98990860563 2.92298377208 0.541004076757 1430519603.29
0.565 0.882610884989 0.172385034559 1.83555555556 1.0 0.557777777778 5.98990860563 2.92298377208 0.534226760157 1430519603.77
0.53 0.881393864681 0.172065640474 1.84888888889 1.0 0.674444444444 5.98990860563 2.92298377208 0.559994350723 1430519604.24
0.561 0.882175129552 0.170864702635 1.73777777778 1.0 0.756666666667 5.98990860563 2.92298377208 0.553195222025 1430519604.72
0.511 0.884846199815 0.176049731606 1.78555555556 1.0 0.813333333333 5.98990860563 2.92298377208 0.54487570835 1430519605.21
0.502 0.886396919579 0.172553315993 1.93666666667 1.0 0.842222222222 5.98990860563 2.92298377208 0.60014463543 1430519605.68
0.505 0.886277064324 0.171518374009 2.05 1.0 0.868888888889 5.98990860563 2.92298377208 0.56045879715 1430519606.15
0.548 0.886186852129 0.165526061829 2.02777777778 1.0 0.0133333333333 6.49495430281 3.13214439478 0.555366108116 1430519606.64
0.543 0.885461912345 0.1515097473 2.14777777778 1.0 0.481111111111 6.49495430281 3.13214439478 0.551580166174 1430519607.1
0.447 0.894807576478 0.154104802123 2.27666666667 1.0 0.555555555556 6.49495430281 3.13214439478 0.563004365002 1430519607.61
0.448 0.900453164233 0.156730866988 2.53 1.0 0.597777777778 6.49495430281 3.13214439478 0.587899740885 1430519608.11
0.43 0.898651505501 0.155014796288 2.77777777778 1.0 0.632222222222 6.49495430281 3.13214439478 0.567609612922 1430519608.58
0.411 0.898741181031 0.161662208749 3.04 1.0 0.674444444444 6.49495430281 3.13214439478 0.584630152863 1430519609.07
0.458 0.895098251883 0.162961622901 3.14 1.0 0.722222222222 6.49495430281 3.13214439478 0.552410390335 1430519609.57
0.469 0.891619943225 0.162369547406 2.91222222222 1.0 0.792222222222 6.49495430281 3.13214439478 0.523054786403 1430519610.01
0.493 0.88845248171 0.162524803366 2.77666666667 1.0 0.848888888889 6.49495430281 3.13214439478 0.543717536426 1430519610.46
0.453 0.887340902606 0.16938881715 2.57 1.0 0.0611111111111 7.74747715141 3.68861517472 0.553650144258 1430519610.9
0.451 0.886998017137 0.1667682533 2.63 1.0 0.456666666667 7.74747715141 3.68861517472 0.527146143555 1430519611.38
0.499 0.887489979395 0.169770566929 2.50111111111 1.0 0.56 7.74747715141 3.68861517472 0.532266903172 1430519611.83
0.493 0.889415763205 0.170918318 2.35444444444 1.0 0.643333333333 7.74747715141 3.68861517472 0.510221704968 1430519612.29
0.523 0.888701049782 0.168548444789 2.33555555556 1.0 0.711111111111 7.74747715141 3.68861517472 0.506937988237 1430519612.78
0.533 0.888317883537 0.166436305136 2.36111111111 1.0 0.754444444444 7.74747715141 3.68861517472 0.508775529531 1430519613.26
0.555 0.889133172594 0.172150800117 2.38444444444 1.0 0.794444444444 7.74747715141 3.68861517472 0.509236888131 1430519613.69
0.578 0.886729699586 0.168698084296 2.17888888889 1.0 0.845555555556 7.74747715141 3.68861517472 0.491818555341 1430519614.17
0.539 0.887992513039 0.163041667878 2.21888888889 1.0 0.876666666667 7.74747715141 3.68861517472 0.51331212059 1430519614.66
0.549 0.888592857986 0.159565372292 2.28777777778 1.0 0.898888888889 7.74747715141 3.68861517472 0.486201908458 1430519615.11
0.539 0.890786310058 0.16131739412 2.22666666667 1.0 0.441111111111 8.8737385757 4.07494704506 0.53010576868 1430519615.58
0.523 0.893259032697 0.15992913245 2.35333333333 1.0 0.587777777778 8.8737385757 4.07494704506 0.549116499136 1430519616.05
0.547 0.891499632954 0.162591287918 2.31777777778 1.0 0.662222222222 8.8737385757 4.07494704506 0.538175688375 1430519616.52
0.534 0.891732871346 0.165076972845 2.31888888889 1.0 0.722222222222 8.8737385757 4.07494704506 0.537709841399 1430519616.97
0.516 0.894466645075 0.169006167586 2.31111111111 1.0 0.772222222222 8.8737385757 4.07494704506 0.550562023045 1430519617.45
0.522 0.895507565171 0.168484193675 2.49666666667 1.0 0.798888888889 8.8737385757 4.07494704506 0.526416737909 1430519617.89
0.52 0.892555812864 0.16698321946 2.15666666667 1.0 0.876666666667 8.8737385757 4.07494704506 0.561700375259 1430519618.4
0.54 0.887833772299 0.155897170889 2.00111111111 1.0 0.231111111111 7.93686928785 3.74842353951 0.520187259841 1430519618.85
0.524 0.889132339836 0.161358998201 1.87 1.0 0.56 7.93686928785 3.74842353951 0.52460680297 1430519619.3
0.535 0.891113843523 0.167365248064 2.04444444444 1.0 0.632222222222 7.93686928785 3.74842353951 0.518671039142 1430519619.73
0.554 0.889996489363 0.167734667895 2.17111111111 1.0 0.682222222222 7.93686928785 3.74842353951 0.504860331477 1430519620.15
0.551 0.890706730145 0.162743365473 2.08444444444 1.0 0.762222222222 7.93686928785 3.74842353951 0.514197313501 1430519620.6
0.542 0.888933549491 0.159357417384 1.95 1.0 0.833333333333 7.93686928785 3.74842353951 0.500906703878 1430519621.05
0.471 0.890537913203 0.157035995164 2.11777777778 1.0 0.866666666667 7.93686928785 3.74842353951 0.536257925937 1430519621.54
0.512 0.890197616556 0.155784903646 2.15666666667 1.0 0.0911111111111 7.46843464393 3.45362470692 0.531247376246 1430519621.97
0.483 0.891337582401 0.155360239888 2.10333333333 1.0 0.488888888889 7.46843464393 3.45362470692 0.495848762231 1430519622.39
0.502 0.895295836825 0.161505968259 2.36111111111 1.0 0.574444444444 7.46843464393 3.45362470692 0.556812753802 1430519622.84
0.45 0.893178990016 0.158335829415 2.39777777778 1.0 0.652222222222 7.46843464393 3.45362470692 0.566883831748 1430519623.3
0.472 0.89190619316 0.15090596312 2.36666666667 1.0 0.725555555556 7.46843464393 3.45362470692 0.513624480557 1430519623.75
0.458 0.893983941689 0.154846164368 2.38888888889 1.0 0.783333333333 7.46843464393 3.45362470692 0.539581969992 1430519624.2
0.517 0.897364516519 0.160682349622 2.32333333333 1.0 0.838888888889 7.46843464393 3.45362470692 0.554145455719 1430519624.64
0.516 0.896929761307 0.156474504287 2.16555555556 1.0 0.886666666667 7.46843464393 3.45362470692 0.547379331035 1430519625.07
0.534 0.893567420171 0.155860194555 2.15333333333 1.0 0.351111111111 7.73421732196 3.43411993059 0.527889170048 1430519625.56
0.495 0.895614384522 0.162215528772 2.27111111111 1.0 0.557777777778 7.73421732196 3.43411993059 0.535900744744 1430519626.03
0.504 0.892192298384 0.157878930573 2.45111111111 1.0 0.622222222222 7.73421732196 3.43411993059 0.528735567852 1430519626.47
0.504 0.889626100871 0.157622512244 2.43 1.0 0.686666666667 7.73421732196 3.43411993059 0.512687500396 1430519626.91
0.531 0.891378248696 0.160569563534 2.41333333333 1.0 0.747777777778 7.73421732196 3.43411993059 0.529106062275 1430519627.35
0.53 0.89382983962 0.160518789973 2.51 1.0 0.787777777778 7.73421732196 3.43411993059 0.523317958475 1430519627.75
0.548 0.8960110454 0.168332932233 2.59666666667 1.0 0.821111111111 7.73421732196 3.43411993059 0.536356474303 1430519628.19
0.554 0.892887803737 0.167826736986 2.33555555556 1.0 0.87 7.73421732196 3.43411993059 0.547706195644 1430519628.66
0.516 0.888818647623 0.160002248052 2.06333333333 1.0 0.222222222222 7.86710866098 3.54504692094 0.538001041576 1430519629.1
0.511 0.892856772084 0.160883426769 2.15333333333 1.0 0.518888888889 7.86710866098 3.54504692094 0.560286525393 1430519629.54
0.511 0.896393068596 0.162307815848 2.25555555556 1.0 0.595555555556 7.86710866098 3.54504692094 0.555837464479 1430519630.03
0.506 0.898537164102 0.168632892175 2.47111111111 1.0 0.644444444444 7.86710866098 3.54504692094 0.599783159446 1430519630.51
0.533 0.891755304276 0.159480974308 2.57888888889 1.0 0.707777777778 7.86710866098 3.54504692094 0.579200845073 1430519630.96
0.525 0.888223678755 0.160062155098 2.57777777778 1.0 0.766666666667 7.86710866098 3.54504692094 0.561273520162 1430519631.41
0.525 0.885076144346 0.162199132595 2.43777777778 1.0 0.824444444444 7.86710866098 3.54504692094 0.575416525164 1430519631.83
0.497 0.891833665453 0.161230068285 2.15222222222 1.0 0.893333333333 7.86710866098 3.54504692094 0.545230809633 1430519632.3
0.473 0.894294650431 0.15371880398 2.36555555556 1.0 0.331111111111 7.93355433049 3.55194943913 0.551765654189 1430519632.76
0.445 0.89655713461 0.153990454786 2.53333333333 1.0 0.477777777778 7.93355433049 3.55194943913 0.573252244514 1430519633.16
0.438 0.898893568936 0.158483247321 2.71777777778 1.0 0.55 7.93355433049 3.55194943913 0.544448976301 1430519633.59
0.512 0.89537541686 0.156885436117 2.79111111111 1.0 0.62 7.93355433049 3.55194943913 0.581705980075 1430519634.01
0.499 0.895662768115 0.153348683963 2.58666666667 1.0 0.704444444444 7.93355433049 3.55194943913 0.517835266539 1430519634.49
0.499 0.897804505134 0.152830421954 2.63222222222 1.0 0.75 7.93355433049 3.55194943913 0.572789430626 1430519634.97
0.53 0.896514305356 0.148495648325 2.68111111111 1.0 0.785555555556 7.93355433049 3.55194943913 0.508629529719 1430519635.41
0.496 0.895495028854 0.149498409189 2.58777777778 1.0 0.842222222222 7.93355433049 3.55194943913 0.522317044563 1430519635.83
0.475 0.894185422883 0.152266185252 2.49444444444 1.0 0.883333333333 7.93355433049 3.55194943913 0.492353629146 1430519636.25
0.485 0.892011857279 0.152772328796 2.62333333333 1.0 0.00777777777778 8.46677716525 3.83291980509 0.510828890936 1430519636.66
0.455 0.895170242845 0.162748808558 2.73111111111 1.0 0.468888888889 8.46677716525 3.83291980509 0.511928812241 1430519637.08
0.471 0.894621028358 0.165131162543 2.72444444444 1.0 0.57 8.46677716525 3.83291980509 0.541246616167 1430519637.51
0.477 0.894403291161 0.169644536859 2.81555555556 1.0 0.62 8.46677716525 3.83291980509 0.572612092985 1430519637.94
0.437 0.894250334194 0.177281323938 2.74444444444 1.0 0.683333333333 8.46677716525 3.83291980509 0.574264234062 1430519638.41
0.461 0.89267896876 0.182599827878 2.6 1.0 0.755555555556 8.46677716525 3.83291980509 0.564012258171 1430519638.85
0.473 0.888199436312 0.178791626093 2.72222222222 1.0 0.793333333333 8.46677716525 3.83291980509 0.541344972061 1430519639.32
0.499 0.883356685278 0.170876541909 2.7 1.0 0.834444444444 8.46677716525 3.83291980509 0.532581793483 1430519639.7
0.518 0.885908542222 0.164992444044 2.76666666667 1.0 0.856666666667 8.46677716525 3.83291980509 0.549676191444 1430519640.12
0.498 0.89315406179 0.164864010564 2.58111111111 1.0 0.891111111111 8.46677716525 3.83291980509 0.542267429613 1430519640.57
0.495 0.893076622417 0.158331680532 2.60888888889 1.0 0.313333333333 9.23338858262 3.99722741487 0.560375899892 1430519641.0
0.471 0.891197032626 0.146620633275 2.49333333333 1.0 0.514444444444 9.23338858262 3.99722741487 0.563312427205 1430519641.44
0.464 0.900257139597 0.14565339338 2.66777777778 1.0 0.576666666667 9.23338858262 3.99722741487 0.567201938695 1430519641.92
0.442 0.907298554919 0.15001323459 2.85333333333 1.0 0.623333333333 9.23338858262 3.99722741487 0.594888340419 1430519642.4
0.46 0.907720382249 0.156668155789 2.88222222222 1.0 0.678888888889 9.23338858262 3.99722741487 0.5632699319 1430519642.92
0.505 0.90297821148 0.154333245748 2.78111111111 1.0 0.738888888889 9.23338858262 3.99722741487 0.572483230309 1430519643.4
0.514 0.89620458467 0.152626216619 2.65888888889 1.0 0.786666666667 9.23338858262 3.99722741487 0.529901904836 1430519643.85
0.547 0.892095481518 0.151236917952 2.54111111111 1.0 0.832222222222 9.23338858262 3.99722741487 0.520525003862 1430519644.3
0.515 0.891991729985 0.158423005546 2.34666666667 1.0 0.886666666667 9.23338858262 3.99722741487 0.528122933691 1430519644.77
0.488 0.897452301271 0.168415686513 2.21666666667 1.0 0.348888888889 9.11669429131 4.09465824784 0.546203275242 1430519645.26
0.481 0.896814688542 0.166638549245 2.29888888889 1.0 0.551111111111 9.11669429131 4.09465824784 0.533266686932 1430519645.71
0.498 0.893597509804 0.160089886191 2.44111111111 1.0 0.627777777778 9.11669429131 4.09465824784 0.574565540669 1430519646.19
0.518 0.895534518595 0.1598108063 2.46555555556 1.0 0.69 9.11669429131 4.09465824784 0.583155016012 1430519646.63
0.511 0.895693182747 0.161350893676 2.48444444444 1.0 0.738888888889 9.11669429131 4.09465824784 0.589339695904 1430519647.08
0.521 0.89638862195 0.162392691216 2.30666666667 1.0 0.807777777778 9.11669429131 4.09465824784 0.595875041145 1430519647.53
0.565 0.892707502534 0.158138979176 2.28 1.0 0.854444444444 9.11669429131 4.09465824784 0.561107176199 1430519647.98
0.566 0.892087938748 0.164462909586 2.15333333333 1.0 0.895555555556 9.11669429131 4.09465824784 0.580733019764 1430519648.43
0.591 0.88980938205 0.1615186219 1.86111111111 1.0 0.536666666667 8.55834714566 3.83866411061 0.54588253982 1430519648.91
0.554 0.888789488627 0.157636993486 1.67222222222 1.0 0.666666666667 8.55834714566 3.83866411061 0.560684720076 1430519649.4
0.55 0.889377642887 0.157995969979 1.76555555556 1.0 0.728888888889 8.55834714566 3.83866411061 0.546146607859 1430519649.86
0.486 0.8911600734 0.168886920444 2.01888888889 1.0 0.76 8.55834714566 3.83866411061 0.547680893964 1430519650.31
0.439 0.889853787416 0.165910098709 2.15666666667 1.0 0.806666666667 8.55834714566 3.83866411061 0.530808663692 1430519650.78
0.444 0.887805286207 0.162898731914 2.38444444444 1.0 0.831111111111 8.55834714566 3.83866411061 0.555636649324 1430519651.25
0.496 0.88616663615 0.164703382136 2.56777777778 1.0 0.85 8.55834714566 3.83866411061 0.571830549783 1430519651.71
0.488 0.886871986268 0.167834933471 2.53666666667 1.0 0.887777777778 8.55834714566 3.83866411061 0.5496952873 1430519652.18
0.477 0.887478959828 0.165770929864 2.51222222222 1.0 0.316666666667 8.27917357283 3.84806552336 0.550502452507 1430519652.65
0.486 0.888869520858 0.162659980437 2.52666666667 1.0 0.527777777778 8.27917357283 3.84806552336 0.537170102171 1430519653.11
0.499 0.893180462499 0.167960642141 2.63111111111 1.0 0.611111111111 8.27917357283 3.84806552336 0.544450834572 1430519653.59
0.488 0.895619195884 0.167765405164 2.69888888889 1.0 0.671111111111 8.27917357283 3.84806552336 0.529948221753 1430519654.02
0.503 0.89349902411 0.170237026947 2.59777777778 1.0 0.743333333333 8.27917357283 3.84806552336 0.537391531231 1430519654.48
0.503 0.888135125325 0.165991773667 2.39111111111 1.0 0.813333333333 8.27917357283 3.84806552336 0.516554276198 1430519654.93
0.515 0.887288492348 0.15442658078 2.42555555556 1.0 0.848888888889 8.27917357283 3.84806552336 0.52265971557 1430519655.39
0.49 0.894554639337 0.159311453 2.43666666667 1.0 0.887777777778 8.27917357283 3.84806552336 0.521252922327 1430519655.88
0.481 0.898413717452 0.161473735085 2.43555555556 1.0 0.18 8.13958678641 3.82640774451 0.526306640579 1430519656.34
0.532 0.895516162305 0.148584066632 2.43444444444 1.0 0.532222222222 8.13958678641 3.82640774451 0.561300903242 1430519656.82
0.53 0.89707761435 0.140322094794 2.37777777778 1.0 0.628888888889 8.13958678641 3.82640774451 0.520466181511 1430519657.31
0.518 0.900494008696 0.14234840427 2.47666666667 1.0 0.675555555556 8.13958678641 3.82640774451 0.540066303766 1430519657.81
0.515 0.900179090799 0.143231398436 2.48777777778 1.0 0.732222222222 8.13958678641 3.82640774451 0.552545263571 1430519658.29
0.515 0.899330356669 0.142794494274 2.6 1.0 0.77 8.13958678641 3.82640774451 0.543525669173 1430519658.74
0.476 0.902261280483 0.147200524631 2.49777777778 1.0 0.826666666667 8.13958678641 3.82640774451 0.557017668839 1430519659.25
0.473 0.904529239535 0.15167599954 2.70222222222 1.0 0.847777777778 8.13958678641 3.82640774451 0.559456591305 1430519659.72
0.476 0.901531957469 0.149153194515 2.54111111111 1.0 0.892222222222 8.13958678641 3.82640774451 0.564270756654 1430519660.23
0.468 0.898942745339 0.143981424796 2.47333333333 1.0 0.286666666667 8.56979339321 4.03319684368 0.580549819071 1430519660.71
0.478 0.897782888916 0.136135588548 2.37888888889 1.0 0.521111111111 8.56979339321 4.03319684368 0.575050961321 1430519661.2
0.513 0.90178006371 0.137867919356 2.22333333333 1.0 0.624444444444 8.56979339321 4.03319684368 0.542143089745 1430519661.71
0.491 0.907303810659 0.146671193561 2.27333333333 1.0 0.685555555556 8.56979339321 4.03319684368 0.544360101061 1430519662.15
0.474 0.906269225306 0.14605737733 2.32111111111 1.0 0.738888888889 8.56979339321 4.03319684368 0.576440824785 1430519662.6
0.486 0.903447405911 0.149239823955 2.57555555556 1.0 0.765555555556 8.56979339321 4.03319684368 0.584401552457 1430519663.06
0.486 0.899425386834 0.155067884702 2.61111111111 1.0 0.807777777778 8.56979339321 4.03319684368 0.556703298172 1430519663.53
0.482 0.894252780902 0.155471245701 2.68777777778 1.0 0.845555555556 8.56979339321 4.03319684368 0.552008071011 1430519664.04
0.465 0.894072335405 0.157054194807 2.78444444444 1.0 0.872222222222 8.56979339321 4.03319684368 0.542320544125 1430519664.52
0.507 0.893653595627 0.158171138064 2.76333333333 1.0 0.896666666667 8.56979339321 4.03319684368 0.519105173716 1430519664.99
0.474 0.896772403815 0.165231858763 2.64888888889 1.0 0.377777777778 9.2848966966 4.3798304384 0.52053423122 1430519665.49
0.488 0.894193676517 0.163270577179 2.54 1.0 0.563333333333 9.2848966966 4.3798304384 0.523515650891 1430519665.94
0.47 0.894529065538 0.164780945949 2.45222222222 1.0 0.645555555556 9.2848966966 4.3798304384 0.532952060912 1430519666.39
0.466 0.893759722214 0.157850835459 2.44555555556 1.0 0.71 9.2848966966 4.3798304384 0.549318253567 1430519666.85
0.427 0.893669009934 0.156248161516 2.36111111111 1.0 0.776666666667 9.2848966966 4.3798304384 0.549131108657 1430519667.32
0.456 0.893653523585 0.157050154889 2.42111111111 1.0 0.82 9.2848966966 4.3798304384 0.530892991395 1430519667.79
0.492 0.892924206465 0.157096140641 2.54444444444 1.0 0.851111111111 9.2848966966 4.3798304384 0.532169701307 1430519668.2
0.456 0.894052011286 0.157736968988 2.54666666667 1.0 0.882222222222 9.2848966966 4.3798304384 0.516191376209 1430519668.61
0.468 0.893882035542 0.149470787959 2.6 1.0 0.156666666667 8.6424483483 4.04531125153 0.523727911443 1430519669.0
0.466 0.90084606207 0.148205197425 2.49888888889 1.0 0.477777777778 8.6424483483 4.04531125153 0.542495948499 1430519669.42
0.447 0.90747810628 0.149436543065 2.62 1.0 0.546666666667 8.6424483483 4.04531125153 0.553548036168 1430519669.84
0.45 0.908978908578 0.146479604986 2.79888888889 1.0 0.605555555556 8.6424483483 4.04531125153 0.536694164879 1430519670.23
0.414 0.906327606045 0.135256170988 3.03666666667 1.0 0.647777777778 8.6424483483 4.04531125153 0.559222782748 1430519670.66
0.428 0.904818451299 0.128285343063 2.89 1.0 0.72 8.6424483483 4.04531125153 0.542084819497 1430519671.08
0.421 0.904123858165 0.130228579501 3.05 1.0 0.758888888889 8.6424483483 4.04531125153 0.54589679576 1430519671.5
0.401 0.908138966557 0.132291091395 3.18777777778 1.0 0.79 8.6424483483 4.04531125153 0.520297125332 1430519671.93
0.418 0.907236375599 0.134079453223 3.39444444444 1.0 0.816666666667 8.6424483483 4.04531125153 0.534563864475 1430519672.4
0.433 0.903193897123 0.138630438862 3.43111111111 1.0 0.85 8.6424483483 4.04531125153 0.518324165605 1430519672.8
0.434 0.896869481255 0.137404623798 3.53444444444 1.0 0.868888888889 8.6424483483 4.04531125153 0.474205781795 1430519673.22
0.453 0.895052512408 0.149620903043 3.58 1.0 0.886666666667 8.6424483483 4.04531125153 0.485240318243 1430519673.63
0.48 0.887286426159 0.155013063436 3.59555555556 1.0 0.00222222222222 10.3212241742 4.57588853402 0.483994025819 1430519674.04
0.49 0.888645964128 0.154616484117 3.31888888889 1.0 0.495555555556 10.3212241742 4.57588853402 0.513585885829 1430519674.48
0.488 0.894901899097 0.156613753871 3.28111111111 1.0 0.597777777778 10.3212241742 4.57588853402 0.512182831489 1430519674.97
0.47 0.892058622714 0.160020266358 3.04222222222 1.0 0.675555555556 10.3212241742 4.57588853402 0.502682173564 1430519675.44
0.535 0.894152432562 0.157031431041 2.85222222222 1.0 0.738888888889 10.3212241742 4.57588853402 0.49327532819 1430519675.86
0.503 0.893348285452 0.15545011791 2.62 1.0 0.793333333333 10.3212241742 4.57588853402 0.516995101632 1430519676.31
0.525 0.898890207437 0.157276251124 2.56333333333 1.0 0.825555555556 10.3212241742 4.57588853402 0.509947345318 1430519676.78
0.522 0.897424604973 0.146954517033 2.29 1.0 0.867777777778 10.3212241742 4.57588853402 0.442424502529 1430519677.26
0.528 0.896418209477 0.137921531436 2.37111111111 1.0 0.887777777778 10.3212241742 4.57588853402 0.499814582592 1430519677.71
0.514 0.900147242662 0.136812118363 2.29 1.0 0.337777777778 9.66061208708 4.24850172779 0.51821076498 1430519678.17
0.504 0.905572292508 0.147662568195 2.39222222222 1.0 0.573333333333 9.66061208708 4.24850172779 0.518607091908 1430519678.61
0.502 0.906944970501 0.15275221022 2.29888888889 1.0 0.657777777778 9.66061208708 4.24850172779 0.551079267345 1430519679.09
0.49 0.903282765402 0.14780770302 2.31888888889 1.0 0.726666666667 9.66061208708 4.24850172779 0.480519039707 1430519679.58
0.48 0.902281283143 0.141367798428 2.30111111111 1.0 0.787777777778 9.66061208708 4.24850172779 0.500810606133 1430519680.04
0.474 0.905719977856 0.146426491465 2.22666666667 1.0 0.844444444444 9.66061208708 4.24850172779 0.515890372988 1430519680.53
0.445 0.906216602878 0.150854816906 2.23777777778 1.0 0.892222222222 9.66061208708 4.24850172779 0.565731854849 1430519680.99
0.478 0.901749056086 0.146611841198 2.13666666667 1.0 0.431111111111 8.33030604354 3.73485634218 0.569365214404 1430519681.44
0.495 0.899323149823 0.146049834231 2.10444444444 1.0 0.564444444444 8.33030604354 3.73485634218 0.548351442494 1430519681.88
0.511 0.897716593901 0.142960440226 2.10333333333 1.0 0.656666666667 8.33030604354 3.73485634218 0.522416172833 1430519682.35
0.527 0.898188438153 0.14160134199 2.11555555556 1.0 0.722222222222 8.33030604354 3.73485634218 0.556123742292 1430519682.82
0.528 0.901133084 0.145406474236 2.20555555556 1.0 0.771111111111 8.33030604354 3.73485634218 0.525674133211 1430519683.29
0.478 0.903466065772 0.152660896335 2.34222222222 1.0 0.807777777778 8.33030604354 3.73485634218 0.539956695081 1430519683.77
0.516 0.901632885879 0.155414283011 2.42666666667 1.0 0.844444444444 8.33030604354 3.73485634218 0.558084552978 1430519684.22
0.492 0.896424334738 0.15381557228 2.55666666667 1.0 0.864444444444 8.33030604354 3.73485634218 0.555712574845 1430519684.66
0.546 0.894766410474 0.162333788364 2.57222222222 1.0 0.892222222222 8.33030604354 3.73485634218 0.543755440041 1430519685.13
0.542 0.890418233775 0.156508809538 2.33666666667 1.0 0.281111111111 8.66515302177 4.00481115525 0.545461574437 1430519685.61
0.577 0.891323297908 0.160308705055 2.14666666667 1.0 0.582222222222 8.66515302177 4.00481115525 0.567644011611 1430519686.05
0.525 0.891782232869 0.165961153213 2.12222222222 1.0 0.663333333333 8.66515302177 4.00481115525 0.563994341792 1430519686.52
0.548 0.889427216898 0.168793733497 2.04111111111 1.0 0.732222222222 8.66515302177 4.00481115525 0.568021489423 1430519686.98
0.579 0.886562899729 0.159153571682 1.81666666667 1.0 0.791111111111 8.66515302177 4.00481115525 0.547186725729 1430519687.47
0.547 0.891356440901 0.165083032032 1.71444444444 1.0 0.847777777778 8.66515302177 4.00481115525 0.568914316064 1430519687.94
0.584 0.894310656247 0.170017414966 1.57111111111 1.0 0.0244444444444 7.33257651088 3.47981911274 0.560034427193 1430519688.4
0.547 0.892959470155 0.177523625509 1.48555555556 1.0 0.554444444444 7.33257651088 3.47981911274 0.583717609523 1430519688.88
0.514 0.885027705742 0.174445209855 1.55 1.0 0.647777777778 7.33257651088 3.47981911274 0.569819127833 1430519689.41
0.52 0.881515416542 0.178566299431 1.74888888889 1.0 0.696666666667 7.33257651088 3.47981911274 0.567453366361 1430519689.88
0.521 0.878508238998 0.179870365641 1.99777777778 1.0 0.734444444444 7.33257651088 3.47981911274 0.562070100337 1430519690.36
0.527 0.876466485896 0.183846204835 2.11888888889 1.0 0.786666666667 7.33257651088 3.47981911274 0.575007078722 1430519690.81
0.545 0.878397287224 0.181231467873 2.13222222222 1.0 0.833333333333 7.33257651088 3.47981911274 0.568146829638 1430519691.27
0.541 0.882355304629 0.179954892934 2.06222222222 1.0 0.882222222222 7.33257651088 3.47981911274 0.563394592903 1430519691.74
0.537 0.883121518399 0.180045394995 2.03333333333 1.0 0.288888888889 7.66628825544 3.56014910029 0.548725585732 1430519692.17
0.511 0.885274002495 0.173519196388 2.02333333333 1.0 0.558888888889 7.66628825544 3.56014910029 0.598919550134 1430519692.62
0.479 0.885366035352 0.17263848798 2.06111111111 1.0 0.637777777778 7.66628825544 3.56014910029 0.595798965979 1430519693.12
0.505 0.88582493022 0.172940663792 2.03333333333 1.0 0.712222222222 7.66628825544 3.56014910029 0.610303426873 1430519693.59
0.54 0.884382764752 0.171030099738 2.14777777778 1.0 0.761111111111 7.66628825544 3.56014910029 0.620623411765 1430519694.06
0.505 0.882048519575 0.167391877206 2.22444444444 1.0 0.81 7.66628825544 3.56014910029 0.606573547365 1430519694.52
0.543 0.882631597184 0.175650472618 2.29222222222 1.0 0.851111111111 7.66628825544 3.56014910029 0.617693609792 1430519694.99
0.522 0.882552132036 0.191497227626 2.11111111111 1.0 0.134444444444 7.33314412772 3.45162160539 0.609856692455 1430519695.43
0.55 0.878652528515 0.188330517325 1.99666666667 1.0 0.533333333333 7.33314412772 3.45162160539 0.593883146509 1430519695.93
0.532 0.873540166474 0.187130528211 1.92222222222 1.0 0.626666666667 7.33314412772 3.45162160539 0.622520103869 1430519696.4
0.539 0.87616586708 0.196410628105 1.96333333333 1.0 0.694444444444 7.33314412772 3.45162160539 0.59667051243 1430519696.88
0.581 0.872096181194 0.196119628358 1.82666666667 1.0 0.772222222222 7.33314412772 3.45162160539 0.563571130467 1430519697.34
0.596 0.867869527853 0.192881281851 1.85555555556 1.0 0.821111111111 7.33314412772 3.45162160539 0.563763417748 1430519697.81
0.631 0.870479081333 0.190144700238 1.74444444444 1.0 0.876666666667 7.33314412772 3.45162160539 0.586381456998 1430519698.29
0.606 0.876315518781 0.199655093024 1.69777777778 1.0 0.168888888889 7.16657206386 3.37118080926 0.594576429742 1430519698.78
0.57 0.877874652738 0.201590316575 1.81666666667 1.0 0.571111111111 7.16657206386 3.37118080926 0.617325146129 1430519699.27
0.583 0.873951848036 0.193563409829 1.80333333333 1.0 0.674444444444 7.16657206386 3.37118080926 0.586414740021 1430519699.73
0.594 0.872606855717 0.186128163932 1.53555555556 1.0 0.771111111111 7.16657206386 3.37118080926 0.559911932977 1430519700.21
0.576 0.875596865734 0.188141096552 1.46666666667 1.0 0.836666666667 7.16657206386 3.37118080926 0.564747895817 1430519700.69
0.569 0.876969764302 0.19461376838 1.39444444444 1.0 0.897777777778 7.16657206386 3.37118080926 0.557823475368 1430519701.18
0.549 0.875078759103 0.194987580614 1.48111111111 1.0 0.542222222222 6.58328603193 3.01627792752 0.523543954875 1430519701.68
0.569 0.871941941825 0.197226520205 1.49222222222 1.0 0.672222222222 6.58328603193 3.01627792752 0.530116501767 1430519702.14
0.606 0.867903853027 0.202969963103 1.54333333333 1.0 0.742222222222 6.58328603193 3.01627792752 0.512443849019 1430519702.6
0.564 0.865337521116 0.21110047605 1.45666666667 1.0 0.826666666667 6.58328603193 3.01627792752 0.500754513053 1430519703.06
0.613 0.863460012268 0.211462809992 1.6 1.0 0.857777777778 6.58328603193 3.01627792752 0.524588265015 1430519703.5
0.624 0.866340503588 0.21453233827 1.55111111111 1.0 0.137777777778 5.79164301597 2.78555102068 0.548667954348 1430519703.96
0.616 0.863254741524 0.205174880604 1.44222222222 1.0 0.626666666667 5.79164301597 2.78555102068 0.526973702588 1430519704.44
0.605 0.86534276576 0.194434906767 1.39 1.0 0.726666666667 5.79164301597 2.78555102068 0.527085382346 1430519704.9
0.57 0.872807955357 0.188562668742 1.56444444444 1.0 0.768888888889 5.79164301597 2.78555102068 0.549207090994 1430519705.38
0.567 0.875577858757 0.180177678385 1.52222222222 1.0 0.832222222222 5.79164301597 2.78555102068 0.541896920579 1430519705.88
0.566 0.877584554081 0.17769305339 1.56888888889 1.0 0.882222222222 5.79164301597 2.78555102068 0.549405380728 1430519706.4
0.568 0.880130051951 0.179928577679 1.63444444444 1.0 0.26 5.89582150798 2.81199548104 0.542819107753 1430519706.84
0.572 0.882118601065 0.174960209952 1.60777777778 1.0 0.591111111111 5.89582150798 2.81199548104 0.553328473703 1430519707.33
0.557 0.885274176243 0.178966879531 1.65 1.0 0.68 5.89582150798 2.81199548104 0.582149100825 1430519707.8
0.535 0.883135249512 0.17685622621 1.68222222222 1.0 0.757777777778 5.89582150798 2.81199548104 0.542818549016 1430519708.25
0.592 0.883079686539 0.175935629454 1.80888888889 1.0 0.802222222222 5.89582150798 2.81199548104 0.531816838499 1430519708.71
0.53 0.880854510057 0.168597164719 2.09111111111 1.0 0.817777777778 5.89582150798 2.81199548104 0.544196889267 1430519709.17
0.575 0.883552144532 0.16505658609 2.10333333333 1.0 0.855555555556 5.89582150798 2.81199548104 0.555117055643 1430519709.62
0.531 0.888167106894 0.169476128705 2.08222222222 1.0 0.878888888889 5.89582150798 2.81199548104 0.548029668361 1430519710.07
0.524 0.891931140562 0.181158580797 1.97777777778 1.0 0.208888888889 6.94791075399 3.25574277569 0.542936162114 1430519710.56
0.579 0.886890072473 0.184728995194 1.96 1.0 0.563333333333 6.94791075399 3.25574277569 0.549595949272 1430519711.05
0.582 0.878123150564 0.178899195383 1.99222222222 1.0 0.65 6.94791075399 3.25574277569 0.54360894004 1430519711.5
0.595 0.874200611281 0.175871477777 2.06222222222 1.0 0.712222222222 6.94791075399 3.25574277569 0.550248688651 1430519711.97
0.612 0.877201661294 0.182008498383 1.96555555556 1.0 0.786666666667 6.94791075399 3.25574277569 0.545783820769 1430519712.45
0.565 0.882779227457 0.191773901852 1.82111111111 1.0 0.851111111111 6.94791075399 3.25574277569 0.549976955873 1430519712.92
0.598 0.882925238332 0.191441014626 1.83444444444 1.0 0.892222222222 6.94791075399 3.25574277569 0.564282782234 1430519713.39
0.578 0.876576907052 0.184206955605 1.68555555556 1.0 0.446666666667 6.973955377 3.21519839133 0.53935424086 1430519713.85
0.6 0.871859360165 0.184578874306 1.55888888889 1.0 0.648888888889 6.973955377 3.21519839133 0.559960617815 1430519714.35
0.61 0.871532889239 0.185218020594 1.47111111111 1.0 0.743333333333 6.973955377 3.21519839133 0.540201342516 1430519714.8
0.602 0.875985935344 0.192032749522 1.34222222222 1.0 0.827777777778 6.973955377 3.21519839133 0.519526487236 1430519715.27
0.595 0.878852957939 0.198009264444 1.53333333333 1.0 0.858888888889 6.973955377 3.21519839133 0.557103556524 1430519715.77
0.605 0.874533205913 0.198783342399 1.57666666667 1.0 0.00444444444444 5.9869776885 2.92635017318 0.543000914495 1430519716.26
0.623 0.868990117856 0.193504452582 1.60222222222 1.0 0.546666666667 5.9869776885 2.92635017318 0.537864024324 1430519716.72
0.589 0.865711610279 0.187869970547 1.65 1.0 0.671111111111 5.9869776885 2.92635017318 0.539721760252 1430519717.21
0.553 0.870755977781 0.184926067117 1.73333333333 1.0 0.74 5.9869776885 2.92635017318 0.536211168723 1430519717.67
0.559 0.8750604211 0.184352727547 1.62111111111 1.0 0.832222222222 5.9869776885 2.92635017318 0.518889044425 1430519718.14
0.586 0.875610806518 0.180112235271 1.55 1.0 0.882222222222 5.9869776885 2.92635017318 0.537469112864 1430519718.64
0.634 0.879981154655 0.179213958558 1.53777777778 1.0 0.21 5.99348884425 2.83595064125 0.545813079115 1430519719.11
0.607 0.879650098459 0.186644811326 1.53777777778 1.0 0.603333333333 5.99348884425 2.83595064125 0.560169479651 1430519719.55
0.612 0.87573819878 0.18763119911 1.47666666667 1.0 0.716666666667 5.99348884425 2.83595064125 0.550906694911 1430519719.96
0.598 0.872203588407 0.182992331669 1.53 1.0 0.777777777778 5.99348884425 2.83595064125 0.551452635497 1430519720.42
0.578 0.874929010403 0.186078249377 1.55222222222 1.0 0.824444444444 5.99348884425 2.83595064125 0.546589983032 1430519720.88
0.596 0.878807968565 0.191558491224 1.48444444444 1.0 0.873333333333 5.99348884425 2.83595064125 0.55160935402 1430519721.37
0.575 0.87687683076 0.192104724752 1.61222222222 1.0 0.892222222222 5.99348884425 2.83595064125 0.553137427222 1430519721.89
0.575 0.875999762652 0.1893760787 1.53 1.0 0.395555555556 6.49674442212 3.00276936512 0.578481910745 1430519722.35
0.573 0.877161365904 0.191244810477 1.59777777778 1.0 0.615555555556 6.49674442212 3.00276936512 0.589715453561 1430519722.8
0.568 0.873936267829 0.185448417031 1.57777777778 1.0 0.716666666667 6.49674442212 3.00276936512 0.58915226906 1430519723.29
0.579 0.872579210101 0.186843364549 1.64777777778 1.0 0.776666666667 6.49674442212 3.00276936512 0.578404914886 1430519723.76
0.594 0.873012981892 0.187721449323 1.75666666667 1.0 0.823333333333 6.49674442212 3.00276936512 0.581954500495 1430519724.29
0.602 0.873161314856 0.18806895275 1.63333333333 1.0 0.881111111111 6.49674442212 3.00276936512 0.585240908882 1430519724.76
0.642 0.874597966075 0.188097412737 1.37777777778 1.0 0.367777777778 6.24837221106 2.93780071249 0.582390012268 1430519725.23
0.637 0.875659583302 0.186589052655 1.33222222222 1.0 0.677777777778 6.24837221106 2.93780071249 0.571209247274 1430519725.7
0.629 0.876910812127 0.182171385 1.35444444444 1.0 0.761111111111 6.24837221106 2.93780071249 0.551045620905 1430519726.2
0.628 0.876262949585 0.178716514582 1.28333333333 1.0 0.84 6.24837221106 2.93780071249 0.573320832552 1430519726.64
0.628 0.876648648354 0.179364983088 1.32444444444 1.0 0.884444444444 6.24837221106 2.93780071249 0.554624456317 1430519727.12
0.573 0.881505205432 0.178696920293 1.32444444444 1.0 0.308888888889 5.62418610553 2.66479936595 0.563857899698 1430519727.62
0.593 0.884160564248 0.186184480781 1.38666666667 1.0 0.63 5.62418610553 2.66479936595 0.564300294532 1430519728.08
0.576 0.884240427026 0.193425455374 1.36888888889 1.0 0.736666666667 5.62418610553 2.66479936595 0.589566384903 1430519728.56
0.578 0.877983360978 0.185276469038 1.42222222222 1.0 0.806666666667 5.62418610553 2.66479936595 0.537427886342 1430519729.04
0.539 0.873210796651 0.183456424843 1.53555555556 1.0 0.852222222222 5.62418610553 2.66479936595 0.540769866048 1430519729.49
0.572 0.872711798803 0.175705885151 1.62444444444 1.0 0.888888888889 5.62418610553 2.66479936595 0.525643386112 1430519729.95
0.587 0.879101363881 0.177614266328 1.49777777778 1.0 0.478888888889 5.81209305277 2.67813225267 0.550167634118 1430519730.4
0.543 0.887048331428 0.18252334296 1.61444444444 1.0 0.63 5.81209305277 2.67813225267 0.591097704368 1430519730.88
0.554 0.883947905008 0.174709902463 1.78777777778 1.0 0.698888888889 5.81209305277 2.67813225267 0.568603918962 1430519731.35
