0.2511 0.884267327684 0.27868940678 -2245274.05276
0.36261 0.979035665876 0.297450715668 1.324416
0.429561 0.993282257954 0.311053399571 1.785088
0.5109561 0.99749996077 0.298226857628 2.068416
0.56409561 0.99946287492 0.300378865983 2.26528
0.646809561 0.999639097838 0.288119975825 2.3104
0.6955809561 0.998064829169 0.278116743046 2.169024
0.76615809561 0.994848751709 0.259670064606 1.814848
0.826315809561 0.989839433094 0.246188715293 1.367296
0.882731580956 0.984180680557 0.21421989184 0.999744
0.932473158096 0.977923329115 0.195971208402 0.60832
0.96174731581 0.971673818538 0.182061752552 0.41632
0.938574731581 0.96428267234 0.16031525134 0.265024
0.963257473158 0.955929274723 0.134159566768 0.143424
0.974725747316 0.952433280795 0.122954771968 0.088576
0.969572574732 0.948767110326 0.119412309394 0.084544
0.980757257473 0.947942849285 0.134738228695 0.064896
0.972875725747 0.942135423758 0.13908954407 0.0592
0.964887572575 0.938431709296 0.155315756068 0.084736
0.987488757257 0.931813823132 0.134016914626 0.077312
0.969048875726 0.932315386535 0.128607158512 0.120448
0.963604887573 0.930747215379 0.121905635109 0.10912
0.983760488757 0.930506108185 0.139790950914 0.095168
0.984876048876 0.926200123357 0.148711163299 0.07456
0.986787604888 0.92211977429 0.12808658363 0.06112
0.981578760489 0.922839207897 0.136601453192 0.07456
0.992757876049 0.922395643149 0.154239162276 0.057792
0.974975787605 0.918136386116 0.136330950977 0.089728
0.95879757876 0.917674743702 0.128586555916 0.11232
0.979679757876 0.918827860138 0.116029041431 0.075392
0.986267975788 0.91999618071 0.108942306725 0.069312
0.990526797579 0.924040873925 0.102674288404 0.047168
0.982852679758 0.927801359832 0.0970916293489 0.052352
0.972185267976 0.931332353593 0.105858827235 0.066688
0.976518526798 0.933384756231 0.105022640539 0.065408
0.97335185268 0.936244096156 0.11857163109 0.060416
0.987435185268 0.933996600832 0.113645612848 0.04128
0.981643518527 0.93467130007 0.121333200168 0.060608
0.985564351853 0.93176747268 0.116689832012 0.041152
0.983256435185 0.931041706019 0.104653912341 0.058432
0.970425643519 0.933795682566 0.115090206455 0.058048
0.981742564352 0.932070981259 0.0997330501849 0.056768
0.980174256435 0.934129763255 0.0977846060836 0.062976
0.983617425644 0.937054992188 0.11667234366 0.04448
0.991161742564 0.935459643665 0.107525142027 0.03808
0.984716174256 0.935600236086 0.0930115126805 0.041856
0.982271617426 0.938997833748 0.0987579346847 0.043648
0.995527161743 0.940340381723 0.0994310928899 0.029696
0.992352716174 0.938053922527 0.113448112726 0.026304
0.993835271617 0.935754591664 0.116178180544 0.018752
0.978683527162 0.93257942647 0.11798805146 0.038592
0.991568352716 0.932470213644 0.108297009196 0.027392
0.991956835272 0.933614562761 0.10489617143 0.036736
0.982095683527 0.933047224423 0.104338521701 0.041792
0.990109568353 0.935411156341 0.104308026508 0.027392
0.987310956835 0.935890967126 0.098173274768 0.043904
0.992431095684 0.938577429101 0.092251144463 0.031936
0.994743109568 0.943537234857 0.0969379904297 0.03744
0.977874310957 0.941774975545 0.110727675055 0.04064
0.977987431096 0.938354351774 0.108992639211 0.051264
0.97349874311 0.937357218578 0.100798272681 0.054912
0.970349874311 0.940828846507 0.0990840486822 0.0624
0.990734987431 0.941808889696 0.0769489868367 0.048576
0.983773498743 0.946693244093 0.0674272168259 0.042688
0.963277349874 0.951855014047 0.0696552258597 0.06496
0.977427734987 0.954357575507 0.0712525827774 0.059072
0.967142773499 0.955653489766 0.0814251173811 0.078464
0.97061427735 0.954378524218 0.0747110116529 0.082432
0.970061427735 0.956480803869 0.0739999736488 0.095808
0.968206142773 0.956007735976 0.0710920036659 0.088448
0.973420614277 0.955862519164 0.085853002539 0.070656
0.981142061428 0.954991176799 0.0830594023694 0.058112
0.972014206143 0.955245145423 0.0912580381187 0.066304
0.979201420614 0.952088630181 0.0852369019563 0.061824
0.989820142061 0.951438799039 0.0911830199163 0.054848
0.981882014206 0.951358361648 0.0788233969257 0.055552
0.968488201421 0.954906175514 0.0958791089067 0.086592
0.971648820142 0.951868899881 0.113890168384 0.09536
0.989064882014 0.950549521311 0.108179462871 0.071424
0.989006488201 0.948012345944 0.0924140338172 0.078848
0.98180064882 0.947910472427 0.0904997738898 0.0864
0.970280064882 0.947668411186 0.0970717664151 0.1072
0.983528006488 0.947768965932 0.0976064893558 0.105216
0.983952800649 0.947861773366 0.0963436582828 0.091456
0.973195280065 0.948077698765 0.102825966709 0.108736
0.988319528006 0.946535018427 0.109874081061 0.072768
0.988931952801 0.944343804041 0.0885100221576 0.055488
0.98899319528 0.945881434628 0.0956140945215 0.051328
0.988999319528 0.945643893582 0.0949931161381 0.04096
0.979999931953 0.946523462601 0.0891625644242 0.05696
0.979099993195 0.946662641185 0.10245170792 0.060032
0.97180999932 0.943960053482 0.0980541812002 0.081664
0.986380999932 0.942074921556 0.0915217900563 0.068352
0.963538099993 0.942819916165 0.100983123169 0.101376
0.964853809999 0.941482259053 0.115597003688 0.098688
0.954185381 0.938121621766 0.127666136919 0.093696
0.9675185381 0.932863530719 0.121368540349 0.065472
0.98775185381 0.93054040936 0.124943233724 0.042496
0.991575185381 0.927440477536 0.117985185889 0.04064
0.970357518538 0.928358011209 0.101380414193 0.054208
0.987135751854 0.932093930005 0.110127904518 0.040704
0.984313575185 0.931067093376 0.0976287447276 0.050112
0.981331357519 0.934068892428 0.0964584079502 0.059648
0.984633135752 0.936748659605 0.107745482251 0.06432
0.984963313575 0.937591528166 0.107100236788 0.052864
0.992196331358 0.937489832217 0.102203319358 0.048832
0.993819633136 0.938689434858 0.0978972794325 0.063552
0.997581963314 0.93882862762 0.0905400094292 0.051072
0.991658196331 0.939889739962 0.0971784109923 0.059392
0.991965819633 0.939106716045 0.0972523833287 0.054976
0.967696581963 0.939463337247 0.100104456802 0.080768
0.979669658196 0.939530301048 0.0801143849679 0.073472
0.99436696582 0.94526379769 0.0839259595475 0.05856
0.990436696582 0.944518318004 0.0737209296585 0.064512
0.981943669658 0.946926122939 0.0947659822912 0.07424
0.974794366966 0.947033988675 0.0874625403952 0.070336
0.987579436697 0.948452881737 0.10468722156 0.062912
0.98705794367 0.946009268045 0.100579040913 0.069248
0.984305794367 0.945276013697 0.106085228526 0.066112
0.975030579437 0.943809224025 0.103235016881 0.075776
0.986703057944 0.945248583191 0.106644253454 0.070144
0.991470305794 0.943977407881 0.098586367301 0.07744
0.989247030579 0.94487793547 0.099305457029 0.05824
0.987224703058 0.945287747741 0.108804405389 0.06816
0.991522470306 0.945351016672 0.121364633062 0.054016
0.984752247031 0.939623351461 0.103149449804 0.068352
0.985875224703 0.93970836601 0.103405498082 0.060544
0.99678752247 0.938972251243 0.0959735443794 0.060672
0.991578752247 0.94006908089 0.106518980275 0.034944
0.984757875225 0.939224664051 0.0908968387191 0.045312
0.985875787522 0.941271535912 0.0926570263405 0.050432
0.982387578752 0.942496223132 0.078119248917 0.045184
0.985638757875 0.946559041856 0.0851171024075 0.04192
0.986863875788 0.948442769408 0.101832096127 0.059584
0.986086387579 0.945272631118 0.104640236737 0.051072
0.985108638758 0.942899784906 0.113359487805 0.058624
0.986810863876 0.939032922688 0.115567575011 0.044096
0.991481086388 0.936481751134 0.098474268884 0.041728
0.979348108639 0.938119247831 0.094652804974 0.062272
0.981734810864 0.939673077179 0.0964465075309 0.045952
0.975673481086 0.940840561072 0.0967017119189 0.05856
0.982267348109 0.939312622875 0.10099205025 0.063168
0.986526734811 0.938523699745 0.108008583305 0.04736
0.986052673481 0.937437215935 0.112481856011 0.049472
0.990505267348 0.936681403555 0.105159694444 0.0416
0.984650526735 0.937234914338 0.103091072423 0.04992
0.995765052673 0.938906211896 0.111011362882 0.04032
0.989676505267 0.940357727804 0.116246645777 0.043072
0.988167650527 0.939358020333 0.106440976471 0.03968
0.984416765053 0.940912680086 0.104588846302 0.050624
0.985841676505 0.940913722962 0.0956838046432 0.051072
0.992284167651 0.94171548009 0.0964303703114 0.037248
0.979428416765 0.942537233164 0.0929252873519 0.041344
0.981742841677 0.942691089648 0.0982037047782 0.054016
0.991874284168 0.942749940618 0.0871564623657 0.042688
0.989287428417 0.944523933713 0.0853522685793 0.049344
0.970128742842 0.946499757441 0.0854661854346 0.066816
0.979912874284 0.946845750371 0.0916998884962 0.065856
0.974591287428 0.948115823525 0.107243139193 0.064192
0.974959128743 0.946453014124 0.119708650733 0.063424
0.978595912874 0.94510276156 0.119423824421 0.062336
0.991559591287 0.942932518334 0.131223474308 0.03424
0.987455959129 0.938773233385 0.126868179063 0.048768
0.990645595913 0.938081134534 0.120703853271 0.032192
0.990964559591 0.937527911278 0.113844840299 0.03712
0.981996455959 0.937395224205 0.0998910946541 0.055168
0.989199645596 0.937857514321 0.0996226909172 0.04864
0.99261996456 0.940053732838 0.110490221258 0.05856
0.975861996456 0.938350763843 0.0841492391043 0.069376
0.986786199646 0.942567793832 0.10260091966 0.065984
0.986078619965 0.940555005647 0.0964007991186 0.06816
0.975207861996 0.943703567202 0.105253354858 0.06848
0.9849207862 0.941723811698 0.107582620271 0.063808
0.99489207862 0.938771810605 0.111316968451 0.038912
0.978789207862 0.938100439571 0.108567888669 0.06752
0.982578920786 0.936465685613 0.112431866188 0.06432
0.984757892079 0.936549007431 0.114353368553 0.066112
0.990375789208 0.935325045077 0.120861603804 0.044544
0.990937578921 0.936444141015 0.125403209245 0.032256
0.990993757892 0.93216560804 0.107254756857 0.035136
0.987399375789 0.935590691702 0.120030366805 0.045568
0.985239937579 0.934045343365 0.11960416756 0.054528
0.984123993758 0.934367543104 0.110852707679 0.053248
0.980412399376 0.935560896779 0.1095411417 0.06016
0.990841239938 0.935456326176 0.109572106881 0.062528
0.997284123994 0.935825286947 0.10797603785 0.051712
0.983528412399 0.935974638977 0.0951675557354 0.060224
0.97495284124 0.937720261312 0.105648318878 0.075392
0.989395284124 0.938954917003 0.102785420284 0.057088
0.996239528412 0.940310093612 0.102123142077 0.04224
0.978023952841 0.938624606089 0.091231546506 0.06016
0.991502395284 0.939991497345 0.0735680768144 0.050688
0.988350239528 0.946132952915 0.0697009348507 0.064512
0.986235023953 0.949478845796 0.0852070110539 0.062144
0.978823502395 0.948836817931 0.0795657275337 0.067392
0.97448235024 0.949070571375 0.080499958393 0.071936
0.983048235024 0.950223089128 0.0792685010283 0.058112
0.989304823502 0.951818582628 0.0833976618545 0.05792
0.98183048235 0.951315655337 0.0756717887659 0.066368
0.989183048235 0.953703421787 0.0639633248371 0.054144
0.971918304824 0.958186826109 0.0819096313992 0.075136
0.987291830482 0.956732824363 0.095648172231 0.063744
0.979829183048 0.954977627871 0.0942867191848 0.05984
0.978182918305 0.953309077687 0.0827180438015 0.062336
0.99241829183 0.954988594376 0.0734193755662 0.046336
0.992041829183 0.957108840906 0.0674846827407 0.043968
0.980304182918 0.959750850912 0.0663872909388 0.069632
0.977330418292 0.960396377899 0.0689146353713 0.076352
0.986933041829 0.962138457289 0.0941532102879 0.067648
0.978893304183 0.958626245501 0.111264518869 0.058112
0.985289330418 0.953947352448 0.111249713125 0.04192
0.985028933042 0.951010024322 0.112340654135 0.056512
0.988602893304 0.949676329918 0.125633642739 0.043328
0.99796028933 0.945722676148 0.140462735666 0.023168
0.991696028933 0.941546502027 0.142055429639 0.03072
0.986569602893 0.939701772672 0.11474763276 0.044736
0.981556960289 0.940128665921 0.112786640994 0.044288
0.993655696029 0.940113843779 0.0940005631364 0.032512
0.997565569603 0.942672056961 0.0924124499826 0.044096
0.98985655696 0.943196374347 0.0726115965604 0.040896
0.989985655696 0.946806806767 0.0744212170041 0.04288
0.98459856557 0.949044696022 0.0766070391924 0.074624
0.977759856557 0.951079943902 0.0980837326711 0.083328
0.990575985656 0.948370349828 0.105796563241 0.054784
0.988257598566 0.946331946706 0.11384853762 0.05056
0.986225759857 0.941389865993 0.114490823123 0.044544
0.992322575986 0.940056601801 0.118559182176 0.032192
0.984832257599 0.939840446216 0.10834241975 0.032768
0.98948322576 0.940465843337 0.111417593597 0.032768
0.989048322576 0.9384041612 0.111759924772 0.034624
0.989004832258 0.936529392074 0.110314200593 0.036608
0.990800483226 0.936452616676 0.1099212695 0.037824
0.990980048323 0.935488500164 0.118356540699 0.02976
0.990998004832 0.930403050701 0.113909664751 0.039104
0.988299800483 0.929269274532 0.117456061048 0.04416
0.989829980048 0.928265527585 0.106817161498 0.051008
0.990882998005 0.929428065688 0.0869066990039 0.041152
0.9927882998 0.9341209381 0.0826540445718 0.044992
0.98217882998 0.938115760216 0.0804454348654 0.053056
0.984717882998 0.941940100404 0.0953989466196 0.057664
0.9876717883 0.941493439654 0.092047923771 0.057536
0.99426717883 0.943792506238 0.103795249701 0.051584
0.993126717883 0.9438612059 0.109262276808 0.052032
0.978612671788 0.942540153289 0.109099972782 0.06688
0.980761267179 0.939896827005 0.10097181601 0.063616
0.990876126718 0.940170018235 0.101517178542 0.046656
0.998187612672 0.938635177976 0.107142277646 0.040384
0.990818761267 0.939097098362 0.121355483263 0.038272
0.994581876127 0.936343675841 0.1156885407 0.035328
0.985958187613 0.937665518765 0.113605149202 0.061504
