0.1503 0.885613665931 0.0814961659581
0.22653 0.980745804748 0.103826518355
0.310653 0.994846338631 0.124592608332
0.3172653 0.998402007842 0.144451556207
0.45832653 0.99958747128 0.159096658215
0.509332653 0.998330165527 0.175817023034
0.5774332653 0.995565950888 0.193541410607
0.64364332653 0.991616496684 0.205102924565
0.644864332653 0.986478411385 0.212818959771
0.748486433265 0.980116149985 0.207723653584
0.814648643327 0.971073469219 0.203283039931
0.905864864333 0.961432425983 0.196582579383
0.872686486433 0.953079384289 0.184668059855
0.909868648643 0.94368482834 0.176406693904
0.910886864864 0.933953180194 0.163441217373
0.914588686486 0.923378278458 0.154889436377
0.928458868649 0.913003893822 0.153378157719
0.927145886865 0.914151487738 0.148030488133
0.939614588686 0.914402031776 0.144812929717
0.916561458869 0.914090084016 0.139194003919
0.889956145887 0.911596757648 0.140237079608
0.968295614589 0.912547116719 0.141164913145
0.932929561459 0.912824778254 0.139448091709
0.959092956146 0.914102007063 0.13593339568
0.945509295615 0.915674031465 0.133379156225
0.909950929561 0.917921183676 0.129920330309
0.910895092956 0.92154593087 0.124928917412
0.942489509296 0.921126641085 0.123303407952
0.94834895093 0.921227097916 0.12282034445
0.926434895093 0.924878673316 0.118682105338
0.934143489509 0.92853140638 0.111639933643
0.932214348951 0.93413815801 0.105334059809
0.945521434895 0.937615968834 0.1035263892
0.89195214349 0.939988155209 0.1038153778
0.959495214349 0.934569930154 0.107679996763
0.936549521435 0.935497529458 0.105886016481
0.925254952143 0.934559337265 0.104616779138
0.938525495214 0.931534096156 0.109067722626
0.940752549521 0.93137143079 0.108915093622
0.949975254952 0.932399171055 0.107137715528
0.971597525495 0.932889758666 0.106513302257
0.94855975255 0.936183306961 0.102597435231
0.878755975255 0.937966229292 0.0995327168272
0.885275597525 0.938110971046 0.0987312066979
0.889527559753 0.938952788691 0.102140394196
0.925052755975 0.936061109305 0.102002225668
0.927705275598 0.934112517121 0.104521932227
0.94057052756 0.936711586653 0.106765320818
0.960757052756 0.933327159933 0.108065730909
0.938475705276 0.93309743967 0.109996864687
0.955147570528 0.929119536374 0.11151733878
0.927114757053 0.927616644881 0.110916731455
0.954911475705 0.929771792553 0.112311620297
0.942391147571 0.929690060938 0.111510853841
0.948339114757 0.931867953027 0.109667608627
0.945333911476 0.932616166818 0.106863155211
0.947733391148 0.933432047826 0.104040092931
0.935373339115 0.934394116524 0.104812088274
0.916137333911 0.934790321494 0.102544607186
0.961913733391 0.933383192226 0.105242260702
0.961091373339 0.930123679819 0.108072437476
0.946609137334 0.930522753344 0.107326652853
0.928960913733 0.931526618288 0.108230557276
0.946096091373 0.93317549928 0.104935667008
0.945109609137 0.932849863418 0.104529238006
0.958510960914 0.932043996824 0.107482691399
0.975151096091 0.931349072044 0.105673684569
0.970515109609 0.93597690305 0.0989564037229
0.928651510961 0.936817815094 0.0966020730653
0.964065151096 0.935507741124 0.102851718787
0.96130651511 0.935816564243 0.101801370416
0.957430651511 0.934046990278 0.102542995433
0.950743065151 0.933224587988 0.10594074406
0.970774306515 0.930586496466 0.106930779823
0.977277430652 0.932136648053 0.107788562538
0.958127743065 0.931270956088 0.10880511517
0.957112774307 0.929695086091 0.110707624862
0.984911277431 0.926415621808 0.112311393902
0.976891127743 0.931321557627 0.10939649244
0.935589112774 0.937773894609 0.100213677017
0.953958911277 0.936389063781 0.099860064134
0.961195891128 0.938859678392 0.0991535369224
0.962819589113 0.937773293385 0.0971062606564
0.944081958911 0.937967077138 0.0956160180162
0.930508195891 0.941941954113 0.0906504907004
0.929150819589 0.945722507929 0.0818346592739
0.920015081959 0.94751795032 0.0793892592161
0.938001508196 0.946635248381 0.0780429199453
0.88310015082 0.949028445589 0.080255322626
0.913610015082 0.95042750196 0.0778761510417
0.920261001508 0.947022155058 0.0795029295179
0.945226100151 0.947864347444 0.0814069830723
0.927022610015 0.948787278116 0.0832089235218
0.917102261002 0.946128229885 0.0865682535703
0.9386102261 0.945100396344 0.0850582766385
0.94346102261 0.948931856648 0.0817150156093
0.909746102261 0.951355849452 0.0760920154931
0.897374610226 0.954172647845 0.0722102593066
0.920437461023 0.954744364908 0.0707266819606
0.932643746102 0.953721343188 0.0712271890196
0.91316437461 0.952956045474 0.0730741577465
0.940916437461 0.952810417813 0.0747245964762
0.939191643746 0.952697006078 0.0746589571397
0.945319164375 0.953564195791 0.0709585889185
0.938731916437 0.953579322134 0.0717740604844
0.968673191644 0.954036640041 0.0699988498782
0.940167319164 0.95515731856 0.0696203502945
0.934616731916 0.954249127646 0.070473001187
0.947561673192 0.954588698684 0.0725526995549
0.949756167319 0.956403077761 0.0704897682595
0.914875616732 0.956356601608 0.0698389317177
0.925787561673 0.955879920396 0.0697798761698
0.915178756167 0.957362245271 0.069571165115
0.924917875617 0.956059803083 0.0697623425133
0.904291787562 0.954937384403 0.0728510171157
0.920229178756 0.958177473211 0.0690973996199
0.877722917876 0.96085407183 0.0623263707983
0.897772291788 0.962546663172 0.0596158256136
0.933977229179 0.960799510877 0.0596478213936
0.879097722918 0.963565444495 0.060075003831
0.927609772292 0.963775016206 0.0603672606012
0.932460977229 0.964593492906 0.0592357275265
0.934746097723 0.965474100034 0.0548238723176
0.936774609772 0.965647701406 0.0555541567671
0.865877460977 0.966513649552 0.0536534092535
0.813787746098 0.968466758934 0.049324008639
0.89677877461 0.970919675862 0.046631014174
0.905977877461 0.971387937857 0.0488018297165
0.886197787746 0.968581963396 0.0519635146132
0.928319778775 0.964838682029 0.0579881504838
0.942431977877 0.962747821605 0.0610966194352
0.968143197788 0.960645133496 0.0622159778816
0.924814319779 0.959369061656 0.0642519450089
0.933981431978 0.958302962112 0.0681667118162
0.934898143198 0.956508779182 0.0692262876037
0.91878981432 0.957021837698 0.0665666077664
0.924378981432 0.956403946864 0.0678343336361
0.942937898143 0.956370242189 0.0691950940974
0.951993789814 0.952614767538 0.0757652679782
0.930399378981 0.95188426719 0.0741572903762
0.948039937898 0.952659916036 0.0745008513588
0.95880399379 0.953983194248 0.0728170687664
0.944580399379 0.951540402425 0.0766740835602
0.971058039938 0.950250445434 0.0829359330227
0.958405803994 0.947527403143 0.0849023738205
0.942740580399 0.948714858257 0.0825476954544
0.95647405804 0.94945096163 0.0802437884355
0.943447405804 0.949380414275 0.0810426602747
0.95114474058 0.945371748714 0.0854970552642
0.934814474058 0.944352654637 0.0869612372732
0.938581447406 0.944185987362 0.0876519590745
0.932658144741 0.945089636849 0.0822903020212
0.935665814474 0.949268608586 0.0777141951631
0.962066581447 0.949556263494 0.0772682127699
0.936806658145 0.952501131376 0.0738571511397
0.927080665814 0.948436882387 0.0746730761503
0.962108066581 0.950592143803 0.0759239588269
0.935910806658 0.94969375693 0.0798301520423
0.935991080666 0.947844737571 0.0808566220076
0.925199108067 0.951857032851 0.0817455554842
0.945719910807 0.947696186401 0.0857223475407
0.891971991081 0.944652100632 0.0876999336891
0.945997199108 0.945868267127 0.0868893426172
0.952299719911 0.942786803824 0.0875492647883
0.955629971991 0.945772709358 0.083789590795
0.946062997199 0.948307610003 0.0830672335587
0.95410629972 0.945227979167 0.083335918008
0.947710629972 0.945732647559 0.0824738884457
0.966871062997 0.942788246303 0.0845968129354
0.8958871063 0.94749814487 0.0834532489415
0.87888871063 0.949656328142 0.0790432082401
0.913188871063 0.950569155587 0.0773040015677
0.955318887106 0.948778793206 0.0814970483854
0.928931888711 0.947945466357 0.0842230179284
0.908293188871 0.946984379798 0.0831945468031
0.941329318887 0.947138013935 0.0835061149856
0.923032931889 0.949252843465 0.0831445630267
0.942803293189 0.948948678221 0.079609068557
0.932180329319 0.947776691983 0.0797953856376
0.912218032932 0.949454812989 0.0784488609813
0.901221803293 0.950151340661 0.0754111106886
0.901022180329 0.951215371995 0.0752373901672
0.943302218033 0.949829997729 0.0771847305486
0.953830221803 0.949259308049 0.0780209013948
0.94318302218 0.950809420714 0.0777801481978
0.943018302218 0.952015477643 0.0771995187815
0.950201830222 0.94885704617 0.0790977185353
0.954520183022 0.947030218321 0.0858798112269
0.947752018302 0.947281217368 0.0858728987228
0.95337520183 0.946407610935 0.0841788469341
0.906237520183 0.948314908355 0.0837663454044
0.952823752018 0.948261811943 0.0851062654654
0.949382375202 0.946198132352 0.085988783942
0.93013823752 0.947693165333 0.0832106448149
0.929113823752 0.951978720876 0.0744225043063
0.941611382375 0.950702083272 0.0713613745582
0.953661138238 0.956226461176 0.0704011822319
0.939566113824 0.959201957631 0.0643992265131
0.891356611382 0.959402753907 0.0611736643559
0.875735661138 0.96230162622 0.0596781808689
0.893973566114 0.964101897666 0.0586280886382
0.900297356611 0.96163295874 0.0587833833025
0.847829735661 0.966129323572 0.0553557751877
0.915482973566 0.965603847196 0.0576834141506
0.909648297357 0.963713806923 0.0632868022392
0.920764829736 0.961801460324 0.0644597292684
0.890376482974 0.962015586183 0.0646308619111
0.909837648297 0.958209305719 0.0677104605351
0.94328376483 0.955422620582 0.0723645525148
0.952028376483 0.95556008521 0.0718203702633
0.937602837648 0.955958315346 0.0741213167628
0.946060283765 0.954384698854 0.0732831502002
0.902806028376 0.956034885228 0.0674844404489
0.881380602838 0.958398871574 0.063760858564
0.859438060284 0.962763441027 0.0578692620516
0.918443806028 0.963357977859 0.0591410644612
0.923444380603 0.961763453541 0.0608112845535
0.90054443806 0.962689309723 0.0604644365171
0.929754443806 0.959367959764 0.063164757217
0.882275444381 0.960923017939 0.065400990487
0.915327544438 0.960577074303 0.0657607086797
0.955532754444 0.959725183032 0.0676289989801
0.964053275444 0.958308899846 0.0666637406546
0.892005327544 0.962920495041 0.0611946320243
0.924400532754 0.963177148335 0.0573573729794
0.911440053275 0.966570652265 0.0519320413904
0.926344005328 0.96683101289 0.0516785439389
0.891834400533 0.967690810459 0.0527077811314
0.874883440053 0.96524891409 0.0573161283433
0.901088344005 0.963050192849 0.0619513397211
0.952308834401 0.957184463342 0.0696025889924
0.93583088344 0.954753744494 0.075082593868
0.899983088344 0.955157601425 0.0742168479737
0.927898308834 0.954426307084 0.0726784779137
0.914489830883 0.95317251753 0.0755776505663
0.949148983088 0.95273395394 0.0805238624894
0.907614898309 0.94958076919 0.0854779451068
0.924161489831 0.948184737603 0.0862630865453
0.915016148983 0.946898237828 0.0860085188963
0.929401614898 0.949040443794 0.0811447871166
0.93174016149 0.945722599353 0.0816622381384
0.915774016149 0.948220987629 0.078760715392
0.951977401615 0.94858219589 0.080615839171
0.926797740161 0.950534833051 0.0779317917568
0.912579774016 0.950991129658 0.0760523648228
0.888657977402 0.952690412716 0.0733963160973
0.89166579774 0.952299084085 0.0716599525759
0.889266579774 0.953115242566 0.0739378410121
0.889026657977 0.953112724654 0.0746736381338
0.937602665798 0.953791265111 0.073124352017
