0.166 0.999650071235 0.155840248509 0.837644444444 0.162355555556 0.162355555556 0 0 0.90944337028 1409569326.23
0.237 0.934618522532 0.0529378336351 1.5544 0.2228 0.2228 0 0 0.723752102554 1409569327.71
0.26 0.866652664484 0.0304158563062 2.22004444444 0.260266666667 0.260266666667 0 0 0.634104207926 1409569329.21
0.341 0.829932697733 0.0238546186914 2.83328888889 0.291688888889 0.291688888889 0 0 0.592148056997 1409569331.87
0.314 0.814510973345 0.0253806226558 3.41751111111 0.316888888889 0.316888888889 0 0 0.577455634377 1409569335.53
0.34 0.811563799907 0.0292015979791 3.95457777778 0.341333333333 0.341333333333 0 0 0.572539200336 1409569339.27
0.378 0.814381947146 0.0274216260219 4.39666666667 0.373155555556 0.373155555556 0 0 0.568694829096 1409569343.04
0.399 0.821035917713 0.0245566338007 4.81755555556 0.400311111111 0.400311111111 0 0 0.574337445075 1409569346.78
0.441 0.831127575498 0.026917885306 5.14426666667 0.432044444444 0.432044444444 0 0 0.581662335084 1409569350.42
0.44 0.84415231696 0.0291976285319 5.42946666667 0.463333333333 0.463333333333 0 0 0.588256620822 1409569353.95
0.419 0.859799239593 0.0329390960872 5.71382222222 0.489422222222 0.489422222222 0 0 0.59218398116 1409569357.36
0.44 0.875156583807 0.034359489943 6.08133333333 0.505511111111 0.505511111111 0 0 0.612162832698 1409569360.16
0.461 0.889011442382 0.0357246315167 6.48817777778 0.5168 0.5168 0 0 0.626645054398 1409569363.14
0.457 0.901515355754 0.0385541632917 6.96693333333 0.522133333333 0.522133333333 0 0 0.658899374902 1409569366.19
0.424 0.91152613599 0.0369339789295 7.42688888889 0.528311111111 0.528311111111 0 0 0.686968050488 1409569369.13
0.444 0.921270926989 0.0369275601986 7.87537777778 0.5356 0.5356 0 0 0.679692906152 1409569371.79
0.448 0.928882984724 0.0367114527126 8.30715555556 0.540177777778 0.540177777778 0 0 0.66752904479 1409569374.71
0.484 0.934094898566 0.0351517960738 8.62528888889 0.548711111111 0.548711111111 0 0 0.664460604961 1409569377.46
0.51 0.936882713298 0.0365314065218 8.76702222222 0.566222222222 0.566222222222 0 0 0.674136523419 1409569379.7
0.454 0.939812591899 0.0307471298715 9.21417777778 0.569822222222 0.569822222222 0 0 0.684914197646 1409569382.23
0.448 0.945497937305 0.0299130464532 9.66115555556 0.574 0.574 0 0 0.691774579393 1409569384.5
0.444 0.952747366536 0.0314477869523 10.0957777778 0.578666666667 0.578666666667 0 0 0.715083697767 1409569386.83
0.403 0.957987188207 0.0282410804756 10.6662666667 0.5792 0.5792 0 0 0.72947192856 1409569389.02
0.381 0.960822704027 0.0212130459027 11.1777777778 0.582533333333 0.582533333333 0 0 0.726944121184 1409569391.59
0.361 0.964704290596 0.0178574900561 11.6232444444 0.589777777778 0.589777777778 0 0 0.749082794521 1409569393.79
0.344 0.968557034406 0.0177096718107 11.9570222222 0.6004 0.6004 0 0 0.76329273668 1409569396.23
0.388 0.971622344162 0.0158020099072 12.3009777778 0.609644444444 0.609644444444 0 0 0.774122109282 1409569398.16
0.356 0.973616060026 0.0143944082495 12.5297333333 0.623822222222 0.623822222222 0 0 0.768408813234 1409569400.51
0.331 0.975452003937 0.0124756957154 12.7294222222 0.638711111111 0.638711111111 0 0 0.780416072154 1409569402.4
0.349 0.976710627504 0.0137217219062 12.8694222222 0.655288888889 0.655288888889 0 0 0.791217541226 1409569404.34
0.373 0.977710635851 0.0172639105824 13.2899555556 0.66 0.66 0 0 0.799218527917 1409569406.35
0.391 0.977487549184 0.0186983203411 13.6123555556 0.665688888889 0.665688888889 0 0 0.779552072602 1409569408.11
0.378 0.977764427168 0.0196353501653 14.0783111111 0.668755555556 0.668755555556 0 0 0.788503014046 1409569410.3
0.324 0.9793307117 0.0203416643322 14.4745333333 0.6744 0.6744 0 0 0.80510037908 1409569412.78
0.362 0.980501745116 0.019848061749 14.7938222222 0.682444444444 0.682444444444 0 0 0.826507941069 1409569414.45
0.333 0.98047083684 0.0179924935572 15.2637333333 0.686577777778 0.686577777778 0 0 0.821917042383 1409569416.61
0.342 0.980581668201 0.0189165707406 15.8413777778 0.687066666667 0.687066666667 0 0 0.799766208321 1409569418.84
0.326 0.980246018958 0.0200684056557 16.3328888889 0.687822222222 0.687822222222 0 0 0.781690657064 1409569420.93
0.361 0.979790919542 0.0176347324415 16.7097333333 0.690622222222 0.690622222222 0 0 0.77087723153 1409569422.97
0.371 0.980366228162 0.0129704964851 16.8579111111 0.698711111111 0.698711111111 0 0 0.759615838763 1409569424.94
0.412 0.981630295033 0.0114406875761 17.2168444444 0.703111111111 0.703111111111 0 0 0.758648749906 1409569427.03
0.375 0.983103473344 0.0108252459584 17.4588 0.7112 0.7112 0 0 0.754330363543 1409569429.16
0.358 0.983980876975 0.0125027522257 17.5298222222 0.720222222222 0.720222222222 0 0 0.741232092469 1409569431.38
0.355 0.985373562611 0.0169220920361 17.9477333333 0.723377777778 0.723377777778 0 0 0.763134074786 1409569433.5
0.376 0.986664213553 0.0174800438878 17.9001777778 0.733422222222 0.733422222222 0 0 0.765404735146 1409569435.62
0.387 0.986348526087 0.0151055644298 17.8269777778 0.741333333333 0.741333333333 0 0 0.756822546891 1409569437.74
0.359 0.986391266187 0.0128263900347 17.8907555556 0.748977777778 0.748977777778 0 0 0.76077617519 1409569439.88
0.38 0.986460684426 0.0155972826955 18.0529777778 0.754222222222 0.754222222222 0 0 0.766302537834 1409569441.5
0.402 0.985941667745 0.0141144974497 17.7386222222 0.766444444444 0.766444444444 0 0 0.744009107172 1409569443.35
0.435 0.986209806198 0.0156025601777 17.0468444444 0.785955555556 0.785955555556 0 0 0.747321840407 1409569445.42
0.439 0.986105567596 0.0156445514649 16.5627555556 0.799688888889 0.799688888889 0 0 0.735306739702 1409569446.96
0.43 0.986659384273 0.0162106542353 15.5952 0.822044444444 0.822044444444 0 0 0.729213279504 1409569448.58
0.432 0.986690998091 0.0179060095559 15.2837777778 0.832622222222 0.832622222222 0 0 0.726374759567 1409569450.29
0.422 0.98690703778 0.019152050706 14.3747111111 0.847822222222 0.847822222222 0 0 0.732727053294 1409569451.99
0.423 0.986251329464 0.0203795276822 13.5042666667 0.859511111111 0.859511111111 0 0 0.721476194129 1409569453.91
0.403 0.986042459719 0.0261374190004 13.1976888889 0.867244444444 0.867244444444 0 0 0.733297626834 1409569456.13
0.424 0.985090249984 0.0299726195944 13.1708444444 0.872666666667 0.872666666667 0 0 0.739010332766 1409569458.33
0.473 0.983274486176 0.0331096216188 12.9792444444 0.879911111111 0.879911111111 0 0 0.71510793518 1409569460.22
0.496 0.981154715742 0.032285668994 12.9256444444 0.883911111111 0.883911111111 0 0 0.703306096488 1409569461.96
0.476 0.980718080143 0.030144652299 12.4448888889 0.894088888889 0.894088888889 0 0 0.697506757873 1409569464.02
0.502 0.981133975696 0.032857737778 11.3201333333 0.908666666667 0.4348 60 139.467283964 0.691581982282 1409569466.71
0.509 0.981361995752 0.0344557593776 11.0237333333 0.910711111111 0.542444444444 60 139.467283964 0.69178564093 1409569468.88
0.493 0.981709223636 0.0379286988412 10.6554666667 0.915022222222 0.577111111111 60 139.467283964 0.692641976017 1409569470.98
0.491 0.982454482165 0.0427517847749 9.63875555556 0.923866666667 0.626488888889 60 139.467283964 0.687911335947 1409569473.12
0.519 0.981668692104 0.0401681697766 8.93955555556 0.933244444444 0.667377777778 60 139.467283964 0.669008439229 1409569475.23
0.491 0.981253527224 0.0380236233711 8.20422222222 0.938666666667 0.707288888889 60 139.467283964 0.676817762097 1409569477.26
0.498 0.980707625342 0.0322099146939 7.642 0.944533333333 0.737555555556 60 139.467283964 0.672947780181 1409569479.18
0.488 0.980866261097 0.0356233067811 6.66724444444 0.959422222222 0.768133333333 60 139.467283964 0.672547085388 1409569481.11
0.522 0.980812080718 0.0357625591391 6.26457777778 0.967111111111 0.792977777778 60 139.467283964 0.66933172517 1409569483.14
0.523 0.979982683701 0.0335031587125 5.37284444444 0.982444444444 0.8196 60 139.467283964 0.691050914823 1409569484.85
0.504 0.980269428997 0.0343188130968 5.34644444444 0.984133333333 0.836266666667 60 139.467283964 0.699834342437 1409569486.45
0.528 0.982245322239 0.0337714309126 5.32453333333 0.986355555556 0.847022222222 60 139.467283964 0.707422418445 1409569488.2
0.494 0.984304844968 0.0303387204941 5.41208888889 0.986933333333 0.8576 60 139.467283964 0.715478621009 1409569490.54
0.457 0.984702155542 0.0247991131085 5.60328888889 0.987288888889 0.867688888889 60 139.467283964 0.737853844196 1409569492.37
0.455 0.985823934912 0.0234887560403 5.66564444444 0.9904 0.876222222222 60 139.467283964 0.753802094237 1409569494.18
0.422 0.987592116785 0.0268956568417 5.82568888889 0.991555555556 0.884 60 139.467283964 0.775115679841 1409569496.06
0.424 0.987720320641 0.0277912848342 5.9436 0.9916 0.0305333333333 38.0 86.0383470058 0.79195438855 1409569497.9
0.393 0.986800056952 0.0232848634433 6.22568888889 0.9916 0.4212 38.0 86.0383470058 0.792678705693 1409569500.12
0.42 0.985639561991 0.0197344231671 6.43217777778 0.9916 0.462933333333 38.0 86.0383470058 0.79169322549 1409569502.19
0.389 0.985706552684 0.0190370203772 6.67053333333 0.9916 0.492577777778 38.0 86.0383470058 0.812289149117 1409569504.08
0.38 0.987357369932 0.0184104401422 7.08182222222 0.9916 0.5072 38.0 86.0383470058 0.826904074004 1409569505.88
0.361 0.989111664084 0.0191837672501 7.43902222222 0.9916 0.524711111111 38.0 86.0383470058 0.840122618793 1409569507.59
0.344 0.989198635416 0.0224519626213 7.87773333333 0.9916 0.5388 38.0 86.0383470058 0.845233944548 1409569509.41
0.339 0.988567611985 0.0223227682598 8.35506666667 0.9916 0.547733333333 38.0 86.0383470058 0.836781524351 1409569511.08
0.35 0.988243486065 0.0210161498098 8.81 0.9916 0.556355555556 38.0 86.0383470058 0.829840932559 1409569513.17
0.327 0.987934544426 0.0206704201711 9.33995555556 0.9916 0.561644444444 38.0 86.0383470058 0.830144561813 1409569514.82
0.345 0.988319662465 0.0195515750916 9.80435555556 0.9916 0.568888888889 38.0 86.0383470058 0.835931875262 1409569516.26
0.366 0.989423379896 0.0193068341055 10.3810666667 0.9916 0.571066666667 38.0 86.0383470058 0.847064918218 1409569517.96
0.351 0.990102231416 0.0209218551914 10.8297777778 0.9916 0.577022222222 38.0 86.0383470058 0.846978709609 1409569520.21
0.348 0.98973206491 0.0168217707694 11.1515111111 0.9916 0.588222222222 38.0 86.0383470058 0.837110733608 1409569522.26
0.327 0.98915823348 0.0143641334913 11.5927555556 0.9916 0.597155555556 38.0 86.0383470058 0.843390046398 1409569523.89
0.348 0.989273075707 0.0117939619699 11.9547111111 0.9916 0.610133333333 38.0 86.0383470058 0.83479104847 1409569525.66
0.358 0.98954888452 0.0131912534318 12.2997777778 0.9916 0.621111111111 38.0 86.0383470058 0.826306939266 1409569527.33
0.347 0.990321607632 0.0140791397541 12.6681777778 0.9916 0.628044444444 38.0 86.0383470058 0.828672209342 1409569529.45
0.35 0.990292347808 0.0122465310455 13.1800888889 0.9916 0.630311111111 38.0 86.0383470058 0.846109629584 1409569531.58
0.397 0.990420413685 0.0115369071548 13.6107111111 0.9916 0.632355555556 38.0 86.0383470058 0.825342534191 1409569533.59
0.381 0.991138380915 0.0107967390184 13.8989333333 0.9916 0.642355555556 38.0 86.0383470058 0.824754543183 1409569535.65
0.382 0.991403010526 0.0127816047276 14.2732444444 0.9916 0.649377777778 38.0 86.0383470058 0.822815579571 1409569537.46
0.34 0.991929731734 0.011969770838 14.5695555556 0.9916 0.6576 38.0 86.0383470058 0.814102397993 1409569539.57
0.454 0.992279671653 0.0140409235592 14.3695555556 0.9916 0.676088888889 38.0 86.0383470058 0.794604748679 1409569541.53
0.378 0.991965717565 0.0132982032445 14.4791555556 0.9916 0.684666666667 38.0 86.0383470058 0.792733191536 1409569543.61
0.418 0.991542962102 0.0124655533875 14.1235555556 0.991644444444 0.705155555556 38.0 86.0383470058 0.785340426068 1409569545.57
0.4 0.991428700611 0.0116019548608 14.4383111111 0.991644444444 0.7116 38.0 86.0383470058 0.797527983512 1409569547.69
0.386 0.991638755311 0.0112459494209 14.5019111111 0.991644444444 0.721511111111 38.0 86.0383470058 0.788513123876 1409569549.66
0.386 0.993170918121 0.0125611350378 14.3681777778 0.991733333333 0.734088888889 38.0 86.0383470058 0.794580364249 1409569551.6
0.371 0.994001306057 0.0137390816778 14.3476888889 0.9928 0.743377777778 38.0 86.0383470058 0.797349060899 1409569553.51
0.357 0.99384065407 0.0139361489355 14.104 0.9928 0.757911111111 38.0 86.0383470058 0.797365871267 1409569555.26
0.411 0.993436879492 0.0131091312389 13.5378666667 0.992933333333 0.778533333333 38.0 86.0383470058 0.774993566331 1409569557.17
0.457 0.9927475192 0.0126996551102 12.9345777778 0.997777777778 0.791822222222 38.0 86.0383470058 0.753425076381 1409569559.23
0.453 0.992218047109 0.0151598311273 12.3887111111 0.999733333333 0.804977777778 38.0 86.0383470058 0.767569213589 1409569561.12
0.456 0.991639893627 0.0177891936325 12.1312 0.999866666667 0.816488888889 38.0 86.0383470058 0.76329917968 1409569563.17
0.476 0.990594378922 0.0180972730868 11.9405333333 0.999866666667 0.825555555556 38.0 86.0383470058 0.76348146845 1409569565.15
0.469 0.990101214727 0.0195594962171 11.7891111111 0.999866666667 0.832222222222 38.0 86.0383470058 0.772898834213 1409569566.86
0.479 0.989345828473 0.0213796330091 11.4965777778 0.999866666667 0.837111111111 38.0 86.0383470058 0.74947992439 1409569568.85
0.511 0.988130875469 0.0209581583491 11.1236 0.999866666667 0.843377777778 38.0 86.0383470058 0.723450115227 1409569570.8
0.505 0.98711821105 0.0184581884848 11.0893777778 0.999866666667 0.849466666667 38.0 86.0383470058 0.712135120109 1409569572.85
0.514 0.98696129694 0.0196184316407 10.9947555556 0.999866666667 0.8572 38.0 86.0383470058 0.70180484678 1409569575.05
0.55 0.987559230407 0.020770164849 10.9380888889 0.999866666667 0.863955555556 38.0 86.0383470058 0.708805846114 1409569577.17
0.487 0.988350647457 0.0179910171058 11.0816 0.999866666667 0.865644444444 38.0 86.0383470058 0.725266059989 1409569579.23
0.499 0.990194803873 0.02318379066 11.2244444444 0.999866666667 0.867422222222 38.0 86.0383470058 0.750004491957 1409569581.15
0.494 0.9903729819 0.0233796620005 10.9430222222 0.999866666667 0.872844444444 38.0 86.0383470058 0.762474191608 1409569582.96
0.505 0.990357363271 0.0213845066399 10.9528888889 0.999866666667 0.875777777778 38.0 86.0383470058 0.767478642742 1409569585.08
0.488 0.990816832311 0.0159070599831 11.0276444444 0.999866666667 0.878222222222 38.0 86.0383470058 0.785232842111 1409569586.7
0.476 0.99194141558 0.0159268027129 10.8963111111 0.999866666667 0.884622222222 38.0 86.0383470058 0.771990424128 1409569588.59
0.48 0.992786260593 0.0175644224073 10.7943111111 0.999866666667 0.8892 38.0 86.0383470058 0.772856992104 1409569590.24
0.45 0.99296065657 0.0188606104662 10.5536 0.999866666667 0.898488888889 38.0 86.0383470058 0.77866215728 1409569592.11
0.435 0.992858845368 0.0184178628869 10.2368 0.999866666667 0.0314222222222 44.0 91.1093505621 0.775179602718 1409569594.09
0.443 0.992996892851 0.0166454711768 10.0359111111 0.999866666667 0.425511111111 44.0 91.1093505621 0.780169891794 1409569596.03
0.416 0.992441749638 0.0176973536733 9.73168888889 0.999866666667 0.461466666667 44.0 91.1093505621 0.761396278618 1409569597.82
0.429 0.992155095061 0.0172929106048 9.90848888889 0.999866666667 0.491155555556 44.0 91.1093505621 0.763644277188 1409569599.44
0.452 0.991944868889 0.0184832419262 9.72426666667 0.999866666667 0.522355555556 44.0 91.1093505621 0.759686987421 1409569601.4
0.439 0.991708639421 0.0249632473121 9.39293333333 0.999866666667 0.551511111111 44.0 91.1093505621 0.762417448564 1409569603.49
0.469 0.992207845609 0.0321507009692 8.97528888889 0.999866666667 0.584133333333 44.0 91.1093505621 0.764841967458 1409569605.45
0.412 0.991934373822 0.0353120301453 8.99222222222 0.999866666667 0.600088888889 44.0 91.1093505621 0.776820234468 1409569607.63
0.414 0.990328764768 0.0271738895243 8.52288888889 0.999866666667 0.630888888889 44.0 91.1093505621 0.755765865238 1409569609.58
0.431 0.988624097233 0.0231451556129 8.44297777778 0.999866666667 0.651555555556 44.0 91.1093505621 0.750907293164 1409569611.59
0.414 0.988240511781 0.0214182076961 8.33897777778 0.999866666667 0.674266666667 44.0 91.1093505621 0.750490142728 1409569613.92
0.427 0.987014690748 0.0183939740668 8.48604444444 0.999866666667 0.683511111111 44.0 91.1093505621 0.750051020906 1409569615.59
0.438 0.986684865133 0.0181986194279 8.38928888889 0.999866666667 0.704888888889 44.0 91.1093505621 0.744830299037 1409569617.26
0.481 0.986754080369 0.0182994635022 7.85302222222 0.999866666667 0.738311111111 44.0 91.1093505621 0.718838107514 1409569619.13
0.455 0.987709539881 0.019738406069 7.8284 0.999866666667 0.749111111111 44.0 91.1093505621 0.721527387564 1409569620.91
0.47 0.988202649991 0.0165241987968 7.86008888889 0.999866666667 0.760622222222 44.0 91.1093505621 0.737264517434 1409569622.68
0.439 0.989039287665 0.0171222431471 8.05066666667 0.999866666667 0.765422222222 44.0 91.1093505621 0.759718800242 1409569624.33
0.446 0.989604200789 0.0174298628263 8.32871111111 0.999866666667 0.767822222222 44.0 91.1093505621 0.765349835096 1409569626.36
0.454 0.990506359803 0.0189488375933 8.09293333333 0.999866666667 0.780844444444 44.0 91.1093505621 0.76010149235 1409569628.49
0.433 0.990986471248 0.0211770257014 8.04377777778 0.999866666667 0.793377777778 44.0 91.1093505621 0.775269357551 1409569630.28
0.386 0.991117960191 0.0218520133698 7.93857777778 0.999866666667 0.805288888889 44.0 91.1093505621 0.781599158942 1409569632.41
0.429 0.990601189522 0.0216536785062 8.11484444444 0.999866666667 0.809288888889 44.0 91.1093505621 0.773536579231 1409569634.48
0.423 0.990605007207 0.0205247151125 8.45506666667 0.999866666667 0.813777777778 44.0 91.1093505621 0.785039114028 1409569636.49
0.397 0.991338153533 0.0212670258032 8.86453333333 0.999866666667 0.817955555556 44.0 91.1093505621 0.784925486845 1409569638.61
0.36 0.991694112664 0.0212266499738 9.28968888889 0.999866666667 0.822755555556 44.0 91.1093505621 0.788688569511 1409569640.09
0.391 0.991765191984 0.0222896197716 9.63568888889 0.999866666667 0.827466666667 44.0 91.1093505621 0.806209762068 1409569641.75
0.391 0.991592599462 0.0191442479755 9.5832 0.999866666667 0.842222222222 44.0 91.1093505621 0.791222588759 1409569643.38
0.365 0.992027764394 0.0189707704534 9.80248888889 0.999866666667 0.850044444444 44.0 91.1093505621 0.787127060082 1409569645.32
0.381 0.991991302106 0.0180476256426 9.93928888889 0.999866666667 0.860622222222 44.0 91.1093505621 0.797550405441 1409569647.4
0.399 0.991226543608 0.0170859690479 10.0496444444 0.999866666667 0.869555555556 44.0 91.1093505621 0.782120936441 1409569649.44
0.432 0.99010222509 0.017989716616 9.92586666667 0.999866666667 0.8844 44.0 91.1093505621 0.758111703179 1409569651.05
0.388 0.988948701802 0.0187582021487 9.79835555556 0.999866666667 0.893066666667 44.0 91.1093505621 0.758199447816 1409569652.98
0.418 0.987987972836 0.0202446880611 9.88017777778 0.999866666667 0.899955555556 44.0 91.1093505621 0.74598364206 1409569654.78
0.402 0.987985572628 0.0212654247571 9.7896 0.999866666667 0.330444444444 38.5 76.5084878802 0.759807233799 1409569656.73
0.375 0.98825375892 0.0229826357353 9.77786666667 0.999866666667 0.438711111111 38.5 76.5084878802 0.770701930754 1409569658.28
0.389 0.988650920979 0.0215233383447 9.82137777778 0.999866666667 0.479377777778 38.5 76.5084878802 0.775579429188 1409569659.89
0.398 0.988419937767 0.0205980178593 9.85937777778 0.999866666667 0.510222222222 38.5 76.5084878802 0.765370624921 1409569661.49
0.407 0.988413128397 0.0202178142023 9.71644444444 0.999866666667 0.544533333333 38.5 76.5084878802 0.763049314013 1409569663.1
0.445 0.987775254662 0.0194911360768 9.40573333333 0.999866666667 0.586133333333 38.5 76.5084878802 0.744044929037 1409569664.7
0.443 0.987021131338 0.0181018372828 8.66151111111 0.999866666667 0.639466666667 38.5 76.5084878802 0.726209685197 1409569666.87
0.449 0.987685915502 0.0171986877733 8.04462222222 0.999866666667 0.696444444444 38.5 76.5084878802 0.71397191195 1409569668.57
0.486 0.988591723996 0.0183659740799 8.07462222222 0.999866666667 0.715333333333 38.5 76.5084878802 0.719608084918 1409569670.32
0.457 0.989465918592 0.0183942830653 7.9404 0.999866666667 0.738088888889 38.5 76.5084878802 0.72269162355 1409569672.02
0.446 0.990215188124 0.020351753636 7.49746666667 0.999866666667 0.772488888889 38.5 76.5084878802 0.729432935863 1409569673.64
0.448 0.99066541004 0.0228884189728 7.79688888889 0.999866666667 0.778133333333 38.5 76.5084878802 0.759152660667 1409569675.34
0.421 0.989391662073 0.0212367485161 7.95808888889 0.999866666667 0.791422222222 38.5 76.5084878802 0.783233416761 1409569676.99
0.393 0.988611991318 0.0214546509508 8.06857777778 0.999866666667 0.806755555556 38.5 76.5084878802 0.769713389445 1409569678.83
0.442 0.988214967716 0.0204030103625 8.23808888889 0.999866666667 0.817822222222 38.5 76.5084878802 0.766357128008 1409569681.05
0.446 0.987924997881 0.0207796684162 8.11431111111 0.999866666667 0.834133333333 38.5 76.5084878802 0.742858640975 1409569682.98
0.469 0.987833816062 0.020363068967 8.15053333333 0.999866666667 0.839777777778 38.5 76.5084878802 0.745573650763 1409569684.89
0.421 0.98771463168 0.0181384432742 8.33351111111 0.999866666667 0.841911111111 38.5 76.5084878802 0.763207690871 1409569686.98
0.434 0.987966490766 0.0142766193897 8.61102222222 0.999866666667 0.844177777778 38.5 76.5084878802 0.781545386084 1409569688.95
0.39 0.989440864871 0.0117966226817 8.9544 1.0 0.846177777778 38.5 76.5084878802 0.789565084908 1409569690.96
0.407 0.99159219057 0.0117659057375 9.44333333333 1.0 0.849111111111 38.5 76.5084878802 0.811246769214 1409569693.03
0.375 0.993369263181 0.0108055422888 9.84573333333 1.0 0.853733333333 38.5 76.5084878802 0.801755937994 1409569694.89
0.371 0.994069249707 0.010383827552 10.2262222222 1.0 0.857288888889 38.5 76.5084878802 0.805991646546 1409569696.86
0.417 0.994226290133 0.0111488944712 10.6403111111 1.0 0.857511111111 38.5 76.5084878802 0.808812926151 1409569698.79
0.409 0.994541973315 0.0119718710533 10.8255555556 1.0 0.860266666667 38.5 76.5084878802 0.824411724282 1409569700.86
0.428 0.994341534272 0.0104456344168 10.8714222222 1.0 0.869911111111 38.5 76.5084878802 0.819616101374 1409569702.97
0.399 0.994295100111 0.00786459143311 10.5254666667 1.0 0.883644444444 38.5 76.5084878802 0.799333827432 1409569704.51
0.421 0.994804910637 0.0105382747208 10.6032 1.0 0.8936 38.5 76.5084878802 0.789792325678 1409569706.23
0.399 0.995086016881 0.013434547608 10.3112888889 1.0 0.343777777778 33.25 63.9474924505 0.775627689359 1409569708.19
0.427 0.994680492237 0.0149855044117 9.43742222222 1.0 0.458088888889 33.25 63.9474924505 0.762560108067 1409569710.03
0.429 0.993814554183 0.0151310008567 9.44604444444 1.0 0.487288888889 33.25 63.9474924505 0.771449773164 1409569711.98
0.415 0.993323060084 0.0144423370606 9.88466666667 1.0 0.505511111111 33.25 63.9474924505 0.783519412048 1409569713.61
0.387 0.993125461669 0.0124202613204 10.2986666667 1.0 0.519822222222 33.25 63.9474924505 0.783969280504 1409569715.4
0.395 0.992943224964 0.0124865947921 10.1904 1.0 0.548622222222 33.25 63.9474924505 0.783382189749 1409569717.33
0.391 0.993487902018 0.0130554638111 10.3810222222 1.0 0.568 33.25 63.9474924505 0.799677164226 1409569719.36
0.407 0.993818469812 0.014035738107 10.3068888889 1.0 0.589822222222 33.25 63.9474924505 0.807922244911 1409569721.32
0.426 0.993784478186 0.0136520048582 10.4493777778 1.0 0.603911111111 33.25 63.9474924505 0.803357407139 1409569723.22
0.367 0.993362772371 0.0142557059074 10.5147111111 1.0 0.621911111111 33.25 63.9474924505 0.817715749812 1409569725.25
0.367 0.992812239339 0.0140449028514 10.5837777778 1.0 0.64 33.25 63.9474924505 0.787709814109 1409569727.32
0.36 0.992673365451 0.0114060194984 10.6312888889 1.0 0.6556 33.25 63.9474924505 0.78016181727 1409569729.11
0.349 0.992403580515 0.00884308083226 11.1229777778 1.0 0.657688888889 33.25 63.9474924505 0.77894006429 1409569731.03
0.405 0.993556607008 0.00854390345382 11.2764444444 1.0 0.668444444444 33.25 63.9474924505 0.768321113359 1409569732.47
0.383 0.995014278122 0.00820601981487 11.5650222222 1.0 0.676888888889 33.25 63.9474924505 0.787151323399 1409569733.99
0.394 0.995446436528 0.00690033126277 11.9876 1.0 0.680044444444 33.25 63.9474924505 0.792854565098 1409569735.51
0.384 0.996155590193 0.00932766785441 12.3700888889 1.0 0.6848 33.25 63.9474924505 0.794245267556 1409569737.57
0.364 0.9964698883 0.0102487774222 12.7169333333 1.0 0.695688888889 33.25 63.9474924505 0.808038241503 1409569739.42
0.352 0.996578726623 0.00730094823543 13.1982222222 1.0 0.702088888889 33.25 63.9474924505 0.825353350081 1409569741.33
0.335 0.997128302859 0.0055761338362 13.7445333333 1.0 0.702577777778 33.25 63.9474924505 0.839707254585 1409569743.27
0.332 0.997409524107 0.00555185964761 14.1899555556 1.0 0.703244444444 33.25 63.9474924505 0.830840240744 1409569745.18
0.33 0.99741924981 0.00563973110213 14.6974666667 1.0 0.703288888889 33.25 63.9474924505 0.832232267606 1409569747.24
0.355 0.996902601053 0.00742138477225 15.1732888889 1.0 0.705777777778 33.25 63.9474924505 0.826049782429 1409569749.19
0.335 0.996222136301 0.00800302290239 15.6826666667 1.0 0.7072 33.25 63.9474924505 0.80966994825 1409569751.19
0.368 0.995506402277 0.0129357745324 15.9302222222 1.0 0.712755555556 33.25 63.9474924505 0.798280946231 1409569753.05
0.379 0.994639573407 0.0150527678798 15.4742222222 1.0 0.732666666667 33.25 63.9474924505 0.781859089636 1409569754.93
0.388 0.993511845095 0.01534493799 14.8849333333 1.0 0.758533333333 33.25 63.9474924505 0.763622106034 1409569756.72
0.425 0.992758917365 0.0146195668299 14.4304444444 1.0 0.778355555556 33.25 63.9474924505 0.754823970634 1409569758.33
0.452 0.992376495178 0.0161627550897 13.9343111111 1.0 0.797066666667 33.25 63.9474924505 0.746117235242 1409569759.79
0.418 0.992361879875 0.0165516050842 13.9937333333 1.0 0.802222222222 33.25 63.9474924505 0.760409365445 1409569761.71
0.445 0.992412867452 0.0177310423148 13.9843555556 1.0 0.807644444444 33.25 63.9474924505 0.776971168411 1409569763.65
0.425 0.992000349139 0.0145037551174 13.6619555556 1.0 0.815688888889 33.25 63.9474924505 0.775496856107 1409569765.75
0.429 0.991452451042 0.0148430254381 13.4952 1.0 0.824933333333 33.25 63.9474924505 0.780433343644 1409569767.84
0.445 0.991544693079 0.0175392373675 12.9553777778 1.0 0.839466666667 33.25 63.9474924505 0.784689532977 1409569769.75
0.442 0.992527797259 0.0233259547096 12.0832888889 1.0 0.859911111111 33.25 63.9474924505 0.79359731843 1409569771.75
0.476 0.992215791048 0.022938864994 12.0158666667 1.0 0.863644444444 33.25 63.9474924505 0.785965298878 1409569773.73
0.445 0.991176774964 0.0214922005156 11.4232888889 1.0 0.880533333333 33.25 63.9474924505 0.791710149117 1409569775.7
0.44 0.990361266696 0.0221330095608 10.7114222222 1.0 0.897777777778 33.25 63.9474924505 0.784837382634 1409569777.67
0.426 0.989380500987 0.0215430414083 10.4404 1.0 0.335644444444 35.625 67.7285652608 0.789466658354 1409569780.0
0.462 0.989011387429 0.0221345934513 10.0519555556 1.0 0.479422222222 35.625 67.7285652608 0.78667011183 1409569782.2
0.447 0.987964952491 0.0223206243768 9.30137777778 1.0 0.53 35.625 67.7285652608 0.779707847903 1409569784.22
0.493 0.986682008271 0.0214350143793 8.68035555556 1.0 0.5656 35.625 67.7285652608 0.767785865066 1409569786.08
0.456 0.985040810413 0.0187276147079 7.74897777778 1.0 0.604666666667 35.625 67.7285652608 0.744681094088 1409569788.39
0.487 0.984916355158 0.0186553797708 7.17128888889 1.0 0.652622222222 35.625 67.7285652608 0.743857150973 1409569790.65
0.478 0.984691570619 0.0198696935736 6.92537777778 1.0 0.6868 35.625 67.7285652608 0.736257755593 1409569792.53
0.468 0.984618426017 0.0209861254992 6.18724444444 1.0 0.732533333333 35.625 67.7285652608 0.714897610859 1409569794.39
0.455 0.984597059358 0.0207715126796 5.85444444444 1.0 0.764711111111 35.625 67.7285652608 0.702591718224 1409569796.61
0.497 0.985227822499 0.0179854378254 5.83231111111 1.0 0.790044444444 35.625 67.7285652608 0.711761697993 1409569798.21
0.423 0.986191149226 0.018878299342 5.68764444444 1.0 0.814044444444 35.625 67.7285652608 0.736608727953 1409569799.86
0.443 0.987045440557 0.0197024129049 5.77871111111 1.0 0.827688888889 35.625 67.7285652608 0.742299976755 1409569801.56
0.476 0.987065910458 0.0186350032586 5.77284444444 1.0 0.846577777778 35.625 67.7285652608 0.728669655575 1409569803.61
0.421 0.988242752228 0.019265229525 6.17804444444 1.0 0.852177777778 35.625 67.7285652608 0.770914966495 1409569805.65
0.409 0.991302207029 0.0213543224843 6.62013333333 1.0 0.856844444444 35.625 67.7285652608 0.815818164603 1409569807.47
0.346 0.99377958053 0.0206901772585 7.08893333333 1.0 0.860533333333 35.625 67.7285652608 0.831226365262 1409569809.49
0.325 0.99382942916 0.0172218665385 7.67671111111 1.0 0.862933333333 35.625 67.7285652608 0.844800428047 1409569811.62
0.28 0.993891800176 0.0128403577354 8.34271111111 1.0 0.863022222222 35.625 67.7285652608 0.860484539526 1409569813.67
0.287 0.993494680715 0.00951988463113 9.02551111111 1.0 0.863066666667 35.625 67.7285652608 0.853618539333 1409569815.3
0.335 0.992879586486 0.00574534975756 9.6392 1.0 0.863066666667 35.625 67.7285652608 0.814887581495 1409569817.04
0.323 0.99373429664 0.00628386122217 10.1999555556 1.0 0.863066666667 35.625 67.7285652608 0.811816039494 1409569818.59
0.29 0.99474382318 0.00751556299594 10.7297777778 1.0 0.863066666667 35.625 67.7285652608 0.821014898532 1409569820.5
0.317 0.995774723893 0.00770741414362 11.2944 1.0 0.863066666667 35.625 67.7285652608 0.815680546215 1409569822.25
0.336 0.996463896031 0.00652219908991 11.7067111111 1.0 0.863066666667 35.625 67.7285652608 0.802946951876 1409569823.92
0.319 0.996563378398 0.00754750649106 12.0665333333 1.0 0.863066666667 35.625 67.7285652608 0.799959369408 1409569825.89
0.352 0.996276860388 0.00812919662784 12.2185777778 1.0 0.863422222222 35.625 67.7285652608 0.804419851953 1409569827.81
0.362 0.996382432359 0.00980432004088 12.5862222222 1.0 0.864177777778 35.625 67.7285652608 0.794677683102 1409569829.78
0.379 0.997005695353 0.0105686953873 13.0179555556 1.0 0.866088888889 35.625 67.7285652608 0.794956116206 1409569831.58
0.363 0.997314977193 0.011099473415 13.4285777778 1.0 0.8684 35.625 67.7285652608 0.812545787385 1409569833.48
0.329 0.99680853504 0.0110288988059 13.4836444444 1.0 0.877866666667 35.625 67.7285652608 0.831299384531 1409569835.41
0.364 0.99575626168 0.00960886378161 13.4528 1.0 0.885244444444 35.625 67.7285652608 0.829447695613 1409569837.2
0.391 0.995812192637 0.0114560544009 13.4787555556 1.0 0.892311111111 35.625 67.7285652608 0.818411746358 1409569839.22
0.385 0.996059470397 0.0114698654946 13.5468888889 1.0 0.899466666667 35.625 67.7285652608 0.810377055831 1409569841.24
0.374 0.995532599206 0.0111217711961 13.3852 1.0 0.346088888889 34.3125 65.5832646117 0.806737662216 1409569843.59
0.407 0.994408195327 0.00931342353075 13.2405777778 1.0 0.4224 34.3125 65.5832646117 0.794778233881 1409569845.63
0.388 0.994184665703 0.011301061174 12.8975555556 1.0 0.472533333333 34.3125 65.5832646117 0.782841937621 1409569847.79
0.421 0.993712103843 0.0115592994487 12.8877777778 1.0 0.496888888889 34.3125 65.5832646117 0.792759899898 1409569849.87
0.38 0.992855638259 0.00973416171464 12.5992444444 1.0 0.526933333333 34.3125 65.5832646117 0.787925135322 1409569851.95
0.356 0.993071797668 0.00916850595884 12.6076 1.0 0.544355555556 34.3125 65.5832646117 0.787361198747 1409569853.94
0.332 0.993523285233 0.00888644965885 12.6169333333 1.0 0.560933333333 34.3125 65.5832646117 0.788136397388 1409569855.98
0.34 0.994207626166 0.0112520402463 12.9324444444 1.0 0.5688 34.3125 65.5832646117 0.77829805272 1409569857.99
0.343 0.993904354773 0.0103059520833 13.2856888889 1.0 0.575111111111 34.3125 65.5832646117 0.765912224962 1409569859.72
0.37 0.993276578654 0.00795979274141 13.3318222222 1.0 0.592755555556 34.3125 65.5832646117 0.747287456908 1409569861.34
0.375 0.993613686348 0.00769812916981 13.6649777778 1.0 0.602444444444 34.3125 65.5832646117 0.754880262606 1409569863.25
0.362 0.994515219722 0.00910629976692 13.9966222222 1.0 0.610844444444 34.3125 65.5832646117 0.754960815672 1409569865.28
0.374 0.995355177313 0.0105334042128 14.4560444444 1.0 0.615822222222 34.3125 65.5832646117 0.772849126377 1409569867.16
0.376 0.995305442598 0.010737696346 14.6365333333 1.0 0.628222222222 34.3125 65.5832646117 0.781630741964 1409569868.87
0.363 0.995547118166 0.00885425219343 14.7941333333 1.0 0.638755555556 34.3125 65.5832646117 0.770802977687 1409569870.89
0.374 0.995686364968 0.00654927902616 14.8305333333 1.0 0.654755555556 34.3125 65.5832646117 0.780692701595 1409569872.82
0.358 0.995511280895 0.00661300533566 15.3088888889 1.0 0.656622222222 34.3125 65.5832646117 0.776046082512 1409569874.78
0.354 0.99523044505 0.00640636188936 15.6907111111 1.0 0.6604 34.3125 65.5832646117 0.781157915958 1409569876.59
0.335 0.995427553769 0.00859444704941 16.0926222222 1.0 0.664222222222 34.3125 65.5832646117 0.807181097104 1409569878.1
0.382 0.995038532971 0.00997075571504 16.4509333333 1.0 0.668488888889 34.3125 65.5832646117 0.795056076664 1409569879.61
0.371 0.994934131811 0.0119250879604 16.6771111111 1.0 0.674533333333 34.3125 65.5832646117 0.803540779371 1409569881.07
0.364 0.994719987438 0.0111125515246 16.8312888889 1.0 0.6804 34.3125 65.5832646117 0.798384456973 1409569883.2
0.382 0.994403158941 0.0119526919188 16.2296444444 1.0 0.703822222222 34.3125 65.5832646117 0.791271069717 1409569885.14
0.431 0.993128692064 0.0128185423106 15.4808 1.0 0.730888888889 34.3125 65.5832646117 0.768622331203 1409569887.18
0.409 0.991590304576 0.0130925729728 14.4726222222 1.0 0.765111111111 34.3125 65.5832646117 0.750723930997 1409569889.28
0.46 0.991517232085 0.0178022008642 13.9276444444 1.0 0.787955555556 34.3125 65.5832646117 0.751677101128 1409569891.29
0.434 0.990571478372 0.0205856642064 13.7728444444 1.0 0.801333333333 34.3125 65.5832646117 0.740464031314 1409569893.05
0.445 0.989384145709 0.0194813791893 13.5635555556 1.0 0.813422222222 34.3125 65.5832646117 0.729712578104 1409569894.98
0.441 0.987759171327 0.0200501176669 13.2917777778 1.0 0.826844444444 34.3125 65.5832646117 0.72875866691 1409569897.19
0.455 0.986054710815 0.0206578386063 12.7622222222 1.0 0.841066666667 34.3125 65.5832646117 0.712831985616 1409569899.1
0.515 0.985112052211 0.0213501650009 11.3361777778 1.0 0.870133333333 34.3125 65.5832646117 0.705835126115 1409569900.84
0.525 0.98364082056 0.0258641739728 9.96808888889 1.0 0.896533333333 34.3125 65.5832646117 0.69870935408 1409569902.5
0.548 0.982287553124 0.0257150307873 8.81595555556 1.0 0.470222222222 33.15625 63.3822617643 0.700008930758 1409569904.96
0.583 0.981839529454 0.0246521395442 7.72542222222 1.0 0.596088888889 33.15625 63.3822617643 0.686054649737 1409569907.21
0.544 0.981650441065 0.0239025450486 6.02088888889 1.0 0.663822222222 33.15625 63.3822617643 0.688022757864 1409569909.37
0.537 0.982198785929 0.0223768823032 5.422 1.0 0.693555555556 33.15625 63.3822617643 0.702526155794 1409569911.52
0.514 0.983242073494 0.0246856226937 5.58386666667 1.0 0.707422222222 33.15625 63.3822617643 0.727490337468 1409569913.31
0.532 0.984187060463 0.0252262649469 5.68488888889 1.0 0.729066666667 33.15625 63.3822617643 0.723483910088 1409569914.87
0.511 0.984723501078 0.0215542092113 5.79195555556 1.0 0.755422222222 33.15625 63.3822617643 0.7278884813 1409569916.84
0.505 0.985137041053 0.0202837184807 5.88471111111 1.0 0.774711111111 33.15625 63.3822617643 0.730687872282 1409569919.0
0.495 0.985277698397 0.0192779191106 5.96373333333 1.0 0.787866666667 33.15625 63.3822617643 0.737779139682 1409569920.75
0.511 0.984999748684 0.0170583957763 5.71804444444 1.0 0.815822222222 33.15625 63.3822617643 0.732813236429 1409569923.01
0.507 0.985927603347 0.0207032952812 5.21235555556 1.0 0.850488888889 33.15625 63.3822617643 0.726419533845 1409569925.25
0.506 0.986194198421 0.0226856802492 5.14582222222 1.0 0.87 33.15625 63.3822617643 0.749433026508 1409569927.1
0.476 0.986535847394 0.0220075089009 4.92364444444 1.0 0.896133333333 33.15625 63.3822617643 0.738436576015 1409569928.83
0.486 0.98741496261 0.0192223393032 4.74715555556 1.0 0.424577777778 23.078125 44.9257018622 0.735264884469 1409569931.28
0.465 0.989794543997 0.0176686090933 4.89502222222 1.0 0.5128 23.078125 44.9257018622 0.735859955323 1409569932.85
0.437 0.991816538064 0.016570447337 5.18426666667 1.0 0.540577777778 23.078125 44.9257018622 0.753621674382 1409569934.79
0.407 0.993148341415 0.0154683895939 5.54271111111 1.0 0.566577777778 23.078125 44.9257018622 0.787056403784 1409569936.85
0.392 0.994078597142 0.0129438741303 5.86297777778 1.0 0.588711111111 23.078125 44.9257018622 0.786777417425 1409569938.89
0.374 0.994321447954 0.010643203577 6.25146666667 1.0 0.604844444444 23.078125 44.9257018622 0.788820436318 1409569940.93
0.354 0.994110437262 0.0101848871481 6.81066666667 1.0 0.607644444444 23.078125 44.9257018622 0.797191704295 1409569942.82
0.378 0.993620706542 0.0103670119598 7.25115555556 1.0 0.616355555556 23.078125 44.9257018622 0.799791229982 1409569944.38
0.383 0.993383073715 0.00877096466469 7.77253333333 1.0 0.621911111111 23.078125 44.9257018622 0.802671164157 1409569946.34
0.35 0.993658463715 0.00636689391077 8.31675555556 1.0 0.624444444444 23.078125 44.9257018622 0.81248275316 1409569948.1
0.374 0.994949620864 0.00596980141006 8.9244 1.0 0.625955555556 23.078125 44.9257018622 0.820407082691 1409569949.82
0.316 0.995623852386 0.00489203802756 9.52653333333 1.0 0.627688888889 23.078125 44.9257018622 0.835725692366 1409569951.48
0.312 0.996751694233 0.00535433240739 10.1297333333 1.0 0.630355555556 23.078125 44.9257018622 0.841858122323 1409569952.93
0.257 0.99762983118 0.0049807707313 10.6822666667 1.0 0.634755555556 23.078125 44.9257018622 0.853687400358 1409569954.58
0.299 0.99831904516 0.00510985172787 11.1689777778 1.0 0.640755555556 23.078125 44.9257018622 0.834084914239 1409569956.51
0.303 0.998339534988 0.00646944244055 11.6252 1.0 0.647866666667 23.078125 44.9257018622 0.835794314655 1409569958.39
0.316 0.998203280344 0.00707085424778 11.742 1.0 0.664266666667 23.078125 44.9257018622 0.837525014365 1409569960.07
0.317 0.998044607643 0.00713459926894 12.2485333333 1.0 0.668488888889 23.078125 44.9257018622 0.852856933154 1409569961.79
0.303 0.997677035805 0.00618829518091 12.848 1.0 0.669333333333 23.078125 44.9257018622 0.858234073437 1409569963.73
0.296 0.997451358312 0.00567977390059 13.4427555556 1.0 0.672311111111 23.078125 44.9257018622 0.870868062425 1409569965.79
0.343 0.99700994132 0.00385254300242 14.0419555556 1.0 0.673155555556 23.078125 44.9257018622 0.85158824583 1409569967.59
0.296 0.996601712651 0.00310072258781 14.6402222222 1.0 0.673155555556 23.078125 44.9257018622 0.864422088927 1409569969.12
0.272 0.996743880747 0.00323881724103 15.2228 1.0 0.674 23.078125 44.9257018622 0.868700520553 1409569970.6
0.289 0.996842388624 0.00472221628935 15.7525777778 1.0 0.674533333333 23.078125 44.9257018622 0.866217991809 1409569972.09
0.272 0.997245270882 0.0047003359739 16.3708 1.0 0.674711111111 23.078125 44.9257018622 0.868053905027 1409569973.63
0.277 0.997386901368 0.00355925336861 16.9374666667 1.0 0.674711111111 23.078125 44.9257018622 0.859172697514 1409569975.18
0.271 0.997222707189 0.00526757534496 17.5097333333 1.0 0.674711111111 23.078125 44.9257018622 0.873277024803 1409569976.65
0.271 0.997608930004 0.00532620602973 17.9201777778 1.0 0.675466666667 23.078125 44.9257018622 0.859369122759 1409569978.52
0.293 0.99781627478 0.00511986562019 18.354 1.0 0.675688888889 23.078125 44.9257018622 0.855054401952 1409569980.44
0.299 0.998190491511 0.00685487139036 18.8946222222 1.0 0.6764 23.078125 44.9257018622 0.848216646357 1409569982.08
0.28 0.998409824438 0.00912565342681 19.2208888889 1.0 0.681066666667 23.078125 44.9257018622 0.844138401932 1409569984.06
0.29 0.998246828977 0.0101214606703 19.5790666667 1.0 0.686933333333 23.078125 44.9257018622 0.840711850901 1409569985.62
0.297 0.997846893984 0.0121929453288 19.7305777778 1.0 0.696133333333 23.078125 44.9257018622 0.840638408071 1409569987.32
0.338 0.997170556189 0.0137762342501 19.932 1.0 0.703688888889 23.078125 44.9257018622 0.844921974741 1409569989.13
0.322 0.996521107072 0.0105118359703 20.0212444444 1.0 0.712933333333 23.078125 44.9257018622 0.819360654243 1409569990.7
0.328 0.996260115476 0.0105037138589 20.0464888889 1.0 0.720533333333 23.078125 44.9257018622 0.810488983705 1409569992.62
0.371 0.99537826119 0.0113027147937 19.6177333333 1.0 0.734622222222 23.078125 44.9257018622 0.787354771737 1409569994.6
0.396 0.994367632693 0.0110833134615 18.9460444444 1.0 0.750044444444 23.078125 44.9257018622 0.77548253717 1409569996.5
0.414 0.993603307935 0.0135553039121 17.9409777778 1.0 0.763466666667 23.078125 44.9257018622 0.779941798912 1409569998.57
0.437 0.992877034004 0.0135231112162 17.8554666667 1.0 0.7672 23.078125 44.9257018622 0.780029751265 1409570000.59
0.455 0.991586728953 0.0120360695864 17.2559555556 1.0 0.7832 23.078125 44.9257018622 0.765619962738 1409570002.41
0.446 0.990887572866 0.0122811358346 17.0124888889 1.0 0.796311111111 23.078125 44.9257018622 0.780029183412 1409570004.52
0.437 0.991402121623 0.013515569169 16.7007111111 1.0 0.810488888889 23.078125 44.9257018622 0.792554030812 1409570006.57
0.418 0.991419366117 0.0120590070984 16.5816444444 1.0 0.817688888889 23.078125 44.9257018622 0.793415727096 1409570008.35
0.419 0.990943916003 0.0107085262809 16.3996888889 1.0 0.827155555556 23.078125 44.9257018622 0.783877381391 1409570010.53
0.409 0.992027670812 0.0109294579129 16.4350666667 1.0 0.836177777778 23.078125 44.9257018622 0.787826324721 1409570012.65
0.381 0.992988170781 0.0133614485804 16.3046222222 1.0 0.844133333333 23.078125 44.9257018622 0.77099391081 1409570014.79
0.417 0.993412166165 0.0131802874559 16.1758222222 1.0 0.849777777778 23.078125 44.9257018622 0.780097594988 1409570016.41
0.442 0.992939261288 0.0143427069007 15.7506222222 1.0 0.858844444444 23.078125 44.9257018622 0.776930269609 1409570018.06
0.424 0.991887280875 0.014432148057 15.76 1.0 0.8632 23.078125 44.9257018622 0.779851456424 1409570019.91
0.453 0.991030998526 0.0133956134924 15.6375111111 1.0 0.8648 23.078125 44.9257018622 0.769949977342 1409570021.64
0.462 0.991291840482 0.0141392535803 14.9272888889 1.0 0.875733333333 23.078125 44.9257018622 0.760224562243 1409570023.28
0.423 0.991784027887 0.0163428617977 14.5300888889 1.0 0.8796 23.078125 44.9257018622 0.768511716796 1409570025.21
0.429 0.991567326721 0.0173375023273 13.4765777778 1.0 0.889333333333 23.078125 44.9257018622 0.76175931011 1409570027.06
0.404 0.990519953483 0.0144148055065 12.0444 1.0 0.316711111111 38.5390625 71.6048239497 0.761494159055 1409570028.96
0.429 0.989727390345 0.015967434161 11.7655555556 1.0 0.448844444444 38.5390625 71.6048239497 0.775971169075 1409570030.65
0.464 0.988392959683 0.0161838166723 11.0148 1.0 0.493066666667 38.5390625 71.6048239497 0.767913562204 1409570032.83
0.484 0.986851430278 0.0188435676711 10.2723111111 1.0 0.5416 38.5390625 71.6048239497 0.74590395609 1409570034.95
0.484 0.986032238295 0.0206776451201 9.93422222222 1.0 0.574133333333 38.5390625 71.6048239497 0.753271769718 1409570037.07
0.488 0.984855832276 0.0211806664517 8.87497777778 1.0 0.616444444444 38.5390625 71.6048239497 0.731827124366 1409570039.18
0.479 0.983802726904 0.0196722270057 8.33706666667 1.0 0.651288888889 38.5390625 71.6048239497 0.714780831388 1409570041.08
0.479 0.983115039496 0.0193433086358 7.72848888889 1.0 0.679422222222 38.5390625 71.6048239497 0.714347849939 1409570042.65
0.474 0.983668231343 0.020966357085 7.61457777778 1.0 0.701333333333 38.5390625 71.6048239497 0.73238307486 1409570044.65
0.49 0.984251838962 0.021429767336 7.53551111111 1.0 0.723377777778 38.5390625 71.6048239497 0.740468986765 1409570046.7
0.479 0.984665415555 0.0218271406413 7.26182222222 1.0 0.743911111111 38.5390625 71.6048239497 0.7478130169 1409570048.87
0.424 0.985775118657 0.02203832907 6.8748 1.0 0.762755555556 38.5390625 71.6048239497 0.771590888076 1409570050.99
0.451 0.985461431741 0.0213688626336 6.90471111111 1.0 0.778933333333 38.5390625 71.6048239497 0.768525651057 1409570053.16
0.429 0.984805496282 0.019570104213 7.15991111111 1.0 0.790311111111 38.5390625 71.6048239497 0.76250743788 1409570055.07
0.454 0.985972962592 0.0180418244576 7.43608888889 1.0 0.797511111111 38.5390625 71.6048239497 0.751927099832 1409570056.68
0.441 0.988846427645 0.0215288906774 7.70626666667 1.0 0.800666666667 38.5390625 71.6048239497 0.755104515404 1409570058.28
0.408 0.990365171268 0.0215542272971 7.90191111111 1.0 0.806933333333 38.5390625 71.6048239497 0.75527382016 1409570060.34
0.427 0.990150757568 0.0189048344277 7.83293333333 1.0 0.820177777778 38.5390625 71.6048239497 0.743053842755 1409570062.48
0.474 0.989154063792 0.0162839006351 7.77915555556 1.0 0.831955555556 38.5390625 71.6048239497 0.729632388542 1409570064.41
0.483 0.988260555278 0.0157859910652 7.30604444444 1.0 0.8492 38.5390625 71.6048239497 0.724620862166 1409570066.21
0.457 0.988960640015 0.0155032855139 7.12684444444 1.0 0.859022222222 38.5390625 71.6048239497 0.732410347626 1409570067.81
0.433 0.99004002454 0.0172305090845 6.98404444444 1.0 0.865466666667 38.5390625 71.6048239497 0.739023839178 1409570069.94
0.461 0.989947905604 0.0195100951702 6.79164444444 1.0 0.878311111111 38.5390625 71.6048239497 0.745148799497 1409570071.5
0.485 0.989209944133 0.0185851907377 6.47968888889 1.0 0.891555555556 38.5390625 71.6048239497 0.737611089799 1409570073.35
0.484 0.989340457899 0.0189940651842 6.04755555556 1.0 0.459466666667 31.26953125 58.8418595209 0.71725718418 1409570075.54
0.475 0.989836412977 0.0173156988114 5.72782222222 1.0 0.559466666667 31.26953125 58.8418595209 0.730539759086 1409570077.69
0.468 0.990164380784 0.0136537288918 5.814 1.0 0.596444444444 31.26953125 58.8418595209 0.721612833546 1409570079.83
0.441 0.991611736099 0.0143266681369 6.2224 1.0 0.613022222222 31.26953125 58.8418595209 0.749304654723 1409570081.68
0.405 0.9935296643 0.0148961915282 6.66484444444 1.0 0.624755555556 31.26953125 58.8418595209 0.780175686821 1409570083.65
0.4 0.994375084685 0.0178728696084 7.02782222222 1.0 0.641511111111 31.26953125 58.8418595209 0.809880408548 1409570085.39
0.401 0.993923811814 0.0174487438198 7.42106666667 1.0 0.650977777778 31.26953125 58.8418595209 0.813895552114 1409570087.29
0.411 0.993391348476 0.0180374243202 7.75368888889 1.0 0.661155555556 31.26953125 58.8418595209 0.801185985207 1409570088.76
0.394 0.9930093712 0.0219133915985 7.8192 1.0 0.681333333333 31.26953125 58.8418595209 0.784806391107 1409570090.79
0.369 0.992507572182 0.0209331312021 8.06035555556 1.0 0.692266666667 31.26953125 58.8418595209 0.771287403916 1409570092.83
0.402 0.991526802114 0.0220759417336 8.00951111111 1.0 0.710488888889 31.26953125 58.8418595209 0.754456476688 1409570094.86
0.378 0.990575482977 0.0191622760951 8.24595555556 1.0 0.720222222222 31.26953125 58.8418595209 0.76375803167 1409570096.92
0.402 0.990222495656 0.0191413919758 8.45928888889 1.0 0.729155555556 31.26953125 58.8418595209 0.749556985558 1409570098.8
0.374 0.989421741731 0.0173840882596 8.51471111111 1.0 0.743244444444 31.26953125 58.8418595209 0.730674133036 1409570100.79
0.403 0.988196997341 0.0164928138047 8.53946666667 1.0 0.760933333333 31.26953125 58.8418595209 0.719739271147 1409570102.29
0.453 0.988045324133 0.0152675599444 8.82182222222 1.0 0.767022222222 31.26953125 58.8418595209 0.717971312797 1409570104.07
0.411 0.989731314529 0.0171398696253 8.85622222222 1.0 0.7792 31.26953125 58.8418595209 0.722667751151 1409570105.89
0.417 0.992134179283 0.0215362408226 9.07684444444 1.0 0.788711111111 31.26953125 58.8418595209 0.756440252636 1409570107.78
0.352 0.993634876861 0.0230475222171 9.41053333333 1.0 0.793688888889 31.26953125 58.8418595209 0.794744195975 1409570109.58
0.348 0.993932095278 0.0237002994854 9.66311111111 1.0 0.797733333333 31.26953125 58.8418595209 0.778140874408 1409570111.08
0.347 0.993959149844 0.0252013603757 10.0033333333 1.0 0.797955555556 31.26953125 58.8418595209 0.805500453358 1409570112.48
0.354 0.994666154377 0.0304857169166 10.4412 1.0 0.798533333333 31.26953125 58.8418595209 0.82982681512 1409570114.23
0.362 0.994869073383 0.0304044603464 10.7862222222 1.0 0.798666666667 31.26953125 58.8418595209 0.838414546808 1409570115.98
0.338 0.994591210699 0.0239767845079 11.1967111111 1.0 0.798666666667 31.26953125 58.8418595209 0.85130603511 1409570118.21
0.351 0.994925395169 0.0201992037645 11.6349333333 1.0 0.799377777778 31.26953125 58.8418595209 0.863044271218 1409570120.11
0.349 0.99479309652 0.0188576105205 12.1661333333 1.0 0.800088888889 31.26953125 58.8418595209 0.861826893412 1409570122.06
0.318 0.995107984384 0.0167818763165 12.7200444444 1.0 0.8016 31.26953125 58.8418595209 0.850055412777 1409570124.11
0.296 0.995530590045 0.0118888651289 13.3406222222 1.0 0.802044444444 31.26953125 58.8418595209 0.847556527717 1409570126.2
0.3 0.995176626109 0.0139179749459 13.8912888889 1.0 0.802088888889 31.26953125 58.8418595209 0.849077497118 1409570128.13
0.303 0.994771244827 0.0150716438257 14.3621333333 1.0 0.802444444444 31.26953125 58.8418595209 0.847066984536 1409570130.03
0.334 0.994586878414 0.0122376767602 14.8820888889 1.0 0.802444444444 31.26953125 58.8418595209 0.831007854504 1409570132.06
0.36 0.994623039331 0.0115394875973 15.3264 1.0 0.802444444444 31.26953125 58.8418595209 0.813688387114 1409570134.0
0.356 0.994213728034 0.0109266080358 15.6284 1.0 0.803377777778 31.26953125 58.8418595209 0.808319463946 1409570135.87
0.31 0.994246369087 0.00946714895353 16.1203111111 1.0 0.805644444444 31.26953125 58.8418595209 0.814443342132 1409570137.77
0.309 0.994553859614 0.00930039913108 16.5732888889 1.0 0.810222222222 31.26953125 58.8418595209 0.829550220182 1409570139.19
0.32 0.994374018513 0.0109568657094 16.9132444444 1.0 0.814088888889 31.26953125 58.8418595209 0.825543759989 1409570141.2
0.347 0.993829291302 0.0150983062096 17.0674666667 1.0 0.818622222222 31.26953125 58.8418595209 0.800280660768 1409570143.2
0.368 0.992992435124 0.0154826153561 16.7589333333 1.0 0.8284 31.26953125 58.8418595209 0.781706847969 1409570144.9
0.34 0.991676808442 0.0143344526194 16.4561333333 1.0 0.8388 31.26953125 58.8418595209 0.778959901974 1409570146.9
0.333 0.990948646659 0.0110134834316 16.7690222222 1.0 0.839377777778 31.26953125 58.8418595209 0.772671079034 1409570148.94
0.341 0.991405522144 0.0103302449524 17.0857333333 1.0 0.8412 31.26953125 58.8418595209 0.786351331864 1409570150.81
0.344 0.992552548297 0.00882444546787 17.6424444444 1.0 0.841288888889 31.26953125 58.8418595209 0.788429703653 1409570152.63
0.357 0.993235934293 0.00734248232593 18.1687555556 1.0 0.841333333333 31.26953125 58.8418595209 0.795828815642 1409570154.37
0.349 0.99437230295 0.00914819627479 18.0498222222 1.0 0.845066666667 31.26953125 58.8418595209 0.793586941414 1409570156.26
0.398 0.993975356617 0.0110966412743 17.2717333333 1.0 0.856666666667 31.26953125 58.8418595209 0.781099075689 1409570157.87
0.379 0.993095161782 0.0120851712114 16.4188888889 1.0 0.871866666667 31.26953125 58.8418595209 0.768658438808 1409570159.54
0.408 0.99282043925 0.0137765101207 15.9502666667 1.0 0.8812 31.26953125 58.8418595209 0.749149209665 1409570161.37
0.432 0.991885137331 0.0125478501809 15.4805777778 1.0 0.889866666667 31.26953125 58.8418595209 0.747948575273 1409570163.17
0.431 0.991539558773 0.0134984474211 15.4097333333 1.0 0.898666666667 31.26953125 58.8418595209 0.751513141347 1409570165.17
0.437 0.99124223046 0.0173813051225 14.9565777778 1.0 0.271377777778 40.134765625 75.543111772 0.754167107995 1409570167.27
0.43 0.990857739411 0.0194327938172 14.1781333333 1.0 0.468755555556 40.134765625 75.543111772 0.759968254434 1409570169.34
0.46 0.989888073805 0.0179426142835 12.8043111111 1.0 0.524666666667 40.134765625 75.543111772 0.749970929081 1409570171.43
0.484 0.989468441895 0.0181668419256 12.2368444444 1.0 0.553911111111 40.134765625 75.543111772 0.750953041172 1409570173.49
0.468 0.989388485332 0.0186723615104 12.1268888889 1.0 0.582711111111 40.134765625 75.543111772 0.742549421365 1409570175.17
0.486 0.989400610929 0.0199031538162 11.6493333333 1.0 0.617511111111 40.134765625 75.543111772 0.742043457788 1409570177.15
0.51 0.989264870641 0.0178302923949 10.8260888889 1.0 0.656977777778 40.134765625 75.543111772 0.743710390993 1409570178.8
0.521 0.988458447096 0.0165719617546 10.0520888889 1.0 0.690311111111 40.134765625 75.543111772 0.736575029641 1409570180.48
0.532 0.988201492402 0.0176059597981 9.53715555556 1.0 0.716622222222 40.134765625 75.543111772 0.721480319447 1409570182.49
0.554 0.98783429126 0.0178331960958 8.81942222222 1.0 0.748666666667 40.134765625 75.543111772 0.716055967642 1409570184.56
0.526 0.987445412555 0.019507203333 7.44466666667 1.0 0.786088888889 40.134765625 75.543111772 0.719994828207 1409570186.53
0.529 0.9865450836 0.0208636608703 6.83333333333 1.0 0.809022222222 40.134765625 75.543111772 0.715907142073 1409570188.57
0.538 0.985595477395 0.0231408406571 5.95435555556 1.0 0.836 40.134765625 75.543111772 0.707910139824 1409570190.61
0.558 0.985383488898 0.0242078234824 5.28808888889 1.0 0.869244444444 40.134765625 75.543111772 0.711675558936 1409570192.34
0.533 0.984663000468 0.0254927119853 4.8664 1.0 0.176844444444 27.0673828125 51.449148402 0.704841262661 1409570194.09
0.513 0.984082004116 0.0257271970855 4.47768888889 1.0 0.5468 27.0673828125 51.449148402 0.696527345484 1409570196.15
0.496 0.983203241369 0.0252997884525 3.98946666667 1.0 0.610711111111 27.0673828125 51.449148402 0.705544878961 1409570198.07
0.48 0.983835899377 0.0252359792464 3.91893333333 1.0 0.645955555556 27.0673828125 51.449148402 0.716434076593 1409570200.13
0.491 0.98429762581 0.0261981055242 3.80808888889 1.0 0.672933333333 27.0673828125 51.449148402 0.703089789505 1409570202.14
0.5 0.985234105575 0.0257236450527 3.85755555556 1.0 0.705511111111 27.0673828125 51.449148402 0.706357886966 1409570203.88
0.505 0.985958878525 0.0237031920089 3.83137777778 1.0 0.736311111111 27.0673828125 51.449148402 0.704894918672 1409570205.86
0.433 0.98684481621 0.0200042622257 4.11235555556 1.0 0.749066666667 27.0673828125 51.449148402 0.734345418802 1409570208.23
0.435 0.988451868973 0.0187542466491 4.42995555556 1.0 0.757911111111 27.0673828125 51.449148402 0.759271040941 1409570210.3
0.426 0.989544994566 0.0173845059156 4.91884444444 1.0 0.760266666667 27.0673828125 51.449148402 0.766901064152 1409570212.39
0.427 0.990026081591 0.0140457305588 5.3844 1.0 0.7644 27.0673828125 51.449148402 0.793400356568 1409570214.45
0.386 0.990699260014 0.0125226770972 5.82702222222 1.0 0.767644444444 27.0673828125 51.449148402 0.812509648802 1409570216.19
0.396 0.991362694173 0.012006750472 6.36368888889 1.0 0.769644444444 27.0673828125 51.449148402 0.822059332674 1409570217.85
0.37 0.991837656677 0.0117803277831 6.84235555556 1.0 0.771066666667 27.0673828125 51.449148402 0.805329725658 1409570219.75
0.364 0.99252181224 0.0131335850316 7.30582222222 1.0 0.773422222222 27.0673828125 51.449148402 0.802395447519 1409570221.65
0.384 0.992645553929 0.012576954125 7.67222222222 1.0 0.7784 27.0673828125 51.449148402 0.80148644979 1409570223.6
0.375 0.992651441936 0.0122392319621 7.98386666667 1.0 0.783866666667 27.0673828125 51.449148402 0.794059090015 1409570225.65
0.357 0.993330707545 0.0169870889251 8.31648888889 1.0 0.788222222222 27.0673828125 51.449148402 0.802419848497 1409570227.56
0.372 0.994681169553 0.0216367676789 8.63351111111 1.0 0.792888888889 27.0673828125 51.449148402 0.80168365186 1409570229.35
0.36 0.994959543724 0.0227372193986 9.1 1.0 0.795555555556 27.0673828125 51.449148402 0.802865232347 1409570231.27
0.395 0.99480544749 0.0224673894565 9.56773333333 1.0 0.795644444444 27.0673828125 51.449148402 0.798152980124 1409570233.33
0.37 0.994296998999 0.0206646322818 10.0556444444 1.0 0.798933333333 27.0673828125 51.449148402 0.820684040615 1409570235.36
0.357 0.993714179664 0.0163050074646 10.5628444444 1.0 0.800844444444 27.0673828125 51.449148402 0.803958560353 1409570237.37
0.342 0.993766125577 0.0163865151873 11.0525333333 1.0 0.8032 27.0673828125 51.449148402 0.80465853038 1409570239.4
0.361 0.994398738337 0.0164936404281 11.3960444444 1.0 0.809733333333 27.0673828125 51.449148402 0.812630656151 1409570241.17
0.375 0.994936663158 0.0158426468897 11.8416 1.0 0.813066666667 27.0673828125 51.449148402 0.84288361582 1409570243.06
0.351 0.994342363843 0.0136841996999 12.3405777778 1.0 0.813733333333 27.0673828125 51.449148402 0.836839183855 1409570244.69
0.332 0.993194932964 0.0116785044097 12.8286666667 1.0 0.816844444444 27.0673828125 51.449148402 0.836239974443 1409570246.53
0.355 0.993077417532 0.0124467904337 13.2576 1.0 0.816977777778 27.0673828125 51.449148402 0.831360343377 1409570248.51
0.397 0.993112658504 0.0120182848003 13.5769333333 1.0 0.816977777778 27.0673828125 51.449148402 0.814046916075 1409570250.26
0.374 0.992711496351 0.0121596323416 14.0011555556 1.0 0.816977777778 27.0673828125 51.449148402 0.824113116891 1409570252.26
0.373 0.992508366299 0.00965724182275 14.4036 1.0 0.818266666667 27.0673828125 51.449148402 0.82538712855 1409570254.34
0.357 0.993092465659 0.00901420392093 14.7739555556 1.0 0.820088888889 27.0673828125 51.449148402 0.812898015946 1409570256.18
0.347 0.993645194828 0.00885382737925 15.1821777778 1.0 0.821822222222 27.0673828125 51.449148402 0.803557690261 1409570257.94
0.362 0.993720818624 0.00790080071952 15.6851111111 1.0 0.822311111111 27.0673828125 51.449148402 0.816060747791 1409570260.01
0.357 0.994633734559 0.00936032235289 16.0169777778 1.0 0.824088888889 27.0673828125 51.449148402 0.807579665437 1409570262.12
0.351 0.994911983535 0.00923471682576 16.3129333333 1.0 0.825644444444 27.0673828125 51.449148402 0.797717277786 1409570263.98
0.351 0.994757366668 0.00863847214658 16.5726222222 1.0 0.827555555556 27.0673828125 51.449148402 0.787734076785 1409570265.77
0.372 0.994281595225 0.0107607321027 16.7332 1.0 0.829288888889 27.0673828125 51.449148402 0.770374672496 1409570267.68
0.375 0.993789938231 0.0118151826727 16.7294666667 1.0 0.832311111111 27.0673828125 51.449148402 0.753454986367 1409570269.46
0.41 0.993002688713 0.0139370878171 16.1428 1.0 0.837688888889 27.0673828125 51.449148402 0.746922453497 1409570271.28
0.414 0.993048241494 0.0176138045475 15.5832 1.0 0.844266666667 27.0673828125 51.449148402 0.737095603181 1409570273.26
0.434 0.993636027437 0.0215082450567 14.7475111111 1.0 0.851733333333 27.0673828125 51.449148402 0.735063715591 1409570275.43
0.446 0.993898915333 0.0266734670201 14.3663111111 1.0 0.859288888889 27.0673828125 51.449148402 0.743375992765 1409570277.17
0.489 0.993185858019 0.0240113896864 13.8939555556 1.0 0.868222222222 27.0673828125 51.449148402 0.744910291195 1409570279.07
0.514 0.991665950172 0.0259027746538 12.5706222222 1.0 0.882888888889 27.0673828125 51.449148402 0.738484875828 1409570280.89
0.539 0.989546493478 0.0270594667212 11.3318222222 1.0 0.894 27.0673828125 51.449148402 0.714965298234 1409570282.77
0.55 0.98809068107 0.0312606324113 9.59831111111 1.0 0.289555555556 37.0336914062 70.9370312618 0.720623120389 1409570285.13
0.571 0.986357409571 0.0322073895521 8.30062222222 1.0 0.581866666667 37.0336914062 70.9370312618 0.709573866724 1409570287.1
0.538 0.984433294699 0.030451019216 7.43133333333 1.0 0.6216 37.0336914062 70.9370312618 0.70281919182 1409570289.44
0.559 0.98230281437 0.0292040148556 7.1952 1.0 0.661155555556 37.0336914062 70.9370312618 0.694261590262 1409570291.64
0.524 0.980912599531 0.0281772362606 6.8944 1.0 0.687866666667 37.0336914062 70.9370312618 0.701642027282 1409570293.96
0.533 0.981179545002 0.0321687380434 6.34266666667 1.0 0.717422222222 37.0336914062 70.9370312618 0.727605492697 1409570296.02
0.508 0.98158494874 0.0372437877369 6.09213333333 1.0 0.738755555556 37.0336914062 70.9370312618 0.749705524767 1409570297.87
0.528 0.981162469403 0.041732170888 5.89186666667 1.0 0.760266666667 37.0336914062 70.9370312618 0.750713713227 1409570299.92
0.507 0.979457236584 0.0400831978732 5.97733333333 1.0 0.774133333333 37.0336914062 70.9370312618 0.74225051828 1409570301.74
0.522 0.979561702943 0.0400566454709 5.98075555556 1.0 0.790577777778 37.0336914062 70.9370312618 0.749539671176 1409570303.73
0.477 0.980523975395 0.0378978444289 6.26217777778 1.0 0.799511111111 37.0336914062 70.9370312618 0.772858911078 1409570305.71
0.463 0.980801848074 0.0329883389716 6.49155555556 1.0 0.809866666667 37.0336914062 70.9370312618 0.794687332126 1409570307.42
0.48 0.981832628022 0.0283599768251 6.48591111111 1.0 0.823511111111 37.0336914062 70.9370312618 0.797971511263 1409570309.66
0.468 0.984071353616 0.0250579709536 6.21084444444 1.0 0.840977777778 37.0336914062 70.9370312618 0.780592482241 1409570311.94
0.468 0.986199598311 0.0251502924251 6.03791111111 1.0 0.862488888889 37.0336914062 70.9370312618 0.778836649603 1409570314.11
0.461 0.986691677309 0.0223668862719 5.89004444444 1.0 0.881955555556 37.0336914062 70.9370312618 0.769500069696 1409570316.25
0.472 0.986444452584 0.0208692723635 5.8684 1.0 0.891377777778 37.0336914062 70.9370312618 0.75090217987 1409570318.41
0.475 0.986903809091 0.0198138160651 5.82768888889 1.0 0.271644444444 27.0168457031 53.3692331278 0.754388987274 1409570320.92
0.507 0.98813319249 0.0191546298628 5.95742222222 1.0 0.496088888889 27.0168457031 53.3692331278 0.759905862187 1409570323.23
0.506 0.989181845779 0.0204561255958 5.89666666667 1.0 0.538311111111 27.0168457031 53.3692331278 0.764851856345 1409570325.48
0.495 0.989719608891 0.0205576811377 5.60853333333 1.0 0.590088888889 27.0168457031 53.3692331278 0.757770088032 1409570327.85
0.517 0.989179729507 0.0206000289166 5.46866666667 1.0 0.623022222222 27.0168457031 53.3692331278 0.759421403839 1409570329.85
0.524 0.988436416454 0.0211902548918 5.58631111111 1.0 0.642666666667 27.0168457031 53.3692331278 0.753784693773 1409570331.52
0.468 0.988069526001 0.0181289124128 5.88195555556 1.0 0.658222222222 27.0168457031 53.3692331278 0.772020199865 1409570333.73
0.488 0.988176296375 0.0178222329104 6.23742222222 1.0 0.669911111111 27.0168457031 53.3692331278 0.773980001355 1409570335.76
0.45 0.988623990258 0.0176699623993 6.41488888889 1.0 0.688977777778 27.0168457031 53.3692331278 0.772514382473 1409570337.9
0.478 0.989858188381 0.0167693030841 6.81871111111 1.0 0.693822222222 27.0168457031 53.3692331278 0.781608347593 1409570339.89
0.451 0.991040135164 0.012425736635 7.16884444444 1.0 0.697644444444 27.0168457031 53.3692331278 0.794492402412 1409570342.01
0.395 0.992672610942 0.00916367889527 7.66653333333 1.0 0.700133333333 27.0168457031 53.3692331278 0.800133522344 1409570344.06
0.394 0.993909006374 0.00807294026451 8.23728888889 1.0 0.700577777778 27.0168457031 53.3692331278 0.797684875177 1409570346.19
0.358 0.994781953151 0.0096455017029 8.79417777778 1.0 0.701511111111 27.0168457031 53.3692331278 0.79329747695 1409570348.02
0.342 0.995635624771 0.0113063658873 9.3452 1.0 0.702355555556 27.0168457031 53.3692331278 0.804777042737 1409570349.63
0.332 0.995991461551 0.011597105671 9.88893333333 1.0 0.703644444444 27.0168457031 53.3692331278 0.814313530692 1409570351.13
0.323 0.996329648447 0.0145890424639 10.3618222222 1.0 0.706711111111 27.0168457031 53.3692331278 0.812752620907 1409570352.68
0.348 0.996925831017 0.0153002668474 10.8152444444 1.0 0.710444444444 27.0168457031 53.3692331278 0.81649877527 1409570354.68
0.333 0.997205058149 0.0123943057258 11.1532 1.0 0.717066666667 27.0168457031 53.3692331278 0.821093509174 1409570356.4
0.339 0.996923536992 0.00968599099091 11.4347555556 1.0 0.7224 27.0168457031 53.3692331278 0.810716786038 1409570358.31
0.381 0.996243946075 0.00622326411437 11.4621777778 1.0 0.734755555556 27.0168457031 53.3692331278 0.804937481329 1409570360.4
0.358 0.995708209282 0.00827347080831 11.3047555556 1.0 0.749644444444 27.0168457031 53.3692331278 0.802739629116 1409570362.46
0.349 0.995093053846 0.00998688084842 11.1294666667 1.0 0.763377777778 27.0168457031 53.3692331278 0.783780696451 1409570364.51
0.368 0.993977981558 0.0104281360276 11.2594222222 1.0 0.768577777778 27.0168457031 53.3692331278 0.780238623087 1409570366.42
0.405 0.993263820674 0.0099945023456 11.6591111111 1.0 0.768933333333 27.0168457031 53.3692331278 0.75942982324 1409570368.2
0.393 0.993295546838 0.00893767754953 11.9761777778 1.0 0.770266666667 27.0168457031 53.3692331278 0.752334591597 1409570370.11
0.405 0.993930705908 0.00908231653455 12.0626666667 1.0 0.777022222222 27.0168457031 53.3692331278 0.75862401945 1409570371.98
0.401 0.994565318313 0.00845566578141 12.1864444444 1.0 0.783822222222 27.0168457031 53.3692331278 0.773459642324 1409570373.69
0.403 0.99493966618 0.00731208947533 12.6177333333 1.0 0.784355555556 27.0168457031 53.3692331278 0.792853764538 1409570375.37
0.384 0.99606837776 0.00715738945133 13.0566666667 1.0 0.784622222222 27.0168457031 53.3692331278 0.811086233882 1409570377.33
0.35 0.996482629044 0.00851553673323 13.4022222222 1.0 0.7876 27.0168457031 53.3692331278 0.834953730715 1409570379.21
0.334 0.996153558038 0.00824207159258 13.7784888889 1.0 0.791244444444 27.0168457031 53.3692331278 0.835538050398 1409570381.16
0.38 0.995805975796 0.00910656139883 14.0627111111 1.0 0.795111111111 27.0168457031 53.3692331278 0.816354956082 1409570383.19
0.358 0.995833065895 0.0108076072085 14.3864 1.0 0.797022222222 27.0168457031 53.3692331278 0.821180763265 1409570384.78
0.392 0.996585668377 0.0131481969977 14.8091555556 1.0 0.797777777778 27.0168457031 53.3692331278 0.821566633781 1409570386.71
0.368 0.996640467644 0.0146132450477 15.1222222222 1.0 0.801733333333 27.0168457031 53.3692331278 0.811227453184 1409570388.87
0.383 0.995338627146 0.0145988707426 15.0484 1.0 0.81 27.0168457031 53.3692331278 0.796197320696 1409570390.76
0.358 0.993103769879 0.0168329470784 14.8923111111 1.0 0.816755555556 27.0168457031 53.3692331278 0.787006166759 1409570392.39
0.375 0.991226045336 0.0210974718265 15.0722222222 1.0 0.817911111111 27.0168457031 53.3692331278 0.798163916242 1409570394.04
0.399 0.98960618729 0.018470129793 14.9348888889 1.0 0.822 27.0168457031 53.3692331278 0.750947462442 1409570395.91
0.38 0.988806157425 0.0164507001317 14.7968444444 1.0 0.825466666667 27.0168457031 53.3692331278 0.729454878029 1409570397.94
0.393 0.989036223399 0.0140128541271 14.7236 1.0 0.832711111111 27.0168457031 53.3692331278 0.717338979286 1409570399.67
0.39 0.989440987051 0.014099839854 14.9955555556 1.0 0.835911111111 27.0168457031 53.3692331278 0.713935042438 1409570401.67
0.423 0.989472981641 0.0141409719305 14.9629333333 1.0 0.841866666667 27.0168457031 53.3692331278 0.719389482381 1409570403.5
0.436 0.989686175095 0.0165545785415 14.1963555556 1.0 0.857822222222 27.0168457031 53.3692331278 0.707762490989 1409570405.23
0.418 0.989686192489 0.0152486382851 14.1881333333 1.0 0.864 27.0168457031 53.3692331278 0.705721578087 1409570407.14
0.448 0.989839541695 0.014209225068 13.9740888889 1.0 0.872444444444 27.0168457031 53.3692331278 0.710073947546 1409570408.83
0.449 0.989470019381 0.01158357605 13.6501777778 1.0 0.879066666667 27.0168457031 53.3692331278 0.70848610248 1409570411.01
0.435 0.989918220586 0.0110149804808 13.6178222222 1.0 0.8884 27.0168457031 53.3692331278 0.729456603625 1409570412.98
0.416 0.99054185603 0.011256397271 13.4792 1.0 0.8964 27.0168457031 53.3692331278 0.747489510909 1409570414.89
0.384 0.991313686685 0.0104188143149 13.1552888889 1.0 0.2296 38.5084228516 74.8103370648 0.760976124544 1409570417.1
0.408 0.992389357019 0.0140265088956 13.1940444444 1.0 0.435733333333 38.5084228516 74.8103370648 0.75606893903 1409570419.05
0.405 0.99267892337 0.0163829255587 12.9053777778 1.0 0.473288888889 38.5084228516 74.8103370648 0.757844958548 1409570420.97
0.439 0.992778000622 0.0205291463267 12.9945777778 1.0 0.520755555556 38.5084228516 74.8103370648 0.742898830408 1409570423.01
0.442 0.992649056095 0.0234540180798 12.8019111111 1.0 0.554577777778 38.5084228516 74.8103370648 0.756090872226 1409570424.89
0.429 0.992135713988 0.0247236556825 12.9456444444 1.0 0.567111111111 38.5084228516 74.8103370648 0.752537163609 1409570426.47
0.409 0.991197849975 0.0236891882981 12.9381777778 1.0 0.582844444444 38.5084228516 74.8103370648 0.743618330695 1409570427.97
0.465 0.990314450335 0.0245027684828 12.9185333333 1.0 0.599288888889 38.5084228516 74.8103370648 0.729396298529 1409570430.04
0.485 0.98993900888 0.0237933163511 12.3827111111 1.0 0.622222222222 38.5084228516 74.8103370648 0.71701555091 1409570432.21
0.473 0.989950589252 0.025158354064 11.5647555556 1.0 0.649822222222 38.5084228516 74.8103370648 0.732666308878 1409570434.1
0.512 0.989641283567 0.0281457785024 11.1178222222 1.0 0.671155555556 38.5084228516 74.8103370648 0.741137702816 1409570436.03
0.523 0.987834577847 0.031397091781 10.3947555556 1.0 0.695111111111 38.5084228516 74.8103370648 0.715185420177 1409570437.68
0.566 0.986131478743 0.0311996058191 9.59751111111 1.0 0.723244444444 38.5084228516 74.8103370648 0.684268036066 1409570439.53
0.603 0.984259770219 0.0312653377561 8.08648888889 1.0 0.768577777778 38.5084228516 74.8103370648 0.68340323967 1409570441.09
0.607 0.98284312507 0.0280398001016 7.80404444444 1.0 0.787422222222 38.5084228516 74.8103370648 0.678086753991 1409570442.88
0.555 0.982650331991 0.0245208179409 7.03164444444 1.0 0.814666666667 38.5084228516 74.8103370648 0.680774176534 1409570444.8
0.585 0.982367687328 0.0242393070675 6.35488888889 1.0 0.845644444444 38.5084228516 74.8103370648 0.687389074583 1409570446.56
0.571 0.982814019618 0.0249752682147 5.80817777778 1.0 0.864977777778 38.5084228516 74.8103370648 0.690909794225 1409570448.72
0.501 0.983634980297 0.0250744925078 5.53448888889 1.0 0.879822222222 38.5084228516 74.8103370648 0.702905810415 1409570450.94
0.55 0.983721419553 0.0263251294749 5.27146666667 1.0 0.8956 38.5084228516 74.8103370648 0.718306273666 1409570452.78
0.551 0.98283440566 0.0236327417902 4.5348 1.0 0.424844444444 29.2542114258 56.2320580473 0.733272051705 1409570455.33
0.533 0.982862889602 0.0235287891126 4.01133333333 1.0 0.567466666667 29.2542114258 56.2320580473 0.731168371052 1409570457.48
0.566 0.98343441885 0.0209986440099 3.81755555556 1.0 0.618 29.2542114258 56.2320580473 0.718626531033 1409570459.86
0.499 0.984333072963 0.0212388141408 3.98591111111 1.0 0.649066666667 29.2542114258 56.2320580473 0.728590254869 1409570461.81
0.478 0.986205986241 0.0196376332513 4.41928888889 1.0 0.657066666667 29.2542114258 56.2320580473 0.76430931917 1409570463.73
0.441 0.988097612259 0.0228311229192 4.92733333333 1.0 0.660711111111 29.2542114258 56.2320580473 0.791810125383 1409570465.78
0.406 0.989207271232 0.0203438505446 5.43417777778 1.0 0.665155555556 29.2542114258 56.2320580473 0.795388667415 1409570467.75
0.385 0.989481285383 0.0198763351907 5.91653333333 1.0 0.671688888889 29.2542114258 56.2320580473 0.801060439618 1409570469.67
0.42 0.990951862452 0.0199556310893 6.3996 1.0 0.679466666667 29.2542114258 56.2320580473 0.818763815523 1409570471.7
0.373 0.991953414513 0.0183785582929 6.81804444444 1.0 0.688533333333 29.2542114258 56.2320580473 0.817989618656 1409570473.5
0.398 0.992731654221 0.0161846295343 7.16097777778 1.0 0.702088888889 29.2542114258 56.2320580473 0.824702973432 1409570475.15
0.388 0.992758637268 0.0139364127758 7.70057777778 1.0 0.7052 29.2542114258 56.2320580473 0.850026510803 1409570477.14
0.364 0.992639345556 0.0139540552057 8.10915555556 1.0 0.712133333333 29.2542114258 56.2320580473 0.850159257175 1409570479.17
0.339 0.992651312939 0.0131859081474 8.51675555556 1.0 0.719466666667 29.2542114258 56.2320580473 0.844458002384 1409570481.29
0.325 0.992595783444 0.0132495714951 9.00355555556 1.0 0.723333333333 29.2542114258 56.2320580473 0.836650549188 1409570483.38
0.337 0.992759890962 0.0120138068566 9.41826666667 1.0 0.727911111111 29.2542114258 56.2320580473 0.846376854039 1409570485.32
0.323 0.992569000697 0.0092413695705 9.75066666667 1.0 0.737777777778 29.2542114258 56.2320580473 0.821518628679 1409570487.34
0.328 0.993168867493 0.00793917296876 10.0517777778 1.0 0.748533333333 29.2542114258 56.2320580473 0.806503544905 1409570489.55
0.333 0.994169481721 0.00847175648622 10.5044888889 1.0 0.753555555556 29.2542114258 56.2320580473 0.80601085251 1409570491.59
0.333 0.994743670316 0.00877315545212 10.8057333333 1.0 0.764622222222 29.2542114258 56.2320580473 0.808339902861 1409570493.37
0.363 0.994740690519 0.0112513310074 11.08 1.0 0.775066666667 29.2542114258 56.2320580473 0.813263636012 1409570495.14
0.36 0.99443065411 0.01297805854 11.4775111111 1.0 0.778666666667 29.2542114258 56.2320580473 0.816930204933 1409570496.94
0.381 0.993761734073 0.014315081484 11.7517777778 1.0 0.787422222222 29.2542114258 56.2320580473 0.79807795171 1409570498.76
0.385 0.992987124778 0.0166927301306 11.772 1.0 0.802533333333 29.2542114258 56.2320580473 0.788648920082 1409570500.36
0.37 0.992417927015 0.0192973144693 11.6554666667 1.0 0.819377777778 29.2542114258 56.2320580473 0.773743577074 1409570502.16
0.397 0.99280487203 0.0262683944258 11.5869333333 1.0 0.8352 29.2542114258 56.2320580473 0.761738451922 1409570504.23
0.391 0.992695292822 0.0298174067917 11.6115555556 1.0 0.848622222222 29.2542114258 56.2320580473 0.77628073639 1409570506.2
0.386 0.992082811693 0.0315919016897 11.5786222222 1.0 0.862711111111 29.2542114258 56.2320580473 0.780298910559 1409570508.17
0.413 0.990812034154 0.0256727741992 11.5972444444 1.0 0.868 29.2542114258 56.2320580473 0.77389377397 1409570510.04
0.392 0.990853713421 0.0287032486109 11.9248 1.0 0.869955555556 29.2542114258 56.2320580473 0.792597240974 1409570511.92
0.404 0.990794548323 0.0312108507958 12.3000888889 1.0 0.870711111111 29.2542114258 56.2320580473 0.801460345687 1409570513.58
0.381 0.989912509006 0.0301274305185 12.3948888889 1.0 0.875333333333 29.2542114258 56.2320580473 0.792945384776 1409570515.6
0.407 0.989204475719 0.0285606781424 12.6781333333 1.0 0.8792 29.2542114258 56.2320580473 0.792104609504 1409570517.4
0.38 0.988986738419 0.0305626402283 12.7663111111 1.0 0.884666666667 29.2542114258 56.2320580473 0.798804677457 1409570519.26
0.422 0.987938600618 0.0307041351045 12.6993333333 1.0 0.890044444444 29.2542114258 56.2320580473 0.793857347971 1409570520.9
0.437 0.986727573916 0.0271698259467 12.4771555556 1.0 0.896088888889 29.2542114258 56.2320580473 0.780355921495 1409570522.81
0.431 0.984069807929 0.0208736952993 12.2420888889 1.0 0.401333333333 32.6271057129 63.0109325643 0.771339925755 1409570524.91
0.452 0.98378572057 0.0182783713972 12.2927555556 1.0 0.467466666667 32.6271057129 63.0109325643 0.748547791388 1409570526.65
0.447 0.984345734832 0.018450021325 12.0588 1.0 0.502577777778 32.6271057129 63.0109325643 0.728580426561 1409570528.4
0.49 0.984987738506 0.0169649581704 11.9220444444 1.0 0.535377777778 32.6271057129 63.0109325643 0.718332017418 1409570530.56
0.482 0.98700869849 0.0170842517378 11.7571555556 1.0 0.568755555556 32.6271057129 63.0109325643 0.720284168285 1409570532.76
0.466 0.988266606062 0.0193022874836 11.1917333333 1.0 0.607333333333 32.6271057129 63.0109325643 0.720423173218 1409570534.38
0.499 0.988644316567 0.0197054996263 11.2149333333 1.0 0.623822222222 32.6271057129 63.0109325643 0.734779842131 1409570536.07
0.487 0.98804143931 0.0166448223422 10.7568 1.0 0.652266666667 32.6271057129 63.0109325643 0.72428576052 1409570537.73
0.461 0.988117107832 0.0155739387316 10.5121333333 1.0 0.6756 32.6271057129 63.0109325643 0.720749934773 1409570539.27
0.467 0.988847399193 0.0132781923278 10.2578666667 1.0 0.700266666667 32.6271057129 63.0109325643 0.714343875654 1409570541.13
0.461 0.989433033114 0.0141117597907 10.0529333333 1.0 0.724044444444 32.6271057129 63.0109325643 0.709846789144 1409570543.15
0.447 0.99036353916 0.0144766160218 10.0925333333 1.0 0.739822222222 32.6271057129 63.0109325643 0.715588999752 1409570544.76
0.46 0.991058209272 0.0131575599431 10.1041333333 1.0 0.753777777778 32.6271057129 63.0109325643 0.725630775182 1409570546.43
0.477 0.991717081449 0.0144384134335 9.83764444444 1.0 0.774622222222 32.6271057129 63.0109325643 0.721636603588 1409570548.47
0.433 0.992168141079 0.0147568425713 9.96693333333 1.0 0.782 32.6271057129 63.0109325643 0.73411624348 1409570550.51
0.487 0.992122989387 0.0136805489732 9.64048888889 1.0 0.799422222222 32.6271057129 63.0109325643 0.72754199834 1409570552.26
0.498 0.99150227969 0.0134515288706 9.42786666667 1.0 0.8144 32.6271057129 63.0109325643 0.73516242464 1409570553.95
0.493 0.99118714123 0.013490688852 9.65133333333 1.0 0.818666666667 32.6271057129 63.0109325643 0.757978284084 1409570555.51
0.468 0.991198615814 0.0164548663605 9.84804444444 1.0 0.823377777778 32.6271057129 63.0109325643 0.779295373392 1409570557.23
0.441 0.991205911683 0.0166169526324 9.79093333333 1.0 0.832266666667 32.6271057129 63.0109325643 0.793554805087 1409570559.57
0.42 0.990953675516 0.0139301353363 9.47737777778 1.0 0.848 32.6271057129 63.0109325643 0.787545561572 1409570561.83
0.456 0.991021477199 0.0118044074663 9.6548 1.0 0.8556 32.6271057129 63.0109325643 0.77463007734 1409570563.99
0.398 0.991335107493 0.0127285091493 9.46751111111 1.0 0.872977777778 32.6271057129 63.0109325643 0.766612600729 1409570565.87
0.404 0.991384240485 0.0112632371958 9.11377777778 1.0 0.893155555556 32.6271057129 63.0109325643 0.760270700201 1409570567.57
0.369 0.992012627083 0.0136736540701 9.01271111111 1.0 0.258844444444 28.3135528564 53.9819412825 0.765753003328 1409570569.38
0.363 0.99223389943 0.0129699552309 8.55604444444 1.0 0.395422222222 28.3135528564 53.9819412825 0.75635198859 1409570571.47
0.367 0.992197647986 0.0110862423779 8.56973333333 1.0 0.420711111111 28.3135528564 53.9819412825 0.76571348657 1409570573.37
0.378 0.992501411874 0.00934632191981 8.89751111111 1.0 0.440044444444 28.3135528564 53.9819412825 0.775211878249 1409570575.21
0.35 0.993662659786 0.0114826539901 9.20226666667 1.0 0.453511111111 28.3135528564 53.9819412825 0.802741272071 1409570576.97
0.382 0.9944574285 0.0152014112476 9.43146666667 1.0 0.471511111111 28.3135528564 53.9819412825 0.800494452591 1409570578.93
0.364 0.994691371306 0.0135078864514 9.55973333333 1.0 0.491288888889 28.3135528564 53.9819412825 0.808256351864 1409570580.74
0.382 0.994586272373 0.0107946354678 9.72848888889 1.0 0.517111111111 28.3135528564 53.9819412825 0.798144132487 1409570582.63
0.35 0.994158690046 0.00898378251762 10.0020444444 1.0 0.538666666667 28.3135528564 53.9819412825 0.803523068068 1409570584.78
0.348 0.994253773424 0.00787876460449 10.4190222222 1.0 0.550444444444 28.3135528564 53.9819412825 0.785062850855 1409570586.72
0.34 0.994190813291 0.0090159337412 10.7134222222 1.0 0.565333333333 28.3135528564 53.9819412825 0.785786117499 1409570588.49
0.352 0.993928305847 0.00844106927887 10.8919555556 1.0 0.579688888889 28.3135528564 53.9819412825 0.780693305833 1409570590.38
0.347 0.994286985513 0.00834846084323 11.3011555556 1.0 0.587333333333 28.3135528564 53.9819412825 0.781942844414 1409570592.38
0.372 0.995084074962 0.0105044216795 11.6397333333 1.0 0.597511111111 28.3135528564 53.9819412825 0.791658359563 1409570593.91
0.386 0.995240451098 0.0113146685554 11.8752 1.0 0.6096 28.3135528564 53.9819412825 0.785546101157 1409570595.74
0.397 0.994978705902 0.012014530506 12.2200888889 1.0 0.617733333333 28.3135528564 53.9819412825 0.788490242071 1409570597.46
0.395 0.994936486133 0.013430712684 12.2356 1.0 0.636 28.3135528564 53.9819412825 0.785153574657 1409570599.34
0.397 0.994117113815 0.0114822986069 12.2828 1.0 0.648222222222 28.3135528564 53.9819412825 0.777346619814 1409570601.43
0.382 0.993813996093 0.0113730649132 12.4998666667 1.0 0.657822222222 28.3135528564 53.9819412825 0.772270428404 1409570603.26
0.411 0.993449420467 0.012396283224 12.6400888889 1.0 0.667155555556 28.3135528564 53.9819412825 0.77089119503 1409570604.71
0.424 0.992844129598 0.0111968116799 12.3556 1.0 0.690577777778 28.3135528564 53.9819412825 0.758555583862 1409570606.24
0.439 0.992597922272 0.0104164651015 11.9564888889 1.0 0.713688888889 28.3135528564 53.9819412825 0.754306306016 1409570607.76
0.42 0.993471557439 0.00991402743098 12.052 1.0 0.724666666667 28.3135528564 53.9819412825 0.761441021191 1409570609.34
0.44 0.994484385153 0.0100694516009 11.7077777778 1.0 0.750888888889 28.3135528564 53.9819412825 0.772614689522 1409570611.14
0.44 0.994944492897 0.0141381097232 11.7021777778 1.0 0.766977777778 28.3135528564 53.9819412825 0.776380124029 1409570613.2
0.441 0.993799331304 0.0157176381741 11.1980444444 1.0 0.793288888889 28.3135528564 53.9819412825 0.751549473928 1409570615.35
0.481 0.992109553751 0.0147294174941 10.6540888889 1.0 0.817733333333 28.3135528564 53.9819412825 0.737572502407 1409570617.47
0.501 0.990603402995 0.0167625725664 10.3111111111 1.0 0.835955555556 28.3135528564 53.9819412825 0.730662881357 1409570619.11
0.528 0.989257774681 0.0146383093841 10.1960444444 1.0 0.847466666667 28.3135528564 53.9819412825 0.716100017092 1409570620.78
0.529 0.989610716826 0.0152755337041 9.89328888889 1.0 0.865155555556 28.3135528564 53.9819412825 0.728757174368 1409570622.93
0.48 0.990002765527 0.0172087266856 9.6256 1.0 0.881244444444 28.3135528564 53.9819412825 0.746094251925 1409570625.1
0.504 0.989924300894 0.0204779146791 9.67982222222 1.0 0.890533333333 28.3135528564 53.9819412825 0.76412672109 1409570627.04
0.483 0.989609344618 0.0228772438295 9.63382222222 1.0 0.1108 30.1567764282 57.1518541871 0.755431253162 1409570629.19
0.473 0.989468387304 0.0223188499367 9.01448888889 1.0 0.490533333333 30.1567764282 57.1518541871 0.733698364341 1409570631.51
0.483 0.98926308433 0.0235063558746 8.92591111111 1.0 0.535288888889 30.1567764282 57.1518541871 0.733169115405 1409570633.65
0.478 0.990477537517 0.0236631780746 9.18955555556 1.0 0.571288888889 30.1567764282 57.1518541871 0.760199799972 1409570635.67
0.457 0.991895950412 0.0251345983295 9.45813333333 1.0 0.595155555556 30.1567764282 57.1518541871 0.762108657717 1409570637.79
0.453 0.992016258515 0.0234557002066 9.63288888889 1.0 0.623466666667 30.1567764282 57.1518541871 0.741030100958 1409570639.38
0.459 0.992149549692 0.0236688690876 9.728 1.0 0.647377777778 30.1567764282 57.1518541871 0.758474222056 1409570640.94
0.438 0.991681384647 0.0220437315783 9.87782222222 1.0 0.670533333333 30.1567764282 57.1518541871 0.751816086455 1409570642.51
0.441 0.991681926149 0.0224955651234 9.64262222222 1.0 0.697733333333 30.1567764282 57.1518541871 0.745973223169 1409570644.13
0.461 0.99133407644 0.0207500301087 9.22853333333 1.0 0.723955555556 30.1567764282 57.1518541871 0.757515246067 1409570645.9
0.441 0.991619707594 0.0196888464637 8.7308 1.0 0.749022222222 30.1567764282 57.1518541871 0.76651559522 1409570648.23
0.412 0.990872996992 0.0148379335933 8.78977777778 1.0 0.762044444444 30.1567764282 57.1518541871 0.761698697 1409570650.31
0.422 0.990701555918 0.0110693021989 8.73862222222 1.0 0.777333333333 30.1567764282 57.1518541871 0.774106631392 1409570652.35
0.396 0.99102952733 0.00882050165167 8.29124444444 1.0 0.797155555556 30.1567764282 57.1518541871 0.784698088284 1409570654.46
0.419 0.991658763893 0.00993459124454 8.36626666667 1.0 0.810088888889 30.1567764282 57.1518541871 0.797374299161 1409570656.51
0.381 0.992574962852 0.0109723151487 8.4104 1.0 0.8208 30.1567764282 57.1518541871 0.785835358925 1409570658.3
0.422 0.992815194739 0.0138149976614 8.36884444444 1.0 0.832977777778 30.1567764282 57.1518541871 0.774484414172 1409570660.12
0.419 0.992921223687 0.0161418740529 8.26 1.0 0.8448 30.1567764282 57.1518541871 0.776685123078 1409570661.71
0.467 0.992286444613 0.0172858658202 8.16608888889 1.0 0.855866666667 30.1567764282 57.1518541871 0.769796547299 1409570663.77
0.447 0.991397012156 0.0190512249617 8.11648888889 1.0 0.869644444444 30.1567764282 57.1518541871 0.766480196329 1409570665.72
0.412 0.990684417462 0.0191908206249 8.0156 1.0 0.887911111111 30.1567764282 57.1518541871 0.763236770727 1409570667.88
0.415 0.98983667817 0.0187366633707 8.218 1.0 0.896888888889 30.1567764282 57.1518541871 0.742815227897 1409570669.83
0.414 0.989956554698 0.0169958706876 8.64808888889 1.0 0.896888888889 30.1567764282 57.1518541871 0.753372381483 1409570671.73
0.396 0.990836247969 0.0175901150701 9.1364 1.0 0.897022222222 30.1567764282 57.1518541871 0.789212280861 1409570673.35
0.381 0.990686609592 0.0161416248799 9.58533333333 1.0 0.897688888889 30.1567764282 57.1518541871 0.814747940984 1409570675.21
0.39 0.99035391341 0.0147387359458 9.96693333333 1.0 0.897955555556 30.1567764282 57.1518541871 0.794180745261 1409570676.79
0.391 0.990734368815 0.016359975169 10.3376 1.0 0.897955555556 30.1567764282 57.1518541871 0.8053678473 1409570679.01
0.359 0.99157962787 0.0153756054633 10.8478222222 1.0 0.897955555556 30.1567764282 57.1518541871 0.816178958749 1409570681.11
0.346 0.992429321376 0.0191131145811 11.3499555556 1.0 0.897955555556 30.1567764282 57.1518541871 0.838190290308 1409570683.35
0.346 0.993382510061 0.0210562593168 11.8653333333 1.0 0.897955555556 30.1567764282 57.1518541871 0.847929533459 1409570685.27
0.34 0.993421984069 0.0192719395017 12.4028444444 1.0 0.898044444444 30.1567764282 57.1518541871 0.854283612424 1409570687.49
0.345 0.993337218552 0.0128903092082 12.9022222222 1.0 0.898177777778 30.1567764282 57.1518541871 0.848604348567 1409570689.66
0.306 0.993176921528 0.00953059912682 13.2957777778 1.0 0.899955555556 30.1567764282 57.1518541871 0.85046187554 1409570691.6
0.303 0.993566154306 0.00879128177038 13.6501333333 1.0 0.243244444444 31.5783882141 60.4327342063 0.833352446151 1409570693.68
0.34 0.993887841422 0.00947967807926 13.7191555556 1.0 0.349377777778 31.5783882141 60.4327342063 0.818854066836 1409570695.84
0.36 0.994251442452 0.0102974554812 13.9513333333 1.0 0.3876 31.5783882141 60.4327342063 0.82519101554 1409570697.82
0.339 0.994716984529 0.0121579243129 14.1786222222 1.0 0.412133333333 31.5783882141 60.4327342063 0.839776792986 1409570699.88
0.327 0.994689912691 0.0130367642882 14.5773333333 1.0 0.4316 31.5783882141 60.4327342063 0.836567708698 1409570701.63
0.324 0.994375588567 0.0126575789886 14.8697333333 1.0 0.452933333333 31.5783882141 60.4327342063 0.839661051406 1409570703.42
0.306 0.994054873766 0.0105892664459 15.3283111111 1.0 0.462533333333 31.5783882141 60.4327342063 0.829607791606 1409570705.44
0.321 0.994369725813 0.0120318688228 15.6860444444 1.0 0.473555555556 31.5783882141 60.4327342063 0.823797358519 1409570707.67
0.344 0.99350534398 0.0103173453495 16.1171111111 1.0 0.481955555556 31.5783882141 60.4327342063 0.813852284027 1409570709.24
0.372 0.992932368272 0.00980411180988 16.0047555556 1.0 0.505466666667 31.5783882141 60.4327342063 0.798443694413 1409570711.01
0.375 0.99219693886 0.00995674139101 16.1897333333 1.0 0.518444444444 31.5783882141 60.4327342063 0.786424225331 1409570713.05
0.414 0.991929419929 0.0145349360195 16.1595555556 1.0 0.539155555556 31.5783882141 60.4327342063 0.768643956501 1409570714.59
0.401 0.991192785936 0.0186460035362 16.1877777778 1.0 0.557066666667 31.5783882141 60.4327342063 0.7695123954 1409570716.4
0.404 0.989580038163 0.0201703385364 16.0012444444 1.0 0.581022222222 31.5783882141 60.4327342063 0.774452100673 1409570718.6
0.416 0.988436677601 0.0222132489425 15.5726666667 1.0 0.605688888889 31.5783882141 60.4327342063 0.767027003689 1409570720.88
0.416 0.987651910722 0.0233620825692 15.58 1.0 0.616444444444 31.5783882141 60.4327342063 0.760040963097 1409570722.84
0.43 0.986841994445 0.0210759060526 15.3000888889 1.0 0.635777777778 31.5783882141 60.4327342063 0.744156695707 1409570724.82
0.449 0.986340951758 0.0245041373105 14.5889777778 1.0 0.6624 31.5783882141 60.4327342063 0.752305624358 1409570726.61
0.473 0.986352134976 0.02610228424 13.9614666667 1.0 0.687377777778 31.5783882141 60.4327342063 0.742034610017 1409570728.57
0.454 0.985996462347 0.0217363979668 13.4094222222 1.0 0.706311111111 31.5783882141 60.4327342063 0.725339651545 1409570730.25
0.482 0.985895115932 0.0213437003513 12.8201333333 1.0 0.728444444444 31.5783882141 60.4327342063 0.718829156133 1409570731.8
0.506 0.987035649333 0.0259654046308 12.2748 1.0 0.747866666667 31.5783882141 60.4327342063 0.701789225618 1409570733.66
0.528 0.987184870463 0.0311583232847 11.5221333333 1.0 0.768177777778 31.5783882141 60.4327342063 0.694109437457 1409570735.86
0.5 0.985675092478 0.0275923088018 10.7369333333 1.0 0.787288888889 31.5783882141 60.4327342063 0.703196295458 1409570737.57
0.526 0.984740855204 0.0249021600241 9.72004444444 1.0 0.811466666667 31.5783882141 60.4327342063 0.685332006727 1409570739.68
0.525 0.984703859769 0.0239996090602 8.84644444444 1.0 0.8348 31.5783882141 60.4327342063 0.705164442527 1409570741.62
0.479 0.98524362996 0.0251258485968 8.55195555556 1.0 0.846133333333 31.5783882141 60.4327342063 0.735477348369 1409570743.71
0.474 0.984939882634 0.0270323102781 8.27004444444 1.0 0.857777777778 31.5783882141 60.4327342063 0.747734063858 1409570745.9
0.492 0.984353913474 0.0276318415704 8.21955555556 1.0 0.861466666667 31.5783882141 60.4327342063 0.724200560334 1409570748.01
0.486 0.983807942238 0.026510461525 8.0836 1.0 0.8648 31.5783882141 60.4327342063 0.703790559176 1409570750.17
0.446 0.983415409914 0.0196556209315 8.37702222222 1.0 0.867288888889 31.5783882141 60.4327342063 0.703462351704 1409570752.36
0.433 0.984554418929 0.0175885645538 8.31115555556 1.0 0.877244444444 31.5783882141 60.4327342063 0.709857770229 1409570754.48
0.436 0.98587184093 0.0173692134978 8.13524444444 1.0 0.887422222222 31.5783882141 60.4327342063 0.704448647557 1409570756.52
0.443 0.986829407708 0.0164317817797 8.04688888889 1.0 0.895333333333 31.5783882141 60.4327342063 0.702109161885 1409570758.19
0.419 0.987006457807 0.017848540124 7.91271111111 1.0 0.3256 32.7891941071 63.545933105 0.702417144331 1409570760.55
0.414 0.987309787522 0.0165065667708 7.83604444444 1.0 0.448755555556 32.7891941071 63.545933105 0.691060527597 1409570762.72
0.396 0.987037936968 0.0146293769222 8.10235555556 1.0 0.4704 32.7891941071 63.545933105 0.698087517626 1409570764.73
0.38 0.987544756174 0.0201132499124 8.04235555556 1.0 0.499866666667 32.7891941071 63.545933105 0.712005500928 1409570766.28
0.411 0.987477925201 0.0218359860604 8.44933333333 1.0 0.514933333333 32.7891941071 63.545933105 0.724439267788 1409570768.07
0.398 0.988275795212 0.0258796129829 8.40448888889 1.0 0.539866666667 32.7891941071 63.545933105 0.741362381584 1409570769.53
0.399 0.989264342985 0.0285452559419 8.02128888889 1.0 0.567333333333 32.7891941071 63.545933105 0.74602614719 1409570771.32
0.412 0.990494963342 0.0278638730728 8.26991111111 1.0 0.590311111111 32.7891941071 63.545933105 0.76491585753 1409570773.19
0.435 0.990867745357 0.0257361576769 8.19724444444 1.0 0.613555555556 32.7891941071 63.545933105 0.767810660363 1409570775.12
0.393 0.990815307485 0.025383746579 8.41386666667 1.0 0.629511111111 32.7891941071 63.545933105 0.755437970905 1409570777.27
0.394 0.990546390553 0.0231337121075 8.73262222222 1.0 0.639111111111 32.7891941071 63.545933105 0.732466996571 1409570779.06
0.385 0.990572024582 0.0237299768839 9.16164444444 1.0 0.644044444444 32.7891941071 63.545933105 0.735388430471 1409570780.92
0.401 0.990466052615 0.0216365502407 9.53071111111 1.0 0.651733333333 32.7891941071 63.545933105 0.730137307213 1409570782.82
