0.34 0.999650071235 0.176775589736 0.6756 0.3244 0.3244 0 0 0.900354276578 1409560872.93
0.459 0.934652413322 0.0624092351984 1.1008 0.4496 0.4496 0 0 0.700388709634 1409560873.72
0.54 0.866078607165 0.0398136810761 1.3899 0.5367 0.5367 0 0 0.605886117261 1409560874.7
0.593 0.827906676329 0.0310866943931 1.5976 0.6012 0.6012 0 0 0.568187910893 1409560875.97
0.67 0.81067610127 0.0289963525633 1.6472 0.6706 0.6706 0 0 0.547810856598 1409560878.48
0.714 0.808173201781 0.0307018653635 1.634 0.7284 0.7284 0 0 0.547599369704 1409560881.43
0.788 0.811425983342 0.033231331099 1.5863 0.7746 0.7746 0 0 0.565772310342 1409560884.21
0.772 0.821501899604 0.036894109601 1.7768 0.7823 0.7823 0 0 0.606018728214 1409560887.18
0.734 0.834591373643 0.0384933389756 1.841 0.8024 0.8024 0 0 0.616869541942 1409560889.76
0.753 0.847294596569 0.036225469227 1.9666 0.814 0.814 0 0 0.63632138456 1409560892.23
0.758 0.859506223473 0.040680904403 2.0152 0.8303 0.8303 0 0 0.66558834504 1409560894.76
0.812 0.875131905272 0.0414388752815 1.9324 0.8524 0.8524 0 0 0.691180478298 1409560897.18
0.821 0.890974934944 0.0478595522038 1.9072 0.8665 0.8665 0 0 0.722659622026 1409560899.56
0.772 0.90345950135 0.0516141337062 2.093 0.8668 0.8668 0 0 0.757718828871 1409560901.55
0.751 0.909347794099 0.0455872705517 2.324 0.8668 0.8668 0 0 0.770039570558 1409560903.68
0.773 0.915974911977 0.0455050585705 2.4919 0.8675 0.8675 0 0 0.774657856313 1409560905.91
0.79 0.923083822578 0.0464047265572 2.6429 0.8677 0.8677 0 0 0.764112032302 1409560908.25
0.793 0.929028468188 0.0452917940518 2.7221 0.8697 0.8697 0 0 0.752489348257 1409560910.43
0.781 0.934403061727 0.0430634052877 2.7489 0.8737 0.8737 0 0 0.725347210302 1409560912.48
0.792 0.938757276408 0.0386019117772 2.7725 0.8795 0.8795 0 0 0.716189140831 1409560914.39
0.794 0.942183928742 0.0324297894008 2.4833 0.9021 0.5243 20 42.7222650051 0.687991006757 1409560915.95
0.783 0.944232990937 0.0298957791886 2.5024 0.91 0.8146 20 42.7222650051 0.6823112565 1409560917.59
0.782 0.944975595179 0.0276516116939 2.4825 0.9202 0.8298 20 42.7222650051 0.662011271232 1409560919.05
0.746 0.945043418901 0.0320290049701 2.5617 0.9256 0.8396 20 42.7222650051 0.657691313831 1409560920.61
0.752 0.946611255494 0.0397297126217 2.6207 0.9302 0.85 20 42.7222650051 0.658025860841 1409560922.07
0.735 0.946527576163 0.0377381261113 2.8474 0.9311 0.8514 20 42.7222650051 0.670729302887 1409560923.53
0.713 0.946723046302 0.0357783485051 2.951 0.9333 0.8647 20 42.7222650051 0.67431257284 1409560924.96
0.751 0.947562932926 0.0370239690623 2.8684 0.9378 0.8781 20 42.7222650051 0.665491638106 1409560926.36
0.739 0.94713386724 0.0338357987416 2.6804 0.9486 0.8982 20 42.7222650051 0.664656575682 1409560927.98
0.763 0.947108596525 0.0326958657586 2.3759 0.9593 0.6791 14.5 28.0893220901 0.665377086048 1409560930.03
0.774 0.946801365297 0.0380404931243 2.1134 0.9683 0.7896 14.5 28.0893220901 0.662160208041 1409560931.93
0.814 0.947008873065 0.0412932992422 1.7878 0.9813 0.8231 14.5 28.0893220901 0.672541058556 1409560933.81
0.818 0.945815184037 0.0409016439314 1.9381 0.9813 0.8388 14.5 28.0893220901 0.676940647118 1409560935.42
0.798 0.947651545101 0.0461004175953 2.1185 0.9813 0.8444 14.5 28.0893220901 0.682602904146 1409560936.96
0.761 0.950632419069 0.0508728283754 2.2769 0.9813 0.8517 14.5 28.0893220901 0.688142697134 1409560938.31
0.748 0.953228421487 0.0518179352543 2.5228 0.9813 0.8531 14.5 28.0893220901 0.675058457649 1409560939.68
0.751 0.954885398929 0.0532643880065 2.7115 0.9813 0.8576 14.5 28.0893220901 0.688622456501 1409560940.99
0.723 0.956926795332 0.0542805943011 2.8185 0.983 0.863 14.5 28.0893220901 0.681068110062 1409560942.38
0.714 0.95797896791 0.0555195764114 3.0588 0.9833 0.8651 14.5 28.0893220901 0.693948266071 1409560943.97
0.677 0.95837837417 0.0540560808269 3.218 0.9841 0.8719 14.5 28.0893220901 0.680849446379 1409560945.8
0.698 0.957189897944 0.0497882446294 3.3257 0.9841 0.8806 14.5 28.0893220901 0.684815548714 1409560947.61
0.679 0.955767219499 0.0550094799619 3.3259 0.9841 0.889 14.5 28.0893220901 0.675997221489 1409560949.41
0.698 0.954058551782 0.0594994651769 3.4006 0.9841 0.8952 14.5 28.0893220901 0.685181818465 1409560951.09
0.755 0.952997111743 0.0628078208845 3.2632 0.9847 0.7241 14.25 25.3968075514 0.67210040254 1409560953.05
0.719 0.952024788001 0.0505972124987 3.021 0.9848 0.7664 14.25 25.3968075514 0.662204139563 1409560954.91
0.726 0.954465990891 0.0580240234289 2.9616 0.9854 0.7968 14.25 25.3968075514 0.661989699073 1409560956.76
0.7 0.957406776395 0.0618212985234 2.7774 0.9869 0.826 14.25 25.3968075514 0.661031676069 1409560958.61
0.705 0.959300520738 0.0670008830203 2.7786 0.9882 0.8442 14.25 25.3968075514 0.667353641556 1409560960.33
0.717 0.959552665275 0.0689446235781 2.2604 0.9891 0.8828 14.25 25.3968075514 0.673859190687 1409560962.17
0.773 0.958900318389 0.0676155189876 1.8329 0.9922 0.6951 10.125 18.4649582505 0.68776287473 1409560964.08
0.77 0.956854124941 0.0619736156568 1.5853 0.9968 0.7906 10.125 18.4649582505 0.683302585464 1409560965.79
0.74 0.955203508693 0.0588021460862 1.7211 0.9969 0.8113 10.125 18.4649582505 0.673374723758 1409560967.46
0.72 0.955790330679 0.0543227074685 1.7376 0.9999 0.8279 10.125 18.4649582505 0.673725533388 1409560969.09
0.714 0.95609368602 0.0428357211907 1.8588 0.9999 0.8468 10.125 18.4649582505 0.686827127339 1409560970.48
0.699 0.95729458876 0.0419364379291 1.9984 0.9999 0.8648 10.125 18.4649582505 0.682637412361 1409560971.88
0.703 0.959043076503 0.0369155320903 2.008 0.9999 0.8867 10.125 18.4649582505 0.668608881844 1409560973.2
0.716 0.960123836647 0.040818992908 1.8573 0.9999 0.3854 8.5625 14.8473692238 0.637389458162 1409560974.68
0.737 0.961579022616 0.0457888108361 1.7591 0.9999 0.745 8.5625 14.8473692238 0.604093257307 1409560976.58
0.758 0.962851966705 0.0467846718445 1.7455 0.9999 0.7865 8.5625 14.8473692238 0.614117091528 1409560978.35
0.728 0.964773505523 0.0466362368127 1.4648 0.9999 0.8421 8.5625 14.8473692238 0.639527509166 1409560980.28
0.672 0.965029528097 0.0376931344958 1.5856 1.0 0.8622 8.5625 14.8473692238 0.676476499783 1409560982.16
0.642 0.96425453617 0.0291205792794 1.8277 1.0 0.8733 8.5625 14.8473692238 0.694719850773 1409560983.93
0.661 0.965658625826 0.0316918757455 2.0496 1.0 0.8846 8.5625 14.8473692238 0.676211467744 1409560985.68
0.653 0.967634724127 0.0315817081484 2.2457 1.0 0.8949 8.5625 14.8473692238 0.666872066707 1409560987.01
0.624 0.96860720672 0.0316018457824 2.2936 1.0 0.6197 8.28125 14.1801531464 0.638249875429 1409560988.42
0.618 0.971408277168 0.0354600402704 2.2786 1.0 0.724 8.28125 14.1801531464 0.625026599071 1409560989.67
0.576 0.972864374858 0.0367104205574 2.4338 1.0 0.7552 8.28125 14.1801531464 0.653312237551 1409560990.93
0.611 0.97300701812 0.038459178296 2.698 1.0 0.7698 8.28125 14.1801531464 0.657013426705 1409560992.14
0.613 0.97314801813 0.038598821141 2.9546 1.0 0.78 8.28125 14.1801531464 0.675252857356 1409560993.37
0.632 0.973687695114 0.0464020772604 3.1265 1.0 0.7931 8.28125 14.1801531464 0.701160145749 1409560995.02
0.638 0.973040495781 0.045221282312 3.1622 1.0 0.8155 8.28125 14.1801531464 0.71386766234 1409560996.61
0.606 0.971975330766 0.0435569660822 3.3144 1.0 0.8302 8.28125 14.1801531464 0.746572324933 1409560998.24
0.607 0.972284022632 0.0453005353731 3.552 1.0 0.8394 8.28125 14.1801531464 0.75714576799 1409560999.81
0.562 0.974145266736 0.0473181304156 3.868 1.0 0.8427 8.28125 14.1801531464 0.766985588141 1409561001.58
0.629 0.974378363934 0.0520203605868 4.1277 1.0 0.8471 8.28125 14.1801531464 0.775363115846 1409561003.1
0.621 0.974711553866 0.0546546347632 4.0187 1.0 0.8661 8.28125 14.1801531464 0.775749921981 1409561004.66
0.639 0.974571762339 0.0476488458257 4.1534 1.0 0.8707 8.28125 14.1801531464 0.775273090981 1409561006.03
0.625 0.973992236792 0.0431981486242 4.3001 1.0 0.8751 8.28125 14.1801531464 0.783481122056 1409561007.73
0.645 0.97255933663 0.035412017498 4.322 1.0 0.8807 8.28125 14.1801531464 0.790978739891 1409561009.35
0.639 0.973930825 0.035667110233 4.4945 1.0 0.881 8.28125 14.1801531464 0.819810419008 1409561010.97
0.606 0.975349188777 0.0375177987674 4.323 1.0 0.8815 8.28125 14.1801531464 0.810516852292 1409561012.59
0.589 0.974957629022 0.0380283258732 4.1443 1.0 0.8904 8.28125 14.1801531464 0.810498925108 1409561014.26
0.58 0.974686346754 0.0351183795038 4.2849 1.0 0.8942 8.28125 14.1801531464 0.78559436843 1409561016.03
0.617 0.974466397228 0.0343944947975 3.9405 1.0 0.4672 13.640625 21.5782035664 0.776936748216 1409561017.71
0.62 0.973382600984 0.0319323807918 3.8496 1.0 0.6311 13.640625 21.5782035664 0.757173611483 1409561019.21
0.574 0.974122559139 0.0311382051512 4.0141 1.0 0.647 13.640625 21.5782035664 0.777206434585 1409561020.79
0.582 0.974957670887 0.0348259508756 4.2525 1.0 0.6591 13.640625 21.5782035664 0.786572794707 1409561021.99
0.587 0.976614813518 0.041325243211 4.4602 1.0 0.6729 13.640625 21.5782035664 0.802156218872 1409561023.55
0.567 0.977718590116 0.0419564102499 4.7286 1.0 0.6825 13.640625 21.5782035664 0.809298144552 1409561025.33
0.569 0.97886866383 0.0427916728159 5.0021 1.0 0.6958 13.640625 21.5782035664 0.801545926058 1409561026.67
0.579 0.979251701755 0.0445874923162 5.2751 1.0 0.7047 13.640625 21.5782035664 0.798358038382 1409561027.9
0.585 0.978578839983 0.0419741552692 5.5639 1.0 0.7088 13.640625 21.5782035664 0.772927741889 1409561029.71
0.563 0.976278993156 0.0358576420752 5.9687 1.0 0.709 13.640625 21.5782035664 0.7670881717 1409561031.45
0.516 0.975378640537 0.0346078589482 6.3522 1.0 0.7135 13.640625 21.5782035664 0.778290639821 1409561032.89
0.529 0.976759046155 0.0325707472387 6.7084 1.0 0.7182 13.640625 21.5782035664 0.771379239371 1409561034.42
0.546 0.977762076132 0.025693121621 7.1221 1.0 0.7196 13.640625 21.5782035664 0.753978133023 1409561035.7
0.538 0.9789239049 0.0284549556348 7.5199 1.0 0.7206 13.640625 21.5782035664 0.735384554363 1409561036.9
0.57 0.978748978099 0.0304347801163 7.7411 1.0 0.7263 13.640625 21.5782035664 0.750054701222 1409561038.06
0.549 0.978544373718 0.028413005153 7.7799 1.0 0.7423 13.640625 21.5782035664 0.74266790335 1409561039.45
0.578 0.97860073666 0.0268583533266 7.8851 1.0 0.7576 13.640625 21.5782035664 0.748290566703 1409561040.79
0.575 0.97893829252 0.0319864795035 7.941 1.0 0.7647 13.640625 21.5782035664 0.757779740757 1409561042.0
0.607 0.978530921961 0.0371235096316 7.4377 1.0 0.7978 13.640625 21.5782035664 0.754236485725 1409561043.47
0.628 0.97733011359 0.0421546963914 6.381 1.0 0.833 13.640625 21.5782035664 0.738773687812 1409561045.14
0.709 0.977108674737 0.0476720928074 4.8064 1.0 0.8838 13.640625 21.5782035664 0.720027990634 1409561046.7
0.677 0.976721247439 0.0442407241724 3.6569 1.0 0.5572 17.3203125 26.1495073475 0.727529616991 1409561048.41
0.685 0.974932937253 0.0359481305403 2.9084 1.0 0.742 17.3203125 26.1495073475 0.726096975174 1409561049.72
0.701 0.974846146107 0.0350381123515 2.4283 1.0 0.788 17.3203125 26.1495073475 0.764007062072 1409561050.95
0.707 0.9772631606 0.0391384665835 2.1629 1.0 0.8249 17.3203125 26.1495073475 0.793081189542 1409561052.72
0.692 0.977942294704 0.0379280330867 1.9624 1.0 0.8563 17.3203125 26.1495073475 0.78954836692 1409561054.51
0.699 0.979016331352 0.0390150791264 1.943 1.0 0.8716 17.3203125 26.1495073475 0.794443591419 1409561055.79
0.664 0.978972793127 0.0406464521859 2.1624 1.0 0.8762 17.3203125 26.1495073475 0.79085486163 1409561057.17
0.65 0.978102482755 0.038764075927 2.2131 1.0 0.8903 17.3203125 26.1495073475 0.796478035514 1409561058.51
0.616 0.976286948942 0.0366039624365 2.3481 1.0 0.8978 17.3203125 26.1495073475 0.791143739548 1409561060.17
0.676 0.97476896988 0.0368626251148 2.476 1.0 0.5224 13.16015625 19.8236927111 0.776689943973 1409561061.78
0.7 0.973356188414 0.0410774336141 2.585 1.0 0.7027 13.16015625 19.8236927111 0.77451368528 1409561063.31
0.672 0.975092204213 0.0409272068619 2.7949 1.0 0.7218 13.16015625 19.8236927111 0.777527620088 1409561064.93
0.619 0.977407996052 0.0389865074935 2.9542 1.0 0.7408 13.16015625 19.8236927111 0.793719207118 1409561066.38
0.602 0.978579648291 0.0362463463276 2.9656 1.0 0.7683 13.16015625 19.8236927111 0.781669804103 1409561068.08
0.583 0.979134363145 0.0374486886652 3.2778 1.0 0.7743 13.16015625 19.8236927111 0.77522156339 1409561069.7
0.578 0.979349233729 0.0381448659181 3.5744 1.0 0.7857 13.16015625 19.8236927111 0.784703240831 1409561071.38
0.568 0.978282095722 0.0321064039538 3.9186 1.0 0.7888 13.16015625 19.8236927111 0.792181640302 1409561072.66
0.546 0.976402893947 0.0284608156835 4.3137 1.0 0.7888 13.16015625 19.8236927111 0.799545133145 1409561074.3
0.555 0.976871631488 0.0330119424816 4.7141 1.0 0.7888 13.16015625 19.8236927111 0.795743409005 1409561075.85
0.504 0.977864645024 0.040959369594 5.1016 1.0 0.7901 13.16015625 19.8236927111 0.807178645749 1409561077.05
0.495 0.977957557419 0.0375360225774 5.5174 1.0 0.7934 13.16015625 19.8236927111 0.813821736269 1409561078.25
0.496 0.978165259607 0.0380399977657 5.9604 1.0 0.7956 13.16015625 19.8236927111 0.828912741084 1409561079.57
0.448 0.977909484906 0.0389796114664 6.4251 1.0 0.7956 13.16015625 19.8236927111 0.842619442555 1409561081.1
0.477 0.978439114664 0.0452293641501 6.7918 1.0 0.7978 13.16015625 19.8236927111 0.857050216153 1409561082.72
0.464 0.978432065468 0.0445545521985 7.154 1.0 0.8011 13.16015625 19.8236927111 0.85132845245 1409561084.34
0.492 0.978141970642 0.0442735284385 7.397 1.0 0.8065 13.16015625 19.8236927111 0.845735333727 1409561085.85
0.442 0.978271175083 0.0458557742278 7.7363 1.0 0.8133 13.16015625 19.8236927111 0.848861426713 1409561087.43
0.449 0.977574663208 0.0528689582196 8.0136 1.0 0.8205 13.16015625 19.8236927111 0.839859462786 1409561088.91
0.428 0.977983346504 0.055635168383 8.3977 1.0 0.8271 13.16015625 19.8236927111 0.847734694089 1409561090.49
0.441 0.978010152638 0.0508378087904 8.5717 1.0 0.8356 13.16015625 19.8236927111 0.826944155565 1409561092.06
0.445 0.977847436544 0.045527827892 8.6272 1.0 0.8462 13.16015625 19.8236927111 0.835270729759 1409561093.66
0.447 0.977829486 0.039764272162 8.9932 1.0 0.8471 13.16015625 19.8236927111 0.818799635474 1409561095.22
0.44 0.978660304434 0.0352201251578 9.3053 1.0 0.849 13.16015625 19.8236927111 0.805011401518 1409561096.72
0.469 0.978818756491 0.0373026775517 9.4573 1.0 0.8546 13.16015625 19.8236927111 0.814463633339 1409561098.23
0.517 0.978185086698 0.0388748947132 9.3638 1.0 0.862 13.16015625 19.8236927111 0.792777370703 1409561099.57
0.563 0.978429032358 0.0390817152563 8.5082 1.0 0.8821 13.16015625 19.8236927111 0.777022579617 1409561101.03
0.629 0.976748063919 0.0372894199031 6.9786 1.0 0.8997 13.16015625 19.8236927111 0.762765691573 1409561102.38
0.642 0.97529623917 0.0372399645545 5.9721 1.0 0.4669 20.580078125 31.1592669049 0.759261565243 1409561104.27
0.687 0.97465461535 0.0426737420502 4.8673 1.0 0.7138 20.580078125 31.1592669049 0.748837549217 1409561106.18
0.696 0.974092916687 0.0433368795308 3.6933 1.0 0.7827 20.580078125 31.1592669049 0.732336178698 1409561107.93
0.665 0.973513062706 0.0450103127325 2.9387 1.0 0.8331 20.580078125 31.1592669049 0.731083874317 1409561109.56
0.717 0.97284751131 0.0397154758416 2.3492 1.0 0.8727 20.580078125 31.1592669049 0.731897965098 1409561111.24
0.686 0.972948590018 0.043703320862 2.263 1.0 0.8899 20.580078125 31.1592669049 0.749309405296 1409561112.92
0.64 0.973961787599 0.0457853073699 2.4414 1.0 0.8976 20.580078125 31.1592669049 0.763176569539 1409561114.65
0.62 0.973903958965 0.044742405719 2.341 1.0 0.6296 13.7900390625 21.3399264594 0.761123381832 1409561116.45
0.634 0.974069709223 0.0451497999944 2.4675 1.0 0.6782 13.7900390625 21.3399264594 0.771394567345 1409561118.1
0.623 0.972217632493 0.0457112601239 2.7727 1.0 0.693 13.7900390625 21.3399264594 0.781176022859 1409561119.78
0.668 0.971148580978 0.0422883047733 2.8725 1.0 0.7289 13.7900390625 21.3399264594 0.756760148301 1409561121.52
0.644 0.97022284151 0.0372839755465 2.9125 1.0 0.7529 13.7900390625 21.3399264594 0.753703798881 1409561123.34
0.599 0.97204990905 0.0391067652936 3.1096 1.0 0.7654 13.7900390625 21.3399264594 0.770372056256 1409561125.16
0.557 0.974290134575 0.0455458253606 3.3352 1.0 0.7747 13.7900390625 21.3399264594 0.779942197293 1409561126.97
0.596 0.974198517436 0.0467710399559 3.1209 1.0 0.8105 13.7900390625 21.3399264594 0.783651800759 1409561128.54
0.611 0.973981552991 0.05353328053 3.1508 1.0 0.8322 13.7900390625 21.3399264594 0.771259127719 1409561130.15
0.605 0.972413954891 0.0519677557657 3.2288 1.0 0.8486 13.7900390625 21.3399264594 0.779012131373 1409561131.85
0.589 0.972286374857 0.0540640078479 3.5987 1.0 0.8502 13.7900390625 21.3399264594 0.812094672483 1409561133.51
0.535 0.973170209408 0.0528362606494 3.981 1.0 0.851 13.7900390625 21.3399264594 0.801965550082 1409561134.83
0.524 0.974847765615 0.0532173954201 4.2212 1.0 0.8541 13.7900390625 21.3399264594 0.823134256627 1409561136.21
0.554 0.975208594755 0.0500191135548 4.307 1.0 0.8705 13.7900390625 21.3399264594 0.823151882403 1409561137.73
0.577 0.973071165689 0.0498303268013 4.3036 1.0 0.8819 13.7900390625 21.3399264594 0.815746927105 1409561139.03
0.617 0.971308918124 0.0505636497767 4.3925 1.0 0.8918 13.7900390625 21.3399264594 0.832982671079 1409561140.62
0.614 0.97086810709 0.0518736897675 4.417 1.0 0.8991 13.7900390625 21.3399264594 0.827664601547 1409561142.33
0.636 0.970794232184 0.0491309584943 4.298 1.0 0.4565 15.3950195312 24.8054087053 0.841025677644 1409561143.82
0.61 0.971507999286 0.0433015396806 4.0551 1.0 0.6289 15.3950195312 24.8054087053 0.823747575312 1409561145.37
0.581 0.972007870289 0.0400852124594 4.1404 1.0 0.661 15.3950195312 24.8054087053 0.820426792827 1409561147.33
0.635 0.971735874879 0.0402565292564 4.1795 1.0 0.6898 15.3950195312 24.8054087053 0.808195773285 1409561149.1
0.554 0.971685112847 0.0467100320266 4.401 1.0 0.7107 15.3950195312 24.8054087053 0.816483290267 1409561150.64
0.577 0.973298896717 0.0500799429102 4.6266 1.0 0.7235 15.3950195312 24.8054087053 0.838987899562 1409561152.41
0.561 0.974158162609 0.0501502600789 4.9131 1.0 0.7299 15.3950195312 24.8054087053 0.848744439813 1409561153.68
0.557 0.972808842693 0.051215478985 5.0022 1.0 0.7421 15.3950195312 24.8054087053 0.84549944177 1409561155.05
0.553 0.973261203421 0.0558917180539 5.3222 1.0 0.7472 15.3950195312 24.8054087053 0.841486963841 1409561156.58
0.535 0.972817490698 0.0482494006302 5.5396 1.0 0.7564 15.3950195312 24.8054087053 0.838642223391 1409561158.03
0.587 0.974201438048 0.0500333424204 5.5895 1.0 0.7722 15.3950195312 24.8054087053 0.837172690249 1409561159.71
0.528 0.97621535779 0.0515574564951 5.7764 1.0 0.7824 15.3950195312 24.8054087053 0.859574805655 1409561161.31
0.531 0.97914055531 0.0527434229776 6.146 1.0 0.7856 15.3950195312 24.8054087053 0.875276778004 1409561162.91
0.508 0.980470772072 0.0513625585464 6.4157 1.0 0.7898 15.3950195312 24.8054087053 0.855141984634 1409561164.52
0.51 0.979699473237 0.0481646133668 6.7377 1.0 0.7917 15.3950195312 24.8054087053 0.851525985909 1409561165.99
0.557 0.979178761032 0.0447616844521 6.7652 1.0 0.7996 15.3950195312 24.8054087053 0.838584841834 1409561167.3
0.552 0.97833392209 0.0405547081219 6.8666 1.0 0.814 15.3950195312 24.8054087053 0.819340270044 1409561168.44
0.563 0.977611530033 0.0392258771372 6.9275 1.0 0.8238 15.3950195312 24.8054087053 0.803146116977 1409561169.7
0.639 0.976617841549 0.0375215994392 6.773 1.0 0.8364 15.3950195312 24.8054087053 0.788188412667 1409561170.96
0.639 0.97733085974 0.0374577140483 6.6292 1.0 0.8403 15.3950195312 24.8054087053 0.778932688037 1409561172.38
0.631 0.977450895821 0.0373138122227 6.4026 1.0 0.8512 15.3950195312 24.8054087053 0.781506905439 1409561173.9
0.621 0.978976452416 0.036260840308 6.2379 1.0 0.8609 15.3950195312 24.8054087053 0.795257820554 1409561175.54
0.606 0.980415180417 0.0364239501224 6.1027 1.0 0.8731 15.3950195312 24.8054087053 0.798984683648 1409561176.98
0.68 0.981406332002 0.0356709737103 5.4077 1.0 0.8911 15.3950195312 24.8054087053 0.79624903297 1409561178.59
0.65 0.980679768553 0.0407682188862 4.3842 1.0 0.1514 19.6975097656 30.5932918732 0.793146801665 1409561179.78
0.63 0.980105050017 0.0479396589322 3.8818 1.0 0.6613 19.6975097656 30.5932918732 0.787509008742 1409561181.04
0.699 0.980043847488 0.0550112936787 3.4863 1.0 0.7191 19.6975097656 30.5932918732 0.786236295933 1409561182.59
0.752 0.979142147914 0.0633202468391 2.9487 1.0 0.7723 19.6975097656 30.5932918732 0.768547919314 1409561183.86
0.773 0.977884764208 0.06989073549 2.1992 1.0 0.8211 19.6975097656 30.5932918732 0.762520737627 1409561185.5
0.803 0.975936760364 0.0626005469489 1.317 1.0 0.885 19.6975097656 30.5932918732 0.741923899815 1409561187.27
0.742 0.974478829173 0.0565781573388 1.3505 1.0 0.391 12.8487548828 19.7282163473 0.743436654503 1409561189.1
0.748 0.971963651037 0.0479329869289 1.3065 1.0 0.7751 12.8487548828 19.7282163473 0.733222809554 1409561190.94
0.757 0.971179189874 0.0439517851074 1.2099 1.0 0.8364 12.8487548828 19.7282163473 0.73708013205 1409561192.63
0.729 0.971884453615 0.0382995234795 1.2003 1.0 0.8654 12.8487548828 19.7282163473 0.761713589575 1409561194.42
0.68 0.973063960078 0.0398395496652 1.2823 1.0 0.8815 12.8487548828 19.7282163473 0.780970519112 1409561196.24
0.676 0.975096211054 0.0401951149275 1.4056 1.0 0.8997 12.8487548828 19.7282163473 0.782309741584 1409561198.01
0.627 0.975609321001 0.0381934951684 1.5695 1.0 0.5781 9.42437744141 14.8703117059 0.787081063116 1409561199.6
0.636 0.975521285227 0.0406570724059 1.7575 1.0 0.6619 9.42437744141 14.8703117059 0.793197759846 1409561201.18
0.611 0.975598460894 0.0416814633576 1.8766 1.0 0.6962 9.42437744141 14.8703117059 0.795664142736 1409561202.63
0.638 0.976071544082 0.0444592082282 2.1591 1.0 0.7132 9.42437744141 14.8703117059 0.79278336039 1409561204.24
0.589 0.975699274562 0.050038391721 2.4401 1.0 0.723 9.42437744141 14.8703117059 0.806853823401 1409561205.97
0.585 0.976814202797 0.0518403660644 2.8123 1.0 0.7287 9.42437744141 14.8703117059 0.832037865783 1409561207.7
0.526 0.976490442759 0.0452112498913 3.2232 1.0 0.7311 9.42437744141 14.8703117059 0.837332918434 1409561209.11
0.522 0.975520481345 0.0409656708171 3.6298 1.0 0.7323 9.42437744141 14.8703117059 0.826752142972 1409561210.65
0.53 0.975654809724 0.0415945754415 4.0283 1.0 0.7324 9.42437744141 14.8703117059 0.808287953592 1409561211.93
0.526 0.976240855699 0.0424253764934 4.2794 1.0 0.7388 9.42437744141 14.8703117059 0.793664388027 1409561213.22
0.567 0.976114563905 0.0403324664971 4.5064 1.0 0.746 9.42437744141 14.8703117059 0.763496652525 1409561215.0
0.524 0.976315530951 0.03787373478 4.849 1.0 0.7502 9.42437744141 14.8703117059 0.789191521139 1409561216.62
0.522 0.976120307081 0.0429471706825 5.2304 1.0 0.7527 9.42437744141 14.8703117059 0.806006410701 1409561218.01
0.544 0.97573941499 0.0426979457341 5.6148 1.0 0.7527 9.42437744141 14.8703117059 0.797895373766 1409561219.39
0.53 0.975348500444 0.0470127355442 5.8766 1.0 0.7568 9.42437744141 14.8703117059 0.800461743054 1409561220.71
0.602 0.975125449266 0.0480766650002 5.8008 1.0 0.7719 9.42437744141 14.8703117059 0.768688190175 1409561222.25
0.609 0.974870594107 0.0501967384662 5.5208 1.0 0.789 9.42437744141 14.8703117059 0.759768641791 1409561223.53
0.613 0.974711804293 0.0497539057198 5.6878 1.0 0.7941 9.42437744141 14.8703117059 0.787087866036 1409561225.1
0.602 0.974005414804 0.0517177840937 5.4839 1.0 0.8098 9.42437744141 14.8703117059 0.788725198069 1409561226.5
0.653 0.972253718732 0.0498342741203 5.0198 1.0 0.8397 9.42437744141 14.8703117059 0.782780818145 1409561227.96
0.68 0.971467606697 0.0465927839942 3.9444 1.0 0.8945 9.42437744141 14.8703117059 0.752667769863 1409561229.66
0.686 0.971785706395 0.0404351582347 4.0113 1.0 0.4376 15.2121887207 23.5204129063 0.749532514333 1409561231.43
0.677 0.973676466256 0.0380574945184 4.2479 1.0 0.696 15.2121887207 23.5204129063 0.764491549174 1409561232.83
0.638 0.976860475357 0.0420691444662 4.327 1.0 0.7294 15.2121887207 23.5204129063 0.779930950286 1409561234.31
0.662 0.977492463088 0.0541398382899 4.4989 1.0 0.7547 15.2121887207 23.5204129063 0.798365459635 1409561235.72
0.629 0.978748489903 0.0552113493646 4.814 1.0 0.7603 15.2121887207 23.5204129063 0.822979086305 1409561237.11
0.628 0.979679080548 0.0513190192047 5.134 1.0 0.7618 15.2121887207 23.5204129063 0.807393468804 1409561238.42
0.614 0.980058848352 0.0474388468171 5.2985 1.0 0.7703 15.2121887207 23.5204129063 0.796559091699 1409561239.68
0.599 0.979305520925 0.0382609857769 5.3073 1.0 0.7882 15.2121887207 23.5204129063 0.787754731947 1409561240.99
0.577 0.979852719153 0.0381696967481 5.5516 1.0 0.7947 15.2121887207 23.5204129063 0.776064445108 1409561242.39
0.573 0.98035918368 0.0362625530669 5.4538 1.0 0.8127 15.2121887207 23.5204129063 0.767902676382 1409561243.77
0.607 0.980077780859 0.0372740056044 4.9545 1.0 0.8401 15.2121887207 23.5204129063 0.765344931957 1409561245.4
0.584 0.980022774161 0.0450817748097 4.7395 1.0 0.8603 15.2121887207 23.5204129063 0.766816019364 1409561247.11
0.58 0.978558567129 0.0387996812342 4.8509 1.0 0.8724 15.2121887207 23.5204129063 0.765032475857 1409561248.62
0.542 0.977327541779 0.0340182643444 4.76 1.0 0.8887 15.2121887207 23.5204129063 0.753916974203 1409561250.25
0.556 0.976567268347 0.0350480919403 4.613 1.0 0.3177 14.6060943604 22.0802304667 0.747149306276 1409561251.91
0.542 0.976741138815 0.0421408369955 4.1496 1.0 0.5655 14.6060943604 22.0802304667 0.757374021313 1409561253.61
0.566 0.975786324106 0.0405948313859 4.2309 1.0 0.5989 14.6060943604 22.0802304667 0.76296065179 1409561254.95
0.605 0.974149027506 0.0413510061928 4.0767 1.0 0.6433 14.6060943604 22.0802304667 0.768030044632 1409561256.58
0.614 0.974494933318 0.0431290065329 3.9654 1.0 0.691 14.6060943604 22.0802304667 0.785331512381 1409561257.92
0.604 0.974578816457 0.0448291268694 4.1676 1.0 0.7098 14.6060943604 22.0802304667 0.780015348356 1409561259.63
0.623 0.974219938333 0.0451942538725 4.2181 1.0 0.7319 14.6060943604 22.0802304667 0.798868648192 1409561261.11
0.621 0.973520112995 0.0366832164377 4.1369 1.0 0.7567 14.6060943604 22.0802304667 0.801971274685 1409561262.48
0.654 0.974063868478 0.031326350737 4.0523 1.0 0.7747 14.6060943604 22.0802304667 0.795962598522 1409561264.14
0.657 0.976009569442 0.0307635647027 4.0825 1.0 0.7912 14.6060943604 22.0802304667 0.795410477525 1409561265.71
0.622 0.978074510679 0.0320447754032 4.1573 1.0 0.8078 14.6060943604 22.0802304667 0.810183185216 1409561267.35
0.61 0.979878637848 0.031924660304 4.0361 1.0 0.8341 14.6060943604 22.0802304667 0.789567484383 1409561269.13
0.573 0.980701756312 0.0370551411852 3.7202 1.0 0.8663 14.6060943604 22.0802304667 0.790208429884 1409561270.65
0.536 0.981469307866 0.0334918421898 3.9108 1.0 0.8746 14.6060943604 22.0802304667 0.796458226117 1409561272.27
0.54 0.981097716241 0.0308118137249 4.1693 1.0 0.8808 14.6060943604 22.0802304667 0.805374423272 1409561273.98
0.469 0.980070679279 0.0305785367125 4.3527 1.0 0.8903 14.6060943604 22.0802304667 0.819181458582 1409561275.65
0.508 0.980067064466 0.0341610275266 4.4478 1.0 0.3747 15.3030471802 23.6690276822 0.804822427729 1409561277.08
0.572 0.980562383388 0.0345784805331 4.0366 1.0 0.5626 15.3030471802 23.6690276822 0.797918287002 1409561278.78
0.582 0.981115925817 0.0296382169194 4.3434 1.0 0.5877 15.3030471802 23.6690276822 0.808328227229 1409561280.48
0.575 0.981433841012 0.0286358437231 4.3025 1.0 0.6275 15.3030471802 23.6690276822 0.793076084405 1409561282.03
0.597 0.98202082126 0.0294484059633 4.4055 1.0 0.6554 15.3030471802 23.6690276822 0.786223584697 1409561283.52
0.639 0.982397550855 0.0318945461667 4.4235 1.0 0.6828 15.3030471802 23.6690276822 0.792776529061 1409561284.96
0.619 0.982548417178 0.0315590935329 4.3972 1.0 0.7056 15.3030471802 23.6690276822 0.784319681369 1409561286.6
0.562 0.98225884846 0.0342087707721 4.4758 1.0 0.7243 15.3030471802 23.6690276822 0.78426840868 1409561288.41
0.557 0.981738341112 0.0344224005786 4.6068 1.0 0.7384 15.3030471802 23.6690276822 0.773786043946 1409561290.04
0.571 0.981095355423 0.0345990029603 4.6836 1.0 0.7579 15.3030471802 23.6690276822 0.775899886471 1409561291.68
0.577 0.979596746301 0.0385539488668 4.5599 1.0 0.7911 15.3030471802 23.6690276822 0.758332076809 1409561292.93
0.609 0.977656151237 0.0421303244393 4.3368 1.0 0.8213 15.3030471802 23.6690276822 0.761522599969 1409561294.6
0.648 0.977032440783 0.0349624153269 4.1803 1.0 0.8406 15.3030471802 23.6690276822 0.746096992056 1409561295.96
0.571 0.978335639998 0.0303616486046 4.4967 1.0 0.8435 15.3030471802 23.6690276822 0.782554513262 1409561297.3
0.553 0.979907521813 0.0258890296094 4.8617 1.0 0.8451 15.3030471802 23.6690276822 0.796345963401 1409561298.87
0.541 0.982245001381 0.0288769092067 5.0858 1.0 0.8494 15.3030471802 23.6690276822 0.790598594 1409561300.5
0.541 0.983637674504 0.032528919854 5.3583 1.0 0.8521 15.3030471802 23.6690276822 0.793432304368 1409561302.13
0.581 0.984077259721 0.0356561452736 5.5099 1.0 0.8553 15.3030471802 23.6690276822 0.785331197283 1409561303.88
0.563 0.98234634602 0.0316149765732 5.5373 1.0 0.8563 15.3030471802 23.6690276822 0.757806111627 1409561305.61
0.565 0.98122062778 0.0298497258255 5.373 1.0 0.8661 15.3030471802 23.6690276822 0.755836578925 1409561307.05
0.541 0.981602042589 0.0340663176722 5.7371 1.0 0.8674 15.3030471802 23.6690276822 0.782211438724 1409561308.36
0.552 0.98287402652 0.0320536190795 6.1042 1.0 0.8674 15.3030471802 23.6690276822 0.803598268309 1409561309.83
0.565 0.983282346235 0.0294382299871 5.9699 1.0 0.8754 15.3030471802 23.6690276822 0.792227640249 1409561311.5
0.566 0.983161920606 0.0324287400785 6.1711 1.0 0.8768 15.3030471802 23.6690276822 0.783294807935 1409561312.77
0.548 0.982414526954 0.0310819415206 6.4714 1.0 0.877 15.3030471802 23.6690276822 0.789486571278 1409561314.32
0.533 0.981305608514 0.0299980279384 6.803 1.0 0.877 15.3030471802 23.6690276822 0.799700809002 1409561315.99
0.551 0.979916328064 0.0406102048737 6.8237 1.0 0.8798 15.3030471802 23.6690276822 0.789265052266 1409561317.5
0.572 0.97861896198 0.0451960492687 6.6927 1.0 0.8871 15.3030471802 23.6690276822 0.751121742488 1409561319.13
0.564 0.977748855583 0.0481905804064 6.6435 1.0 0.8971 15.3030471802 23.6690276822 0.767643410896 1409561320.73
0.587 0.976595655583 0.0503470213657 6.675 1.0 0.5453 22.1515235901 34.1627374272 0.776719723123 1409561322.58
0.616 0.975357258974 0.050455217684 6.5496 1.0 0.641 22.1515235901 34.1627374272 0.763852644202 1409561324.11
0.603 0.973663737505 0.0427900877543 6.8056 1.0 0.6553 22.1515235901 34.1627374272 0.769468314104 1409561325.48
0.597 0.97137039254 0.0319934740764 6.5642 1.0 0.6909 22.1515235901 34.1627374272 0.747561538823 1409561326.84
0.616 0.972997884591 0.0273630149777 6.4355 1.0 0.7224 22.1515235901 34.1627374272 0.73147151057 1409561328.42
0.595 0.975918908115 0.0288244312466 6.2979 1.0 0.7448 22.1515235901 34.1627374272 0.723997076436 1409561330.09
0.576 0.977475527913 0.0317334991267 6.038 1.0 0.7684 22.1515235901 34.1627374272 0.755707535514 1409561331.53
0.578 0.977181297845 0.0367708886995 5.4896 1.0 0.796 22.1515235901 34.1627374272 0.750743951957 1409561332.67
0.59 0.976699281304 0.0381353135323 5.2368 1.0 0.8108 22.1515235901 34.1627374272 0.737743277832 1409561334.04
0.593 0.97703429966 0.037247981591 5.5095 1.0 0.8172 22.1515235901 34.1627374272 0.749078898791 1409561335.27
0.588 0.977501617997 0.0333928573875 5.3061 1.0 0.8331 22.1515235901 34.1627374272 0.739224523309 1409561336.9
0.595 0.979171752131 0.0377316866175 4.6887 1.0 0.8616 22.1515235901 34.1627374272 0.781730177523 1409561338.33
0.602 0.980308863996 0.0441056476565 4.318 1.0 0.8828 22.1515235901 34.1627374272 0.773917756609 1409561339.65
0.595 0.980922447748 0.0482136035066 4.2892 1.0 0.8854 22.1515235901 34.1627374272 0.743423900474 1409561341.21
0.6 0.980542065492 0.046289854058 4.0572 1.0 0.8978 22.1515235901 34.1627374272 0.735037149743 1409561342.83
0.653 0.979332101566 0.0483169256566 3.9597 1.0 0.6116 18.575761795 28.1357362559 0.738596858287 1409561344.14
0.648 0.978201145717 0.051359429693 3.9314 1.0 0.6782 18.575761795 28.1357362559 0.745103950805 1409561345.31
0.615 0.97771457044 0.0472738099622 4.0234 1.0 0.7104 18.575761795 28.1357362559 0.764723833341 1409561346.6
0.588 0.978104081858 0.0405619090517 4.305 1.0 0.7212 18.575761795 28.1357362559 0.799095628763 1409561347.92
0.532 0.979136447514 0.0468740517345 4.6765 1.0 0.7267 18.575761795 28.1357362559 0.814797814175 1409561349.28
0.559 0.979183698299 0.0512225706209 4.9413 1.0 0.747 18.575761795 28.1357362559 0.816234500297 1409561350.53
0.527 0.978223469376 0.0524049247695 5.3835 1.0 0.7505 18.575761795 28.1357362559 0.812826564863 1409561351.92
0.529 0.976595583808 0.0488661662261 5.6788 1.0 0.763 18.575761795 28.1357362559 0.799944414062 1409561353.22
0.563 0.975630943791 0.0440746704379 5.9464 1.0 0.7712 18.575761795 28.1357362559 0.796619400834 1409561354.98
0.555 0.976284951124 0.0397550971903 6.3183 1.0 0.7747 18.575761795 28.1357362559 0.79776679825 1409561356.66
0.53 0.977915985687 0.0396858273197 6.6649 1.0 0.7774 18.575761795 28.1357362559 0.79553822864 1409561358.38
0.519 0.978019016309 0.0395063295813 6.9342 1.0 0.7808 18.575761795 28.1357362559 0.771903298134 1409561360.11
0.522 0.978558872199 0.0355119661241 7.1477 1.0 0.7881 18.575761795 28.1357362559 0.765252893585 1409561361.45
0.533 0.979091953291 0.0293435368805 7.2734 1.0 0.7971 18.575761795 28.1357362559 0.760044599089 1409561362.86
0.549 0.979822894561 0.0331695367909 7.0128 1.0 0.8179 18.575761795 28.1357362559 0.745438085692 1409561364.56
0.618 0.980638239738 0.0309980370694 6.2876 1.0 0.8522 18.575761795 28.1357362559 0.733421570199 1409561366.38
0.62 0.980947587206 0.0328074908438 6.135 1.0 0.8636 18.575761795 28.1357362559 0.74708956424 1409561367.94
0.611 0.981685152525 0.0339251295596 5.7882 1.0 0.8765 18.575761795 28.1357362559 0.755294783341 1409561369.69
0.62 0.981457094949 0.0351891495454 5.3691 1.0 0.8929 18.575761795 28.1357362559 0.754347111787 1409561371.09
0.69 0.980111974626 0.0350870036352 4.9658 1.0 0.6588 18.7878808975 28.1840106393 0.754056590931 1409561372.88
0.694 0.979483489646 0.0348818433109 4.491 1.0 0.7252 18.7878808975 28.1840106393 0.737989260444 1409561374.52
0.656 0.980605537149 0.0381986768987 3.9844 1.0 0.7622 18.7878808975 28.1840106393 0.783445421768 1409561376.35
0.627 0.981104798043 0.0362306399016 3.9592 1.0 0.7782 18.7878808975 28.1840106393 0.783770314462 1409561378.0
0.568 0.98092834982 0.0342446888317 4.162 1.0 0.7884 18.7878808975 28.1840106393 0.794472236733 1409561379.82
0.586 0.980879536505 0.0287589081743 4.5396 1.0 0.7903 18.7878808975 28.1840106393 0.798769612056 1409561381.56
0.572 0.981538071225 0.0252142720879 4.9145 1.0 0.7911 18.7878808975 28.1840106393 0.799458822998 1409561383.25
0.593 0.981873273465 0.0301753717559 5.1336 1.0 0.8006 18.7878808975 28.1840106393 0.782479804136 1409561385.01
0.587 0.980859346338 0.0355615188894 5.1898 1.0 0.8248 18.7878808975 28.1840106393 0.790291102585 1409561386.63
0.596 0.980251640477 0.0351885712061 5.0881 1.0 0.8449 18.7878808975 28.1840106393 0.803404889934 1409561388.09
0.585 0.979828763912 0.0368337890201 5.1432 1.0 0.8561 18.7878808975 28.1840106393 0.795981294351 1409561389.78
0.563 0.979672323592 0.0277160917641 5.2538 1.0 0.8635 18.7878808975 28.1840106393 0.761738187932 1409561391.57
0.59 0.980845123969 0.0253348456018 5.24 1.0 0.8705 18.7878808975 28.1840106393 0.746517741886 1409561393.16
0.59 0.981865926643 0.0259528130519 5.433 1.0 0.8727 18.7878808975 28.1840106393 0.750141842492 1409561394.9
0.597 0.982152228405 0.0362682716241 5.3073 1.0 0.886 18.7878808975 28.1840106393 0.76195209446 1409561396.24
0.623 0.981325256783 0.0380283201074 5.0099 1.0 0.5583 16.8939404488 26.7114757968 0.761433138101 1409561397.88
0.597 0.980120884873 0.0333591498445 4.9796 1.0 0.6489 16.8939404488 26.7114757968 0.771319846336 1409561399.46
0.568 0.979339060297 0.0298895597896 5.0846 1.0 0.6637 16.8939404488 26.7114757968 0.787274331371 1409561401.17
0.58 0.97901740168 0.0342893480844 5.1196 1.0 0.6906 16.8939404488 26.7114757968 0.783002949001 1409561402.58
0.579 0.979484882849 0.0375899686415 4.9657 1.0 0.7217 16.8939404488 26.7114757968 0.777857070273 1409561403.82
0.657 0.980246749408 0.0381185987165 4.9058 1.0 0.7414 16.8939404488 26.7114757968 0.762676296278 1409561405.13
0.642 0.980145265135 0.0429299014674 5.0038 1.0 0.7538 16.8939404488 26.7114757968 0.7554214184 1409561406.39
0.669 0.979112458788 0.0404653348177 4.9288 1.0 0.7743 16.8939404488 26.7114757968 0.755731408697 1409561407.76
0.707 0.978705402205 0.0392963070732 4.8097 1.0 0.7884 16.8939404488 26.7114757968 0.743305141781 1409561409.07
0.698 0.978640673385 0.0415549346044 4.4462 1.0 0.8053 16.8939404488 26.7114757968 0.754157951789 1409561410.2
0.69 0.979062022263 0.0393517145258 4.2339 1.0 0.8205 16.8939404488 26.7114757968 0.764470086665 1409561411.84
0.637 0.979708420349 0.0378624308198 4.1342 1.0 0.8333 16.8939404488 26.7114757968 0.756814865761 1409561413.22
0.667 0.979260452529 0.0400697453425 4.3224 1.0 0.8376 16.8939404488 26.7114757968 0.769188713113 1409561414.68
0.622 0.979890968647 0.0440187523488 4.5336 1.0 0.8408 16.8939404488 26.7114757968 0.766931217002 1409561416.3
0.598 0.979847745187 0.050783302933 4.7433 1.0 0.8438 16.8939404488 26.7114757968 0.757529064083 1409561417.68
0.616 0.978924774855 0.0470194333959 4.8788 1.0 0.8474 16.8939404488 26.7114757968 0.737327427962 1409561419.3
0.614 0.977056930594 0.0459520161767 4.7275 1.0 0.859 16.8939404488 26.7114757968 0.719658726042 1409561420.92
0.608 0.976865238513 0.0467605707068 4.77 1.0 0.8682 16.8939404488 26.7114757968 0.741258790161 1409561422.61
0.571 0.975430567204 0.0443947252933 4.7573 1.0 0.883 16.8939404488 26.7114757968 0.773720466663 1409561424.35
0.584 0.974461240331 0.0429491039922 4.3475 1.0 0.1256 17.9469702244 27.7888903356 0.789963837111 1409561425.94
0.563 0.975410837915 0.0418947895846 4.5318 1.0 0.5837 17.9469702244 27.7888903356 0.787186774883 1409561427.93
0.572 0.97702210138 0.045777649636 4.6334 1.0 0.6233 17.9469702244 27.7888903356 0.777239730649 1409561429.79
0.619 0.977302472949 0.0469244686289 4.6401 1.0 0.6483 17.9469702244 27.7888903356 0.782987085654 1409561431.52
0.597 0.975572450935 0.0513637292706 4.4629 1.0 0.6774 17.9469702244 27.7888903356 0.764891826942 1409561433.22
0.556 0.972955891842 0.0497779373051 4.6249 1.0 0.6935 17.9469702244 27.7888903356 0.777615448496 1409561434.62
0.604 0.972268922647 0.0505640039211 4.7225 1.0 0.7139 17.9469702244 27.7888903356 0.801130285452 1409561435.93
0.612 0.972478117991 0.0494711494337 4.9492 1.0 0.7207 17.9469702244 27.7888903356 0.802335851445 1409561437.61
0.585 0.974787710571 0.046492083639 5.1236 1.0 0.7344 17.9469702244 27.7888903356 0.799474841514 1409561439.01
0.589 0.975877106483 0.0411942817765 5.0546 1.0 0.7535 17.9469702244 27.7888903356 0.797431200359 1409561440.79
0.62 0.974966001453 0.0370541769214 5.0507 1.0 0.7669 17.9469702244 27.7888903356 0.759273249837 1409561442.53
0.694 0.973621334249 0.0304379392032 4.4403 1.0 0.7937 17.9469702244 27.7888903356 0.749078356675 1409561443.92
0.642 0.973610027338 0.0271349558234 4.0685 1.0 0.8162 17.9469702244 27.7888903356 0.744418535998 1409561445.68
0.639 0.97493626779 0.0335543414068 3.7308 1.0 0.8364 17.9469702244 27.7888903356 0.75463760164 1409561447.2
0.647 0.975431451151 0.0356428401889 3.5509 1.0 0.8529 17.9469702244 27.7888903356 0.755073504454 1409561448.58
0.633 0.975014708087 0.0348293513127 3.28 1.0 0.8777 17.9469702244 27.7888903356 0.752373468203 1409561450.25
0.647 0.973941474454 0.0311440846972 3.2924 1.0 0.8881 17.9469702244 27.7888903356 0.729987967237 1409561451.92
0.644 0.973889343293 0.0289407139683 3.301 1.0 0.4308 17.4734851122 27.4996851552 0.735155153195 1409561453.39
0.646 0.974398955295 0.0333333367496 3.5624 1.0 0.6692 17.4734851122 27.4996851552 0.716933560705 1409561455.14
0.678 0.975529490362 0.0348360850902 3.7264 1.0 0.7019 17.4734851122 27.4996851552 0.70623073668 1409561456.7
0.591 0.976958898115 0.0333883077328 3.9935 1.0 0.7168 17.4734851122 27.4996851552 0.757203357143 1409561458.41
0.619 0.978081302532 0.0344909951882 4.2545 1.0 0.7285 17.4734851122 27.4996851552 0.773522219122 1409561460.05
0.586 0.978743657144 0.0340539895181 4.456 1.0 0.7517 17.4734851122 27.4996851552 0.777099726244 1409561461.77
0.555 0.978795992559 0.0312951489609 4.5331 1.0 0.784 17.4734851122 27.4996851552 0.782149398696 1409561463.35
0.577 0.978247459247 0.0318932317172 4.5903 1.0 0.8113 17.4734851122 27.4996851552 0.7856491946 1409561465.03
0.551 0.977968930409 0.0419294077444 4.8858 1.0 0.8167 17.4734851122 27.4996851552 0.797616867638 1409561466.71
0.593 0.976862021793 0.0467099964131 5.1687 1.0 0.8183 17.4734851122 27.4996851552 0.802241711021 1409561468.14
0.542 0.974889585819 0.0428447428826 5.3648 1.0 0.8267 17.4734851122 27.4996851552 0.811482463781 1409561469.78
0.577 0.973318034915 0.0352262168293 5.3322 1.0 0.844 17.4734851122 27.4996851552 0.796729947126 1409561471.23
0.551 0.973738444586 0.0302026920821 5.296 1.0 0.86 17.4734851122 27.4996851552 0.779860514786 1409561472.95
0.55 0.974584750083 0.0289273781815 5.4547 1.0 0.868 17.4734851122 27.4996851552 0.769607596335 1409561474.6
0.557 0.974980866742 0.029525284156 5.7095 1.0 0.8712 17.4734851122 27.4996851552 0.763444169331 1409561476.29
0.536 0.975316327527 0.0323089156246 5.7919 1.0 0.8754 17.4734851122 27.4996851552 0.751465540819 1409561478.01
0.579 0.974580190748 0.0376616424482 5.6858 1.0 0.8847 17.4734851122 27.4996851552 0.728164211671 1409561479.75
0.568 0.973245721465 0.0363231669336 5.9482 1.0 0.8854 17.4734851122 27.4996851552 0.738624332666 1409561481.14
0.571 0.973549506968 0.03634195974 5.8551 1.0 0.8965 17.4734851122 27.4996851552 0.714624879992 1409561482.86
0.602 0.973858017024 0.0404885427612 5.6689 1.0 0.4164 18.2367425561 29.1875106627 0.701960397774 1409561484.24
0.63 0.972997038775 0.0345398925053 5.0826 1.0 0.655 18.2367425561 29.1875106627 0.670695311522 1409561486.0
0.68 0.971887386035 0.0309373898596 4.9351 1.0 0.7117 18.2367425561 29.1875106627 0.672192085028 1409561487.72
0.679 0.972808326847 0.033692267036 4.2471 1.0 0.7836 18.2367425561 29.1875106627 0.681716907429 1409561489.52
0.706 0.973808373122 0.0407966916901 4.1891 1.0 0.8071 18.2367425561 29.1875106627 0.700222024937 1409561491.25
0.694 0.974114782266 0.0417863625016 4.0844 1.0 0.8276 18.2367425561 29.1875106627 0.706785469204 1409561492.65
0.709 0.974639924231 0.0490696145795 3.5916 1.0 0.8609 18.2367425561 29.1875106627 0.696990852677 1409561494.21
0.745 0.974287083135 0.0453644176704 3.0068 1.0 0.8912 18.2367425561 29.1875106627 0.681145934071 1409561496.01
0.71 0.973548367334 0.0361301532892 2.5132 1.0 0.2972 13.118371278 21.4231727985 0.683599498173 1409561497.68
0.705 0.973010112083 0.0340631008091 2.4985 1.0 0.7197 13.118371278 21.4231727985 0.688895454093 1409561499.06
0.679 0.972433261071 0.0347226227708 2.4281 1.0 0.7621 13.118371278 21.4231727985 0.694429878477 1409561500.29
0.655 0.973261582845 0.0371274646966 2.5506 1.0 0.7812 13.118371278 21.4231727985 0.729474260797 1409561501.72
0.686 0.975391779792 0.0389497653097 2.6827 1.0 0.7947 13.118371278 21.4231727985 0.740852233985 1409561503.36
0.694 0.976789521912 0.0434836831708 2.6641 1.0 0.8105 13.118371278 21.4231727985 0.754729376687 1409561504.98
0.706 0.976966974538 0.0432556007492 2.7891 1.0 0.8231 13.118371278 21.4231727985 0.753476750576 1409561506.73
0.645 0.977259282105 0.0426125157919 2.9791 1.0 0.8324 13.118371278 21.4231727985 0.736271236995 1409561508.22
0.666 0.977150643714 0.0397356201173 3.1032 1.0 0.8463 13.118371278 21.4231727985 0.720450201074 1409561509.57
0.634 0.977920268516 0.0366424228089 3.4066 1.0 0.8467 13.118371278 21.4231727985 0.681954556574 1409561510.91
0.625 0.97791129079 0.0361181977581 3.6267 1.0 0.8471 13.118371278 21.4231727985 0.681914785118 1409561512.22
0.609 0.978977778121 0.0376111184754 3.9069 1.0 0.8475 13.118371278 21.4231727985 0.693517101491 1409561513.85
0.611 0.980938046322 0.037727380274 4.1524 1.0 0.8486 13.118371278 21.4231727985 0.729849006012 1409561515.4
0.62 0.983041995601 0.0408071650364 4.4464 1.0 0.8499 13.118371278 21.4231727985 0.754538067837 1409561516.59
0.615 0.983552693426 0.0458715129191 4.7615 1.0 0.85 13.118371278 21.4231727985 0.770806789624 1409561518.13
0.609 0.981389647217 0.0430497728558 5.0516 1.0 0.85 13.118371278 21.4231727985 0.774176943164 1409561519.64
0.605 0.980043705148 0.0387032353845 5.3506 1.0 0.85 13.118371278 21.4231727985 0.766947438214 1409561521.12
0.648 0.978935713116 0.0376117060164 5.3997 1.0 0.8514 13.118371278 21.4231727985 0.723805901949 1409561522.35
0.636 0.979178222754 0.0339771974251 5.5646 1.0 0.8515 13.118371278 21.4231727985 0.703011713953 1409561523.57
0.646 0.979753382857 0.0343644634893 5.5459 1.0 0.8536 13.118371278 21.4231727985 0.719284372138 1409561524.84
0.609 0.980011200957 0.0366720387404 5.6115 1.0 0.8566 13.118371278 21.4231727985 0.738362226106 1409561526.2
0.626 0.978194415863 0.0392322740507 5.2436 1.0 0.8709 13.118371278 21.4231727985 0.726946110947 1409561527.46
0.609 0.976852382049 0.0482115551695 5.0205 1.0 0.8845 13.118371278 21.4231727985 0.730495161922 1409561528.8
0.651 0.97418543447 0.0490438273207 4.2979 1.0 0.5185 18.059185639 26.6908659174 0.691945235596 1409561530.56
0.651 0.972276420749 0.0461011653641 4.3008 1.0 0.6552 18.059185639 26.6908659174 0.68429215347 1409561532.27
0.623 0.971107980327 0.0438895604179 4.4265 1.0 0.6714 18.059185639 26.6908659174 0.70234369392 1409561533.8
0.623 0.971241826564 0.039168352616 4.3065 1.0 0.7106 18.059185639 26.6908659174 0.705346079707 1409561535.53
0.637 0.971957184611 0.0386003140614 4.2078 1.0 0.7297 18.059185639 26.6908659174 0.724106264641 1409561537.16
0.67 0.972253430951 0.0411710173693 4.1866 1.0 0.7419 18.059185639 26.6908659174 0.730131995622 1409561538.89
0.712 0.969970525434 0.0451475703611 3.6385 1.0 0.7708 18.059185639 26.6908659174 0.726582996126 1409561540.33
0.726 0.967667912142 0.0409303834707 3.1232 1.0 0.7968 18.059185639 26.6908659174 0.715593886956 1409561542.11
0.701 0.966467777899 0.0398466979753 3.1196 1.0 0.8045 18.059185639 26.6908659174 0.700568771945 1409561543.82
0.745 0.967031166994 0.0419773334328 2.975 1.0 0.8319 18.059185639 26.6908659174 0.678598724849 1409561545.58
0.698 0.968221788438 0.03871808485 2.9121 1.0 0.8505 18.059185639 26.6908659174 0.678842075842 1409561546.97
0.698 0.970815864816 0.0403791412223 2.916 1.0 0.8664 18.059185639 26.6908659174 0.717036955476 1409561548.25
0.667 0.973158946744 0.0478959135653 3.0229 1.0 0.8779 18.059185639 26.6908659174 0.714255432213 1409561549.52
0.708 0.973866970742 0.0553070033454 2.9046 1.0 0.8957 18.059185639 26.6908659174 0.708624125129 1409561550.93
0.653 0.973652234132 0.0572349473324 2.7008 1.0 0.6221 16.0295928195 24.3386455394 0.722981826867 1409561552.35
0.677 0.972919486314 0.0575248027285 2.465 1.0 0.7086 16.0295928195 24.3386455394 0.712662580437 1409561553.78
0.672 0.97298314537 0.0652979164233 2.5433 1.0 0.7413 16.0295928195 24.3386455394 0.720043128722 1409561555.07
0.656 0.972369421713 0.0676728324508 2.7066 1.0 0.7591 16.0295928195 24.3386455394 0.714219456326 1409561556.55
0.687 0.970148622308 0.0676941285126 2.8159 1.0 0.7906 16.0295928195 24.3386455394 0.707900658634 1409561558.03
0.647 0.967639203869 0.0636120094947 2.8389 1.0 0.811 16.0295928195 24.3386455394 0.733075738736 1409561559.72
0.693 0.966191367832 0.0587558350978 2.9858 1.0 0.8225 16.0295928195 24.3386455394 0.746872694081 1409561561.39
0.627 0.967160221468 0.0531553710096 3.048 1.0 0.8354 16.0295928195 24.3386455394 0.752077086488 1409561563.0
0.609 0.967112088502 0.052112618114 3.2716 1.0 0.8414 16.0295928195 24.3386455394 0.7574817728 1409561564.64
0.603 0.968332345422 0.0539478940309 3.4252 1.0 0.8515 16.0295928195 24.3386455394 0.766454304244 1409561566.24
0.641 0.96984358271 0.0542512183548 3.2965 1.0 0.8767 16.0295928195 24.3386455394 0.749571519925 1409561567.68
0.644 0.969277958952 0.0506717474705 3.0444 1.0 0.8979 16.0295928195 24.3386455394 0.750075895146 1409561569.26
0.661 0.969109333719 0.0513561859634 3.1663 1.0 0.6129 14.0147964098 21.3244522024 0.756882636147 1409561570.96
0.666 0.967817489536 0.0473292427474 3.0705 1.0 0.6849 14.0147964098 21.3244522024 0.757305593655 1409561572.79
0.623 0.967238528312 0.0431812272699 2.9955 1.0 0.7133 14.0147964098 21.3244522024 0.767303566529 1409561574.38
0.65 0.967470459025 0.0389503375224 3.0793 1.0 0.7279 14.0147964098 21.3244522024 0.759934200168 1409561575.88
0.654 0.968337821427 0.0367723729694 3.0665 1.0 0.7565 14.0147964098 21.3244522024 0.759752798895 1409561577.62
0.664 0.970187863295 0.032261746226 2.9089 1.0 0.7867 14.0147964098 21.3244522024 0.753585127401 1409561579.12
0.625 0.972078649402 0.0339617138511 2.9171 1.0 0.8009 14.0147964098 21.3244522024 0.760605153927 1409561580.41
0.644 0.972302498521 0.0373452216618 3.0946 1.0 0.8081 14.0147964098 21.3244522024 0.770076058627 1409561582.0
0.674 0.971484012774 0.0389165958942 3.2659 1.0 0.812 14.0147964098 21.3244522024 0.778900642341 1409561583.4
0.665 0.972265895027 0.0459486644395 3.2278 1.0 0.8254 14.0147964098 21.3244522024 0.77993403762 1409561584.87
0.676 0.973885288816 0.0452530273948 3.2355 1.0 0.838 14.0147964098 21.3244522024 0.769100718767 1409561586.41
0.652 0.974636310627 0.0471795520359 3.3858 1.0 0.8437 14.0147964098 21.3244522024 0.740370317219 1409561588.26
0.647 0.975141279413 0.0534496694559 3.6381 1.0 0.8454 14.0147964098 21.3244522024 0.774836442245 1409561589.77
0.6 0.975918967545 0.0466966268064 3.9913 1.0 0.8467 14.0147964098 21.3244522024 0.784498756773 1409561591.67
0.553 0.976571654095 0.0392097511378 4.2702 1.0 0.8532 14.0147964098 21.3244522024 0.797478308551 1409561593.43
0.538 0.977374364985 0.0408504017447 4.6331 1.0 0.8556 14.0147964098 21.3244522024 0.804213006047 1409561594.93
0.539 0.978580873828 0.0365643596582 5.0302 1.0 0.857 14.0147964098 21.3244522024 0.80218428828 1409561596.5
0.5 0.978647525883 0.0332110147687 5.382 1.0 0.8605 14.0147964098 21.3244522024 0.800808691302 1409561597.89
0.496 0.978508250546 0.0298968139061 5.6098 1.0 0.8689 14.0147964098 21.3244522024 0.791184161019 1409561599.29
0.512 0.979356261377 0.0311492483369 5.8709 1.0 0.8758 14.0147964098 21.3244522024 0.784189440288 1409561600.66
0.515 0.979086100067 0.0381662792576 6.0899 1.0 0.8813 14.0147964098 21.3244522024 0.781497114834 1409561602.39
0.537 0.978778256798 0.0471876232078 6.0862 1.0 0.8916 14.0147964098 21.3244522024 0.783966104457 1409561604.09
0.554 0.977081386655 0.0453841258031 6.2225 1.0 0.8967 14.0147964098 21.3244522024 0.765103481611 1409561605.73
0.563 0.975770676595 0.0420465705551 5.8562 1.0 0.3601 18.5073982049 29.2597125972 0.761158824446 1409561607.2
0.558 0.975813731634 0.0479476794115 6.0091 1.0 0.607 18.5073982049 29.2597125972 0.789932837838 1409561608.77
0.586 0.975070911223 0.0479782453625 6.1191 1.0 0.6329 18.5073982049 29.2597125972 0.758649731008 1409561610.26
0.612 0.974157875645 0.0499905837655 6.0552 1.0 0.6674 18.5073982049 29.2597125972 0.714529592464 1409561612.04
0.623 0.972682873858 0.0505569766862 6.2024 1.0 0.6828 18.5073982049 29.2597125972 0.714953570751 1409561613.72
0.669 0.97078199096 0.0519294480664 5.9269 1.0 0.7177 18.5073982049 29.2597125972 0.689139960399 1409561615.35
0.684 0.969495623808 0.0540778457581 5.7593 1.0 0.7482 18.5073982049 29.2597125972 0.703546828172 1409561616.79
0.677 0.969774618099 0.0470458066567 5.793 1.0 0.7698 18.5073982049 29.2597125972 0.704616044518 1409561618.59
0.663 0.969386294742 0.0370711975405 5.6674 1.0 0.7924 18.5073982049 29.2597125972 0.722098551504 1409561620.24
0.623 0.970440313872 0.0358014823391 5.8903 1.0 0.8014 18.5073982049 29.2597125972 0.740622451563 1409561621.98
0.618 0.973007060239 0.0354777884202 6.1567 1.0 0.804 18.5073982049 29.2597125972 0.740449552808 1409561623.74
0.628 0.976200903691 0.0399864917824 6.1283 1.0 0.8177 18.5073982049 29.2597125972 0.772302463131 1409561625.39
0.635 0.977668822242 0.0437025574256 5.4357 1.0 0.8596 18.5073982049 29.2597125972 0.760545741006 1409561626.95
0.66 0.978630953477 0.0454443737272 5.1522 1.0 0.8812 18.5073982049 29.2597125972 0.755196196229 1409561628.64
0.684 0.979062929694 0.0460717495218 4.9515 1.0 0.8885 18.5073982049 29.2597125972 0.727395676299 1409561629.97
0.771 0.978115678464 0.0532342911503 4.5488 1.0 0.8973 18.5073982049 29.2597125972 0.715605620644 1409561631.21
0.778 0.974714058323 0.0444677621339 4.1408 1.0 0.7546 17.2536991024 26.9531363946 0.706744869431 1409561632.76
0.83 0.972811839925 0.0471415270397 3.052 1.0 0.8262 17.2536991024 26.9531363946 0.717933600111 1409561634.31
0.774 0.971745921892 0.0557310038053 2.5867 1.0 0.8523 17.2536991024 26.9531363946 0.7326661979 1409561636.09
0.815 0.971248807182 0.0553856494949 1.5736 1.0 0.0007 10.1268495512 16.6713971844 0.731252096451 1409561637.99
0.812 0.969852072069 0.0559767359775 1.1107 1.0 0.805 10.1268495512 16.6713971844 0.735036045986 1409561639.5
0.767 0.969852093275 0.0568632467453 0.9911 1.0 0.8336 10.1268495512 16.6713971844 0.744449166159 1409561641.06
0.764 0.970137034035 0.0536020957563 1.1314 1.0 0.8461 10.1268495512 16.6713971844 0.75121118451 1409561642.86
0.759 0.968948850554 0.0484654513283 1.3316 1.0 0.8559 10.1268495512 16.6713971844 0.759207367616 1409561644.22
0.731 0.968257358546 0.0440214201604 1.5374 1.0 0.8606 10.1268495512 16.6713971844 0.764149473207 1409561645.52
0.728 0.968418069173 0.0432858039892 1.7369 1.0 0.8644 10.1268495512 16.6713971844 0.768801395827 1409561646.86
0.666 0.970281652743 0.0465358757416 2.0287 1.0 0.8644 10.1268495512 16.6713971844 0.775214878822 1409561648.14
0.679 0.971697593577 0.0456369417146 2.2808 1.0 0.8661 10.1268495512 16.6713971844 0.763411458752 1409561649.56
0.63 0.971286166224 0.0376636567741 2.4988 1.0 0.8713 10.1268495512 16.6713971844 0.735595273148 1409561651.06
0.638 0.971175645155 0.0358226155654 2.6117 1.0 0.883 10.1268495512 16.6713971844 0.713761855587 1409561652.39
0.614 0.970835847606 0.0344909758849 2.7366 1.0 0.3983 10.5634247756 15.9934570666 0.726651883161 1409561653.72
0.61 0.971956842746 0.0340142491957 2.8919 1.0 0.6139 10.5634247756 15.9934570666 0.747574209143 1409561655.44
0.576 0.975836272512 0.0409813163356 3.1254 1.0 0.642 10.5634247756 15.9934570666 0.781401241529 1409561657.04
0.551 0.976967052391 0.0438289773917 3.3801 1.0 0.6605 10.5634247756 15.9934570666 0.798814781267 1409561658.33
0.498 0.978849459416 0.0483269759503 3.6576 1.0 0.681 10.5634247756 15.9934570666 0.809111840475 1409561659.56
0.489 0.979917339105 0.0586096477382 4.1168 1.0 0.6858 10.5634247756 15.9934570666 0.814144630413 1409561660.77
0.499 0.979440352524 0.0697787108686 4.3593 1.0 0.7037 10.5634247756 15.9934570666 0.809346601002 1409561661.9
0.525 0.977930433864 0.0710162626568 4.7299 1.0 0.7091 10.5634247756 15.9934570666 0.826237621529 1409561663.41
0.555 0.977078459988 0.0718346647864 4.9503 1.0 0.725 10.5634247756 15.9934570666 0.831513639921 1409561664.58
0.556 0.976364844669 0.0640515938002 5.2403 1.0 0.7353 10.5634247756 15.9934570666 0.846540079218 1409561666.07
0.553 0.97623950054 0.0596615632775 5.4347 1.0 0.7467 10.5634247756 15.9934570666 0.85074609662 1409561667.89
0.549 0.975674539028 0.051516680257 5.5973 1.0 0.7646 10.5634247756 15.9934570666 0.837711131079 1409561669.76
0.474 0.97574282166 0.047824491582 5.8375 1.0 0.7725 10.5634247756 15.9934570666 0.843834666319 1409561671.18
0.521 0.976682883938 0.0416502713134 6.0412 1.0 0.7844 10.5634247756 15.9934570666 0.822102599052 1409561672.7
0.49 0.978587948038 0.0418107876485 6.058 1.0 0.8077 10.5634247756 15.9934570666 0.81897368437 1409561674.42
0.485 0.978639996896 0.036157280368 6.3168 1.0 0.8165 10.5634247756 15.9934570666 0.802886073113 1409561676.15
0.517 0.978615352626 0.0369450368224 6.5351 1.0 0.8251 10.5634247756 15.9934570666 0.778821633808 1409561677.81
0.488 0.978917386621 0.0355399353031 6.5744 1.0 0.8425 10.5634247756 15.9934570666 0.77171499276 1409561679.42
0.448 0.981091311077 0.0324560149982 7.112 1.0 0.8426 10.5634247756 15.9934570666 0.803775277294 1409561680.99
0.455 0.981997360894 0.0320970489453 7.5385 1.0 0.8457 10.5634247756 15.9934570666 0.799639610288 1409561682.56
0.444 0.982194701677 0.0343471026738 8.0 1.0 0.8479 10.5634247756 15.9934570666 0.829635258603 1409561684.12
0.452 0.982819216219 0.0336900398065 8.4576 1.0 0.849 10.5634247756 15.9934570666 0.850503037751 1409561685.7
0.465 0.983862615847 0.0357505064763 8.539 1.0 0.8641 10.5634247756 15.9934570666 0.83889107748 1409561687.28
0.466 0.983009720082 0.0351143966745 8.3681 1.0 0.8823 10.5634247756 15.9934570666 0.799446621822 1409561688.9
0.437 0.983386746352 0.0321895654652 8.2585 1.0 0.8989 10.5634247756 15.9934570666 0.82206588515 1409561690.52
0.427 0.98419809888 0.0322963777119 8.286 1.0 0.3134 17.7817123878 27.0888380943 0.82101581616 1409561691.82
0.448 0.984426989146 0.0341740501809 8.3924 1.0 0.4772 17.7817123878 27.0888380943 0.817354766994 1409561693.02
0.512 0.983101618108 0.0358787351222 8.4243 1.0 0.5163 17.7817123878 27.0888380943 0.80431028191 1409561694.27
0.533 0.981524588531 0.0381747495925 8.3218 1.0 0.5481 17.7817123878 27.0888380943 0.775178560539 1409561695.65
0.54 0.979760860372 0.0404313128442 8.0378 1.0 0.5894 17.7817123878 27.0888380943 0.774126736572 1409561697.24
0.562 0.978962841385 0.0430308355347 7.6635 1.0 0.6349 17.7817123878 27.0888380943 0.773988098033 1409561698.57
0.553 0.978962687451 0.0462748213891 7.6021 1.0 0.6646 17.7817123878 27.0888380943 0.796629288318 1409561700.15
0.564 0.978877322769 0.0449112502172 7.2786 1.0 0.7099 17.7817123878 27.0888380943 0.794434467055 1409561701.81
0.545 0.978354926364 0.0387249477832 7.1354 1.0 0.7362 17.7817123878 27.0888380943 0.77972209212 1409561703.3
0.563 0.976738362769 0.0425066007841 6.5507 1.0 0.773 17.7817123878 27.0888380943 0.758653579922 1409561704.71
0.595 0.975233179426 0.0478520822065 6.283 1.0 0.7937 17.7817123878 27.0888380943 0.730738141058 1409561706.26
0.651 0.97466918489 0.052499212696 5.7145 1.0 0.8248 17.7817123878 27.0888380943 0.71425987908 1409561707.85
0.68 0.975106990695 0.0505576903751 5.1069 1.0 0.8573 17.7817123878 27.0888380943 0.728717992261 1409561709.44
0.716 0.974426770912 0.0558470804897 4.7386 1.0 0.8836 17.7817123878 27.0888380943 0.737028457591 1409561710.83
0.669 0.97377814477 0.047875913019 4.2486 1.0 0.4035 15.8908561939 23.7741850584 0.750714350324 1409561712.32
0.68 0.972846882736 0.0467918259439 3.4233 1.0 0.6866 15.8908561939 23.7741850584 0.738454804455 1409561714.03
0.672 0.972946183479 0.0483751645497 3.2798 1.0 0.7145 15.8908561939 23.7741850584 0.758215662817 1409561715.72
0.67 0.972430317772 0.0482979411978 2.7024 1.0 0.7526 15.8908561939 23.7741850584 0.747223086579 1409561717.31
0.633 0.970884521287 0.0516944120995 2.557 1.0 0.7749 15.8908561939 23.7741850584 0.742242562578 1409561719.08
0.588 0.969387026441 0.0415999754045 2.5909 1.0 0.7863 15.8908561939 23.7741850584 0.756978744017 1409561720.86
0.566 0.970753834292 0.0389928272305 2.652 1.0 0.7955 15.8908561939 23.7741850584 0.770529339838 1409561722.18
0.569 0.972642504752 0.041228595197 2.957 1.0 0.7987 15.8908561939 23.7741850584 0.795686858963 1409561723.46
0.546 0.973133964705 0.0422708496783 3.3124 1.0 0.8013 15.8908561939 23.7741850584 0.798462404075 1409561724.77
0.574 0.972507739204 0.0378590384712 3.6195 1.0 0.8032 15.8908561939 23.7741850584 0.802964644022 1409561726.41
0.569 0.972249323688 0.0387589024046 3.9101 1.0 0.8054 15.8908561939 23.7741850584 0.789062178603 1409561728.25
0.546 0.972701974515 0.0378577278062 4.2948 1.0 0.8055 15.8908561939 23.7741850584 0.805819823045 1409561730.05
0.526 0.972723760204 0.0346422049681 4.5381 1.0 0.8088 15.8908561939 23.7741850584 0.814667363285 1409561731.56
0.475 0.974013676372 0.029618413677 4.8774 1.0 0.8165 15.8908561939 23.7741850584 0.839791112548 1409561733.09
0.441 0.975418681733 0.0283767079929 5.3612 1.0 0.8193 15.8908561939 23.7741850584 0.863085180898 1409561734.45
0.446 0.975294622386 0.0302630789027 5.806 1.0 0.8222 15.8908561939 23.7741850584 0.848891408207 1409561736.05
0.477 0.97567047872 0.0343725514287 6.2553 1.0 0.823 15.8908561939 23.7741850584 0.846999282938 1409561737.39
0.44 0.975981951709 0.0333054365312 6.706 1.0 0.8254 15.8908561939 23.7741850584 0.873217743276 1409561738.99
0.42 0.976692556789 0.0274161515969 7.201 1.0 0.8254 15.8908561939 23.7741850584 0.869560179916 1409561740.39
0.402 0.976544704473 0.028592178745 7.7239 1.0 0.8254 15.8908561939 23.7741850584 0.877365297956 1409561741.71
0.402 0.976884458354 0.0303647181226 8.1561 1.0 0.8272 15.8908561939 23.7741850584 0.87832695217 1409561743.47
0.397 0.976125851666 0.0337247586218 8.4045 1.0 0.8333 15.8908561939 23.7741850584 0.841127987966 1409561745.18
0.429 0.975315447068 0.0380753679258 8.7463 1.0 0.8389 15.8908561939 23.7741850584 0.832190225951 1409561746.8
0.421 0.974126001758 0.0424136963467 8.9633 1.0 0.8449 15.8908561939 23.7741850584 0.817458850578 1409561748.51
0.431 0.974247797129 0.0423996058584 9.0659 1.0 0.851 15.8908561939 23.7741850584 0.806050997959 1409561750.19
0.441 0.974718648231 0.0415444395621 9.2229 1.0 0.8512 15.8908561939 23.7741850584 0.806909661913 1409561751.91
0.417 0.976386907299 0.037612459352 9.463 1.0 0.8516 15.8908561939 23.7741850584 0.82719764168 1409561753.63
0.485 0.977249667072 0.0342528966035 9.527 1.0 0.8522 15.8908561939 23.7741850584 0.81106875266 1409561755.36
0.502 0.977646395206 0.0352290880661 9.3809 1.0 0.8563 15.8908561939 23.7741850584 0.799398421173 1409561756.86
0.478 0.977688056893 0.0413455075166 9.2631 1.0 0.867 15.8908561939 23.7741850584 0.822693310167 1409561758.6
0.475 0.976751359746 0.0396138861001 8.5534 1.0 0.8812 15.8908561939 23.7741850584 0.786850635091 1409561760.23
0.585 0.975345231547 0.0397462377591 8.2992 1.0 0.8944 15.8908561939 23.7741850584 0.744976540233 1409561761.55
0.578 0.974354936698 0.0385912855725 8.1098 1.0 0.3433 23.945428097 37.1968739613 0.73162219169 1409561763.13
0.556 0.973677377435 0.0331125776925 8.389 1.0 0.5486 23.945428097 37.1968739613 0.72757206035 1409561764.73
0.552 0.973587777467 0.0283498514416 7.6274 1.0 0.5974 23.945428097 37.1968739613 0.69375081199 1409561766.27
0.526 0.974250020035 0.0335831382382 7.7956 1.0 0.6146 23.945428097 37.1968739613 0.706728792821 1409561767.78
0.536 0.973843546844 0.0328814377312 7.7351 1.0 0.6335 23.945428097 37.1968739613 0.71134556532 1409561769.06
0.558 0.974766522714 0.0327509449497 7.4764 1.0 0.6651 23.945428097 37.1968739613 0.733365089802 1409561770.25
0.549 0.975335821915 0.0295075693892 7.6334 1.0 0.6804 23.945428097 37.1968739613 0.756497250817 1409561771.94
0.548 0.975877124837 0.0307937068397 7.5364 1.0 0.6953 23.945428097 37.1968739613 0.782101358395 1409561773.58
0.535 0.975899578394 0.0342091793811 7.8877 1.0 0.7003 23.945428097 37.1968739613 0.814672028207 1409561775.06
0.494 0.975238751078 0.0311002593395 8.1311 1.0 0.7145 23.945428097 37.1968739613 0.82755715076 1409561776.31
0.491 0.975160702698 0.0304122426909 8.2369 1.0 0.7303 23.945428097 37.1968739613 0.817598780018 1409561777.95
0.527 0.974924476079 0.0302671912535 8.2972 1.0 0.7427 23.945428097 37.1968739613 0.806320728131 1409561779.57
0.548 0.97488114741 0.0338347823493 8.4735 1.0 0.7482 23.945428097 37.1968739613 0.782085840287 1409561780.97
0.557 0.973910357305 0.0395484110843 8.3301 1.0 0.76 23.945428097 37.1968739613 0.76864293065 1409561782.24
0.547 0.972436537731 0.0367294093565 8.3442 1.0 0.7702 23.945428097 37.1968739613 0.747938233365 1409561783.52
0.563 0.97151916133 0.0423398341661 8.3395 1.0 0.7869 23.945428097 37.1968739613 0.741864837934 1409561784.74
0.59 0.971499082691 0.0418045919124 8.3448 1.0 0.7944 23.945428097 37.1968739613 0.76280980654 1409561785.95
0.619 0.97140109687 0.0439694958569 8.0478 1.0 0.809 23.945428097 37.1968739613 0.767483647219 1409561787.29
0.666 0.970954167259 0.0465233097645 7.2245 1.0 0.8327 23.945428097 37.1968739613 0.74959687327 1409561788.65
0.737 0.97003224948 0.0504535749738 6.3945 1.0 0.856 23.945428097 37.1968739613 0.739377931904 1409561790.39
0.764 0.970710420444 0.0487852424758 5.3923 1.0 0.8863 23.945428097 37.1968739613 0.71339109888 1409561792.28
0.788 0.970227524198 0.047988961439 4.5434 1.0 0.3521 22.4727140485 34.1336354308 0.706375845963 1409561794.11
0.778 0.968733250475 0.0446197712727 3.4488 1.0 0.7963 22.4727140485 34.1336354308 0.687640333746 1409561795.52
0.763 0.969237139337 0.0414706642598 3.1381 1.0 0.8261 22.4727140485 34.1336354308 0.723118299215 1409561797.31
0.751 0.970280126025 0.0415260708439 2.4912 1.0 0.8498 22.4727140485 34.1336354308 0.727055177113 1409561799.17
0.745 0.970904533349 0.0404556063402 1.9242 1.0 0.8743 22.4727140485 34.1336354308 0.718613856356 1409561800.68
0.696 0.972328744457 0.040504481412 1.7518 1.0 0.8924 22.4727140485 34.1336354308 0.734798283251 1409561802.05
0.67 0.974435562716 0.042438295974 1.8258 1.0 0.3626 14.2363570242 21.8875916745 0.747103414943 1409561803.75
0.648 0.975059878149 0.0423840414687 1.9499 1.0 0.6784 14.2363570242 21.8875916745 0.747188587799 1409561805.52
0.648 0.975403214991 0.0358399622954 2.0324 1.0 0.7326 14.2363570242 21.8875916745 0.737496342075 1409561806.77
0.629 0.976845082806 0.0279760757947 2.2699 1.0 0.7482 14.2363570242 21.8875916745 0.728370908586 1409561808.56
0.577 0.978882556623 0.0288974796918 2.5363 1.0 0.7594 14.2363570242 21.8875916745 0.763282252825 1409561810.3
0.541 0.981147430004 0.0255451501981 2.8118 1.0 0.7677 14.2363570242 21.8875916745 0.760726515379 1409561811.79
0.556 0.983303770178 0.0252963605146 3.1859 1.0 0.7727 14.2363570242 21.8875916745 0.773382098799 1409561812.99
0.489 0.98518405044 0.033728350918 3.5347 1.0 0.7818 14.2363570242 21.8875916745 0.791156105404 1409561814.25
0.484 0.984838436192 0.0354504488127 3.9616 1.0 0.7881 14.2363570242 21.8875916745 0.807007182888 1409561815.64
0.478 0.984832290408 0.0385205197897 4.3651 1.0 0.7928 14.2363570242 21.8875916745 0.819007227118 1409561816.81
0.482 0.984185689848 0.0413930729622 4.6709 1.0 0.799 14.2363570242 21.8875916745 0.810344096032 1409561817.9
0.507 0.983494782337 0.0487102853081 4.9809 1.0 0.8066 14.2363570242 21.8875916745 0.828744382816 1409561819.18
0.474 0.982346445098 0.0499066040699 5.0519 1.0 0.8244 14.2363570242 21.8875916745 0.847839687302 1409561820.61
0.494 0.981109837171 0.0497185352717 5.2386 1.0 0.8362 14.2363570242 21.8875916745 0.850111838813 1409561822.02
0.486 0.981463796648 0.0418885258855 5.1403 1.0 0.8625 14.2363570242 21.8875916745 0.846408457795 1409561823.58
0.494 0.980290602653 0.0380205232579 5.3259 1.0 0.8697 14.2363570242 21.8875916745 0.819255356691 1409561825.2
0.555 0.979312614112 0.0366405537673 5.0462 1.0 0.896 14.2363570242 21.8875916745 0.779050830551 1409561826.74
0.6 0.979435211567 0.038306819998 4.6785 1.0 0.4479 15.6181785121 23.1739743126 0.756883773272 1409561828.18
0.616 0.977707957681 0.0342170586571 4.3755 1.0 0.6273 15.6181785121 23.1739743126 0.731947091462 1409561829.7
0.62 0.975808023685 0.0267277086637 3.997 1.0 0.6741 15.6181785121 23.1739743126 0.691194525653 1409561831.41
0.6 0.974549199966 0.0237798990013 4.0038 1.0 0.7006 15.6181785121 23.1739743126 0.675226551858 1409561833.12
0.613 0.974432197713 0.0251325283798 4.1162 1.0 0.7274 15.6181785121 23.1739743126 0.661042133469 1409561834.65
0.611 0.973740936617 0.0239439832591 4.1788 1.0 0.7494 15.6181785121 23.1739743126 0.66460621917 1409561836.1
0.606 0.973814239852 0.0274923751909 4.148 1.0 0.7754 15.6181785121 23.1739743126 0.67460614614 1409561837.74
0.646 0.973473707654 0.0273495722301 3.9722 1.0 0.8091 15.6181785121 23.1739743126 0.683039431187 1409561839.41
0.665 0.974798210836 0.0380630091214 3.8971 1.0 0.8327 15.6181785121 23.1739743126 0.688963342357 1409561841.04
0.661 0.975466295421 0.0420370199087 3.8001 1.0 0.8589 15.6181785121 23.1739743126 0.706049341123 1409561842.69
0.664 0.976575996372 0.044131656067 3.4845 1.0 0.8918 15.6181785121 23.1739743126 0.722654096412 1409561844.27
0.667 0.977798548111 0.042176837546 3.6505 1.0 0.8984 15.6181785121 23.1739743126 0.734829478053 1409561845.97
0.613 0.975823113092 0.037157123393 3.9462 1.0 0.8987 15.6181785121 23.1739743126 0.734802752476 1409561847.87
0.649 0.973458144957 0.0336291371763 4.1043 1.0 0.1242 14.3090892561 22.3994707054 0.705046140013 1409561849.5
0.666 0.972305011675 0.032291874663 4.0354 1.0 0.6506 14.3090892561 22.3994707054 0.690705460567 1409561851.36
0.647 0.973293825383 0.032950392971 4.0107 1.0 0.695 14.3090892561 22.3994707054 0.686367159267 1409561852.69
0.606 0.975567409128 0.036131855124 4.0402 1.0 0.7295 14.3090892561 22.3994707054 0.702898836801 1409561854.01
0.597 0.976604326309 0.0389390084539 4.0714 1.0 0.7599 14.3090892561 22.3994707054 0.71967711796 1409561855.36
0.596 0.975882231769 0.0346499491813 4.0796 1.0 0.7807 14.3090892561 22.3994707054 0.723557276121 1409561857.08
0.628 0.976539663534 0.0402774538326 4.1002 1.0 0.7988 14.3090892561 22.3994707054 0.711676001546 1409561858.71
0.647 0.975745388477 0.0394918517682 3.9316 1.0 0.8195 14.3090892561 22.3994707054 0.707166697185 1409561860.27
0.705 0.974779582004 0.0392072260543 3.761 1.0 0.8441 14.3090892561 22.3994707054 0.700180035649 1409561862.01
0.667 0.974531348458 0.0374882754552 3.8326 1.0 0.8557 14.3090892561 22.3994707054 0.711608650172 1409561863.79
0.693 0.975042702823 0.0399838194943 2.8931 1.0 0.8956 14.3090892561 22.3994707054 0.717009080104 1409561865.55
0.659 0.975227248535 0.0457453113933 2.7245 1.0 0.3002 12.654544628 19.9994073603 0.719723939187 1409561867.34
0.689 0.975871958354 0.0454498631231 2.3609 1.0 0.6985 12.654544628 19.9994073603 0.720588631563 1409561869.16
0.71 0.976129362895 0.0514657209014 2.3662 1.0 0.7378 12.654544628 19.9994073603 0.714965983227 1409561870.63
0.739 0.974682759352 0.0515953673283 2.2505 1.0 0.7863 12.654544628 19.9994073603 0.709240789555 1409561872.12
0.751 0.974559382366 0.0482668510605 2.0331 1.0 0.829 12.654544628 19.9994073603 0.711979939328 1409561873.8
0.715 0.974529893694 0.0471223580125 2.1015 1.0 0.8463 12.654544628 19.9994073603 0.724793622612 1409561875.41
0.704 0.975318773705 0.0429421616804 2.2447 1.0 0.8557 12.654544628 19.9994073603 0.732245663083 1409561876.88
0.646 0.976902855405 0.0470028602617 2.5457 1.0 0.8575 12.654544628 19.9994073603 0.7587965144 1409561878.11
0.603 0.978348862125 0.0535904639621 2.8701 1.0 0.8599 12.654544628 19.9994073603 0.775002080935 1409561879.4
0.562 0.979526071389 0.0533193415373 3.1627 1.0 0.8678 12.654544628 19.9994073603 0.78267687404 1409561881.16
0.56 0.979407210023 0.0507865215922 3.17 1.0 0.8963 12.654544628 19.9994073603 0.766672343723 1409561882.63
0.594 0.978734036907 0.0474018059599 3.2952 1.0 0.382 11.827272314 18.4061186658 0.767389165728 1409561884.09
0.574 0.977927104565 0.0520857527504 3.4704 1.0 0.5766 11.827272314 18.4061186658 0.761994322519 1409561885.69
0.578 0.976269136976 0.0517369339605 3.5768 1.0 0.6118 11.827272314 18.4061186658 0.774144428794 1409561887.39
0.591 0.976050776162 0.0530004400665 3.7821 1.0 0.6329 11.827272314 18.4061186658 0.783694062664 1409561889.14
0.651 0.977544148166 0.0625401153876 3.8285 1.0 0.6626 11.827272314 18.4061186658 0.792107353068 1409561890.5
0.611 0.980194391746 0.0708039823808 3.8117 1.0 0.6923 11.827272314 18.4061186658 0.779907548879 1409561892.04
0.656 0.981045469501 0.0685837595182 3.5869 1.0 0.735 11.827272314 18.4061186658 0.73996676825 1409561893.65
0.706 0.981115829719 0.0678698087336 3.0322 1.0 0.7794 11.827272314 18.4061186658 0.730138566341 1409561895.42
0.674 0.980516339568 0.0662365685646 3.0242 1.0 0.7955 11.827272314 18.4061186658 0.723393342457 1409561897.29
0.727 0.979439908501 0.0656619951564 2.7971 1.0 0.8201 11.827272314 18.4061186658 0.720323486973 1409561899.02
0.716 0.979038842468 0.0618696391566 2.8377 1.0 0.8323 11.827272314 18.4061186658 0.728619484314 1409561900.44
0.745 0.97913916037 0.0536119582518 2.7635 1.0 0.8471 11.827272314 18.4061186658 0.720509586733 1409561902.34
0.785 0.979270609733 0.0482354607859 2.5647 1.0 0.8665 11.827272314 18.4061186658 0.706503574384 1409561903.76
0.784 0.979050299369 0.0465956002989 2.3934 1.0 0.8869 11.827272314 18.4061186658 0.723132761442 1409561905.05
0.747 0.978850398816 0.0475442486754 1.8468 1.0 0.5622 12.913636157 20.3340978795 0.73325779615 1409561906.61
0.742 0.978008599721 0.0515846895504 1.6254 1.0 0.7882 12.913636157 20.3340978795 0.745150454321 1409561908.27
0.743 0.975808534535 0.0497483584404 1.6765 1.0 0.8146 12.913636157 20.3340978795 0.750847147418 1409561910.0
0.729 0.972817465549 0.0468017231244 1.6213 1.0 0.8377 12.913636157 20.3340978795 0.747109451444 1409561911.73
0.746 0.972047335956 0.043461079404 1.6707 1.0 0.8529 12.913636157 20.3340978795 0.746064715854 1409561913.38
0.745 0.971735785485 0.0429911152721 1.7914 1.0 0.8674 12.913636157 20.3340978795 0.74007705162 1409561914.95
0.769 0.972234261741 0.047237894275 1.8197 1.0 0.8818 12.913636157 20.3340978795 0.737876252937 1409561916.59
0.713 0.973191220722 0.0430903309668 1.9288 1.0 0.8952 12.913636157 20.3340978795 0.758986473268 1409561918.35
0.664 0.97483705565 0.0390488306814 2.1696 1.0 0.8998 12.913636157 20.3340978795 0.772601941651 1409561920.16
0.656 0.975114696781 0.0341409355782 2.3226 1.0 0.5954 10.9568180785 17.7021409359 0.759938140469 1409561921.99
0.644 0.976984949991 0.0333738642926 2.4502 1.0 0.7033 10.9568180785 17.7021409359 0.77175418526 1409561923.32
0.657 0.978651516045 0.0296816505776 2.4972 1.0 0.7373 10.9568180785 17.7021409359 0.757859389703 1409561924.59
0.647 0.979856049996 0.0312737285921 2.7042 1.0 0.7572 10.9568180785 17.7021409359 0.741206100213 1409561925.8
0.645 0.981367264869 0.0365350165469 2.8898 1.0 0.7792 10.9568180785 17.7021409359 0.741485056833 1409561927.07
0.671 0.982310353822 0.039647043271 2.8688 1.0 0.816 10.9568180785 17.7021409359 0.753832142848 1409561928.24
0.662 0.983800009437 0.0455207213532 2.9156 1.0 0.8453 10.9568180785 17.7021409359 0.770937020885 1409561929.48
0.628 0.983971885635 0.0466886999081 3.1975 1.0 0.8497 10.9568180785 17.7021409359 0.784794048783 1409561930.74
0.68 0.982622384854 0.0470477008409 3.2371 1.0 0.8699 10.9568180785 17.7021409359 0.777147454594 1409561932.19
0.612 0.98172420332 0.0415633001733 3.25 1.0 0.8878 10.9568180785 17.7021409359 0.778753229922 1409561933.52
0.629 0.980888203556 0.0364341644427 3.3837 1.0 0.8985 10.9568180785 17.7021409359 0.764931439203 1409561935.17
0.643 0.979248033398 0.0362628886537 3.4326 1.0 0.369 10.9784090393 16.4032679243 0.768545310197 1409561936.64
0.656 0.977180072407 0.0362328129011 3.2768 1.0 0.6372 10.9784090393 16.4032679243 0.759909628483 1409561938.35
0.616 0.975713940427 0.0369928999669 3.438 1.0 0.6707 10.9784090393 16.4032679243 0.748169617009 1409561939.81
0.59 0.975082484277 0.0334018876524 3.7043 1.0 0.6956 10.9784090393 16.4032679243 0.74942052928 1409561941.51
0.575 0.974860993889 0.0278254064408 3.9287 1.0 0.7205 10.9784090393 16.4032679243 0.738652897328 1409561942.96
0.592 0.975314976983 0.026630752608 4.2805 1.0 0.7276 10.9784090393 16.4032679243 0.751643002543 1409561944.31
0.531 0.975356578475 0.0271641532186 4.6765 1.0 0.7312 10.9784090393 16.4032679243 0.782079846997 1409561945.99
0.562 0.976465984272 0.0249313469507 4.8373 1.0 0.7494 10.9784090393 16.4032679243 0.748087057668 1409561947.7
0.49 0.978423401819 0.023673596389 5.2992 1.0 0.7501 10.9784090393 16.4032679243 0.780188780731 1409561949.41
0.544 0.980045107661 0.0307420202293 5.7168 1.0 0.7501 10.9784090393 16.4032679243 0.785089392686 1409561950.92
0.488 0.98044371496 0.0295595374288 6.1041 1.0 0.7509 10.9784090393 16.4032679243 0.795366875919 1409561952.35
0.51 0.979786310513 0.0250017528011 6.5767 1.0 0.7519 10.9784090393 16.4032679243 0.790817830821 1409561953.62
0.487 0.980291727947 0.0261784424231 7.0595 1.0 0.7519 10.9784090393 16.4032679243 0.798323742774 1409561955.24
0.473 0.98067007346 0.0301015615209 7.4072 1.0 0.753 10.9784090393 16.4032679243 0.777195855445 1409561956.77
0.51 0.980293341294 0.0298555415185 7.7241 1.0 0.755 10.9784090393 16.4032679243 0.769695145761 1409561958.36
0.496 0.979371029229 0.0273127328924 8.0452 1.0 0.7551 10.9784090393 16.4032679243 0.753905359908 1409561960.0
0.496 0.979350649199 0.032666134576 8.3116 1.0 0.7566 10.9784090393 16.4032679243 0.778960739529 1409561961.58
0.531 0.977917684441 0.0389076749012 8.1393 1.0 0.7733 10.9784090393 16.4032679243 0.778810815449 1409561962.83
0.518 0.97604900886 0.0387323342095 8.3237 1.0 0.7779 10.9784090393 16.4032679243 0.768193836395 1409561964.24
0.514 0.974675417044 0.0368861781555 8.0647 1.0 0.7989 10.9784090393 16.4032679243 0.764960249642 1409561965.64
0.511 0.972786843279 0.0332032368209 7.5463 1.0 0.8255 10.9784090393 16.4032679243 0.747703513503 1409561966.95
0.585 0.972418260995 0.0324772627697 6.9375 1.0 0.8441 10.9784090393 16.4032679243 0.721533992833 1409561968.67
0.599 0.972841174994 0.0341702117756 6.8443 1.0 0.8516 10.9784090393 16.4032679243 0.724226476774 1409561970.34
0.583 0.972879643419 0.0353696058866 6.5201 1.0 0.8615 10.9784090393 16.4032679243 0.728659380896 1409561972.02
0.586 0.97230120165 0.0316481414553 6.2727 1.0 0.8762 10.9784090393 16.4032679243 0.724627482127 1409561973.69
0.622 0.97150919507 0.0333783177751 6.1899 1.0 0.8877 10.9784090393 16.4032679243 0.735582322621 1409561975.47
0.602 0.97173219596 0.0393543985536 6.0529 1.0 0.2999 18.4892045196 28.4627069554 0.754782969602 1409561976.92
0.614 0.970376501595 0.0374691869547 5.6525 1.0 0.6158 18.4892045196 28.4627069554 0.759032468685 1409561978.52
0.6 0.969639104664 0.0364639978668 5.2651 1.0 0.6546 18.4892045196 28.4627069554 0.755442319725 1409561979.97
0.656 0.970771556196 0.0367397657342 4.5467 1.0 0.701 18.4892045196 28.4627069554 0.745056496421 1409561981.65
0.665 0.971357654845 0.0395502483232 3.7729 1.0 0.7476 18.4892045196 28.4627069554 0.746764595936 1409561982.92
0.662 0.972110406925 0.0390090514269 3.3662 1.0 0.7732 18.4892045196 28.4627069554 0.778443063585 1409561984.33
0.651 0.97268930232 0.0349040932474 3.3325 1.0 0.7906 18.4892045196 28.4627069554 0.805872235544 1409561985.87
0.671 0.975272455681 0.0369085624994 3.3809 1.0 0.8031 18.4892045196 28.4627069554 0.817965851839 1409561987.54
0.659 0.976965278098 0.0413922326884 3.3813 1.0 0.8173 18.4892045196 28.4627069554 0.808326743721 1409561989.29
0.618 0.977884274673 0.04070936257 3.4077 1.0 0.8309 18.4892045196 28.4627069554 0.805748632129 1409561991.07
0.628 0.977826917217 0.0353759064527 3.5706 1.0 0.8373 18.4892045196 28.4627069554 0.812705076193 1409561992.81
0.626 0.977844479132 0.034017879752 3.4573 1.0 0.8466 18.4892045196 28.4627069554 0.752540395162 1409561994.57
0.663 0.979222890931 0.0411230322959 3.4221 1.0 0.8533 18.4892045196 28.4627069554 0.772061727241 1409561996.19
0.68 0.979092124085 0.0443535357292 3.4325 1.0 0.8577 18.4892045196 28.4627069554 0.75734807881 1409561997.52
0.683 0.977615333745 0.0493433909126 3.5294 1.0 0.8612 18.4892045196 28.4627069554 0.761476079319 1409561998.94
0.668 0.974133404419 0.0477285215341 3.5723 1.0 0.8658 18.4892045196 28.4627069554 0.76906054143 1409562000.69
0.654 0.970555299312 0.0360254931771 3.668 1.0 0.8699 18.4892045196 28.4627069554 0.751683187182 1409562002.44
0.666 0.970159078876 0.0347409870862 3.8606 1.0 0.8719 18.4892045196 28.4627069554 0.752353544144 1409562004.1
0.62 0.971699574212 0.0346166025694 4.1294 1.0 0.8727 18.4892045196 28.4627069554 0.766459700801 1409562005.49
0.594 0.971919302895 0.0324469605119 4.273 1.0 0.873 18.4892045196 28.4627069554 0.763889160086 1409562006.75
0.547 0.972823140388 0.0368953034599 4.4469 1.0 0.8749 18.4892045196 28.4627069554 0.783829764316 1409562008.02
0.568 0.973690445933 0.0419410473303 4.5144 1.0 0.8827 18.4892045196 28.4627069554 0.791841816856 1409562009.24
0.524 0.975589140864 0.0415945395957 4.8124 1.0 0.8827 18.4892045196 28.4627069554 0.799045955683 1409562010.69
0.531 0.976688647756 0.0426625886687 5.1441 1.0 0.8833 18.4892045196 28.4627069554 0.810928255084 1409562012.13
0.532 0.976091427459 0.0416398809201 5.3987 1.0 0.8849 18.4892045196 28.4627069554 0.805631308406 1409562013.55
0.567 0.975886423844 0.0361957313413 5.6592 1.0 0.8849 18.4892045196 28.4627069554 0.801561617154 1409562015.18
0.585 0.974787256167 0.0321158542915 5.7916 1.0 0.8854 18.4892045196 28.4627069554 0.779922666011 1409562016.88
0.595 0.97442384244 0.0334219829535 5.868 1.0 0.8865 18.4892045196 28.4627069554 0.771284283752 1409562018.49
0.623 0.974568523547 0.0360568774124 5.4627 1.0 0.892 18.4892045196 28.4627069554 0.758479977588 1409562020.18
0.692 0.974260833254 0.0404122927635 5.0949 1.0 0.6378 23.7446022598 36.3185355227 0.743067579147 1409562021.83
0.744 0.974704238492 0.046779983142 4.2841 1.0 0.7471 23.7446022598 36.3185355227 0.745577676815 1409562023.57
0.751 0.97429889572 0.0495822766273 3.6593 1.0 0.7848 23.7446022598 36.3185355227 0.745355828371 1409562025.07
0.766 0.973738044042 0.0433599561393 3.2407 1.0 0.8231 23.7446022598 36.3185355227 0.727530477805 1409562026.59
0.695 0.972759282167 0.0369073078455 3.4131 1.0 0.8314 23.7446022598 36.3185355227 0.755307562212 1409562027.88
0.657 0.972004142627 0.0338245414835 3.1854 1.0 0.8547 23.7446022598 36.3185355227 0.763196348831 1409562029.46
0.669 0.972747876824 0.0362687289056 2.6813 1.0 0.8937 23.7446022598 36.3185355227 0.747871205478 1409562030.94
0.668 0.972384531254 0.0366956394361 2.5992 1.0 0.1474 15.3723011299 24.0135637304 0.721540148869 1409562032.78
0.664 0.972767870497 0.0404285266939 2.44 1.0 0.6737 15.3723011299 24.0135637304 0.709989579749 1409562034.6
0.701 0.972398102708 0.0361552749333 2.398 1.0 0.7256 15.3723011299 24.0135637304 0.678346945517 1409562036.07
0.688 0.973135628083 0.0376177199466 2.4326 1.0 0.7601 15.3723011299 24.0135637304 0.684412889774 1409562037.71
0.648 0.975451960807 0.0389035745541 2.4491 1.0 0.7945 15.3723011299 24.0135637304 0.733414569369 1409562039.48
0.604 0.977856981949 0.0395034258489 2.6891 1.0 0.8047 15.3723011299 24.0135637304 0.758333459321 1409562041.07
0.562 0.979843923816 0.0430167012416 3.0243 1.0 0.8085 15.3723011299 24.0135637304 0.764653656171 1409562042.42
0.568 0.980650473731 0.0457102511713 3.3252 1.0 0.8143 15.3723011299 24.0135637304 0.787488092254 1409562043.64
0.59 0.979002547239 0.0474873254346 3.3872 1.0 0.8322 15.3723011299 24.0135637304 0.77971347624 1409562045.22
