0.122 0.999650071235 0.2148546942 0.875822222222 0.124177777778 0.124177777778 0 0 0.902216418433 1409579834.48
0.193 0.934642044816 0.0775978035998 1.63777777778 0.181111111111 0.181111111111 0 0 0.712430486138 1409579835.16
0.217 0.864770546446 0.0407903098847 2.33986666667 0.220044444444 0.220044444444 0 0 0.605980057884 1409579836.52
0.233 0.825671382526 0.0295650060321 3.03088888889 0.242844444444 0.242844444444 0 0 0.554649447264 1409579838.09
0.286 0.806504225825 0.0243087249667 3.65542222222 0.269777777778 0.269777777778 0 0 0.526709481555 1409579839.76
0.265 0.799882150905 0.0217469804584 4.22697777778 0.296888888889 0.296888888889 0 0 0.523587594671 1409579841.52
0.325 0.802135136637 0.0173553157238 4.78137777778 0.319377777778 0.319377777778 0 0 0.537793762655 1409579843.25
0.336 0.814530080129 0.0170449769541 5.23093333333 0.349911111111 0.349911111111 0 0 0.539556926142 1409579845.06
0.357 0.828330171198 0.015175486555 5.73635555556 0.367466666667 0.367466666667 0 0 0.55990018085 1409579846.74
0.342 0.84329967354 0.0183809768865 6.21577777778 0.384844444444 0.384844444444 0 0 0.601733113907 1409579848.35
0.337 0.861736290512 0.0216060975059 6.85097777778 0.386933333333 0.386933333333 0 0 0.658737835826 1409579849.96
0.321 0.87744888564 0.0190899827033 7.41622222222 0.394755555556 0.394755555556 0 0 0.656524969019 1409579851.51
0.277 0.89273430178 0.0187359725082 8.09057777778 0.395777777778 0.395777777778 0 0 0.700395477752 1409579852.96
0.3 0.905908288704 0.0154119521803 8.73582222222 0.399111111111 0.399111111111 0 0 0.734874367534 1409579854.43
0.301 0.920127683717 0.0152634845931 9.30555555556 0.4056 0.4056 0 0 0.732569081049 1409579855.82
0.289 0.934627971363 0.0157923587684 9.93528888889 0.4068 0.4068 0 0 0.751988430356 1409579857.16
0.278 0.944449423593 0.0180375114172 10.6159111111 0.408266666667 0.408266666667 0 0 0.765768871335 1409579858.41
0.26 0.951104650041 0.0172033488706 11.1416 0.418222222222 0.418222222222 0 0 0.760999171929 1409579859.64
0.259 0.957363152288 0.0153071819407 11.5840888889 0.429777777778 0.429777777778 0 0 0.769989623861 1409579860.82
0.292 0.961181217833 0.0152045463025 12.038 0.440222222222 0.440222222222 0 0 0.787048002105 1409579861.9
0.276 0.967644521444 0.0141405224333 12.4363555556 0.453866666667 0.453866666667 0 0 0.803996478939 1409579863.06
0.296 0.972247464169 0.0115706488804 12.5806666667 0.477777777778 0.477777777778 0 0 0.800045702393 1409579864.25
0.297 0.976917535726 0.00690187218286 12.9821777778 0.490533333333 0.490533333333 0 0 0.820760077189 1409579865.31
0.31 0.979962524676 0.00559319745351 13.3073777778 0.506133333333 0.506133333333 0 0 0.820529488212 1409579866.39
0.308 0.982064429995 0.0059924245616 13.3132444444 0.532666666667 0.532666666667 0 0 0.802266627416 1409579867.45
0.327 0.982985019716 0.00776551007057 13.4268 0.552088888889 0.552088888889 0 0 0.795490325415 1409579868.44
0.323 0.983020844488 0.00932250242669 13.6130666667 0.5684 0.5684 0 0 0.797379285317 1409579869.43
0.326 0.984412784682 0.00823786628574 13.5307555556 0.594 0.594 0 0 0.803203654551 1409579870.4
0.327 0.986439369764 0.0104563736569 13.4690222222 0.618355555556 0.618355555556 0 0 0.804952229779 1409579871.36
0.33 0.988431036414 0.00909405348944 13.6780444444 0.632488888889 0.632488888889 0 0 0.808434723439 1409579872.38
0.272 0.991159449416 0.00652289809437 13.9066666667 0.646666666667 0.646666666667 0 0 0.835105232986 1409579873.44
0.291 0.992885377049 0.00646836010357 14.0088 0.664533333333 0.664533333333 0 0 0.842894547434 1409579874.41
0.306 0.993755598554 0.00528181382595 14.1852 0.679333333333 0.679333333333 0 0 0.842747581743 1409579875.32
0.321 0.99448339577 0.00427620673939 14.3155555556 0.693288888889 0.693288888889 0 0 0.832082031114 1409579876.34
0.312 0.995260038531 0.00448069475895 14.5722222222 0.703333333333 0.703333333333 0 0 0.82931604804 1409579877.35
0.35 0.996288194503 0.00635627009992 14.5369777778 0.7204 0.7204 0 0 0.82856250032 1409579878.34
0.324 0.996846702906 0.00401182857706 15.0396888889 0.724044444444 0.724044444444 0 0 0.844098530163 1409579879.3
0.281 0.996864506064 0.00264995134243 15.2026222222 0.737955555556 0.737955555556 0 0 0.847961505259 1409579880.22
0.301 0.997477184829 0.00200627861513 15.3937333333 0.751466666667 0.751466666667 0 0 0.858871101074 1409579881.29
0.265 0.997904382389 0.00160386626117 15.8419111111 0.756977777778 0.756977777778 0 0 0.857357926061 1409579882.23
0.263 0.998150623753 0.00201762750743 16.0279111111 0.768977777778 0.768977777778 0 0 0.854211013399 1409579883.2
0.266 0.998378410737 0.00234705279122 16.1568 0.782622222222 0.782622222222 0 0 0.859758360011 1409579884.06
0.254 0.998231456522 0.0019130799475 16.5184444444 0.791422222222 0.791422222222 0 0 0.884418035845 1409579885.0
0.243 0.998382994868 0.00185784221873 16.9157777778 0.799066666667 0.799066666667 0 0 0.879861569054 1409579885.94
0.225 0.998688052499 0.00139776473741 17.3398666667 0.804933333333 0.804933333333 0 0 0.88012886656 1409579886.85
0.214 0.998769253234 0.0022531849851 17.9316444444 0.808088888889 0.808088888889 0 0 0.894828499056 1409579887.74
0.249 0.998577353058 0.00342735976127 18.3048444444 0.814711111111 0.814711111111 0 0 0.883857067587 1409579888.51
0.246 0.998447528209 0.00499164633075 18.3538666667 0.824222222222 0.824222222222 0 0 0.870239021069 1409579889.37
0.305 0.997996814396 0.00593185392658 18.3417333333 0.832666666667 0.832666666667 0 0 0.855494874539 1409579890.3
0.285 0.996848753378 0.00542214731465 18.3067111111 0.840488888889 0.840488888889 0 0 0.838505699895 1409579891.21
0.334 0.996332609728 0.00531227577215 18.2245333333 0.846577777778 0.846577777778 0 0 0.827666708657 1409579892.1
0.327 0.996358425884 0.00443192707089 18.0503111111 0.852311111111 0.852311111111 0 0 0.805361015971 1409579893.0
0.324 0.996994904581 0.00337395065751 17.7870222222 0.8552 0.8552 0 0 0.814390040309 1409579893.92
0.327 0.998064012789 0.00422645835685 17.7360444444 0.857377777778 0.857377777778 0 0 0.840237585233 1409579894.86
0.316 0.998423745304 0.00368590935777 17.8036 0.861244444444 0.861244444444 0 0 0.847295821666 1409579895.83
0.332 0.998184551388 0.00482192807352 17.8358666667 0.865777777778 0.865777777778 0 0 0.833504386208 1409579896.71
0.34 0.997775667711 0.00563086462395 17.6983111111 0.870266666667 0.870266666667 0 0 0.804385305463 1409579897.62
0.321 0.997356609469 0.00575140320005 17.5664 0.873777777778 0.873777777778 0 0 0.798883139831 1409579898.57
0.355 0.996905652623 0.00498456894707 17.3096888889 0.881288888889 0.881288888889 0 0 0.777805919006 1409579899.53
0.322 0.996672021086 0.00485897183061 16.9407555556 0.889911111111 0.889911111111 0 0 0.78967228403 1409579900.55
0.349 0.996745202038 0.00596365164383 16.5358222222 0.896977777778 0.896977777778 0 0 0.787045001634 1409579901.54
0.363 0.996626513371 0.00643527847938 15.9340444444 0.901333333333 0.0712 61 68.1925890446 0.778032806991 1409579902.6
0.388 0.996246156028 0.00633770978162 15.3655555556 0.9084 0.3688 61 68.1925890446 0.782906487676 1409579903.76
0.375 0.9960325115 0.00697120742148 14.5160444444 0.923288888889 0.414888888889 61 68.1925890446 0.783375330298 1409579904.75
0.357 0.995717305227 0.00751064243738 13.8195111111 0.935377777778 0.454 61 68.1925890446 0.773481110179 1409579905.71
0.364 0.995598388717 0.00794764000792 13.5356444444 0.944666666667 0.481377777778 61 68.1925890446 0.771581038818 1409579906.72
0.355 0.995466657449 0.00808757564615 13.3006222222 0.950666666667 0.511644444444 61 68.1925890446 0.765689884853 1409579907.68
0.33 0.995201614685 0.00952330854826 12.3656888889 0.968844444444 0.545333333333 61 68.1925890446 0.758758426677 1409579908.67
0.333 0.994529507453 0.00948361708038 12.0231111111 0.974577777778 0.568933333333 61 68.1925890446 0.753290819662 1409579909.6
0.334 0.994219352533 0.00933701836289 12.1932 0.975422222222 0.584311111111 61 68.1925890446 0.758538161392 1409579910.55
0.372 0.994086247845 0.00881636225947 12.1202222222 0.978533333333 0.6032 61 68.1925890446 0.753186784096 1409579911.52
0.373 0.9945066492 0.00986493519731 12.1775555556 0.979111111111 0.625911111111 61 68.1925890446 0.758862881156 1409579912.49
0.369 0.994649558296 0.00999900372318 11.1143555556 0.993111111111 0.662666666667 61 68.1925890446 0.756964553576 1409579913.51
0.425 0.994002478122 0.0101456068834 11.2962666667 0.994711111111 0.673288888889 61 68.1925890446 0.762095327808 1409579914.45
0.391 0.993524768959 0.0111023226592 11.2996444444 0.995111111111 0.686355555556 61 68.1925890446 0.763613565675 1409579915.46
0.369 0.993229181596 0.0140792435016 11.1561333333 0.996844444444 0.706133333333 61 68.1925890446 0.754859420744 1409579916.48
0.414 0.992095638549 0.0158227614752 10.9476888889 0.996933333333 0.727244444444 61 68.1925890446 0.7357588253 1409579917.46
0.438 0.990588352314 0.0206089882628 10.4182222222 0.996933333333 0.756622222222 61 68.1925890446 0.729203216276 1409579918.39
0.419 0.988008904405 0.0225875949003 9.956 0.996933333333 0.778311111111 61 68.1925890446 0.728601873057 1409579919.33
0.461 0.986311993344 0.0203474202273 9.34137777778 0.996933333333 0.800222222222 61 68.1925890446 0.705287387436 1409579920.36
0.446 0.986015658182 0.0204010091819 8.74382222222 0.996933333333 0.821555555556 61 68.1925890446 0.710626353581 1409579921.33
0.43 0.986863170471 0.019104804736 8.34857777778 0.996933333333 0.838888888889 61 68.1925890446 0.716296356001 1409579922.32
0.422 0.988888827266 0.0198616837558 7.53777777778 0.996933333333 0.865866666667 61 68.1925890446 0.747764633952 1409579923.26
0.389 0.990290949765 0.0207807384368 7.08706666667 0.996933333333 0.895911111111 61 68.1925890446 0.73803678426 1409579924.25
0.408 0.989598898146 0.0203792345706 6.56173333333 0.996933333333 0.383644444444 42.0 45.2406361103 0.733354571791 1409579925.52
0.427 0.988080468443 0.0206347960768 5.94048888889 0.996977777778 0.468533333333 42.0 45.2406361103 0.720406376203 1409579926.62
0.4 0.987417816023 0.0200429440406 5.63386666667 0.996977777778 0.526488888889 42.0 45.2406361103 0.728226890198 1409579927.61
0.382 0.987179285222 0.0197042288172 5.7144 0.996977777778 0.5564 42.0 45.2406361103 0.707500237653 1409579928.6
0.389 0.987532309889 0.0174853331272 5.77937777778 0.996977777778 0.588977777778 42.0 45.2406361103 0.709012859996 1409579929.62
0.371 0.988424798262 0.0144924367504 6.15555555556 0.996977777778 0.601866666667 42.0 45.2406361103 0.71549573948 1409579930.6
0.402 0.99027537316 0.0112430474382 6.53524444444 0.996977777778 0.613066666667 42.0 45.2406361103 0.727463309173 1409579931.59
0.369 0.992948202872 0.00900178540497 6.88702222222 0.996977777778 0.627244444444 42.0 45.2406361103 0.74052201952 1409579932.53
0.36 0.995142208565 0.00861646005021 7.1728 0.996977777778 0.641688888889 42.0 45.2406361103 0.757588688596 1409579933.5
0.353 0.995921536434 0.00618484992636 7.38146666667 0.996977777778 0.660311111111 42.0 45.2406361103 0.769860678651 1409579934.42
0.366 0.996702325078 0.00398119131627 7.75968888889 0.996977777778 0.671244444444 42.0 45.2406361103 0.804025353617 1409579935.42
0.328 0.997827743964 0.00395747713725 8.21462222222 0.996977777778 0.679022222222 42.0 45.2406361103 0.823682138025 1409579936.44
0.318 0.998307294252 0.00232869365378 8.64946666667 0.996977777778 0.6884 42.0 45.2406361103 0.828405758817 1409579937.39
0.306 0.99889236532 0.00424888371873 8.98142222222 0.996977777778 0.7004 42.0 45.2406361103 0.819028116926 1409579938.29
0.317 0.998770799011 0.00599803498218 9.31631111111 0.997022222222 0.707422222222 42.0 45.2406361103 0.822193899592 1409579939.12
0.305 0.997953229607 0.00462570245392 9.78991111111 0.997022222222 0.712577777778 42.0 45.2406361103 0.837120297302 1409579940.07
0.304 0.997746708511 0.0031959974449 10.3204444444 0.997022222222 0.714444444444 42.0 45.2406361103 0.831148737291 1409579941.05
0.296 0.998097431192 0.00214895398843 10.8078222222 0.997022222222 0.717333333333 42.0 45.2406361103 0.828386649013 1409579942.03
0.271 0.998393619936 0.00164278174737 11.2838666667 0.997022222222 0.718888888889 42.0 45.2406361103 0.827639806978 1409579942.98
0.3 0.998745293051 0.00249449259312 11.6311555556 0.997022222222 0.726711111111 42.0 45.2406361103 0.834508045659 1409579943.87
0.288 0.998858706789 0.00178574590442 11.9264444444 0.998755555556 0.732444444444 42.0 45.2406361103 0.833775904706 1409579944.78
0.274 0.999106121034 0.00213626327932 12.3771555556 0.999022222222 0.739422222222 42.0 45.2406361103 0.832466062467 1409579945.67
0.281 0.99911471628 0.00261487808813 12.6672 0.999022222222 0.751244444444 42.0 45.2406361103 0.840872234747 1409579946.5
0.269 0.998877533801 0.00232619723937 12.9922222222 0.999022222222 0.759377777778 42.0 45.2406361103 0.841009334464 1409579947.41
0.279 0.998892600228 0.00243684371617 13.3324444444 0.999022222222 0.7688 42.0 45.2406361103 0.840714450496 1409579948.4
0.276 0.998948741424 0.0020879168196 13.5993777778 0.999022222222 0.777733333333 42.0 45.2406361103 0.821539383078 1409579949.41
0.268 0.999025062094 0.00138275203976 13.9694666667 0.999022222222 0.783866666667 42.0 45.2406361103 0.82982980197 1409579950.38
0.291 0.999298258814 0.00102318008751 14.4635111111 0.999022222222 0.785511111111 42.0 45.2406361103 0.829118636602 1409579951.34
0.273 0.99968603765 0.00138757777167 14.6145777778 0.999022222222 0.791911111111 42.0 45.2406361103 0.832197396472 1409579952.26
0.274 0.999728032137 0.00199146629157 14.7459555556 0.999022222222 0.798977777778 42.0 45.2406361103 0.836821187095 1409579953.15
0.264 0.999472848786 0.00190564667308 14.7353777778 0.999022222222 0.809111111111 42.0 45.2406361103 0.820844947271 1409579954.03
0.271 0.99899552878 0.00157451888695 14.7979555556 0.999022222222 0.820177777778 42.0 45.2406361103 0.824671378771 1409579954.91
0.288 0.998857302558 0.00141414179248 14.5700888889 0.999022222222 0.834533333333 42.0 45.2406361103 0.804602700142 1409579955.84
0.295 0.999154792669 0.00239506035924 14.4665777778 0.999022222222 0.850222222222 42.0 45.2406361103 0.823860799327 1409579956.79
0.333 0.999123454043 0.00307845575432 14.1030666667 0.999022222222 0.867822222222 42.0 45.2406361103 0.809456799482 1409579957.72
0.32 0.998724940448 0.00401522068948 13.9684888889 0.999022222222 0.879777777778 42.0 45.2406361103 0.808346779387 1409579958.63
0.321 0.998166521886 0.00637362155455 13.3336444444 0.999555555556 0.897688888889 42.0 45.2406361103 0.796659946729 1409579959.55
0.345 0.997305388389 0.00700867502583 13.1732888889 0.9996 0.234133333333 39.5 40.3253620863 0.798203101117 1409579960.64
0.357 0.996113852342 0.00643821772255 13.2654222222 0.9996 0.378844444444 39.5 40.3253620863 0.781071304875 1409579961.71
0.356 0.995213534897 0.00669694863109 13.3468888889 0.9996 0.413644444444 39.5 40.3253620863 0.782278959381 1409579962.68
0.413 0.994667067176 0.00700577185191 13.1114222222 0.9996 0.457866666667 39.5 40.3253620863 0.771504287091 1409579963.65
0.398 0.994020859354 0.00772175413573 12.6746222222 0.9996 0.498177777778 39.5 40.3253620863 0.766071967629 1409579964.59
0.396 0.994248547836 0.00644819598792 12.2952888889 0.9996 0.538888888889 39.5 40.3253620863 0.767722148447 1409579965.51
0.385 0.995239558747 0.00666794398658 11.5833333333 0.9996 0.591511111111 39.5 40.3253620863 0.770334485545 1409579966.5
0.402 0.996286657684 0.00597629208915 11.2394222222 0.9996 0.624 39.5 40.3253620863 0.768933242856 1409579967.5
0.424 0.997359225531 0.00677863666839 11.1096 0.9996 0.648533333333 39.5 40.3253620863 0.770104630011 1409579968.49
0.397 0.998043803282 0.00758118837975 11.0276 0.9996 0.672666666667 39.5 40.3253620863 0.791473879778 1409579969.42
0.411 0.998021631356 0.00873773597423 10.728 0.9996 0.703377777778 39.5 40.3253620863 0.791859940524 1409579970.32
0.402 0.996950216484 0.0105454451911 10.1664444444 0.9996 0.733377777778 39.5 40.3253620863 0.767698656741 1409579971.3
0.427 0.99561842255 0.0106505457009 9.46728888889 0.9996 0.760977777778 39.5 40.3253620863 0.74476126629 1409579972.29
0.47 0.994316146227 0.0107653519883 8.91693333333 0.9996 0.7868 39.5 40.3253620863 0.738280390647 1409579973.28
0.467 0.9931641671 0.00908717661694 8.14191111111 0.9996 0.819066666667 39.5 40.3253620863 0.730020670094 1409579974.25
0.454 0.993502772407 0.00993754984974 7.5552 0.9996 0.851466666667 39.5 40.3253620863 0.750731581391 1409579975.21
0.454 0.994131589507 0.00859550425822 7.42528888889 0.9996 0.875644444444 39.5 40.3253620863 0.760351907954 1409579976.22
0.493 0.99541032055 0.00978410364784 7.58955555556 0.9996 0.8856 39.5 40.3253620863 0.761701931676 1409579977.22
0.431 0.995592745382 0.00980033172941 7.49284444444 0.9996 0.898755555556 39.5 40.3253620863 0.766731982497 1409579978.2
0.45 0.994982710139 0.00855962477877 7.50813333333 0.9996 0.311111111111 29.25 29.4644885659 0.77516362685 1409579979.46
0.422 0.994822879169 0.0070839580398 7.52071111111 0.9996 0.471866666667 29.25 29.4644885659 0.779322151544 1409579980.55
0.424 0.995737524855 0.00994509970235 7.07115555556 0.9996 0.525466666667 29.25 29.4644885659 0.795988991432 1409579981.63
0.389 0.995857999563 0.0134841570588 6.63377777778 0.9996 0.575644444444 29.25 29.4644885659 0.791711735052 1409579982.68
0.398 0.994168117728 0.016121160676 6.57657777778 0.9996 0.607644444444 29.25 29.4644885659 0.797149747778 1409579983.77
0.4 0.991473908495 0.0162250433317 6.27946666667 0.9996 0.639466666667 29.25 29.4644885659 0.775317871131 1409579984.83
0.437 0.989562569538 0.0176463814645 6.11928888889 0.9996 0.668088888889 29.25 29.4644885659 0.745945128621 1409579985.76
0.426 0.988218475034 0.0196583667342 6.21644444444 0.9996 0.692222222222 29.25 29.4644885659 0.747181805849 1409579986.69
0.394 0.987244828719 0.0211933255592 6.16702222222 0.9996 0.712844444444 29.25 29.4644885659 0.747900309255 1409579987.66
0.419 0.986267127049 0.0209360696462 6.32351111111 0.9996 0.725688888889 29.25 29.4644885659 0.713763277187 1409579988.59
0.43 0.986092323295 0.0178677542506 6.37946666667 0.9996 0.744933333333 29.25 29.4644885659 0.697271276316 1409579989.58
0.404 0.986157529093 0.018035514298 6.55631111111 0.9996 0.7568 29.25 29.4644885659 0.698960844518 1409579990.54
0.398 0.985147662757 0.016500960266 6.58257777778 0.999688888889 0.776577777778 29.25 29.4644885659 0.682165734725 1409579991.52
0.385 0.984388931753 0.0153708205444 6.64515555556 0.999688888889 0.794444444444 29.25 29.4644885659 0.674385943599 1409579992.51
0.384 0.985248098647 0.0146753150039 6.62488888889 0.999688888889 0.814266666667 29.25 29.4644885659 0.677332495471 1409579993.49
0.365 0.987195289654 0.0149782790019 6.62017777778 0.999688888889 0.8352 29.25 29.4644885659 0.711586971376 1409579994.46
0.34 0.988766675441 0.0115960144888 6.74893333333 1.0 0.849644444444 29.25 29.4644885659 0.733840859844 1409579995.46
0.385 0.99054411741 0.0120831575487 6.82902222222 1.0 0.863777777778 29.25 29.4644885659 0.755435581109 1409579996.36
0.362 0.991703123388 0.0112225718194 7.00057777778 1.0 0.8732 29.25 29.4644885659 0.764026429475 1409579997.29
0.373 0.992949515826 0.0101224634696 7.11075555556 1.0 0.884222222222 29.25 29.4644885659 0.767237859263 1409579998.35
0.383 0.994107826324 0.00855283784095 7.34217777778 1.0 0.893777777778 29.25 29.4644885659 0.777535309574 1409579999.34
0.376 0.994702078689 0.0089713238799 7.52973333333 1.0 0.223733333333 25.125 25.3576058447 0.77880590235 1409580000.45
0.36 0.99469717198 0.00736917641678 7.61231111111 1.0 0.391822222222 25.125 25.3576058447 0.784005870592 1409580001.52
0.394 0.995587168981 0.00712434680469 7.57128888889 1.0 0.434044444444 25.125 25.3576058447 0.782959282435 1409580002.56
0.351 0.996331425497 0.00773981592597 7.64866666667 1.0 0.465866666667 25.125 25.3576058447 0.7739443938 1409580003.58
0.336 0.996492223199 0.00601819692732 7.86248888889 1.0 0.491777777778 25.125 25.3576058447 0.775791767086 1409580004.58
0.377 0.997135866395 0.00704026850009 8.11973333333 1.0 0.512088888889 25.125 25.3576058447 0.784432811457 1409580005.54
0.37 0.996964690337 0.0101605557639 8.34964444444 1.0 0.530755555556 25.125 25.3576058447 0.788450351345 1409580006.42
0.351 0.995783799513 0.00972439993911 8.69115555556 1.0 0.544177777778 25.125 25.3576058447 0.795025275963 1409580007.34
0.349 0.994783904517 0.00705314160325 8.92831111111 1.0 0.561333333333 25.125 25.3576058447 0.794467754897 1409580008.32
0.392 0.995518605358 0.00666667549317 8.83577777778 1.0 0.588088888889 25.125 25.3576058447 0.786091198054 1409580009.35
0.383 0.996257215925 0.00490325920226 8.87688888889 1.0 0.611155555556 25.125 25.3576058447 0.789712356071 1409580010.37
0.309 0.997100922851 0.00443788914146 8.7364 1.0 0.641244444444 25.125 25.3576058447 0.786608135712 1409580011.36
0.301 0.997801408184 0.00662786273658 9.02128888889 1.0 0.654266666667 25.125 25.3576058447 0.806425093728 1409580012.35
0.335 0.99763141267 0.00700540257464 9.25702222222 1.0 0.666711111111 25.125 25.3576058447 0.790521903965 1409580013.3
0.315 0.997055892763 0.00417749484054 9.67431111111 1.0 0.671866666667 25.125 25.3576058447 0.790849413402 1409580014.23
0.343 0.997102733209 0.00275960904317 10.0016444444 1.0 0.679777777778 25.125 25.3576058447 0.792811792166 1409580015.13
0.328 0.998048650968 0.00264348113829 10.4087555556 1.0 0.6868 25.125 25.3576058447 0.810526349538 1409580016.06
0.339 0.99856738459 0.00297443828798 10.6881333333 1.0 0.697333333333 25.125 25.3576058447 0.820526528987 1409580016.96
0.313 0.998765501979 0.00299544562704 10.8962222222 1.0 0.705688888889 25.125 25.3576058447 0.813929667832 1409580017.89
0.284 0.998748210535 0.00228968011209 11.0634222222 1.0 0.714666666667 25.125 25.3576058447 0.806115133627 1409580018.83
0.325 0.998748298946 0.00287654828863 11.256 1.0 0.725155555556 25.125 25.3576058447 0.797136694522 1409580019.69
0.338 0.998434196228 0.00297760483555 11.0740888889 1.0 0.7456 25.125 25.3576058447 0.775032438843 1409580020.59
0.345 0.998114522601 0.00428638649895 10.8846222222 1.0 0.767066666667 25.125 25.3576058447 0.78041080099 1409580021.51
0.33 0.997600225101 0.00564390640922 10.7636 1.0 0.786355555556 25.125 25.3576058447 0.779225827683 1409580022.41
0.314 0.996909478467 0.00701879242114 10.9581333333 1.0 0.795288888889 25.125 25.3576058447 0.779038023954 1409580023.35
0.347 0.995975847576 0.00893786187123 10.7686666667 1.0 0.811511111111 25.125 25.3576058447 0.766543489088 1409580024.37
0.358 0.994665604795 0.00775084705991 10.6288444444 1.0 0.829333333333 25.125 25.3576058447 0.750191602008 1409580025.34
0.349 0.994345199174 0.00675262528963 10.8497777778 1.0 0.834488888889 25.125 25.3576058447 0.745813708054 1409580026.23
0.355 0.995317965461 0.00620930393985 10.8943111111 1.0 0.844444444444 25.125 25.3576058447 0.758302157755 1409580027.1
0.363 0.996244074626 0.00602438734786 11.0319111111 1.0 0.853422222222 25.125 25.3576058447 0.77673364758 1409580027.98
0.361 0.996931318853 0.00745909281277 11.0076888889 1.0 0.860533333333 25.125 25.3576058447 0.788039821211 1409580028.95
0.346 0.996795735303 0.0086260386306 11.0033777778 1.0 0.866533333333 25.125 25.3576058447 0.78957206433 1409580029.92
0.363 0.996316418623 0.00645318315073 11.0191555556 1.0 0.876044444444 25.125 25.3576058447 0.779714584754 1409580030.91
0.367 0.996184154799 0.00802344148985 10.9822222222 1.0 0.883555555556 25.125 25.3576058447 0.78243816585 1409580031.91
0.38 0.995569630483 0.00644344987896 11.1465333333 1.0 0.887955555556 25.125 25.3576058447 0.791179759952 1409580032.85
0.361 0.995758911058 0.0064924185715 11.3869333333 1.0 0.891155555556 25.125 25.3576058447 0.797512527451 1409580033.81
0.359 0.996281009547 0.00890876271371 11.4456 1.0 0.896133333333 25.125 25.3576058447 0.795742676394 1409580034.81
0.37 0.995629870403 0.00808063546787 11.3112444444 1.0 0.141822222222 31.0625 30.486303404 0.801098137482 1409580035.85
0.352 0.995069794974 0.0084485942412 11.2533333333 1.0 0.376533333333 31.0625 30.486303404 0.799177009849 1409580036.97
0.324 0.994673140403 0.00804187435351 10.7662666667 1.0 0.421866666667 31.0625 30.486303404 0.774947621693 1409580037.95
0.351 0.994671117717 0.00826760547646 10.6120444444 1.0 0.460533333333 31.0625 30.486303404 0.759498951459 1409580038.95
0.344 0.994883057885 0.00917267163736 10.5599555556 1.0 0.489155555556 31.0625 30.486303404 0.761706386312 1409580039.88
0.344 0.99470444998 0.0117636345149 10.5996444444 1.0 0.513377777778 31.0625 30.486303404 0.766373189986 1409580040.82
0.358 0.993543463303 0.0134231280086 9.99497777778 1.0 0.557422222222 31.0625 30.486303404 0.732134191067 1409580041.81
0.367 0.991952605864 0.015876046206 9.32453333333 1.0 0.602844444444 31.0625 30.486303404 0.730842215503 1409580042.87
0.355 0.990452139419 0.0169721651429 8.93488888889 1.0 0.639111111111 31.0625 30.486303404 0.720744336642 1409580043.85
0.389 0.98890358301 0.0144092291615 8.43702222222 1.0 0.679911111111 31.0625 30.486303404 0.703989074225 1409580044.79
0.367 0.989488915683 0.0150949314005 8.37462222222 1.0 0.710133333333 31.0625 30.486303404 0.72633299618 1409580045.71
0.366 0.9904107546 0.0161035792562 8.39084444444 1.0 0.729688888889 31.0625 30.486303404 0.737114215622 1409580046.63
0.364 0.991200981309 0.0158419579334 8.43364444444 1.0 0.749911111111 31.0625 30.486303404 0.742677855085 1409580047.59
0.386 0.991695794885 0.0117362154849 8.41906666667 1.0 0.770444444444 31.0625 30.486303404 0.75403358496 1409580048.63
0.363 0.992520393998 0.00836955529597 8.43933333333 1.0 0.792 31.0625 30.486303404 0.74644192981 1409580049.6
0.342 0.994401887809 0.00825932809771 8.73293333333 1.0 0.800711111111 31.0625 30.486303404 0.764809566498 1409580050.63
0.346 0.995721489091 0.00712497968444 8.7108 1.0 0.817422222222 31.0625 30.486303404 0.779071936994 1409580051.63
0.319 0.996432175934 0.00630905043102 9.03373333333 1.0 0.826577777778 31.0625 30.486303404 0.808080644834 1409580052.66
0.306 0.996941418474 0.00548939803228 9.30884444444 1.0 0.835066666667 31.0625 30.486303404 0.818928106773 1409580053.67
0.305 0.99729144422 0.00397015694114 9.56675555556 1.0 0.844755555556 31.0625 30.486303404 0.830219195862 1409580054.59
0.29 0.997935913961 0.00426209206463 9.89577777778 1.0 0.851422222222 31.0625 30.486303404 0.833111603466 1409580055.5
0.277 0.99832796321 0.00576555171368 10.1405333333 1.0 0.856711111111 31.0625 30.486303404 0.838419834047 1409580056.56
0.272 0.997833349346 0.00825634087561 10.4254666667 1.0 0.861733333333 31.0625 30.486303404 0.831236958178 1409580057.53
0.328 0.996409152465 0.00940876029751 10.8079111111 1.0 0.864133333333 31.0625 30.486303404 0.823152421363 1409580058.5
0.325 0.994537049493 0.00959775268196 11.0282222222 1.0 0.869377777778 31.0625 30.486303404 0.812716063707 1409580059.41
0.331 0.993441634005 0.00977275897954 10.8424 1.0 0.8788 31.0625 30.486303404 0.786419950333 1409580060.38
0.365 0.992893144256 0.00894599481395 10.6657333333 1.0 0.887688888889 31.0625 30.486303404 0.784849383717 1409580061.36
0.355 0.993670416671 0.00856646585357 10.6152444444 1.0 0.895155555556 31.0625 30.486303404 0.798084397738 1409580062.3
0.374 0.994328187563 0.0111408364443 10.4279555556 1.0 0.330444444444 29.53125 28.7995632067 0.790290340436 1409580063.44
0.408 0.994201644339 0.0139705783411 10.4217333333 1.0 0.424533333333 29.53125 28.7995632067 0.792190327005 1409580064.41
0.42 0.992556278881 0.0132223513825 10.1352888889 1.0 0.483911111111 29.53125 28.7995632067 0.770980742067 1409580065.42
0.426 0.991200349061 0.0157408420289 9.66288888889 1.0 0.541377777778 29.53125 28.7995632067 0.76166342183 1409580066.45
0.472 0.990126504718 0.0134952989679 9.20057777778 1.0 0.587733333333 29.53125 28.7995632067 0.733661076989 1409580067.47
0.447 0.990619219848 0.0129868043758 9.19604444444 1.0 0.614488888889 29.53125 28.7995632067 0.733196730533 1409580068.39
0.441 0.991488563161 0.0164122844235 9.29693333333 1.0 0.632711111111 29.53125 28.7995632067 0.734584227654 1409580069.32
0.434 0.990852167129 0.0174407566883 9.08697777778 1.0 0.662488888889 29.53125 28.7995632067 0.732614456663 1409580070.28
0.443 0.989742156898 0.0172704635165 8.59071111111 1.0 0.701288888889 29.53125 28.7995632067 0.739938534715 1409580071.37
0.405 0.988641058075 0.0155555900495 8.33888888889 1.0 0.726755555556 29.53125 28.7995632067 0.717906278384 1409580072.38
0.448 0.988324499645 0.0174451456834 8.02342222222 1.0 0.753288888889 29.53125 28.7995632067 0.712752891188 1409580073.34
0.445 0.98795107979 0.017035370701 8.00506666667 1.0 0.769244444444 29.53125 28.7995632067 0.715234695558 1409580074.29
0.429 0.988329452066 0.0165344092556 7.91502222222 1.0 0.787022222222 29.53125 28.7995632067 0.721910102994 1409580075.35
0.439 0.98916981393 0.016635312458 8.05351111111 1.0 0.795911111111 29.53125 28.7995632067 0.718133902311 1409580076.35
0.457 0.989979406418 0.0184302517053 8.29826666667 1.0 0.8028 29.53125 28.7995632067 0.725623726131 1409580077.36
0.421 0.989581036995 0.0187892262334 8.06937777778 1.0 0.821422222222 29.53125 28.7995632067 0.710269155495 1409580078.39
0.41 0.989448462378 0.0208649714061 7.91431111111 1.0 0.836177777778 29.53125 28.7995632067 0.714745999416 1409580079.42
0.439 0.989094878612 0.0216745740787 7.29088888889 1.0 0.860977777778 29.53125 28.7995632067 0.710391285352 1409580080.42
0.44 0.987910536007 0.020059034496 7.01591111111 1.0 0.8796 29.53125 28.7995632067 0.700179243655 1409580081.46
0.417 0.987154731518 0.0167464918736 6.86146666667 1.0 0.891688888889 29.53125 28.7995632067 0.698633627165 1409580082.52
0.415 0.988008055893 0.0147906325655 7.1372 1.0 0.896711111111 29.53125 28.7995632067 0.718172310849 1409580083.52
0.413 0.990198925335 0.0150918053517 7.40377777778 1.0 0.898711111111 29.53125 28.7995632067 0.718444700219 1409580084.54
0.372 0.991729505523 0.0146102905328 7.7016 1.0 0.899422222222 29.53125 28.7995632067 0.73864576305 1409580085.5
0.348 0.992440935613 0.0110125154003 7.77853333333 1.0 0.355511111111 26.265625 25.9889811464 0.747715566717 1409580086.68
0.367 0.992910796453 0.00774670788237 7.72133333333 1.0 0.423022222222 26.265625 25.9889811464 0.738897367434 1409580087.72
0.373 0.994131040788 0.00718679347383 7.56373333333 1.0 0.462622222222 26.265625 25.9889811464 0.744524231163 1409580088.69
0.387 0.995379066201 0.00605121470923 7.58728888889 1.0 0.4928 26.265625 25.9889811464 0.758087674404 1409580089.67
0.328 0.996747000511 0.00670997993382 7.73328888889 1.0 0.523644444444 26.265625 25.9889811464 0.775977346885 1409580090.65
0.316 0.99708791048 0.00399540427527 8.09431111111 1.0 0.543822222222 26.265625 25.9889811464 0.791182633791 1409580091.56
0.333 0.997806984421 0.00325496392738 8.50093333333 1.0 0.561333333333 26.265625 25.9889811464 0.817807432271 1409580092.5
0.269 0.998494032858 0.0043529022709 8.91226666667 1.0 0.576577777778 26.265625 25.9889811464 0.832947683795 1409580093.42
0.32 0.998617836607 0.00543954521659 9.31684444444 1.0 0.590844444444 26.265625 25.9889811464 0.830466954414 1409580094.38
0.293 0.998288742792 0.00589402267913 9.7116 1.0 0.6052 26.265625 25.9889811464 0.830615780139 1409580095.4
0.327 0.997470572903 0.00586985401111 9.81626666667 1.0 0.6276 26.265625 25.9889811464 0.817979703372 1409580096.35
0.33 0.99629040932 0.00668751077719 9.76071111111 1.0 0.648177777778 26.265625 25.9889811464 0.804572677021 1409580097.31
0.364 0.995596176817 0.00858774392884 9.77008888889 1.0 0.673555555556 26.265625 25.9889811464 0.793113126145 1409580098.35
0.344 0.994799761376 0.00912313453378 9.74608888889 1.0 0.696888888889 26.265625 25.9889811464 0.780166638877 1409580099.32
0.354 0.994339513184 0.00932307270432 9.91368888889 1.0 0.713111111111 26.265625 25.9889811464 0.767607034311 1409580100.25
0.34 0.994123156381 0.0130050041855 9.67133333333 1.0 0.7408 26.265625 25.9889811464 0.754920153692 1409580101.26
0.331 0.992562639426 0.0103369670531 9.44888888889 1.0 0.762355555556 26.265625 25.9889811464 0.748188293377 1409580102.18
0.349 0.99253988059 0.00826477104422 9.62497777778 1.0 0.776222222222 26.265625 25.9889811464 0.750224874393 1409580103.18
0.349 0.993897110895 0.00872462330687 9.68502222222 1.0 0.793066666667 26.265625 25.9889811464 0.762142994076 1409580104.17
0.35 0.994977547067 0.00958847378092 9.86648888889 1.0 0.802666666667 26.265625 25.9889811464 0.778141023656 1409580105.09
0.363 0.994855261812 0.00779770417108 10.1614222222 1.0 0.810266666667 26.265625 25.9889811464 0.797700487724 1409580106.09
0.334 0.995096342594 0.00453860700735 10.3079555556 1.0 0.822044444444 26.265625 25.9889811464 0.811075061964 1409580107.05
0.319 0.996139326897 0.00340755082319 10.2798222222 1.0 0.840711111111 26.265625 25.9889811464 0.820412097798 1409580107.99
0.317 0.997221838543 0.00495674000636 10.4549333333 1.0 0.848444444444 26.265625 25.9889811464 0.810229383131 1409580108.89
0.314 0.99782430806 0.00588723478346 10.6636888889 1.0 0.854266666667 26.265625 25.9889811464 0.806296390567 1409580109.84
0.345 0.997507342297 0.0058396858126 10.7476444444 1.0 0.862222222222 26.265625 25.9889811464 0.811033216254 1409580110.74
0.349 0.996878836279 0.0050829463542 10.7158222222 1.0 0.870355555556 26.265625 25.9889811464 0.809551220131 1409580111.62
0.32 0.996739023313 0.00477173185865 10.6762222222 1.0 0.8812 26.265625 25.9889811464 0.799149161866 1409580112.48
0.327 0.997143794351 0.00592110566634 10.1990666667 1.0 0.0775555555556 27.1328125 26.6997711156 0.821978216222 1409580113.45
0.347 0.99707899182 0.00549038440784 10.1370222222 1.0 0.347022222222 27.1328125 26.6997711156 0.824113998412 1409580114.55
0.358 0.996960344585 0.0052152823655 10.0648888889 1.0 0.395288888889 27.1328125 26.6997711156 0.836770303042 1409580115.48
0.339 0.996828497627 0.00469097300601 10.2744 1.0 0.424711111111 27.1328125 26.6997711156 0.84060544272 1409580116.47
0.303 0.996993705135 0.0033224211453 10.2957333333 1.0 0.458177777778 27.1328125 26.6997711156 0.839232991099 1409580117.41
0.344 0.997394779001 0.00243949830607 10.5469777778 1.0 0.476933333333 27.1328125 26.6997711156 0.832042521397 1409580118.33
0.328 0.997992217853 0.0028460130714 10.5796888889 1.0 0.504666666667 27.1328125 26.6997711156 0.823116997133 1409580119.26
0.28 0.998391515557 0.00308473226743 10.7604 1.0 0.5288 27.1328125 26.6997711156 0.828413423094 1409580120.18
0.3 0.998451924187 0.00442468982352 11.0857777778 1.0 0.545377777778 27.1328125 26.6997711156 0.827245202743 1409580121.06
0.317 0.99783025835 0.00395696831442 11.4997333333 1.0 0.555733333333 27.1328125 26.6997711156 0.804454871456 1409580121.99
0.333 0.997548784348 0.00445187158963 11.7111111111 1.0 0.571688888889 27.1328125 26.6997711156 0.791866759211 1409580122.91
0.333 0.997470028061 0.00360909923125 11.9143555556 1.0 0.585155555556 27.1328125 26.6997711156 0.791443570978 1409580123.89
0.315 0.997724701293 0.00349844922564 12.0426222222 1.0 0.598844444444 27.1328125 26.6997711156 0.782901689334 1409580124.79
0.299 0.998175444738 0.00415652252141 12.0610666667 1.0 0.618088888889 27.1328125 26.6997711156 0.795608788297 1409580125.64
0.322 0.998197314284 0.00498457601556 11.7498666667 1.0 0.644977777778 27.1328125 26.6997711156 0.788343443003 1409580126.56
0.354 0.997785445795 0.00547232119793 11.2584444444 1.0 0.681955555556 27.1328125 26.6997711156 0.786158728002 1409580127.46
0.309 0.99705252307 0.00619270221487 10.7576 1.0 0.711688888889 27.1328125 26.6997711156 0.778587476195 1409580128.41
0.34 0.996108781805 0.00740309501152 10.1204888889 1.0 0.747288888889 27.1328125 26.6997711156 0.76354201344 1409580129.28
0.318 0.995546211583 0.00778234545378 10.0224 1.0 0.763955555556 27.1328125 26.6997711156 0.767073433016 1409580130.19
0.353 0.99506684827 0.00733634508532 9.9884 1.0 0.775555555556 27.1328125 26.6997711156 0.765091814811 1409580131.12
0.348 0.995304261956 0.0097774461196 9.72906666667 1.0 0.791777777778 27.1328125 26.6997711156 0.778060230271 1409580132.08
0.379 0.995325476394 0.0110948821675 9.30542222222 1.0 0.807777777778 27.1328125 26.6997711156 0.777207243613 1409580133.04
0.39 0.994488433692 0.0104130111194 8.94475555556 1.0 0.825333333333 27.1328125 26.6997711156 0.775391123398 1409580134.0
0.384 0.993639733974 0.00716538762963 8.9696 1.0 0.834355555556 27.1328125 26.6997711156 0.792578751524 1409580134.89
0.401 0.994238180216 0.00690279687057 8.73484444444 1.0 0.8512 27.1328125 26.6997711156 0.785366350835 1409580135.83
0.396 0.995559260268 0.00828557847333 8.88977777778 1.0 0.854355555556 27.1328125 26.6997711156 0.787320772271 1409580136.9
0.378 0.996377533533 0.00692628007908 8.88173333333 1.0 0.864666666667 27.1328125 26.6997711156 0.788011263686 1409580137.84
0.36 0.996669248283 0.00563211658125 8.73648888889 1.0 0.877555555556 27.1328125 26.6997711156 0.775397880121 1409580138.84
0.355 0.997002332754 0.00574323379444 8.76884444444 1.0 0.883422222222 27.1328125 26.6997711156 0.773338624548 1409580139.81
0.34 0.997104218077 0.00572278094528 8.61613333333 1.0 0.895022222222 27.1328125 26.6997711156 0.778576078875 1409580140.81
0.355 0.997000076608 0.00659138770889 8.2508 1.0 0.258888888889 28.56640625 27.405861591 0.784124814907 1409580141.94
0.338 0.996641215928 0.00585887974774 8.35346666667 1.0 0.391688888889 28.56640625 27.405861591 0.78891702745 1409580142.87
0.381 0.996489589113 0.00667556175545 8.30973333333 1.0 0.442444444444 28.56640625 27.405861591 0.78571498274 1409580143.73
0.37 0.996460466164 0.00710424410215 8.50373333333 1.0 0.470533333333 28.56640625 27.405861591 0.781892131662 1409580144.65
0.353 0.996274669197 0.00689289963935 8.65248888889 1.0 0.504088888889 28.56640625 27.405861591 0.773865132927 1409580145.57
0.382 0.996008236063 0.00661613778546 8.76764444444 1.0 0.532044444444 28.56640625 27.405861591 0.755504147643 1409580146.56
0.384 0.996107724332 0.00670302482302 8.65266666667 1.0 0.577955555556 28.56640625 27.405861591 0.759810981827 1409580147.6
0.371 0.996257697661 0.0062852785476 8.60071111111 1.0 0.6116 28.56640625 27.405861591 0.773888749871 1409580148.64
0.361 0.99623419804 0.00626953624135 8.61982222222 1.0 0.637111111111 28.56640625 27.405861591 0.776286320621 1409580149.63
0.374 0.996358953518 0.00721844247878 8.54626666667 1.0 0.658266666667 28.56640625 27.405861591 0.788217222841 1409580150.6
0.339 0.996468235554 0.00978651799174 8.52222222222 1.0 0.678666666667 28.56640625 27.405861591 0.804195616505 1409580151.52
0.327 0.995384989299 0.00895070436282 8.85977777778 1.0 0.6916 28.56640625 27.405861591 0.790906408479 1409580152.51
0.319 0.994338021735 0.00738364845366 8.91293333333 1.0 0.7176 28.56640625 27.405861591 0.794437791155 1409580153.4
0.306 0.994906763186 0.00749088174615 9.26284444444 1.0 0.727955555556 28.56640625 27.405861591 0.796383728295 1409580154.33
0.312 0.995441630132 0.00604358461506 9.77924444444 1.0 0.734622222222 28.56640625 27.405861591 0.808879245324 1409580155.27
0.293 0.996369060941 0.00575598759343 10.2321333333 1.0 0.740311111111 28.56640625 27.405861591 0.820802416322 1409580156.25
0.264 0.996930968762 0.00602278299396 10.8656888889 1.0 0.740755555556 28.56640625 27.405861591 0.822655597106 1409580157.21
0.251 0.997030760523 0.00616610790779 11.4940888889 1.0 0.741066666667 28.56640625 27.405861591 0.811533342375 1409580158.13
0.258 0.997059408586 0.0057875424798 12.0542666667 1.0 0.742044444444 28.56640625 27.405861591 0.80699998012 1409580159.03
0.28 0.996870970602 0.00569207566729 12.3735111111 1.0 0.745777777778 28.56640625 27.405861591 0.820734625138 1409580159.9
0.258 0.996840885007 0.00569045503981 12.5841333333 1.0 0.7508 28.56640625 27.405861591 0.811603700807 1409580160.83
0.308 0.996808595552 0.00534187912419 12.9765333333 1.0 0.756622222222 28.56640625 27.405861591 0.798072602067 1409580161.76
0.278 0.99696744945 0.00322375894268 13.2809333333 1.0 0.766266666667 28.56640625 27.405861591 0.808972065233 1409580162.78
0.297 0.997705994339 0.00339299857781 13.2719555556 1.0 0.780755555556 28.56640625 27.405861591 0.806162442517 1409580163.74
0.315 0.998310032979 0.00379431680581 13.3602666667 1.0 0.790888888889 28.56640625 27.405861591 0.814140942888 1409580164.62
0.304 0.998474990676 0.0036246029996 13.5064 1.0 0.796488888889 28.56640625 27.405861591 0.836026198671 1409580165.46
0.329 0.998418713427 0.00397713455754 13.2021777778 1.0 0.804488888889 28.56640625 27.405861591 0.824925992192 1409580166.44
0.339 0.9984392719 0.00310153654149 12.9690666667 1.0 0.814488888889 28.56640625 27.405861591 0.821673542102 1409580167.35
0.323 0.998552431816 0.00395269890574 13.1402666667 1.0 0.821333333333 28.56640625 27.405861591 0.834697695132 1409580168.34
0.359 0.998195645464 0.00632099586177 13.2283555556 1.0 0.829733333333 28.56640625 27.405861591 0.827333097908 1409580169.23
0.34 0.996747347099 0.0060584994817 13.1127111111 1.0 0.839066666667 28.56640625 27.405861591 0.832918830371 1409580170.14
0.355 0.995847938829 0.00709369152759 12.9519555556 1.0 0.846266666667 28.56640625 27.405861591 0.821082857349 1409580171.07
0.372 0.995420119763 0.00813743014102 12.8619555556 1.0 0.853022222222 28.56640625 27.405861591 0.810255792034 1409580172.04
0.396 0.995246190577 0.00732504822163 12.3408888889 1.0 0.860311111111 28.56640625 27.405861591 0.795028366859 1409580173.05
0.383 0.995710249209 0.00909749005533 11.7970222222 1.0 0.867511111111 28.56640625 27.405861591 0.797592210049 1409580174.04
0.443 0.995834467631 0.0107524557986 11.2045333333 1.0 0.871777777778 28.56640625 27.405861591 0.775982421014 1409580175.04
0.4 0.995115990029 0.00884137868869 10.7414222222 1.0 0.874088888889 28.56640625 27.405861591 0.777235655277 1409580176.03
0.449 0.994752904022 0.00738626288328 10.2604888889 1.0 0.878311111111 28.56640625 27.405861591 0.756237408282 1409580177.0
0.47 0.995581711084 0.00746110753238 9.77808888889 1.0 0.8828 28.56640625 27.405861591 0.770857539254 1409580177.93
0.43 0.996327834952 0.00901185530829 9.1492 1.0 0.8928 28.56640625 27.405861591 0.76326905589 1409580178.97
0.459 0.996229904905 0.00785733441387 8.64208888889 1.0 0.0432 34.283203125 32.9772204035 0.760316292195 1409580180.0
0.426 0.996122564231 0.00907766377682 8.04697777778 1.0 0.457244444444 34.283203125 32.9772204035 0.767555685437 1409580181.36
0.409 0.995331876478 0.00976433750302 7.52733333333 1.0 0.5168 34.283203125 32.9772204035 0.782825531955 1409580182.45
0.422 0.994560082872 0.00874678385783 7.25542222222 1.0 0.558311111111 34.283203125 32.9772204035 0.761807093903 1409580183.48
0.42 0.994437734623 0.00785492892431 7.26675555556 1.0 0.593822222222 34.283203125 32.9772204035 0.77611540927 1409580184.46
0.393 0.994915835349 0.00615411179649 7.524 1.0 0.617466666667 34.283203125 32.9772204035 0.793705018459 1409580185.46
0.363 0.99616432564 0.0060941279977 7.84328888889 1.0 0.631866666667 34.283203125 32.9772204035 0.807360422521 1409580186.46
0.326 0.99693585406 0.00646107365508 7.94511111111 1.0 0.652888888889 34.283203125 32.9772204035 0.810315503814 1409580187.44
0.332 0.997610307057 0.00712318483252 8.0904 1.0 0.6724 34.283203125 32.9772204035 0.802737226427 1409580188.36
0.324 0.997854990055 0.0102534750658 8.07564444444 1.0 0.692844444444 34.283203125 32.9772204035 0.801410960909 1409580189.29
0.345 0.997480635148 0.0125296841059 8.25262222222 1.0 0.706311111111 34.283203125 32.9772204035 0.80665378226 1409580190.24
0.336 0.996367079373 0.0124244890723 7.83435555556 1.0 0.728222222222 34.283203125 32.9772204035 0.778590990475 1409580191.18
0.357 0.994643051604 0.0108762744535 7.49502222222 1.0 0.747555555556 34.283203125 32.9772204035 0.771045866741 1409580192.08
0.337 0.992942148902 0.00960647651534 7.80662222222 1.0 0.755911111111 34.283203125 32.9772204035 0.771999773026 1409580192.99
0.375 0.99333965201 0.00837286544328 8.21008888889 1.0 0.760266666667 34.283203125 32.9772204035 0.78707388588 1409580193.96
0.332 0.994613382626 0.0106506204421 8.52773333333 1.0 0.764088888889 34.283203125 32.9772204035 0.801370103409 1409580194.98
0.368 0.995020180572 0.00933638882252 9.07044444444 1.0 0.765511111111 34.283203125 32.9772204035 0.806532028169 1409580196.0
0.376 0.995115467715 0.00769465072591 9.436 1.0 0.766888888889 34.283203125 32.9772204035 0.797285192987 1409580197.01
0.351 0.995307871712 0.00646484309627 9.81048888889 1.0 0.768622222222 34.283203125 32.9772204035 0.795077183897 1409580197.99
0.38 0.996320461542 0.00604753679467 10.2253333333 1.0 0.772666666667 34.283203125 32.9772204035 0.796074423662 1409580198.98
0.31 0.99691728521 0.00416616470257 10.6183111111 1.0 0.775466666667 34.283203125 32.9772204035 0.792905940822 1409580199.93
0.317 0.997583250164 0.00318423450277 11.1144444444 1.0 0.776044444444 34.283203125 32.9772204035 0.79927368205 1409580200.85
0.332 0.99828314509 0.00343680503647 11.6283111111 1.0 0.776711111111 34.283203125 32.9772204035 0.81479417309 1409580201.75
0.327 0.998833627123 0.00326021952866 11.9552444444 1.0 0.779955555556 34.283203125 32.9772204035 0.812419784575 1409580202.71
0.334 0.998786649599 0.00212741265358 12.3645777778 1.0 0.781555555556 34.283203125 32.9772204035 0.818228700529 1409580203.67
0.315 0.998984922055 0.00179071100802 12.5041333333 1.0 0.7852 34.283203125 32.9772204035 0.822078631273 1409580204.55
0.337 0.999401065885 0.00308560646552 12.6404444444 1.0 0.7876 34.283203125 32.9772204035 0.821586966314 1409580205.46
0.351 0.999416971057 0.00382598756699 12.6596888889 1.0 0.790666666667 34.283203125 32.9772204035 0.826431020434 1409580206.38
0.378 0.999208104134 0.00376838601424 12.8285777778 1.0 0.7944 34.283203125 32.9772204035 0.826805145693 1409580207.31
0.373 0.999324583511 0.00326354943228 12.8199555556 1.0 0.8024 34.283203125 32.9772204035 0.826051799025 1409580208.23
0.366 0.999538804133 0.00637127697738 12.2812888889 1.0 0.818533333333 34.283203125 32.9772204035 0.812694045566 1409580209.18
0.397 0.999383440601 0.00747694404769 11.5252 1.0 0.840266666667 34.283203125 32.9772204035 0.816386513876 1409580210.15
0.411 0.998791822451 0.0104734631021 10.8082666667 1.0 0.857022222222 34.283203125 32.9772204035 0.804452838186 1409580211.14
0.417 0.997625453696 0.0120687610612 9.9564 1.0 0.879155555556 34.283203125 32.9772204035 0.787438461612 1409580212.19
0.404 0.996060979824 0.0102535545704 9.47155555556 1.0 0.898311111111 34.283203125 32.9772204035 0.777631463293 1409580213.27
0.397 0.995057648478 0.00959950371721 9.25444444444 1.0 0.375377777778 34.6416015625 33.3187337455 0.76572461099 1409580214.5
0.37 0.994382041189 0.00823143610639 9.05906666667 1.0 0.442222222222 34.6416015625 33.3187337455 0.77829458434 1409580215.43
0.377 0.99464796657 0.00877819958285 8.55977777778 1.0 0.500977777778 34.6416015625 33.3187337455 0.761057240164 1409580216.4
0.399 0.9950320066 0.00893014769737 8.57666666667 1.0 0.528266666667 34.6416015625 33.3187337455 0.779200854813 1409580217.36
0.365 0.995202502524 0.00902639488836 8.52084444444 1.0 0.559333333333 34.6416015625 33.3187337455 0.794287850133 1409580218.29
0.372 0.994627225057 0.00882287978366 8.61711111111 1.0 0.5888 34.6416015625 33.3187337455 0.795918487523 1409580219.28
0.342 0.99432542735 0.00794805377627 8.93595555556 1.0 0.605244444444 34.6416015625 33.3187337455 0.796601378494 1409580220.32
0.367 0.994685739541 0.00694549089964 9.01693333333 1.0 0.626666666667 34.6416015625 33.3187337455 0.789241774119 1409580221.3
0.366 0.995863089718 0.00731598610155 9.10915555556 1.0 0.642622222222 34.6416015625 33.3187337455 0.797242906661 1409580222.25
0.394 0.996391633386 0.00933396486788 9.16346666667 1.0 0.667822222222 34.6416015625 33.3187337455 0.803984976841 1409580223.27
0.404 0.996044405019 0.0115656763319 9.02488888889 1.0 0.692266666667 34.6416015625 33.3187337455 0.798257566577 1409580224.28
0.371 0.994582664846 0.0115472630964 8.68648888889 1.0 0.7232 34.6416015625 33.3187337455 0.777069290254 1409580225.29
0.389 0.993062746812 0.0120883214669 8.53631111111 1.0 0.744133333333 34.6416015625 33.3187337455 0.760186691624 1409580226.29
0.408 0.992013252447 0.0125649053209 8.17195555556 1.0 0.776488888889 34.6416015625 33.3187337455 0.741446749847 1409580227.27
0.374 0.992424471771 0.0134989676251 8.01453333333 1.0 0.7968 34.6416015625 33.3187337455 0.7480061341 1409580228.27
0.387 0.993129019768 0.0144631264524 7.47991111111 1.0 0.832666666667 34.6416015625 33.3187337455 0.767245459177 1409580229.23
0.398 0.993387964369 0.0148748765831 7.23231111111 1.0 0.856755555556 34.6416015625 33.3187337455 0.759986927098 1409580230.28
0.424 0.992555179584 0.0110257384981 6.86013333333 1.0 0.887466666667 34.6416015625 33.3187337455 0.75124036715 1409580231.28
0.406 0.992346550137 0.00961032361583 7.10084444444 1.0 0.892933333333 34.6416015625 33.3187337455 0.759338722741 1409580232.21
0.408 0.993143997258 0.00758868793711 7.22342222222 1.0 0.158444444444 26.8208007812 26.3447363643 0.752284805438 1409580233.31
0.394 0.994534133618 0.00881565643753 7.44911111111 1.0 0.4128 26.8208007812 26.3447363643 0.760537078737 1409580234.47
0.389 0.995781758198 0.00721315436697 7.32591111111 1.0 0.474044444444 26.8208007812 26.3447363643 0.771489612086 1409580235.43
0.362 0.996997200432 0.00741899028338 7.5548 1.0 0.513111111111 26.8208007812 26.3447363643 0.81283669888 1409580236.38
0.363 0.997452671241 0.00734697505701 7.80564444444 1.0 0.539466666667 26.8208007812 26.3447363643 0.819752636071 1409580237.32
0.332 0.997885446647 0.007810397344 8.12755555556 1.0 0.560711111111 26.8208007812 26.3447363643 0.828647017364 1409580238.29
0.288 0.998067022005 0.0127491801057 8.49546666667 1.0 0.572088888889 26.8208007812 26.3447363643 0.837529341128 1409580239.22
0.297 0.997517449454 0.0149349980808 8.63493333333 1.0 0.590755555556 26.8208007812 26.3447363643 0.819451677608 1409580240.19
0.31 0.996511522987 0.0127914165509 8.55813333333 1.0 0.622711111111 26.8208007812 26.3447363643 0.813723376418 1409580241.15
0.3 0.995913920098 0.0131594615458 8.64586666667 1.0 0.646133333333 26.8208007812 26.3447363643 0.808436332746 1409580242.12
0.358 0.994610283859 0.0122818946553 8.56768888889 1.0 0.674177777778 26.8208007812 26.3447363643 0.778793126511 1409580243.13
0.357 0.992898264021 0.0117208162662 8.45791111111 1.0 0.699422222222 26.8208007812 26.3447363643 0.7523179873 1409580244.11
0.361 0.99234196657 0.0116326178186 8.56697777778 1.0 0.716044444444 26.8208007812 26.3447363643 0.735725746924 1409580245.05
0.366 0.992488249064 0.00888731931383 8.74706666667 1.0 0.733333333333 26.8208007812 26.3447363643 0.73433430148 1409580245.98
0.327 0.993834501572 0.00792778151318 9.18475555556 1.0 0.738444444444 26.8208007812 26.3447363643 0.776830868698 1409580246.97
0.343 0.994937446389 0.00829374692238 9.53493333333 1.0 0.746222222222 26.8208007812 26.3447363643 0.778933801118 1409580247.95
0.307 0.995664855799 0.00724765775866 9.98951111111 1.0 0.750666666667 26.8208007812 26.3447363643 0.790976012831 1409580248.87
0.325 0.995993963956 0.00659156604956 10.2644888889 1.0 0.759866666667 26.8208007812 26.3447363643 0.808389811456 1409580249.74
0.309 0.996561744964 0.00593971538622 10.6807555556 1.0 0.764844444444 26.8208007812 26.3447363643 0.824513326639 1409580250.65
0.32 0.996913555312 0.00567580553521 11.0152888889 1.0 0.767955555556 26.8208007812 26.3447363643 0.802934355852 1409580251.62
0.271 0.997008895746 0.00620549497354 11.4788888889 1.0 0.771911111111 26.8208007812 26.3447363643 0.824378841019 1409580252.54
0.293 0.996690703453 0.00582048395024 11.7289333333 1.0 0.779288888889 26.8208007812 26.3447363643 0.830553629791 1409580253.44
0.291 0.996588299275 0.00545443116454 12.0253777778 1.0 0.784755555556 26.8208007812 26.3447363643 0.838404011133 1409580254.43
0.275 0.99678203968 0.00535851281604 12.3415111111 1.0 0.787644444444 26.8208007812 26.3447363643 0.823808945913 1409580255.39
0.263 0.996778154765 0.00671413365817 12.8609777778 1.0 0.790577777778 26.8208007812 26.3447363643 0.81514890306 1409580256.34
0.289 0.996513581889 0.00674662924352 13.1866666667 1.0 0.795288888889 26.8208007812 26.3447363643 0.82657424116 1409580257.29
0.28 0.996004508832 0.00729023144651 13.4029333333 1.0 0.799466666667 26.8208007812 26.3447363643 0.820560625446 1409580258.2
0.303 0.99541686406 0.00658317742598 13.7008444444 1.0 0.802266666667 26.8208007812 26.3447363643 0.803930873353 1409580259.12
0.309 0.995333313775 0.00769485533135 13.7596888889 1.0 0.806444444444 26.8208007812 26.3447363643 0.793577229433 1409580260.11
0.321 0.995037148621 0.0111553597093 13.4671555556 1.0 0.813822222222 26.8208007812 26.3447363643 0.773478042481 1409580261.01
0.347 0.994344765078 0.0114037220968 13.3917333333 1.0 0.822266666667 26.8208007812 26.3447363643 0.758614623934 1409580261.9
0.389 0.99372032543 0.0100074227238 13.2664444444 1.0 0.829688888889 26.8208007812 26.3447363643 0.749065924604 1409580262.79
0.368 0.993172760253 0.00849449189601 13.1332 1.0 0.832622222222 26.8208007812 26.3447363643 0.748533994161 1409580263.79
0.381 0.993997231957 0.0085992464892 13.0504888889 1.0 0.837244444444 26.8208007812 26.3447363643 0.743344607992 1409580264.73
0.352 0.995050926251 0.00656468498799 12.9455555556 1.0 0.844666666667 26.8208007812 26.3447363643 0.771389270372 1409580265.62
0.377 0.995956469712 0.00622842209236 12.9422666667 1.0 0.8488 26.8208007812 26.3447363643 0.776381565715 1409580266.57
0.349 0.996838712611 0.00832112156411 12.7027111111 1.0 0.859911111111 26.8208007812 26.3447363643 0.775438465257 1409580267.53
0.384 0.99628841699 0.0070310049953 12.2104888889 1.0 0.873644444444 26.8208007812 26.3447363643 0.770589721028 1409580268.55
0.367 0.996085044272 0.00736056671641 12.1573777778 1.0 0.879911111111 26.8208007812 26.3447363643 0.784275220476 1409580269.55
0.389 0.996112679324 0.00715840041951 11.9105333333 1.0 0.889066666667 26.8208007812 26.3447363643 0.768674756095 1409580270.58
0.394 0.996104994149 0.00602220445485 11.7235111111 1.0 0.892577777778 26.8208007812 26.3447363643 0.775974109169 1409580271.62
0.363 0.996493601359 0.00528005992477 11.8300444444 1.0 0.895955555556 26.8208007812 26.3447363643 0.775492952068 1409580272.61
0.332 0.997177241136 0.00479977932527 11.9686222222 1.0 0.264311111111 34.4104003906 33.2419532671 0.795094819177 1409580273.76
0.339 0.997467477021 0.00494504209947 12.1206666667 1.0 0.369555555556 34.4104003906 33.2419532671 0.795775074222 1409580274.79
0.354 0.997491425202 0.00578521081983 12.0446222222 1.0 0.406977777778 34.4104003906 33.2419532671 0.792915637401 1409580275.71
0.322 0.9971678318 0.00705121067415 11.9130666667 1.0 0.4396 34.4104003906 33.2419532671 0.796246463928 1409580276.66
0.366 0.996492982569 0.00608353542049 11.9186222222 1.0 0.466488888889 34.4104003906 33.2419532671 0.793420938948 1409580277.55
0.342 0.996221757993 0.00593312971369 11.5813333333 1.0 0.499866666667 34.4104003906 33.2419532671 0.771278625705 1409580278.5
0.378 0.996255727481 0.00622248659764 11.5549333333 1.0 0.523644444444 34.4104003906 33.2419532671 0.771780427179 1409580279.48
0.333 0.996509738806 0.00765781682102 11.4775555556 1.0 0.542711111111 34.4104003906 33.2419532671 0.77921346904 1409580280.45
0.345 0.995977189859 0.00819257285915 11.5446666667 1.0 0.559466666667 34.4104003906 33.2419532671 0.760396091009 1409580281.4
0.377 0.99527260129 0.00929051059789 11.5256 1.0 0.578711111111 34.4104003906 33.2419532671 0.762785452673 1409580282.32
0.354 0.99412368962 0.00871797733136 11.1992888889 1.0 0.604933333333 34.4104003906 33.2419532671 0.762676505621 1409580283.3
0.337 0.993976006406 0.00840667027579 11.4563111111 1.0 0.612844444444 34.4104003906 33.2419532671 0.767009748811 1409580284.25
0.307 0.994353653832 0.0119664244174 11.9403111111 1.0 0.616666666667 34.4104003906 33.2419532671 0.780909676112 1409580285.13
0.35 0.993859369637 0.0131670184672 12.1799111111 1.0 0.625066666667 34.4104003906 33.2419532671 0.775324727338 1409580286.03
0.355 0.993150380207 0.0124940424068 12.4257333333 1.0 0.636577777778 34.4104003906 33.2419532671 0.757720461413 1409580286.93
0.355 0.992921393014 0.0102639209591 12.7612888889 1.0 0.642044444444 34.4104003906 33.2419532671 0.76418872284 1409580287.89
0.358 0.993419845287 0.00862533270036 13.0064 1.0 0.653111111111 34.4104003906 33.2419532671 0.777604796992 1409580288.86
0.351 0.994397932674 0.00820498054682 13.1891555556 1.0 0.663733333333 34.4104003906 33.2419532671 0.773053793714 1409580289.83
0.353 0.995086836539 0.0105445228513 13.3589333333 1.0 0.672488888889 34.4104003906 33.2419532671 0.775087612726 1409580290.81
0.311 0.994829783743 0.010385600658 13.1971555556 1.0 0.692711111111 34.4104003906 33.2419532671 0.768615716488 1409580291.76
0.328 0.993863536862 0.0085162778295 12.9858666667 1.0 0.710622222222 34.4104003906 33.2419532671 0.745491268599 1409580292.76
0.38 0.994140702853 0.0091407230328 12.3313333333 1.0 0.734888888889 34.4104003906 33.2419532671 0.730726303635 1409580293.69
0.39 0.994631957561 0.00869300969035 11.9777333333 1.0 0.754488888889 34.4104003906 33.2419532671 0.761346719516 1409580294.66
0.365 0.994853748251 0.0103164077283 11.6639111111 1.0 0.773066666667 34.4104003906 33.2419532671 0.771886798087 1409580295.54
0.356 0.994724007544 0.00981666243404 11.7234666667 1.0 0.783155555556 34.4104003906 33.2419532671 0.766845892316 1409580296.49
0.371 0.99459852296 0.0115661248761 11.5632444444 1.0 0.796444444444 34.4104003906 33.2419532671 0.764400531181 1409580297.49
0.374 0.993867130282 0.0111510094905 11.0702222222 1.0 0.8192 34.4104003906 33.2419532671 0.757565130932 1409580298.46
0.419 0.993279306357 0.00976201506075 10.6928888889 1.0 0.837466666667 34.4104003906 33.2419532671 0.7385644329 1409580299.43
0.393 0.993292856788 0.011360555444 10.3323111111 1.0 0.8572 34.4104003906 33.2419532671 0.723657083382 1409580300.39
0.379 0.993415235245 0.0136985358052 9.84933333333 1.0 0.8724 34.4104003906 33.2419532671 0.733515998105 1409580301.36
0.392 0.992811963213 0.0125576780766 9.64906666667 1.0 0.885333333333 34.4104003906 33.2419532671 0.730187995493 1409580302.29
0.387 0.991650491837 0.0128256209664 9.47217777778 1.0 0.895777777778 34.4104003906 33.2419532671 0.734204886796 1409580303.23
0.385 0.990847772752 0.0150334168786 9.3144 1.0 0.159733333333 33.2052001953 32.0416726537 0.737230955605 1409580304.29
0.41 0.990648607073 0.0140419432965 9.00706666667 1.0 0.409777777778 33.2052001953 32.0416726537 0.736648559782 1409580305.46
0.408 0.99088726478 0.0157628901009 8.50182222222 1.0 0.460044444444 33.2052001953 32.0416726537 0.723091022462 1409580306.44
0.395 0.991577626295 0.0207543113437 8.07088888889 1.0 0.492222222222 33.2052001953 32.0416726537 0.732185538948 1409580307.43
0.372 0.990857260379 0.025793756266 7.52395555556 1.0 0.529022222222 33.2052001953 32.0416726537 0.717777037837 1409580308.44
0.368 0.989187803257 0.0171097478628 6.95666666667 1.0 0.565688888889 33.2052001953 32.0416726537 0.716391304122 1409580309.4
0.389 0.9882579061 0.0133764990435 6.44968888889 1.0 0.607777777778 33.2052001953 32.0416726537 0.708195152498 1409580310.33
0.37 0.989162541192 0.0156539285699 6.66711111111 1.0 0.625555555556 33.2052001953 32.0416726537 0.727943770277 1409580311.32
0.396 0.990169307472 0.0158251991211 6.68351111111 1.0 0.649377777778 33.2052001953 32.0416726537 0.722048086188 1409580312.28
0.369 0.990819875124 0.0157173316496 6.81071111111 1.0 0.672666666667 33.2052001953 32.0416726537 0.714266459052 1409580313.2
0.379 0.991891808802 0.0128347966677 6.90408888889 1.0 0.697777777778 33.2052001953 32.0416726537 0.734714965863 1409580314.26
0.371 0.992936758226 0.00981065026992 7.10231111111 1.0 0.717644444444 33.2052001953 32.0416726537 0.743993730547 1409580315.27
0.347 0.994170501736 0.00809756445821 7.3712 1.0 0.733688888889 33.2052001953 32.0416726537 0.776864095899 1409580316.24
0.336 0.995579647048 0.00913373882924 7.64377777778 1.0 0.747466666667 33.2052001953 32.0416726537 0.783704104013 1409580317.28
0.327 0.996010715484 0.00906570439253 8.00142222222 1.0 0.759911111111 33.2052001953 32.0416726537 0.791871849047 1409580318.22
0.357 0.995687591427 0.00632398667482 8.15657777778 1.0 0.779911111111 33.2052001953 32.0416726537 0.787784546279 1409580319.21
0.376 0.99576255725 0.00662310714979 8.37551111111 1.0 0.794044444444 33.2052001953 32.0416726537 0.789601269118 1409580320.15
0.366 0.996072701095 0.00722822828261 8.55111111111 1.0 0.805333333333 33.2052001953 32.0416726537 0.789366159552 1409580321.1
0.341 0.996768169157 0.00911226519228 8.90751111111 1.0 0.809911111111 33.2052001953 32.0416726537 0.80191017638 1409580322.0
0.342 0.997142013969 0.00952593736905 9.15697777778 1.0 0.817555555556 33.2052001953 32.0416726537 0.805800341835 1409580322.9
0.34 0.997190421207 0.00748959052091 9.4884 1.0 0.821466666667 33.2052001953 32.0416726537 0.817931934231 1409580323.89
0.358 0.997920894813 0.00781547556988 9.58386666667 1.0 0.827866666667 33.2052001953 32.0416726537 0.810422552299 1409580324.85
0.351 0.998152490976 0.00803634297202 9.89151111111 1.0 0.834044444444 33.2052001953 32.0416726537 0.811187607629 1409580325.75
0.337 0.997569269614 0.00741908634414 9.81484444444 1.0 0.844088888889 33.2052001953 32.0416726537 0.800859788452 1409580326.75
0.329 0.996512867286 0.00392914862413 9.69093333333 1.0 0.860177777778 33.2052001953 32.0416726537 0.776459881927 1409580327.75
0.346 0.996761293263 0.00223974300305 9.74013333333 1.0 0.868311111111 33.2052001953 32.0416726537 0.781013185729 1409580328.71
0.336 0.99784125178 0.00176490435645 10.0005333333 1.0 0.873244444444 33.2052001953 32.0416726537 0.763570533507 1409580329.61
0.31 0.998782487275 0.00191262105903 10.4530666667 1.0 0.875066666667 33.2052001953 32.0416726537 0.78066914209 1409580330.45
0.322 0.99934325036 0.00296759983316 10.3167111111 1.0 0.887066666667 33.2052001953 32.0416726537 0.79226707522 1409580331.32
0.355 0.999168752045 0.00316238317729 10.3020888889 1.0 0.897111111111 33.2052001953 32.0416726537 0.788983466369 1409580332.21
0.317 0.998701918814 0.00441713763433 10.3834666667 1.0 0.291155555556 31.6026000977 30.3133568499 0.794809602377 1409580333.27
0.288 0.997940662689 0.00375064827967 10.6492 1.0 0.342444444444 31.6026000977 30.3133568499 0.786518508421 1409580334.11
0.338 0.997554724352 0.00415767556739 10.7188888889 1.0 0.374088888889 31.6026000977 30.3133568499 0.801708800073 1409580334.97
0.321 0.997433689444 0.00452302616168 10.6429777778 1.0 0.412888888889 31.6026000977 30.3133568499 0.800703281748 1409580335.87
0.321 0.997282630063 0.00417794316204 10.4096888889 1.0 0.459066666667 31.6026000977 30.3133568499 0.800538224508 1409580336.85
0.325 0.99756070369 0.00516490915109 10.3328888889 1.0 0.494622222222 31.6026000977 30.3133568499 0.789449326762 1409580337.82
0.369 0.997576232204 0.00497611770911 10.1538666667 1.0 0.530266666667 31.6026000977 30.3133568499 0.790234701093 1409580338.74
0.331 0.997510540985 0.00754021337718 9.93928888889 1.0 0.565466666667 31.6026000977 30.3133568499 0.796704481149 1409580339.66
0.336 0.996520932218 0.00682849664217 9.88702222222 1.0 0.593155555556 31.6026000977 30.3133568499 0.794984575023 1409580340.56
0.349 0.995816828241 0.00738381125937 10.1304444444 1.0 0.607866666667 31.6026000977 30.3133568499 0.806765664281 1409580341.53
0.32 0.995543324102 0.00785873094543 10.0983555556 1.0 0.632488888889 31.6026000977 30.3133568499 0.797331927592 1409580342.58
0.348 0.995556913954 0.00982130060208 10.048 1.0 0.658666666667 31.6026000977 30.3133568499 0.797683630587 1409580343.55
0.346 0.995168887763 0.00940609928745 10.1768444444 1.0 0.677022222222 31.6026000977 30.3133568499 0.783372557216 1409580344.56
0.322 0.994428606741 0.0101502129574 10.1649333333 1.0 0.699822222222 31.6026000977 30.3133568499 0.781273043876 1409580345.56
0.391 0.99368984313 0.00927119615815 10.0969777778 1.0 0.721822222222 31.6026000977 30.3133568499 0.751067112026 1409580346.52
0.389 0.993549032866 0.00770841196533 10.3164 1.0 0.730311111111 31.6026000977 30.3133568499 0.752270405774 1409580347.5
0.409 0.994001055614 0.00662953320655 9.90728888889 1.0 0.755022222222 31.6026000977 30.3133568499 0.754026824004 1409580348.47
0.345 0.995237845074 0.00880135157281 9.7872 1.0 0.774533333333 31.6026000977 30.3133568499 0.775785159733 1409580349.43
0.388 0.995538436519 0.00986649954554 9.68271111111 1.0 0.790222222222 31.6026000977 30.3133568499 0.769682207599 1409580350.4
0.354 0.994797920247 0.0100215230908 9.60004444444 1.0 0.806933333333 31.6026000977 30.3133568499 0.758939306035 1409580351.42
0.387 0.993958262108 0.0091729453456 9.3804 1.0 0.826355555556 31.6026000977 30.3133568499 0.755679536322 1409580352.4
0.395 0.993691068865 0.00816091113493 9.18013333333 1.0 0.845244444444 31.6026000977 30.3133568499 0.765100234984 1409580353.46
0.386 0.994531316336 0.00964172188005 9.27453333333 1.0 0.856222222222 31.6026000977 30.3133568499 0.784798796718 1409580354.46
0.389 0.994767342642 0.0120756291784 9.3988 1.0 0.866755555556 31.6026000977 30.3133568499 0.777636352621 1409580355.41
0.342 0.993629838154 0.00925486877834 9.40764444444 1.0 0.877822222222 31.6026000977 30.3133568499 0.779386182642 1409580356.39
0.37 0.993625776666 0.00891072367131 9.40213333333 1.0 0.890577777778 31.6026000977 30.3133568499 0.779041394932 1409580357.34
0.377 0.994264387735 0.00770628347912 9.71453333333 1.0 0.892177777778 31.6026000977 30.3133568499 0.791107897552 1409580358.33
0.376 0.995644272223 0.00757139563571 9.92946666667 1.0 0.897422222222 31.6026000977 30.3133568499 0.802466677343 1409580359.33
0.339 0.996378209505 0.00725868191559 10.1961333333 1.0 0.0969777777778 29.8013000488 28.9673508273 0.80514705503 1409580360.35
0.324 0.996824277144 0.00515960501434 10.4925777778 1.0 0.3464 29.8013000488 28.9673508273 0.798921819179 1409580361.49
0.31 0.997353963427 0.00376634150675 10.7392888889 1.0 0.374355555556 29.8013000488 28.9673508273 0.810495301849 1409580362.52
0.321 0.997886221957 0.00306291142619 10.9165777778 1.0 0.406088888889 29.8013000488 28.9673508273 0.816231293781 1409580363.44
0.316 0.998632222355 0.00165684186028 11.1603555556 1.0 0.438977777778 29.8013000488 28.9673508273 0.809890117002 1409580364.32
0.314 0.999273987675 0.00123112543807 11.3526222222 1.0 0.467822222222 29.8013000488 28.9673508273 0.817636547104 1409580365.25
0.311 0.999582949596 0.0015161013594 11.4246222222 1.0 0.497111111111 29.8013000488 28.9673508273 0.817206295941 1409580366.18
0.31 0.999536733924 0.00148709678159 11.4169777778 1.0 0.525911111111 29.8013000488 28.9673508273 0.819464569117 1409580367.14
0.312 0.999457400586 0.00203480976226 11.0936444444 1.0 0.559777777778 29.8013000488 28.9673508273 0.811019586422 1409580368.12
0.322 0.99924588116 0.00257037243763 11.2176 1.0 0.578444444444 29.8013000488 28.9673508273 0.800760751537 1409580369.06
0.329 0.99895008987 0.0036789188228 11.1058666667 1.0 0.600622222222 29.8013000488 28.9673508273 0.801449784712 1409580369.98
0.335 0.99842567946 0.00349582089917 11.1637777778 1.0 0.615866666667 29.8013000488 28.9673508273 0.786129984746 1409580370.91
0.332 0.99812730558 0.00642605833192 11.0841333333 1.0 0.634844444444 29.8013000488 28.9673508273 0.779359988565 1409580371.88
0.372 0.996990732511 0.00812321999077 10.8200888889 1.0 0.660666666667 29.8013000488 28.9673508273 0.775701948386 1409580372.83
0.387 0.995398287633 0.00851741915256 10.2180888889 1.0 0.694177777778 29.8013000488 28.9673508273 0.7454847202 1409580373.8
0.394 0.994540809121 0.00732087456234 9.88995555556 1.0 0.718933333333 29.8013000488 28.9673508273 0.7512064894 1409580374.79
0.391 0.994527114153 0.00508329579171 9.98497777778 1.0 0.731066666667 29.8013000488 28.9673508273 0.763072560819 1409580375.7
0.37 0.995587097273 0.00595716749103 9.93346666667 1.0 0.749511111111 29.8013000488 28.9673508273 0.766899353858 1409580376.67
0.377 0.996488595433 0.00477587885521 10.1579555556 1.0 0.758711111111 29.8013000488 28.9673508273 0.777118169193 1409580377.64
0.354 0.997278675532 0.00350876943183 10.3542666667 1.0 0.770177777778 29.8013000488 28.9673508273 0.790592840486 1409580378.63
0.328 0.998002593631 0.00371143850928 10.5096444444 1.0 0.784755555556 29.8013000488 28.9673508273 0.794441074238 1409580379.61
0.334 0.998348572668 0.0036917424526 10.6809333333 1.0 0.798666666667 29.8013000488 28.9673508273 0.790297827992 1409580380.52
0.301 0.99876372219 0.00436417616244 10.9189333333 1.0 0.811333333333 29.8013000488 28.9673508273 0.81096340258 1409580381.5
0.303 0.998804421591 0.00331532532795 11.1424888889 1.0 0.823555555556 29.8013000488 28.9673508273 0.80617572455 1409580382.45
0.314 0.998815645416 0.00323632134757 11.3851111111 1.0 0.832622222222 29.8013000488 28.9673508273 0.79866887599 1409580383.32
0.317 0.998619645333 0.0027251360421 11.6783555556 1.0 0.839022222222 29.8013000488 28.9673508273 0.796142297211 1409580384.15
0.333 0.998648859364 0.00423072820199 11.8431555556 1.0 0.846088888889 29.8013000488 28.9673508273 0.795433069996 1409580385.05
0.326 0.99838034797 0.00427685288448 12.0686222222 1.0 0.851333333333 29.8013000488 28.9673508273 0.784093966564 1409580385.97
0.318 0.997887581324 0.00521984701838 12.0761333333 1.0 0.8612 29.8013000488 28.9673508273 0.778042038047 1409580386.86
0.327 0.997116501906 0.00484918558529 11.9819111111 1.0 0.869555555556 29.8013000488 28.9673508273 0.7504989208 1409580387.75
0.335 0.996884392404 0.00512568256634 11.9112 1.0 0.876933333333 29.8013000488 28.9673508273 0.758072258414 1409580388.64
0.333 0.997020916295 0.00574779049441 11.7081777778 1.0 0.887555555556 29.8013000488 28.9673508273 0.76233989094 1409580389.56
0.321 0.997105069665 0.0062071707332 11.4186222222 1.0 0.896088888889 29.8013000488 28.9673508273 0.763920733509 1409580390.45
0.331 0.997152354417 0.00623402696042 11.0332444444 1.0 0.261688888889 31.4006500244 29.8546923929 0.770663783953 1409580391.53
0.334 0.996730629302 0.00570216756256 10.7664888889 1.0 0.369244444444 31.4006500244 29.8546923929 0.77540582389 1409580392.47
0.309 0.996616770622 0.00775917799717 10.8154222222 1.0 0.406977777778 31.4006500244 29.8546923929 0.779480780833 1409580393.33
0.336 0.99613111332 0.00819436303277 10.8793333333 1.0 0.444888888889 31.4006500244 29.8546923929 0.782447040728 1409580394.21
0.349 0.995714094241 0.00758535173234 11.1397777778 1.0 0.466355555556 31.4006500244 29.8546923929 0.799196708448 1409580395.16
0.347 0.995372513347 0.00532418444688 11.3160888889 1.0 0.487244444444 31.4006500244 29.8546923929 0.805432232653 1409580396.13
0.315 0.996411842962 0.00237165913264 11.3800444444 1.0 0.514844444444 31.4006500244 29.8546923929 0.820354188203 1409580397.13
0.345 0.998142704114 0.00210199030023 11.5863555556 1.0 0.540666666667 31.4006500244 29.8546923929 0.83765623194 1409580398.1
0.295 0.999214242437 0.0017390457412 11.7476444444 1.0 0.568933333333 31.4006500244 29.8546923929 0.84605104123 1409580399.06
0.277 0.999373231051 0.00189344666907 11.9370666667 1.0 0.594666666667 31.4006500244 29.8546923929 0.854567420642 1409580400.0
0.26 0.999201115115 0.00143089503714 12.4119111111 1.0 0.607244444444 31.4006500244 29.8546923929 0.858984283938 1409580400.9
0.245 0.999220009328 0.00122929170053 12.9682666667 1.0 0.613955555556 31.4006500244 29.8546923929 0.855473099556 1409580401.81
0.231 0.999346698012 0.00171765603 13.4851555556 1.0 0.622355555556 31.4006500244 29.8546923929 0.847241209332 1409580402.79
0.268 0.999274891585 0.00285963395078 13.9071111111 1.0 0.634222222222 31.4006500244 29.8546923929 0.838480188615 1409580403.75
0.257 0.998742791485 0.00291628747354 14.1544 1.0 0.6488 31.4006500244 29.8546923929 0.811092979303 1409580404.7
0.267 0.998392242811 0.00250895436288 14.3255555556 1.0 0.662844444444 31.4006500244 29.8546923929 0.787541070789 1409580405.67
0.272 0.998581243138 0.00393467932186 14.4931111111 1.0 0.678266666667 31.4006500244 29.8546923929 0.798690500302 1409580406.64
0.298 0.998253716161 0.00415051069146 14.0994222222 1.0 0.704755555556 31.4006500244 29.8546923929 0.800192363098 1409580407.57
0.291 0.997703552333 0.00424767043095 14.1236 1.0 0.721733333333 31.4006500244 29.8546923929 0.801882594567 1409580408.52
0.29 0.99745316458 0.00495145725347 13.8523555556 1.0 0.744933333333 31.4006500244 29.8546923929 0.79703493037 1409580409.49
0.317 0.997186019574 0.00498329424902 13.6929777778 1.0 0.762444444444 31.4006500244 29.8546923929 0.802231069463 1409580410.46
0.309 0.99719045233 0.00737863999697 13.4933333333 1.0 0.783333333333 31.4006500244 29.8546923929 0.799422295997 1409580411.45
0.325 0.99680641154 0.00835632516508 12.7343555556 1.0 0.816133333333 31.4006500244 29.8546923929 0.786035847664 1409580412.36
0.35 0.996105576876 0.0076306190957 12.3508888889 1.0 0.8436 31.4006500244 29.8546923929 0.777934145541 1409580413.26
0.397 0.995768110957 0.00792434551541 11.8692 1.0 0.862888888889 31.4006500244 29.8546923929 0.778245395616 1409580414.25
0.351 0.995605598806 0.0080903700022 11.1756444444 1.0 0.876755555556 31.4006500244 29.8546923929 0.782204553185 1409580415.27
0.364 0.995503995809 0.00991212625575 11.0709333333 1.0 0.885822222222 31.4006500244 29.8546923929 0.777105385008 1409580416.27
0.386 0.995048505542 0.0117712393323 10.9744444444 1.0 0.894355555556 31.4006500244 29.8546923929 0.779268930954 1409580417.26
0.33 0.994230531407 0.0125945606492 10.7436444444 1.0 0.196755555556 29.7003250122 28.4404651788 0.798880274161 1409580418.35
0.335 0.993219279347 0.0120650603763 10.3326222222 1.0 0.364088888889 29.7003250122 28.4404651788 0.780479627079 1409580419.43
0.337 0.992340043352 0.0112152858317 9.80128888889 1.0 0.418266666667 29.7003250122 28.4404651788 0.776835937716 1409580420.44
0.346 0.99235859845 0.00917059363444 9.6652 1.0 0.458311111111 29.7003250122 28.4404651788 0.783523940627 1409580421.38
0.349 0.993263102916 0.00875274357951 9.43715555556 1.0 0.497777777778 29.7003250122 28.4404651788 0.791897885351 1409580422.38
0.343 0.994436512222 0.00889203065228 9.49044444444 1.0 0.536133333333 29.7003250122 28.4404651788 0.771850226275 1409580423.39
0.345 0.995418938105 0.00936937432339 9.55475555556 1.0 0.564577777778 29.7003250122 28.4404651788 0.760613678502 1409580424.32
0.308 0.995493672797 0.00784007235787 9.48262222222 1.0 0.591244444444 29.7003250122 28.4404651788 0.76918894039 1409580425.17
0.313 0.995216042297 0.00758899460158 9.65653333333 1.0 0.614 29.7003250122 28.4404651788 0.763358799326 1409580426.09
0.314 0.995294659564 0.00676318243856 9.91546666667 1.0 0.629066666667 29.7003250122 28.4404651788 0.777160533148 1409580426.97
0.323 0.995954366931 0.00696601868687 10.2075555556 1.0 0.641022222222 29.7003250122 28.4404651788 0.770813052393 1409580427.88
0.317 0.996332582036 0.00815420792187 10.1735111111 1.0 0.660533333333 29.7003250122 28.4404651788 0.786961829632 1409580428.81
0.324 0.99622970821 0.00495734681199 10.0584 1.0 0.685777777778 29.7003250122 28.4404651788 0.795829901372 1409580429.78
0.337 0.996680220665 0.00467967799881 10.21 1.0 0.702622222222 29.7003250122 28.4404651788 0.796367331059 1409580430.72
0.332 0.997243638987 0.00433797889721 10.0651555556 1.0 0.730444444444 29.7003250122 28.4404651788 0.809346938149 1409580431.68
0.322 0.997642686065 0.00407308281469 10.0695555556 1.0 0.747866666667 29.7003250122 28.4404651788 0.816266319161 1409580432.7
0.311 0.998059623719 0.00390656306867 10.0950666667 1.0 0.7664 29.7003250122 28.4404651788 0.838323259373 1409580433.63
0.29 0.998146370068 0.0027104269188 10.4092888889 1.0 0.776577777778 29.7003250122 28.4404651788 0.841395453754 1409580434.65
0.305 0.998449783509 0.00259486271239 10.3996444444 1.0 0.796755555556 29.7003250122 28.4404651788 0.826905573418 1409580435.64
0.301 0.998877425329 0.00418957525003 10.5601333333 1.0 0.812755555556 29.7003250122 28.4404651788 0.85976383032 1409580436.56
0.271 0.998767354668 0.0030707234341 10.6313333333 1.0 0.8312 29.7003250122 28.4404651788 0.835778505428 1409580437.47
0.297 0.998785882818 0.00239063308214 11.0037777778 1.0 0.836622222222 29.7003250122 28.4404651788 0.842533753322 1409580438.37
0.315 0.998894425442 0.00182802941638 11.3946222222 1.0 0.840933333333 29.7003250122 28.4404651788 0.836103486652 1409580439.28
0.307 0.999256289934 0.00149892812072 11.6464 1.0 0.845155555556 29.7003250122 28.4404651788 0.84158787272 1409580440.21
0.296 0.999475747728 0.00236472920666 11.9916444444 1.0 0.8516 29.7003250122 28.4404651788 0.843161443595 1409580441.19
0.279 0.99908917862 0.00250914624373 12.1751555556 1.0 0.859066666667 29.7003250122 28.4404651788 0.82327088743 1409580442.11
0.276 0.998780389019 0.00292167596786 12.0818666667 1.0 0.8688 29.7003250122 28.4404651788 0.815237034483 1409580443.03
0.266 0.998482228561 0.00435382603147 12.0076444444 1.0 0.880755555556 29.7003250122 28.4404651788 0.811761581791 1409580443.99
0.255 0.997888927885 0.0033482897004 12.0464444444 1.0 0.889911111111 29.7003250122 28.4404651788 0.819132064095 1409580444.96
0.289 0.997688637094 0.00396253820186 12.1579555556 1.0 0.897955555556 29.7003250122 28.4404651788 0.824007481666 1409580445.89
0.294 0.998229265595 0.00715694616299 12.0641777778 1.0 0.163555555556 29.8501625061 28.5330755545 0.838134744007 1409580446.9
0.299 0.997736292507 0.0109270426355 11.5095555556 1.0 0.323688888889 29.8501625061 28.5330755545 0.832596079625 1409580447.91
0.345 0.996536465716 0.00836441881875 11.1172444444 1.0 0.378044444444 29.8501625061 28.5330755545 0.813689350765 1409580448.91
0.329 0.995037786864 0.00555364931613 11.2444 1.0 0.399644444444 29.8501625061 28.5330755545 0.81491205527 1409580449.88
0.314 0.995025815367 0.00496347601893 11.1564888889 1.0 0.433422222222 29.8501625061 28.5330755545 0.812321389349 1409580450.78
0.323 0.996133376545 0.00488417140819 11.0816888889 1.0 0.467866666667 29.8501625061 28.5330755545 0.80607986409 1409580451.68
0.33 0.997309719444 0.00618183867559 11.1736444444 1.0 0.491866666667 29.8501625061 28.5330755545 0.800230942989 1409580452.63
0.303 0.99766898007 0.0055958576316 11.3378666667 1.0 0.512088888889 29.8501625061 28.5330755545 0.805595301337 1409580453.6
0.324 0.997667415061 0.00464455899908 11.2264444444 1.0 0.543822222222 29.8501625061 28.5330755545 0.820636673044 1409580454.51
0.335 0.99720635085 0.00506186297032 11.1529333333 1.0 0.573688888889 29.8501625061 28.5330755545 0.804571306171 1409580455.45
0.317 0.996907076362 0.00572364338981 11.4651555556 1.0 0.585822222222 29.8501625061 28.5330755545 0.816046739778 1409580456.42
0.299 0.996482885645 0.00564968977273 11.7129333333 1.0 0.602711111111 29.8501625061 28.5330755545 0.816407492452 1409580457.42
0.324 0.996558725687 0.00582081214137 11.7483111111 1.0 0.6248 29.8501625061 28.5330755545 0.790970500278 1409580458.38
0.329 0.996833930955 0.00640146088907 11.6918666667 1.0 0.646311111111 29.8501625061 28.5330755545 0.7917118287 1409580459.33
0.348 0.996643170255 0.00648108976187 11.7989333333 1.0 0.664933333333 29.8501625061 28.5330755545 0.789825695556 1409580460.38
0.337 0.996350272534 0.00551227366657 11.5347555556 1.0 0.694222222222 29.8501625061 28.5330755545 0.768700701309 1409580461.39
0.352 0.996531869921 0.00490424565094 11.3989777778 1.0 0.7172 29.8501625061 28.5330755545 0.77873332756 1409580462.3
0.334 0.996884613455 0.00576318540168 11.5755111111 1.0 0.734311111111 29.8501625061 28.5330755545 0.763883253946 1409580463.25
0.329 0.997054066445 0.0056809717656 11.3136 1.0 0.762622222222 29.8501625061 28.5330755545 0.785525204095 1409580464.2
0.319 0.997283800595 0.00476598380756 11.4638222222 1.0 0.779911111111 29.8501625061 28.5330755545 0.789011566466 1409580465.17
0.344 0.997543498998 0.00570699799 11.5688444444 1.0 0.7924 29.8501625061 28.5330755545 0.793791424694 1409580466.09
0.307 0.997853482255 0.00593843808507 11.8416444444 1.0 0.800577777778 29.8501625061 28.5330755545 0.798119197474 1409580467.07
0.301 0.997716326426 0.0069685324935 11.344 1.0 0.821511111111 29.8501625061 28.5330755545 0.806687654682 1409580468.03
0.324 0.996710498006 0.006530265887 11.1309333333 1.0 0.837111111111 29.8501625061 28.5330755545 0.800404425299 1409580468.96
0.336 0.996054248065 0.00448496521666 10.9747111111 1.0 0.852044444444 29.8501625061 28.5330755545 0.784640577703 1409580469.91
0.341 0.9965194408 0.00564084501619 10.9280888889 1.0 0.8624 29.8501625061 28.5330755545 0.797408623573 1409580470.82
0.344 0.997026640847 0.00599090949289 10.6616444444 1.0 0.878711111111 29.8501625061 28.5330755545 0.818149636299 1409580471.77
0.339 0.997177080455 0.00761510210971 10.6016888889 1.0 0.889377777778 29.8501625061 28.5330755545 0.816766120826 1409580472.77
0.35 0.996537517406 0.00732087860906 10.6544444444 1.0 0.8988 29.8501625061 28.5330755545 0.811820255623 1409580473.7
0.359 0.995745344799 0.0057347963951 10.7063555556 1.0 0.0968888888889 29.4250812531 28.2483348764 0.804230109535 1409580474.69
0.35 0.996302125489 0.00600534005626 10.6956 1.0 0.366355555556 29.4250812531 28.2483348764 0.79644438657 1409580475.8
0.339 0.996689328342 0.00593944599809 10.8553333333 1.0 0.411511111111 29.4250812531 28.2483348764 0.774905767718 1409580476.74
0.363 0.996809542734 0.00611425414516 10.9876888889 1.0 0.447733333333 29.4250812531 28.2483348764 0.775640890887 1409580477.73
0.319 0.996694587472 0.00778533834762 11.1230666667 1.0 0.475911111111 29.4250812531 28.2483348764 0.778053715727 1409580478.72
0.368 0.996459922403 0.00742227007791 11.3141777778 1.0 0.498533333333 29.4250812531 28.2483348764 0.781194421728 1409580479.69
0.346 0.995984292018 0.00844925986071 11.14 1.0 0.528622222222 29.4250812531 28.2483348764 0.792365108044 1409580480.64
0.356 0.99523460872 0.00751700266284 11.0637777778 1.0 0.550044444444 29.4250812531 28.2483348764 0.780668915711 1409580481.63
0.34 0.994941292112 0.00845079772667 11.1870666667 1.0 0.570266666667 29.4250812531 28.2483348764 0.776702297574 1409580482.58
0.345 0.994825951389 0.00734424042624 11.4666666667 1.0 0.581911111111 29.4250812531 28.2483348764 0.788711348733 1409580483.53
0.333 0.995325389032 0.00652061717082 11.7142222222 1.0 0.604355555556 29.4250812531 28.2483348764 0.77190682172 1409580484.53
0.305 0.996073856347 0.00560519224096 12.0392444444 1.0 0.621022222222 29.4250812531 28.2483348764 0.787537482075 1409580485.49
0.326 0.996710950705 0.00494830871026 12.1288 1.0 0.641333333333 29.4250812531 28.2483348764 0.783345723363 1409580486.43
0.331 0.996944980061 0.00333315038767 12.3676444444 1.0 0.651777777778 29.4250812531 28.2483348764 0.792612119671 1409580487.35
0.331 0.997960036792 0.00379605073501 12.4056888889 1.0 0.668311111111 29.4250812531 28.2483348764 0.801061534744 1409580488.28
0.332 0.998557992287 0.00514470301311 12.4634666667 1.0 0.687244444444 29.4250812531 28.2483348764 0.807565671336 1409580489.22
0.346 0.997941598956 0.00353694706075 12.5896888889 1.0 0.7024 29.4250812531 28.2483348764 0.798526086887 1409580490.21
0.313 0.997937339851 0.00270129322157 12.7638666667 1.0 0.719466666667 29.4250812531 28.2483348764 0.810625982406 1409580491.22
0.329 0.998258897993 0.00299025253984 13.0395111111 1.0 0.732222222222 29.4250812531 28.2483348764 0.804917864024 1409580492.17
0.312 0.998441140302 0.00331452943475 13.2672888889 1.0 0.742533333333 29.4250812531 28.2483348764 0.81190031716 1409580493.06
0.289 0.998425440712 0.00222302145273 13.2841333333 1.0 0.757288888889 29.4250812531 28.2483348764 0.808643493782 1409580494.01
0.303 0.998772108168 0.00218180446789 13.5966666667 1.0 0.763288888889 29.4250812531 28.2483348764 0.824367419706 1409580495.0
0.292 0.998999151973 0.00240130636253 13.8032888889 1.0 0.7736 29.4250812531 28.2483348764 0.834399831586 1409580495.96
0.29 0.998976500657 0.00211784444782 13.8236888889 1.0 0.785866666667 29.4250812531 28.2483348764 0.845139295386 1409580496.93
0.293 0.999018483918 0.00254772765719 13.9432 1.0 0.796 29.4250812531 28.2483348764 0.825886411629 1409580497.87
0.272 0.998818316873 0.00304399791924 13.9591111111 1.0 0.806622222222 29.4250812531 28.2483348764 0.800009367417 1409580498.78
0.298 0.998505769673 0.00314708801704 13.7997333333 1.0 0.8204 29.4250812531 28.2483348764 0.797577111075 1409580499.66
0.316 0.998254268513 0.00318850330142 13.8197333333 1.0 0.829066666667 29.4250812531 28.2483348764 0.806296850505 1409580500.55
0.305 0.998120078576 0.00332843898078 13.9258222222 1.0 0.838933333333 29.4250812531 28.2483348764 0.810734223204 1409580501.49
0.265 0.998138281749 0.00313118885671 14.0944888889 1.0 0.845644444444 29.4250812531 28.2483348764 0.823156146758 1409580502.39
0.318 0.998153421247 0.00348166591071 13.8081777778 1.0 0.8576 29.4250812531 28.2483348764 0.813022612872 1409580503.27
0.281 0.998361990105 0.00517247310102 13.9106222222 1.0 0.865733333333 29.4250812531 28.2483348764 0.814624676982 1409580504.18
0.312 0.997798448567 0.0037593051462 14.1570222222 1.0 0.872355555556 29.4250812531 28.2483348764 0.803825358314 1409580505.16
0.29 0.997585949857 0.00406624488444 13.8736888889 1.0 0.887466666667 29.4250812531 28.2483348764 0.803716480928 1409580506.07
0.322 0.997674516505 0.00331919154617 13.8225333333 1.0 0.899155555556 29.4250812531 28.2483348764 0.805977457719 1409580506.95
0.292 0.998153061169 0.00417227535363 13.8764 1.0 0.291377777778 32.2125406265 30.4924139935 0.80371784414 1409580507.99
0.31 0.998127826914 0.00493146731079 13.9199111111 1.0 0.341333333333 32.2125406265 30.4924139935 0.808994119277 1409580508.86
0.293 0.997843684396 0.00591629886109 13.4186222222 1.0 0.382222222222 32.2125406265 30.4924139935 0.807312633747 1409580509.8
0.314 0.99709159824 0.00491110873269 13.4604 1.0 0.409066666667 32.2125406265 30.4924139935 0.791676110568 1409580510.77
0.329 0.996731533484 0.0052494008677 13.4058222222 1.0 0.441333333333 32.2125406265 30.4924139935 0.788325585049 1409580511.69
0.32 0.996710352215 0.0062146011968 13.3606222222 1.0 0.472044444444 32.2125406265 30.4924139935 0.791764369206 1409580512.58
0.309 0.996459616177 0.00830038212715 13.3637777778 1.0 0.496133333333 32.2125406265 30.4924139935 0.790193609409 1409580513.47
0.305 0.995545232578 0.00927165226232 13.1300888889 1.0 0.531288888889 32.2125406265 30.4924139935 0.765322024292 1409580514.41
0.326 0.994759542586 0.00769107838243 13.0998666667 1.0 0.553422222222 32.2125406265 30.4924139935 0.762919981033 1409580515.35
0.349 0.994472925817 0.00632021577053 13.2008 1.0 0.568 32.2125406265 30.4924139935 0.756401672294 1409580516.31
0.346 0.995140063273 0.00626885468705 13.1773333333 1.0 0.589866666667 32.2125406265 30.4924139935 0.768933080763 1409580517.25
0.346 0.995988751055 0.00592300975463 13.1966222222 1.0 0.612355555556 32.2125406265 30.4924139935 0.762209467977 1409580518.22
0.35 0.996687243116 0.00519489540116 13.1656444444 1.0 0.637333333333 32.2125406265 30.4924139935 0.771034596476 1409580519.14
0.351 0.996915767054 0.0042317106348 13.2370222222 1.0 0.658888888889 32.2125406265 30.4924139935 0.775010745565 1409580520.06
0.337 0.997430042913 0.00427620099279 13.2612444444 1.0 0.678177777778 32.2125406265 30.4924139935 0.771179624842 1409580520.99
0.376 0.997627491917 0.00591457427302 13.2631111111 1.0 0.699111111111 32.2125406265 30.4924139935 0.774232961531 1409580521.84
0.361 0.997112246169 0.00621997081184 13.2751111111 1.0 0.716088888889 32.2125406265 30.4924139935 0.765618754294 1409580522.81
0.349 0.996448555205 0.00621115554465 13.4543555556 1.0 0.725644444444 32.2125406265 30.4924139935 0.777931965208 1409580523.69
0.369 0.995994932516 0.00436087026833 13.5177777778 1.0 0.739644444444 32.2125406265 30.4924139935 0.78494905647 1409580524.57
0.387 0.996801244848 0.0038513319706 13.5684888889 1.0 0.749555555556 32.2125406265 30.4924139935 0.777464836736 1409580525.47
0.345 0.997908853723 0.00572326758191 13.4185777778 1.0 0.765066666667 32.2125406265 30.4924139935 0.790544919377 1409580526.41
0.34 0.997881741592 0.00486244990042 13.3793777778 1.0 0.776844444444 32.2125406265 30.4924139935 0.799169128143 1409580527.32
0.37 0.997505316293 0.00515060257732 12.8521333333 1.0 0.8032 32.2125406265 30.4924139935 0.775860004777 1409580528.28
0.365 0.997463368517 0.00588376422832 12.3045333333 1.0 0.825955555556 32.2125406265 30.4924139935 0.784978781578 1409580529.19
0.37 0.997033203208 0.00677943910307 11.6529333333 1.0 0.849511111111 32.2125406265 30.4924139935 0.781653325585 1409580530.11
0.332 0.996361714069 0.00960740282398 11.7764444444 1.0 0.857022222222 32.2125406265 30.4924139935 0.781772989297 1409580531.12
0.353 0.995718945743 0.0101452003063 11.3937333333 1.0 0.872755555556 32.2125406265 30.4924139935 0.780337123361 1409580532.16
0.347 0.9945841502 0.00823382248002 11.0308888889 1.0 0.888177777778 32.2125406265 30.4924139935 0.769445408074 1409580533.1
0.35 0.994285637797 0.00697788511258 10.2346222222 1.0 0.0682222222222 30.1062703133 28.5785549858 0.757084503155 1409580534.08
0.351 0.994048887032 0.00870314298332 9.42017777778 1.0 0.368844444444 30.1062703133 28.5785549858 0.756991604904 1409580535.21
0.375 0.994236372704 0.0117196274516 9.57915555556 1.0 0.4036 30.1062703133 28.5785549858 0.762705008954 1409580536.09
0.383 0.993643923258 0.0110736997907 9.42008888889 1.0 0.450888888889 30.1062703133 28.5785549858 0.763427705839 1409580536.99
0.369 0.99345113845 0.00794914097351 9.62906666667 1.0 0.477644444444 30.1062703133 28.5785549858 0.773300284178 1409580537.9
0.411 0.994621552766 0.0066509327738 9.61444444444 1.0 0.509777777778 30.1062703133 28.5785549858 0.780979760545 1409580538.9
0.394 0.99618629266 0.00730779928516 9.65026666667 1.0 0.5336 30.1062703133 28.5785549858 0.778200694989 1409580539.92
0.402 0.996757275657 0.00730382621762 9.57702222222 1.0 0.560622222222 30.1062703133 28.5785549858 0.772548283357 1409580540.94
0.364 0.996698849669 0.00508758758867 9.70142222222 1.0 0.588977777778 30.1062703133 28.5785549858 0.7767432466 1409580541.89
0.339 0.996991338417 0.00496522697171 9.78742222222 1.0 0.614844444444 30.1062703133 28.5785549858 0.801690200554 1409580542.88
0.372 0.997458305845 0.00500370255582 9.8424 1.0 0.640133333333 30.1062703133 28.5785549858 0.795545039382 1409580543.84
0.347 0.997661349919 0.00508878514681 9.98813333333 1.0 0.659066666667 30.1062703133 28.5785549858 0.790705808857 1409580544.77
0.399 0.997517966845 0.00515091039463 10.2320444444 1.0 0.672888888889 30.1062703133 28.5785549858 0.781683953073 1409580545.7
0.356 0.997519159597 0.00370342952998 10.6735111111 1.0 0.679288888889 30.1062703133 28.5785549858 0.791463528178 1409580546.67
0.367 0.997846098748 0.00274578593445 10.9686666667 1.0 0.691288888889 30.1062703133 28.5785549858 0.805299981262 1409580547.72
0.376 0.998312908068 0.00340594740433 10.826 1.0 0.715733333333 30.1062703133 28.5785549858 0.796083279876 1409580548.73
0.356 0.998313394671 0.00332837345016 10.6899111111 1.0 0.740133333333 30.1062703133 28.5785549858 0.800194737173 1409580549.71
0.341 0.998285992237 0.00215929299141 10.5768 1.0 0.759155555556 30.1062703133 28.5785549858 0.810073498737 1409580550.73
0.318 0.998642562212 0.00287294597605 10.7018222222 1.0 0.769688888889 30.1062703133 28.5785549858 0.794658238643 1409580551.67
0.299 0.998933678439 0.00341731050675 10.9536 1.0 0.778311111111 30.1062703133 28.5785549858 0.814773282335 1409580552.57
0.351 0.998617550683 0.00382331556007 11.2201777778 1.0 0.786355555556 30.1062703133 28.5785549858 0.811963986352 1409580553.5
0.344 0.998345443333 0.00370530862482 11.4100444444 1.0 0.797333333333 30.1062703133 28.5785549858 0.815886469089 1409580554.47
0.33 0.997777972987 0.00291190129345 11.6652444444 1.0 0.806666666667 30.1062703133 28.5785549858 0.809561786635 1409580555.43
0.302 0.997790278876 0.00261949342982 12.0314222222 1.0 0.815866666667 30.1062703133 28.5785549858 0.796479083921 1409580556.39
0.271 0.998168987057 0.00293318458224 12.5202666667 1.0 0.822133333333 30.1062703133 28.5785549858 0.809281554586 1409580557.33
0.278 0.998279870652 0.00319761679656 13.146 1.0 0.824577777778 30.1062703133 28.5785549858 0.811048946203 1409580558.23
0.251 0.998154754526 0.00225329673475 13.6742666667 1.0 0.828577777778 30.1062703133 28.5785549858 0.809612334567 1409580559.21
0.27 0.998579926487 0.00151829916697 14.0708888889 1.0 0.8372 30.1062703133 28.5785549858 0.811420789097 1409580560.08
0.257 0.999184117959 0.00187461639059 14.6219555556 1.0 0.838888888889 30.1062703133 28.5785549858 0.813566869267 1409580560.98
0.257 0.999458024675 0.00182175169666 15.0533777778 1.0 0.842044444444 30.1062703133 28.5785549858 0.821764450075 1409580561.93
0.311 0.999340277774 0.00317048952065 15.2932 1.0 0.849022222222 30.1062703133 28.5785549858 0.802032965059 1409580562.83
0.298 0.998820973359 0.00287254913328 15.5250222222 1.0 0.854222222222 30.1062703133 28.5785549858 0.80272199862 1409580563.72
0.32 0.998347941323 0.00395329303396 15.3025777778 1.0 0.864044444444 30.1062703133 28.5785549858 0.800025698881 1409580564.64
0.312 0.997923989128 0.00431523533042 14.9495555556 1.0 0.878311111111 30.1062703133 28.5785549858 0.801752970781 1409580565.6
