0.0027 0.880679152866 0.418251153429
0.00567 0.975654320356 0.471494519018
0.006867 0.99056157647 0.482888504847
0.0195867 0.99593657672 0.484409315843
0.02175867 0.998812746658 0.478916986949
0.036375867 0.999881274666 0.466327197465
0.0234375867 0.999207216453 0.446226718245
0.03114375867 0.996801140719 0.403776019957
0.026514375867 0.992676258506 0.345316455903
0.0404514375867 0.98685403092 0.279144392719
0.0499451437587 0.979364555958 0.221483460624
0.0382945143759 0.970246366625 0.17009431751
0.0479294514376 0.959546106449 0.111110240087
0.0551929451438 0.951942197274 0.0621668714551
0.0532192945144 0.96179833957 0.0395529822179
0.0503219294514 0.966644099412 0.0406320402176
0.0599321929451 0.959185879728 0.0480884948097
0.0545932192945 0.96050899287 0.0477490933766
0.0549593219295 0.970149665801 0.032877843348
0.0621959321929 0.976135963471 0.0306146951018
0.0485195932193 0.973444063099 0.0324683255942
0.0543519593219 0.978023559176 0.0283488039697
0.0549351959322 0.978481508783 0.0273690130763
0.0558935195932 0.973678617631 0.0314292532781
0.0550893519593 0.979546667739 0.0252531060415
0.0586089351959 0.981574314919 0.0251276238903
0.0553608935196 0.984481157688 0.0208643982749
0.055936089352 0.990483566208 0.0095568990528
0.0604936089352 0.995275038759 0.00312013231824
0.0447493608935 0.998403206708 0.000676239934734
0.0467749360894 0.999809071213 0.000246028778872
0.0397774936089 0.999980907121 6.21095384769e-05
0.0390777493609 0.999998090712 6.86222206123e-06
0.0318077749361 0.999999809071 7.47164485348e-07
0.0346807774936 0.999999980907 1.14877828659e-07
0.0331680777494 0.999999998091 1.66231856177e-07
0.0384168077749 0.999999999809 2.22334467594e-08
0.0362416807775 0.999999999981 2.2240529507e-09
0.0333241680777 0.999999999998 2.22405295871e-10
0.0312324168078 1.0 2.22405295962e-11
0.0409232416808 1.0 2.22405295962e-12
0.0310923241681 1.0 2.22405295962e-13
0.0373092324168 1.0 2.22405295962e-14
0.0343309232417 1.0 2.22405295962e-15
0.0268330923242 1.0 2.22405296154e-16
0.0332833092324 1.0 2.75217399646e-16
0.0456283309232 1.0 7.92993469906e-11
0.0306628330923 1.0 1.53294119643e-09
0.0291662833092 1.0 1.00957851886e-07
0.0443166283309 1.0 2.04775170813e-05
0.0395316628331 0.999968750543 0.000309471240437
0.0345531662833 0.999715668995 0.00165171318945
0.0484553166283 0.998441618787 0.00444450414824
0.0480455316628 0.995355393152 0.00844869109408
0.0570045531663 0.990549451169 0.0135700569577
0.0579004553166 0.985378671313 0.0204154641529
0.0624900455317 0.979217019997 0.0273348850311
0.0611490045532 0.972020468513 0.0331155940743
0.0691149004553 0.965764252862 0.0386110296739
0.0627114900455 0.961166830183 0.0435130284484
0.0755711490046 0.952104269648 0.0533258494361
0.0768571149005 0.946573948981 0.0626021697954
0.08778571149 0.938691898188 0.0707108092309
0.097878571149 0.927418928119 0.0795797653544
0.0799878571149 0.912087412162 0.0992442174309
0.0961987857115 0.898355794988 0.120161976107
0.100519878571 0.884082791825 0.136971772625
0.0838519878571 0.875954877253 0.154691693517
0.110085198786 0.871731321983 0.153865768194
0.105508519879 0.884708919306 0.139514044246
0.103250851988 0.901807262016 0.115067439728
0.0787250851988 0.912461789959 0.0996403545802
0.11047250852 0.913527242753 0.101435536391
0.092947250852 0.898499778047 0.128626457814
0.108294725085 0.880767248805 0.157440959579
0.113429472509 0.865273349456 0.170709616287
0.110342947251 0.860196822188 0.17737210542
0.115434294725 0.852523138725 0.193662846343
0.123143429473 0.848118214704 0.204705210724
0.106814342947 0.851315277977 0.196148110424
0.107881434295 0.85880101504 0.176782710148
0.0890881434295 0.873426699574 0.157274081157
0.0917088143429 0.88812503635 0.132702836165
0.0892708814343 0.89907643931 0.11867211524
0.0953270881434 0.906271404875 0.106689061928
0.0797327088143 0.906990901432 0.103414089191
0.0781732708814 0.907062851087 0.10783405245
0.0888173270881 0.915876105268 0.0941168331395
0.0736817327088 0.925137348827 0.0839891171056
0.0766681732709 0.939042991911 0.0702541204967
0.0832668173271 0.9521239252 0.0491939089286
0.0605266817327 0.963774598531 0.0323574552116
0.0636526681733 0.973882117622 0.0171657426832
0.0612652668173 0.982389594807 0.00741926862725
0.0448265266817 0.989252871335 0.0034129291995
0.0566826526682 0.994436518407 0.00351059172106
0.0542682652668 0.995670333979 0.00791522947293
0.0423268265267 0.992563177832 0.0118239959998
0.0465326826527 0.990270229637 0.0144931576757
0.0352532682653 0.986613428033 0.0198286612304
0.0521253268265 0.980840148779 0.025551747011
0.0448125326827 0.975588672647 0.0316474659521
0.0548812532683 0.969868778293 0.0358872592127
0.0531881253268 0.96554908384 0.0392682231086
0.0566188125327 0.963159028226 0.0416240389313
0.0461618812533 0.962920022665 0.0427669054668
0.0505161881253 0.964854208277 0.0426214707326
0.0572516188125 0.966949686283 0.0393204060186
0.0588251618813 0.970793735142 0.0349412999803
0.0535825161881 0.961669778411 0.0499455484022
0.0593582516188 0.949869043207 0.0781803134478
0.0734358251619 0.936475567264 0.110175843548
0.0676435825162 0.921658779004 0.141976822305
0.0598643582516 0.905502247986 0.170673266647
0.0671864358252 0.888086011907 0.19414465875
0.0742186435825 0.869494227056 0.210980723596
0.0947218643583 0.849815323537 0.220334140586
0.0868721864358 0.836724722624 0.233541809484
0.101387218644 0.831640356171 0.247489206739
0.126238721864 0.827323893453 0.253283979812
0.107123872186 0.826892247181 0.251678543935
0.0998123872186 0.830657108627 0.249123430034
0.108081238722 0.831033594772 0.238387567994
0.0963081238722 0.838588445593 0.223805820638
0.0987308123872 0.846724745391 0.199771308907
0.0917730812387 0.858341961781 0.179234260893
0.101877308124 0.869970030436 0.158482620975
0.0992877308124 0.887779369436 0.13401251358
0.0882287730812 0.905141697888 0.110823701595
0.0808228773081 0.915683989948 0.0934056871901
0.0791822877308 0.927814158933 0.0815209888921
0.0763182287731 0.939310672921 0.067007485032
0.0670318228773 0.952150693302 0.0527366377438
0.0616031822877 0.963777275341 0.0379481991405
0.0718603182288 0.973882385303 0.0242778217851
0.0611860318229 0.982389621575 0.0133341213013
0.0574186031823 0.989252874012 0.0059959429139
0.0525418603182 0.994436518675 0.00249391866611
0.0421541860318 0.997913703755 0.00102848290087
0.0294154186032 0.999666379056 0.00022918545426
0.0371415418603 0.999966637906 2.91625973399e-05
0.027114154186 0.999996663791 2.93878807609e-06
0.0243114154186 0.999999666379 2.93882561605e-07
0.0276311415419 0.999999966638 2.93882562e-08
0.0261631141542 0.999999996664 2.93882562e-09
0.0359163114154 0.999999999666 2.93882562e-10
0.0431916311415 0.999999999967 2.93882562e-11
0.0376191631142 0.999999999997 2.93882562e-12
0.0334619163114 1.0 2.93882562e-13
0.0285461916311 1.0 2.93882562e-14
0.0334546191631 1.0 2.93882562e-15
0.0366454619163 1.0 2.93882562e-16
0.0288645461916 1.0 2.93882562e-17
0.0181864546192 1.0 2.93882562e-18
0.0216186454619 1.0 2.93882562e-19
0.0381618645462 1.0 2.93882562e-20
0.0317161864546 1.0 2.93900811622e-21
0.0328716186455 1.0 1.05571068067e-15
0.0320871618645 1.0 3.53843422109e-10
0.0347087161865 1.0 3.64820494534e-07
0.0322708716186 1.0 3.5940684843e-05
0.0248270871619 0.99987500868 0.000605079303284
0.0285827087162 0.9988632037 0.00324856525054
0.0289582708716 0.996113002508 0.00988867141988
0.0442958270872 0.99164675069 0.022417092957
0.0503295827087 0.985488401265 0.0411534262917
0.0482329582709 0.977669837017 0.0647053601657
0.0570232958271 0.968231249157 0.0905976897736
0.0570023295827 0.957220858566 0.122959243369
0.0660002329583 0.944694512022 0.158290435392
0.0651000232958 0.930715211141 0.191827136374
0.0767100023296 0.915352584871 0.220170038138
0.087771000233 0.898682312259 0.238729484727
0.0978771000233 0.880785502227 0.246051401965
0.0997877100023 0.861748037465 0.244607168927
0.107178771 0.841659889862 0.22958238313
0.1097178771 0.839651075102 0.220860615006
0.12437178771 0.843157991668 0.208868205223
0.110537178771 0.850819255673 0.192983109821
0.116353717877 0.862278550142 0.173685266282
0.0971353717877 0.877145126015 0.149810020009
0.107813537179 0.891700840011 0.124409980817
0.0971813537179 0.908515603351 0.0998933042659
0.0853181353718 0.924401298635 0.0871813294411
0.0841318135372 0.933928792807 0.0751687074368
0.0741131813537 0.947094944646 0.0560393835466
0.0722113181354 0.959299899362 0.0327351343573
0.0567211318135 0.97002875645 0.0156430828089
0.0587721131814 0.979181681621 0.00597162898279
0.0571772113181 0.986707327336 0.00190652329967
0.0498177211318 0.992566527547 0.000464674707618
0.0445817721132 0.99672895899 7.62162359347e-05
0.0521581772113 0.999173034762 9.35513472778e-06
0.0394158177211 0.999917303476 9.62247906597e-07
0.0273415817721 0.999991730348 1.00819673557e-07
0.0270341581772 0.999999173035 1.01548531736e-08
0.0342034158177 0.999999917303 6.59893808992e-08
0.0259203415818 0.99999999173 1.69936417088e-06
0.0358920341582 0.999999999173 4.43071783861e-05
0.0332892034158 0.999875008597 0.000727783336914
0.0456289203416 0.998457552747 0.00346366339163
0.0441628920342 0.995356986548 0.00870498686855
0.0539162892034 0.991571149094 0.0125634898932
0.0665916289203 0.98908885506 0.015845491925
0.050759162892 0.986495290575 0.0178096622802
0.0599759162892 0.979328681923 0.0258851413646
0.0608975916289 0.975437525961 0.0301607214259
0.0546897591629 0.979722558572 0.0266623089358
0.0558689759163 0.984295982054 0.0209895939372
0.0604868975916 0.986016003275 0.0202119911971
0.0564486897592 0.980780406304 0.0255653649362
0.0587448689759 0.981697688775 0.024109856217
0.0544744868976 0.988101509028 0.0163824541592
0.0513474486898 0.993544365972 0.00726639637203
0.039334744869 0.997356657174 0.00207056839094
0.0390334744869 0.999454459658 0.00040401539374
0.0426033474487 0.999945445966 5.6916250367e-05
0.0240603347449 0.999994544597 6.12543527578e-06
0.0330060334745 0.99999945446 6.22218600996e-07
0.0357006033474 0.999999945446 6.23548099938e-08
0.0368700603347 0.999999994545 6.23631222827e-09
0.0333870060335 0.999999999454 1.50546940879e-08
0.0285387006033 0.999999999945 6.64673367209e-06
0.0298538700603 0.999968750537 0.000246523712352
0.036285387006 0.999497013917 0.00214729647569
0.0594285387006 0.997422007627 0.00830025721569
0.0455428538701 0.993637995576 0.0219691494132
0.055854285387 0.988152958732 0.0395256634553
0.0613854285387 0.980994101849 0.0489535580152
0.0628385428539 0.972198176699 0.0512207913632
0.0845838542854 0.961810222567 0.049604408589
0.0903583854285 0.956578755906 0.050775833049
0.0783358385429 0.9538775016 0.0507841430192
0.0681335838543 0.95578548381 0.051327364799
0.0707133583854 0.955976282031 0.0483467934318
0.0718713358385 0.944570054368 0.0719851884722
0.0827871335839 0.930702765375 0.0999537112744
0.0802787133584 0.915351340295 0.12722699029
0.0890278713358 0.898682187802 0.141738865262
0.0962027871336 0.880785489781 0.1446398778
0.0879202787134 0.875625147049 0.153386227007
0.105092027871 0.875109112775 0.148423112843
0.0906092027871 0.881758123604 0.138310148985
0.0765609202787 0.892162139769 0.12521143602
0.0823560920279 0.905579974921 0.110013787133
0.0739356092028 0.915727817651 0.0942063684703
0.0721935609203 0.927818541704 0.0832913203612
0.082819356092 0.941754280335 0.0644548194669
0.0568819356092 0.954573161683 0.0432299978665
0.0713881935609 0.965921581624 0.0273565193253
0.0566388193561 0.975713155053 0.0142317502246
0.0524638819356 0.98257269855 0.0222496746018
0.0619463881936 0.975761927624 0.0410722509061
0.0547946388194 0.966138398773 0.0612889529402
0.0738794638819 0.954833465887 0.088822598868
0.0694879463882 0.942012603617 0.121889811976
0.0645487946388 0.927750998661 0.151300039263
0.0604548794639 0.912120619216 0.176326607527
0.0816454879464 0.895198389331 0.195433587564
0.0846645487946 0.877066437003 0.207549531692
0.0912664548795 0.857811519391 0.218675650473
0.101826645488 0.837524342209 0.225985412009
0.0974826645488 0.83172031813 0.24021036258
0.0871482664549 0.827331889648 0.247003908535
0.109514826645 0.830701072874 0.249497487071
0.106351482665 0.831037991196 0.237684487289
0.0916351482665 0.838588885235 0.224255519148
0.100963514827 0.846724789355 0.203314057769
0.0946963514827 0.858341966178 0.182939444316
0.0913696351483 0.869970030875 0.161248901643
0.0937369635148 0.88777936948 0.136789782464
0.0813736963515 0.905141697892 0.109378812569
0.0918373696351 0.915683989948 0.0944570336905
0.0748837369635 0.930460642118 0.079656026935
0.0731883736964 0.944409586228 0.0521924152384
0.0802188373696 0.95696242841 0.033449367095
0.074621883737 0.96800615387 0.0178232029196
0.0668621883737 0.977479768253 0.00699426273187
0.0597862188374 0.985334381895 0.00215157809288
0.0509786218837 0.991529582624 0.000846572054496
0.0338978621884 0.996033377336 0.000229333092278
0.0357897862188 0.99882242672 3.16281321959e-05
0.0386789786219 0.999882242672 3.3163469466e-06
0.0326678978622 0.999988224267 3.31666777755e-07
0.0293667897862 0.999998822427 3.31666778004e-08
0.0389366789786 0.999999882243 3.31666778004e-09
0.0335936678979 0.999999988224 3.31666778004e-10
0.0303593667898 0.999999998822 3.31666778004e-11
0.045335936679 0.999999999882 3.31666778004e-12
0.0351335936679 0.999999999988 3.31666778004e-13
0.0260133593668 0.999999999999 3.3166677824e-14
0.0368013359367 1.0 3.31710026119e-15
0.0369801335937 1.0 3.31711689451e-16
0.0342980133594 1.0 3.31711689451e-17
0.0286298013359 1.0 3.31711689451e-18
0.0505629801336 1.0 3.31711689451e-19
0.0338562980134 1.0 3.31711689451e-20
0.0393856298013 1.0 3.31711694397e-21
0.0381385629801 1.0 3.23137294049e-18
0.035313856298 1.0 1.67435490109e-12
0.0368313856298 1.0 1.05129560353e-08
0.028883138563 1.0 4.40822495119e-06
0.0415883138563 1.0 0.000101713302265
0.0401588313856 0.99987500868 0.000946821957564
0.0328158831386 0.999206589854 0.0022952835356
0.0275815883139 0.998390710873 0.00404542060705
0.0369581588314 0.995350302361 0.0091603875078
0.0477958158831 0.99054894209 0.0225913851349
0.0578795815883 0.984056277253 0.0443100932097
0.0624879581588 0.975910285494 0.0729393130121
0.0719487958159 0.96615323456 0.105564707689
0.0719948795816 0.954834949465 0.138784661302
0.0674994879582 0.942012751974 0.169546486081
0.0949499487958 0.927751013497 0.199376462593
0.0922949948796 0.9121206207 0.223037103324
0.097429499488 0.895198389479 0.236806605439
0.105142949949 0.877066437018 0.242323625393
0.0978142949949 0.857811519393 0.239574169505
0.124081429499 0.837524342209 0.234870641201
0.10330814295 0.83172031813 0.240787540348
0.103930814295 0.831139915722 0.243304997319
0.107593081429 0.831081875481 0.237197804851
0.107059308143 0.838593273664 0.225769568634
0.117805930814 0.843052211524 0.208376717744
0.106280593081 0.850808677659 0.19022639483
0.104228059308 0.862277492341 0.168921437944
0.0887228059308 0.873774347304 0.150004108232
0.0871722805931 0.888159801123 0.131426579107
0.0825172280593 0.905179741056 0.111699382401
0.0928517228059 0.921322685854 0.0889156694381
0.0947851722806 0.936166771875 0.063589477072
0.0742785172281 0.949604263817 0.0387334286346
0.0533278517228 0.961564546224 0.0196142613045
0.0575327851723 0.971986921375 0.00902465014623
0.0444532785172 0.980818340282 0.00340190940522
0.0557453278517 0.988013574178 0.00507668933988
0.0424745327852 0.988733097568 0.0160300259632
0.0501474532785 0.983874692801 0.0216306247151
0.0581147453279 0.982007117425 0.0229618175018
0.0544114745328 0.981820359887 0.0231655480548
0.0531411474533 0.983183419033 0.0225507262568
0.0575141147453 0.978997494769 0.0261463260933
0.0642514114745 0.970209660506 0.0459968976153
0.0505251411475 0.959542435837 0.0720117965359
0.0653525141147 0.9473177656 0.100562175158
0.0740352514115 0.933624019684 0.121713203171
0.0641035251411 0.918532222127 0.132524053432
0.0820103525141 0.902117157887 0.136600366026
0.106301035251 0.890994082181 0.130592506226
0.0970301035251 0.893085735627 0.124088084405
0.0997030103525 0.899572509237 0.114902876015
0.0855703010353 0.909302770274 0.103311353021
0.0940570301035 0.907294037972 0.103273713725
0.0904057030104 0.913010467554 0.0997639163418
0.085540570301 0.927546806694 0.0771521534032
0.0733540570301 0.941727106835 0.0502014394707
0.078435405703 0.954570444333 0.0403514361065
0.0735435405703 0.965921309889 0.0342805309622
0.065854354057 0.975713127879 0.0211481499401
0.0569854354057 0.983895038984 0.0140054115264
0.0614985435406 0.990424954338 0.00757301512975
0.0520498543541 0.995269177572 0.00228192563445
0.0331049854354 0.998402620589 0.000422725480153
0.0465104985435 0.999715270739 0.000668566999956
0.0397510498544 0.999846535754 0.000855318252562
0.0327751049854 0.998860356408 0.00282765144459
0.0437775104985 0.997888256218 0.00526958521235
0.0439777510499 0.998258877509 0.00390627736272
0.032297775105 0.999544681692 0.00163028141674
0.0374297775105 0.999923218712 0.000464930211179
0.031642977751 0.999992321871 6.93118390815e-05
0.0328642977751 0.999999232187 7.06096320294e-06
0.0338864297775 0.999999923219 7.06117192739e-07
0.0375886429778 0.999999992322 7.06117247955e-08
0.0343588642978 0.999999999232 7.06422333271e-09
0.0340358864298 0.999999999923 3.19127771147e-08
0.040303588643 0.999999999992 1.2997568611e-05
0.0337303588643 0.999968750542 0.000499357849064
0.0339730358864 0.99921596404 0.00305698077007
0.0420973035886 0.996802015477 0.00935615794649
0.0627097303589 0.992676345982 0.0212181333276
0.0458709730359 0.986854039668 0.0388874067824
0.0594870973036 0.979364556833 0.0535744004039
0.0698487097304 0.970246366712 0.0623085156607
0.072684870973 0.959546106458 0.0673206192197
0.0711684870973 0.947318132662 0.068308580475
0.0674168487097 0.943704239431 0.0663966911098
0.066141684871 0.948072489309 0.0614948077719
0.0750141684871 0.95302687494 0.0528039915949
0.0723014168487 0.961906807336 0.0453206711827
0.0711301416849 0.960781085631 0.0473736163521
0.0575130141685 0.949780173929 0.0629317045278
0.0624513014168 0.936466680336 0.0847337243774
0.0674451301417 0.921657890311 0.112309010399
0.0796445130142 0.905502159117 0.140376072701
0.0700644513014 0.88808600302 0.164752468932
0.0844064451301 0.869494226167 0.183483215931
0.095740644513 0.849815323449 0.195396924921
0.0950740644513 0.840466618461 0.215201913847
0.102207406445 0.835789852116 0.234419331937
0.0885207406445 0.831546869121 0.245649998603
0.103352074064 0.827314544747 0.247816732556
0.0985352074064 0.830699338384 0.245458288015
0.101653520741 0.834813124109 0.232809223223
0.103765352074 0.842674196569 0.215355293587
0.0976765352074 0.850770876163 0.190567932912
0.0988676535207 0.865762713481 0.166282924558
0.0980867653521 0.884112058456 0.140623005199
0.0872086765352 0.901747575931 0.113506798522
0.0888208676535 0.918185979871 0.0839503441442
0.0781820867654 0.93330726093 0.0559413999944
0.0672182086765 0.947032791459 0.0336595052935
0.0517218208677 0.959293684043 0.0170216780516
0.0519721820868 0.970028134918 0.00774737753764
0.0456972182087 0.979181619468 0.00265097597786
0.0468697218209 0.986707321121 0.000554944542788
0.0523869721821 0.992566526926 7.55304935021e-05
0.0412386972182 0.996728958928 7.96620429193e-06
0.0446238697218 0.999173034756 7.97939485205e-07
0.0341623869722 0.999917303476 9.76436788386e-08
0.0448162386972 0.999991730348 8.8456273852e-06
0.0269816238697 0.999967923577 0.000341681965486
0.026998162387 0.999215881344 0.00219599173137
0.0422998162387 0.996802007208 0.00742726660676
0.0429299816239 0.992676345155 0.0199051094098
0.0492929981624 0.986854039585 0.0417165673976
0.0382292998162 0.979364556824 0.0720079237724
0.0434229299816 0.970246366711 0.107919162764
0.0574422929982 0.959546106458 0.145739934712
0.0633442292998 0.947318132662 0.181988446412
0.04593442293 0.93362405639 0.213946817048
0.058593442293 0.918532225798 0.239745719397
0.0814593442293 0.902117158255 0.26000385231
0.0810459344229 0.884458928152 0.270248055361
0.0810045934423 0.86564251739 0.271953233453
0.0702004593442 0.845757135897 0.265206770707
0.0871200459344 0.828735571425 0.256014835824
0.0852120045934 0.827033414978 0.258273912507
0.0940212004593 0.826863199333 0.255558670253
0.0922021200459 0.830654203842 0.247461873687
0.0983202120046 0.834808610654 0.230392246165
0.1034320212 0.842673745223 0.208301064492
0.09764320212 0.854372250213 0.186192297816
0.105164320212 0.866122850886 0.165749419973
0.0969164320212 0.880859497415 0.145793339594
0.0897916432021 0.895233003514 0.12114969539
0.0863791643202 0.911804364108 0.0928355031997
0.077937916432 0.927426196349 0.0659492551397
0.0698937916432 0.9417150458 0.0487458107803
0.0699893791643 0.95456923823 0.0300575523578
0.0564989379164 0.965921189278 0.0166627433459
0.0533498937916 0.975713115818 0.00880710719566
0.0467349893792 0.983895037778 0.00816917557778
0.0478734989379 0.990424954217 0.00679266762293
0.0416873498938 0.99526917756 0.00312572706631
0.0374687349894 0.998402620588 0.00104761832887
0.0280468734989 0.999715270739 0.000848206503549
0.0388046873499 0.999846535754 0.00107847844912
0.045280468735 0.999953404118 0.000391719589314
0.0360280468735 0.999995340412 4.79785223013e-05
0.0342028046873 0.999999534041 4.82483798471e-06
0.0232202804687 0.999999953404 4.82492212168e-07
0.0338220280469 0.99999999534 4.82492213543e-08
0.0258822028047 0.999999999534 4.82492213544e-09
0.0250882202805 0.999999999953 4.82492213544e-10
0.034008822028 0.999999999995 4.82492213544e-11
0.0358008822028 1.0 4.82492213544e-12
0.0269800882203 1.0 4.82492213544e-13
0.033298008822 1.0 4.82492213544e-14
0.0330298008822 1.0 4.82492213544e-15
0.0339029800882 1.0 4.82492227421e-16
0.0330902980088 1.0 1.38055057027e-16
0.0456090298009 1.0 6.20889306872e-11
0.0324609029801 1.0 3.10910807295e-07
0.047346090298 1.0 2.33060387419e-05
0.0362346090298 0.999968750543 0.00035950774238
0.041423460903 0.999497013917 0.00170972382374
0.0392423460903 0.998419753279 0.00438073112816
0.042624234609 0.997844195905 0.00476225107523
0.0393624234609 0.999003508577 0.00257133061054
0.0372362423461 0.999775359538 0.000884575868416
0.0442236242346 0.999977535954 0.000186366514847
0.0386223624235 0.999997753595 2.27797932387e-05
0.0407622362423 0.99999977536 2.37878388164e-06
0.0310762236242 0.999999977536 2.39503994992e-07
0.0256076223624 0.999999997754 2.39507953047e-08
0.0322607622362 0.999999999775 2.39507953079e-09
0.0410260762236 0.999999999978 2.39507953079e-10
0.0347026076224 0.999999999998 2.39507953079e-11
0.0295702607622 1.0 2.39507953079e-12
0.0272570260762 1.0 2.39507953079e-13
0.0288257026076 1.0 2.39507953952e-14
0.0235825702608 1.0 2.39520742922e-15
0.0221582570261 1.0 2.64205801344e-16
0.0409158257026 1.0 1.067852938e-15
0.0391915825703 1.0 1.35537169697e-14
0.029119158257 1.0 1.07529478858e-12
0.0326119158257 1.0 1.42461862252e-10
0.0293611915826 1.0 4.47193565728e-10
0.0389361191583 1.0 3.10009990169e-10
0.0362936119158 1.0 3.62287165474e-09
0.0270293611916 1.0 8.84431483276e-07
0.0351029361192 1.0 7.10718166001e-05
0.0332102936119 0.99987500868 0.00109628356318
0.0285210293612 0.998457552755 0.00500461626714
0.0397521029361 0.995356986549 0.0149439524131
0.0390752102936 0.990549610509 0.0332362936715
0.0525075210294 0.984056344095 0.0599129052357
0.0601507521029 0.975910292178 0.0927516261477
0.0690150752103 0.966153235229 0.128355377806
0.060901507521 0.954834949532 0.163274298443
0.0564901507521 0.942012751981 0.194663062391
0.0641490150752 0.927751013498 0.220473496212
0.0667149015075 0.9121206207 0.239374472326
0.0723714901508 0.895198389479 0.250576233277
0.0756371490151 0.877066437018 0.253665302275
0.0930637149015 0.857811519393 0.248499145498
0.0804063714902 0.837524342209 0.235179496424
0.083640637149 0.835495624491 0.232385149243
0.0821640637149 0.831517446358 0.238230304399
0.101816406371 0.827311602471 0.248375541451
0.0965816406371 0.826891018083 0.252752598137
0.0897581640637 0.830656985717 0.250251994598
0.111575816406 0.834808888842 0.238797739635
0.118257581641 0.838965975 0.22117817453
0.118925758164 0.846762498332 0.198938479692
0.0928925758164 0.858345737075 0.179508601535
0.0983892575816 0.869970407965 0.160470562928
0.0962389257582 0.884532827904 0.134625266256
0.104123892576 0.901789652876 0.116755649829
0.0959123892576 0.915348785446 0.0993631776303
0.0833912389258 0.919546100822 0.0944758326397
0.0776391238926 0.91996583236 0.0894947080641
0.0698639123893 0.928242343175 0.0832197147686
0.0717863912389 0.936858737607 0.0725892082865
0.0791786391239 0.942658299926 0.0635304997605
0.0763178639124 0.952485456002 0.0523840123064
0.0544317863912 0.963810751611 0.038822606845
0.0576431786391 0.97388573293 0.0298258949653
0.0651643178639 0.982389956337 0.0240558166882
0.0551164317864 0.988170735784 0.0167473576854
0.0478116431786 0.993551288648 0.0079800907842
0.0461811643179 0.997357349442 0.00232830456436
0.0424181164318 0.999454528885 0.000510196051644
0.0429418116432 0.999945452888 6.409240559e-05
0.0312941811643 0.999994545289 6.45580904231e-06
0.0427294181164 0.999999454529 6.45585130873e-07
0.0393729418116 0.999999945453 6.45585137615e-08
0.0381372941812 0.999999994545 6.45585137699e-09
0.0290137294181 0.999999999455 6.45585137699e-10
0.0416013729418 0.999999999945 6.45585137699e-11
0.0419601372942 0.999999999995 6.45585137699e-12
0.0356960137294 0.999999999999 6.45585137699e-13
0.0332696013729 1.0 6.45585430482e-14
0.0357269601373 1.0 5.91416069905e-13
0.0323726960137 1.0 6.17350217515e-09
0.0419372696014 1.0 1.20096064936e-06
0.0374937269601 1.0 4.13366229391e-05
0.039749372696 0.999968750543 0.000243887184706
0.0300749372696 0.999965625597 0.000188792728456
0.034507493727 0.99999656256 3.39504490397e-05
0.0358507493727 0.999999656256 3.92309912724e-06
0.0278850749373 0.999999965626 3.94888529541e-07
0.0414885074937 0.999999996563 3.94890278747e-08
0.0329488507494 0.999999999656 3.94890829604e-09
0.0428948850749 0.999999999966 3.94890829894e-10
0.0258894885075 0.999999999997 3.94890829895e-11
0.0313889488507 1.0 3.94890834546e-12
0.0391388948851 1.0 3.94890865727e-13
0.0300138894885 1.0 3.94890867782e-14
0.0291013889489 1.0 3.94893795609e-15
0.0416101388949 1.0 3.94941510737e-16
0.0275610138895 1.0 4.02220495206e-17
0.0315561013889 1.0 4.22229981867e-18
0.0346556101389 1.0 3.99461224121e-17
0.0304655610139 1.0 5.93021223251e-12
0.0219465561014 1.0 7.21391629353e-09
0.0408946556101 1.0 1.53452531193e-06
0.028389465561 1.0 4.00118195472e-05
0.0307389465561 0.999968750543 0.000490479179737
0.0390738946556 0.998872577886 0.0028651874611
0.0426073894656 0.996113939927 0.0097645806347
0.0492607389466 0.991646844432 0.0244040574472
0.0607260738947 0.98548841064 0.042171957508
0.0663726073895 0.977669837954 0.0657594536567
0.0669372607389 0.968231249251 0.097493487116
0.0687937260739 0.957220858575 0.130891084986
0.0842793726074 0.944694512023 0.162388625087
0.0750279372607 0.930715211141 0.189392203028
0.0876027937261 0.915352584871 0.210117183899
0.103260279373 0.898682312259 0.223444202094
0.104826027937 0.880785502227 0.22875018924
0.102282602794 0.861748037465 0.225780425657
0.115528260279 0.841659889862 0.214597504759
0.100652826028 0.839651075102 0.213447177432
0.111765282603 0.843157991668 0.209047571188
0.0867765282603 0.847181699999 0.204895929104
0.096877652826 0.851221626506 0.196446244054
0.106887765283 0.858791649893 0.184019490305
0.116888776528 0.866564790854 0.164631664177
0.112488877653 0.880903691412 0.144204969665
0.112948887765 0.898354304816 0.116594179646
0.0832948887765 0.91500525064 0.0931276570378
0.0812294888777 0.930392768188 0.0727698043023
0.0774229488878 0.942011702984 0.0662392036065
0.0680422948888 0.940730427326 0.0646623656187
0.0554042294889 0.940602299761 0.0663383835203
0.0676404229489 0.943032656141 0.0664678930567
0.0616640422949 0.94566678763 0.0622064546615
0.0700664042295 0.945930200779 0.0614522867982
0.0691066404229 0.945956542094 0.0610611482071
0.0501106640423 0.948297719575 0.0591088521157
0.0590110664042 0.953049397967 0.0555646127309
0.0536011066404 0.953524565806 0.0530258873564
0.051260110664 0.949054521946 0.0588148614053
0.0735260110664 0.936394115138 0.0827058673089
0.0784526011066 0.921650633791 0.113158521448
0.0735452601107 0.905501433465 0.14405928685
0.0901545260111 0.888085930454 0.17159889769
0.0837154526011 0.869494218911 0.193670825743
0.0848715452601 0.849815322723 0.208951463283
0.087687154526 0.836724722542 0.224043418773
0.0915687154526 0.831640356163 0.239138064946
0.0964568715453 0.827323893452 0.24639281314
0.0915456871545 0.826892247181 0.248608422088
0.0991545687155 0.830657108627 0.249119263378
0.113415456872 0.831033594772 0.238884933544
0.113941545687 0.834846549747 0.228137184786
0.100494154569 0.842677539133 0.216096239918
0.113549415457 0.85077121042 0.200303866929
0.0995549415457 0.858746608284 0.175926782309
0.0891554941546 0.870010495086 0.156745819005
0.106115549415 0.884536836617 0.133760140391
0.0853115549415 0.901790053748 0.106895810239
0.0760311554942 0.918190227652 0.0809761707215
0.0850031155494 0.933307685709 0.053913584172
0.0697003115549 0.947032833937 0.030752289478
0.0654700311555 0.959293688291 0.0176254011342
0.0722470031155 0.970028135343 0.00822033718672
0.0531247003116 0.97918161951 0.00251718524903
0.0476124700312 0.986707321125 0.000492744325824
0.0461612470031 0.992566526926 6.49019368734e-05
0.0523161247003 0.996728958928 7.350349151e-06
0.03493161247 0.999173034756 7.64699057958e-07
0.037693161247 0.999917303476 7.65478286814e-08
0.0388693161247 0.999991730348 7.65478539109e-09
0.0290869316125 0.999999173035 7.65478539109e-10
0.0335086931612 0.999999917303 7.65478539109e-11
0.0384508693161 0.99999999173 7.65478539109e-12
0.0290450869316 0.999999999173 7.65478539109e-13
0.0272045086932 0.999999999917 7.65478539109e-14
0.0360204508693 0.999999999992 7.65478539109e-15
0.0243020450869 0.999999999999 7.65478539109e-16
0.0213302045087 1.0 7.65478539109e-17
0.0309330204509 1.0 7.65478539109e-18
0.0345933020451 1.0 7.65478539109e-19
0.0223593302045 1.0 7.65478539109e-20
0.0319359330205 1.0 9.80576793199e-21
0.031993593302 1.0 9.46320855751e-14
0.0292993593302 1.0 3.72676198297e-09
0.032629935933 1.0 2.49467026217e-06
0.0338629935933 1.0 0.000149228786085
0.0294862993593 0.999718793941 0.0013792336174
0.0389486299359 0.997974099971 0.00527292994422
0.0452948629936 0.994531625067 0.0140527041705
0.0441294862994 0.989384902657 0.0290149207051
0.0485129486299 0.982558138411 0.0497543618299
0.054351294863 0.974086280593 0.0763927388328
0.0549351294863 0.964012747902 0.102491972061
0.0495935129486 0.95238886142 0.126818279476
0.0481593512949 0.939273389432 0.147331231421
0.0660159351295 0.924732050691 0.16245268203
0.0705015935129 0.908836966013 0.171148903187
0.0772501593513 0.891666062993 0.186527808353
0.0797250159351 0.873302440557 0.207355739734
0.0844725015935 0.853833700562 0.223992289926
0.0921472501594 0.837126560326 0.233874545718
0.0893147250159 0.831680539942 0.246479992789
0.0989314725016 0.82732791183 0.251391905941
0.10259314725 0.826892649018 0.251241926323
0.084059314725 0.830657148811 0.246303503267
0.0975059314725 0.834808905151 0.232970561975
0.107850593147 0.842673774673 0.215040454248
0.0881850593147 0.847133278299 0.199309807554
0.112318505931 0.858382815072 0.184789075793
0.103931850593 0.866523907372 0.167523573659
0.0922931850593 0.874198988808 0.149928439006
0.104629318506 0.888202265273 0.133442284187
0.0869629318506 0.902156596613 0.112497177828
0.0905962931851 0.903552029747 0.114261297407
0.0990596293185 0.906718963919 0.105818335151
0.0864059629319 0.92147660814 0.081698018357
0.0644405962932 0.936182164104 0.0565013408442
0.0739440596293 0.94960580304 0.0342706460479
0.0757944059629 0.961564700146 0.0174674351302
0.0624794405963 0.971986936767 0.00704558361142
0.0566479440596 0.980818341822 0.00299453571973
0.049764794406 0.988013574332 0.000884989405961
0.0436764794406 0.993535572503 0.000160026957157
0.0421676479441 0.997355777827 3.82373429477e-05
0.0420167647944 0.999454371723 9.2516229824e-06
0.0339016764794 0.999945437172 1.00214612565e-06
0.0348901676479 0.999994543717 1.00220676106e-07
0.0376890167648 0.999999454372 1.00220676163e-08
0.0244689016765 0.999999945437 1.00220676163e-09
0.0384468901676 0.999999994544 1.00220676163e-10
0.0299446890168 0.999999999454 1.00220676163e-11
0.0371944689017 0.999999999945 1.00220676163e-12
0.0397194468902 0.999999999995 1.00220676163e-13
0.038171944689 0.999999999999 1.00220676163e-14
0.0317171944689 1.0 1.00222634017e-15
0.0328717194469 1.0 1.66921978535e-15
0.0347871719447 1.0 3.75770600859e-12
0.0313787171945 1.0 4.69738371585e-09
0.0427378717194 1.0 3.17932571579e-07
0.0402737871719 1.0 1.05111506543e-05
0.0346273787172 1.0 8.39768846217e-05
0.0313627378717 0.99987500868 0.000607354673313
0.0346362737872 0.9988632037 0.00353955327748
0.0475636273787 0.996113002508 0.0110236156539
0.0470563627379 0.992607444685 0.0125264349512
0.0443056362738 0.993156539282 0.0111380015529
0.0530305636274 0.994826885202 0.00934645488784
0.0449030563627 0.997484909097 0.00577766256817
0.0386903056363 0.999248629773 0.00255671672614
0.0353690305636 0.99989361352 0.00075642537582
0.0359369030564 0.999958111895 0.000430910731631
0.0323936903056 0.999995811189 0.000164514139012
0.0356393690306 0.999999581119 1.80571392947e-05
0.0449639369031 0.999999958112 1.80698537172e-06
0.0377963936903 0.999999995811 1.80698546268e-07
0.033479639369 0.999999999581 1.80698546268e-08
0.0312479639369 0.999999999958 1.80698546268e-09
0.0364247963937 0.999999999996 1.80698546268e-10
0.0351424796394 1.0 1.80698546268e-11
0.0341142479639 1.0 1.80698546268e-12
0.0322114247964 1.0 1.80698546268e-13
0.0392211424796 1.0 1.80698546268e-14
0.034522114248 1.0 1.80698546268e-15
0.0340522114248 1.0 1.80698571882e-16
0.0403052211425 1.0 1.90042180107e-17
0.0382305221142 1.0 3.93363072692e-17
0.0443230522114 1.0 7.28448467007e-13
0.0377323052211 1.0 1.04714625087e-08
0.0442732305221 1.0 1.21726993539e-06
0.0332273230522 1.0 2.10667852532e-05
0.0303227323052 0.999968750543 0.000251915059101
0.0408322732305 0.999497013917 0.00198806525066
0.0436832273231 0.997422007627 0.00682641931528
0.0448683227323 0.993637995576 0.0126453591848
0.0647868322732 0.988152958732 0.0168072397173
0.0550786832273 0.980994101849 0.0256132162119
0.0559078683227 0.972198176699 0.032769585885
0.0613907868323 0.967684083125 0.0386515910077
0.0736390786832 0.959289878099 0.0471485755664
0.0784639078683 0.954148613819 0.0543271639084
0.0789463907868 0.951402448011 0.0535956552768
0.0699946390787 0.953359870811 0.0528088819845
0.0708994639079 0.949038052447 0.0593605752497
0.0835899463908 0.946267327261 0.0601033677817
0.0839589946391 0.952846358736 0.0539590205671
0.0785958994639 0.955682369523 0.0506244417128
0.0573595899464 0.962172356795 0.0447805702651
0.0633359589946 0.96477944169 0.0429362145759
0.0522335958995 0.968787855198 0.0360463698869
0.0565233595899 0.977557938386 0.0204928472628
0.051552335959 0.985342198908 0.00873644556289
0.0528552335959 0.989548131745 0.0136633398092
0.0565855233596 0.983956196219 0.0309009042581
0.057858552336 0.97590027739 0.0355771611755
0.0588858552336 0.975094685508 0.0327039577054
0.0526885855234 0.967973734006 0.0392586512212
0.0628688585523 0.95719510705 0.0587326742052
0.0629868858552 0.94469193687 0.0803970722135
0.0656986885855 0.930714953626 0.107953769563
0.0722698688586 0.91535255912 0.136520592394
0.0747269868859 0.898682309684 0.161768563974
0.0884726986886 0.880785501969 0.181627572289
0.0889472698689 0.861748037439 0.194830483239
0.0826947269869 0.845367687902 0.209340575109
0.0838694726987 0.83627995906 0.226656623706
0.10918694727 0.831595879815 0.240221876728
0.106318694727 0.83112747189 0.249055067713
0.118631869473 0.831080631098 0.245950732971
0.111763186947 0.83485125338 0.235310022912
0.115576318695 0.842678009496 0.218743469536
0.103357631869 0.850771257456 0.199415578587
0.101235763187 0.858746612988 0.178652973455
0.0983235763187 0.873421259369 0.159010392716
0.0980323576319 0.888124492329 0.130160384843
0.0944032357632 0.905176210177 0.100132083088
0.0715403235763 0.921322332766 0.0701981431304
0.0836540323576 0.936166736566 0.0442177403237
0.0740654032358 0.949604260286 0.0248489930497
0.0578065403236 0.961564545871 0.0114773778782
0.0678806540324 0.971986921339 0.00404723785925
0.0544880654032 0.980818340279 0.000936919997216
0.0504488065403 0.988013574178 0.000142104456565
0.040144880654 0.993535572487 1.56637496739e-05
0.0301144880654 0.997355777826 1.57821969173e-06
0.0192114488065 0.999454371723 1.5789499799e-07
0.0307211448807 0.999945437172 7.1645345638e-07
0.0390721144881 0.999994543717 8.34701979274e-05
0.0318072114488 0.999718248312 0.00109525868527
0.0445807211449 0.997974045408 0.00513095395663
0.0449580721145 0.99453161961 0.0155632871729
0.0386958072114 0.989384902111 0.0349210063337
0.0542695807211 0.982558138356 0.0632598404727
0.0639269580721 0.974086280588 0.0982050871883
0.0477926958072 0.964012747901 0.136139105518
0.0578792695807 0.952388861419 0.173420719106
0.0597879269581 0.939273389432 0.2070830227
0.0716787926958 0.924732050691 0.23502228798
0.0719678792696 0.908836966013 0.255895075533
0.088196787927 0.891666062993 0.268916985214
0.0772196787927 0.873302440557 0.273675115157
0.0923219678793 0.853833700562 0.270003457643
0.0830321967879 0.833351253965 0.257938452443
0.0920032196788 0.827494983232 0.256496869977
0.0794003219679 0.826909356159 0.256499698427
0.0844400321968 0.826850793451 0.24929395471
0.0831440032197 0.830652963254 0.23660451623
0.092014400322 0.838550382441 0.218935843361
0.0947014400322 0.846720939076 0.198196619956
0.0985701440032 0.85834158115 0.175912899944
0.0872570144003 0.873380756185 0.151427716242
0.09242570144 0.888120442011 0.133973005649
0.082142570144 0.902148414287 0.110359130543
0.0820142570144 0.918226063706 0.0818333211052
0.0829014257014 0.933311269314 0.0622595534101
0.0748901425701 0.947033192297 0.0419447717312
0.055189014257 0.959293724127 0.0219143826899
0.0514189014257 0.970028138926 0.00913976146962
0.0582418901426 0.979181619869 0.00272691639459
0.0481241890143 0.986707321161 0.000649020059013
0.0552124189014 0.99256652693 0.000109925509746
0.0487212418901 0.996728958929 1.24872128161e-05
0.031872124189 0.999173034756 1.26661848773e-06
0.0310872124189 0.999917303476 1.26897417644e-07
0.0319087212419 0.999991730348 1.26943276166e-08
0.0382908721242 0.999999173035 1.2694333221e-09
0.0353290872124 0.999999917303 1.2694333221e-10
0.0341329087212 0.99999999173 1.2694333221e-11
0.0250132908721 0.999999999173 1.2694333221e-12
0.0403013290872 0.999999999917 1.2694333221e-13
0.0373301329087 0.999999999992 1.2694333221e-14
0.0280330132909 0.999999999999 1.2694333221e-15
0.0298033013291 1.0 1.2694333221e-16
0.0371803301329 1.0 1.2694333221e-17
0.0379180330133 1.0 1.2694333221e-18
0.0307918033013 1.0 3.50224529555e-19
0.0327791803301 1.0 7.22625955032e-13
0.032077918033 1.0 1.19613170252e-08
0.0239077918033 1.0 7.08304361606e-06
0.0410907791803 0.999968750543 0.000226618527817
0.048209077918 0.999497013917 0.00169643490228
0.0480209077918 0.997422007627 0.0064362517596
0.0444020907792 0.993637995576 0.0184430986418
0.0485402090779 0.988152958732 0.0397794502762
0.0516540209078 0.980994101849 0.0699748657957
0.0546654020908 0.972198176699 0.106243981074
0.0837665402091 0.961810222567 0.137641813531
0.0767766540209 0.949883087622 0.163989164089
0.0715776654021 0.936476971706 0.18475076079
0.0899577665402 0.921658919448 0.198751146887
0.103495776654 0.905502262031 0.193815466656
0.0886495776654 0.888086013311 0.176683150231
0.0997649577665 0.872944435588 0.156260870114
0.108976495777 0.87821171456 0.149900889574
0.114397649578 0.888603537848 0.1329471495
0.0978397649578 0.902196723871 0.109829309045
0.0943839764958 0.918230894665 0.0850920678276
0.0922383976496 0.93331175241 0.0685483481483
0.085723839765 0.926880913541 0.0824527777507
0.0769723839765 0.914969155111 0.0992356403485
0.0796972383976 0.898643969283 0.123673013609
0.10786972384 0.884111609254 0.139615756534
0.084586972384 0.875957758996 0.152323662535
0.0939586972384 0.871731610157 0.161691052504
0.106595869724 0.867858786881 0.163865752187
0.0970595869724 0.874332476758 0.157362274287
0.0997059586972 0.884969034784 0.141364249618
0.10897059587 0.895643957251 0.119320071099
0.093697059587 0.911845459482 0.0934325532839
0.0894697059587 0.924734284248 0.0827957767271
0.0881469705959 0.931365671548 0.0796302497527
0.0925146970596 0.932028810278 0.0760589258311
0.069551469706 0.932095124151 0.0746249103602
0.0852551469706 0.934698175359 0.0715153185959
0.0805255146971 0.939999074564 0.0665633207191
0.0728525514697 0.947701972822 0.0601088154659
0.064885255147 0.955167930932 0.050488839119
0.0658885255147 0.951504379723 0.0533744486754
0.0704888525515 0.939184941262 0.081213500555
0.0916488852551 0.924723205874 0.111128291886
0.100964888526 0.908836081532 0.134122292641
0.100096488853 0.891665974545 0.138774235741
0.0856096488853 0.883413809781 0.140624519538
0.0868609648885 0.882588593304 0.142199604217
0.0851860964889 0.882506071657 0.137096939538
0.100318609649 0.892236934575 0.125996856597
0.0964318609649 0.908569212808 0.104428296366
0.0843431860965 0.921661633029 0.0860944285585
0.0786343186096 0.936200666593 0.0700701971849
0.077163431861 0.949607653289 0.0552309010224
0.0662163431861 0.957482235116 0.0506284272417
0.0696216343186 0.951735810141 0.0556978956874
0.0582621634319 0.955571314664 0.0523396027614
0.0643262163432 0.958078601253 0.0484842852926
0.0712326216343 0.964370066136 0.0410780994654
0.0620232621634 0.970535773127 0.035986520269
0.0602023262163 0.977732730179 0.0274306569897
0.0609202326216 0.985359678087 0.0150289725324
0.0456920232622 0.990571418248 0.0145484572371
0.0558692023262 0.988988881975 0.0155166232775
0.0460869202326 0.987688047372 0.0162057849844
0.0415086920233 0.987557963911 0.0163683344558
0.0437508692023 0.986342201461 0.0190347812843
0.0574750869202 0.980813026122 0.0244684020465
0.063347508692 0.972180069126 0.0442384669026
0.0684347508692 0.96180841181 0.0703073244769
0.0563434750869 0.949882906547 0.0992684207714
0.0650343475087 0.936476953598 0.128010724638
0.0722034347509 0.921658917637 0.15385235448
0.0738203434751 0.90550226185 0.174759718963
0.0847820343475 0.888086013293 0.189349522861
0.0930782034348 0.869494227194 0.196783161093
0.0840078203435 0.849815323551 0.196654380458
0.0858007820343 0.847847433187 0.206789341797
0.0850800782034 0.843977627477 0.20673203203
0.0859080078203 0.84726366358 0.20539044846
0.085090800782 0.854831242049 0.191977153666
0.0868090800782 0.86616875007 0.171538684192
0.106780908008 0.877534146008 0.144804634819
0.0979780908008 0.894900468373 0.116160004662
0.0853978090801 0.911771110594 0.0921404668765
0.076939780908 0.927422870998 0.0667242358161
0.0634939780908 0.941714713265 0.0403751004505
0.0621493978091 0.954569204976 0.0210542246466
0.0620149397809 0.965921185953 0.00879847430745
0.0566014939781 0.975713115486 0.00274311091789
0.0650601493978 0.983895037745 0.000652527205983
0.0614060149398 0.990424954214 0.00116807213416
0.040340601494 0.99526917756 0.00162574036174
0.0436340601494 0.998402620588 0.0023747590079
0.0385634060149 0.999340400922 0.00175976163054
0.0443563406015 0.999809048772 0.00126120801481
0.0332356340601 0.99994965542 0.00053913483608
0.033923563406 0.999994965542 0.000199198448642
0.0339923563406 0.999999496554 4.24276388833e-05
0.0330992356341 0.999999949655 4.50457871229e-06
0.0321099235634 0.999999994966 4.50579998714e-07
0.0347109923563 0.999999999497 4.50580003206e-08
0.0403710992356 0.99999999995 4.50580003206e-09
0.0346371099236 0.999999999995 4.50580003206e-10
0.0394637109924 0.999999999999 4.50580003206e-11
0.0372463710992 1.0 4.50580003206e-12
0.0460246371099 1.0 4.50580003206e-13
0.040602463711 1.0 4.50580003206e-14
0.0418602463711 1.0 4.50580003206e-15
0.0338860246371 1.0 4.50580003206e-16
0.0375886024637 1.0 4.50580008659e-17
0.0361588602464 1.0 1.51323198394e-15
0.0405158860246 1.0 7.22777243208e-13
0.0436515886025 1.0 5.24380536454e-10
0.0385651588602 1.0 7.75111313412e-07
0.029956515886 1.0 7.29665022871e-05
0.0344956515886 0.99987500868 0.000732507042696
0.0322495651589 0.999706294809 0.00129246966574
0.0365249565159 0.999845638161 0.00117671638757
0.0378524956516 0.999953314359 0.000530685673356
0.0334852495652 0.999995331436 0.000113629597717
0.0393485249565 0.999999533144 1.43729748781e-05
0.0381348524957 0.999999953314 1.47462130616e-06
0.0299134852496 0.999999995331 1.77437614531e-07
0.030891348525 0.999999999533 3.07789270863e-08
0.0237891348525 0.999999999953 3.22881092188e-09
0.0428789134852 0.999999999995 3.3998450112e-10
0.0330878913485 1.0 1.06990175266e-07
0.0384087891349 1.0 6.50764426599e-06
0.0380408789135 0.999968750543 0.000150431401504
0.0407040878913 0.999497013917 0.00155772916301
0.0508704087891 0.997422007627 0.0063810291128
0.0491870408789 0.993637995576 0.0179277582934
0.0481187040879 0.988152958732 0.0374541172591
0.0687118704088 0.980994101849 0.0654197515517
0.0617711870409 0.972198176699 0.0990121828938
0.0601771187041 0.961810222567 0.134716563026
0.0564177118704 0.949883087622 0.169151431673
0.086641771187 0.936476971706 0.199610213513
0.0887641771187 0.921658919448 0.224185723858
0.0808764177119 0.905502262031 0.241660235225
0.0881876417712 0.888086013311 0.251325221039
0.116818764177 0.869494227196 0.252824613747
0.102581876418 0.849815323552 0.246063311013
0.107458187642 0.836724722625 0.228855022533
0.106145818764 0.84286535642 0.212115883018
0.106914581876 0.854391411333 0.190373605057
0.0934914581876 0.866124766998 0.162922313117
0.106549145819 0.884148263808 0.137690456096
