0.1791 0.872309911029 0.582780009066
0.19161 0.959540902132 0.645692023959
0.214461 0.968264001242 0.659024246288
0.2086461 0.969136311153 0.671079064795
0.24226461 0.969223542144 0.684146795386
0.215026461 0.969232265243 0.693169445682
0.2141026461 0.969233137553 0.693603476337
0.21941026461 0.969233224784 0.694569313304
0.207341026461 0.969233233507 0.699189347239
0.228634102646 0.969233234379 0.706601774913
0.209163410265 0.969233234467 0.709842384725
0.224316341026 0.969233234475 0.704446608761
0.216831634103 0.969233234476 0.701368959051
0.23228316341 0.969233234476 0.701629916134
0.205928316341 0.969233234476 0.698195429534
0.230292831634 0.969233234476 0.688430675834
0.220129283163 0.969233234476 0.679417309905
0.215512928316 0.969233234476 0.667806887897
0.222251292832 0.969233234476 0.650434584508
0.213925129283 0.969233234476 0.629448641528
0.211292512928 0.969233234476 0.609082167557
0.229029251293 0.969233234476 0.609844300191
0.217302925129 0.969233234476 0.609836933648
0.222430292513 0.969233234476 0.603413750192
0.214843029251 0.969233234476 0.592230626781
0.207784302925 0.969233234476 0.580510918797
0.209778430293 0.969233234476 0.588971430815
0.217177843029 0.969233234476 0.596031109744
0.218817784303 0.969233234476 0.595188324852
0.21718177843 0.969233234476 0.585827460208
0.212518177843 0.969233234476 0.576052786469
0.184151817784 0.969233234476 0.58650226183
0.202915181778 0.969233234476 0.588655609195
0.220991518178 0.969233234476 0.581262541136
0.229099151818 0.969233234476 0.569716428165
0.222709915182 0.969233234476 0.555525091824
0.241870991518 0.969233234476 0.563549463937
0.228487099152 0.969233234476 0.571553119008
0.226248709915 0.969233234476 0.575004567036
0.253924870992 0.969233234476 0.571290963461
0.234192487099 0.969233234476 0.561929007085
0.23221924871 0.969233234476 0.573267522829
0.231121924871 0.969233234476 0.584449899264
0.231012192487 0.969233234476 0.5951883716
0.220201219249 0.969233234476 0.59997388463
0.228120121925 0.969233234476 0.599477710808
0.240612012192 0.969233234476 0.619942856296
0.238261201219 0.969233234476 0.640814178579
0.243426120122 0.969233234476 0.661682008919
0.250242612012 0.969233234476 0.676728561917
0.257224261201 0.969233234476 0.685947823533
0.24982242612 0.969233234476 0.696420149182
0.243682242612 0.969233234476 0.701106027541
0.228668224261 0.969233234476 0.704693007711
0.232566822426 0.969233234476 0.713507550551
0.233856682243 0.969233234476 0.717991155441
0.234885668224 0.969233234476 0.71966676987
0.240388566822 0.969233234476 0.713203626871
0.241838856682 0.969233234476 0.702662179858
0.217683885668 0.969233234476 0.703280256498
0.233268388567 0.969233234476 0.701545342691
0.242926838857 0.969233234476 0.697518743514
0.223192683886 0.969233234476 0.685540611141
0.218519268389 0.969233234476 0.668306171732
0.215351926839 0.969233234476 0.662353955891
0.190735192684 0.969233234476 0.654168544188
0.208973519268 0.969233234476 0.647629936043
0.184697351927 0.969233234476 0.65256120277
0.211069735193 0.969233234476 0.655579939402
0.193906973519 0.969233234476 0.659154380163
0.231790697352 0.969233234476 0.668347100522
0.238279069735 0.969233234476 0.679975680332
0.247927906974 0.969233234476 0.690835733881
0.234492790697 0.969233234476 0.69833611942
0.23944927907 0.969233234476 0.701611154576
0.250744927907 0.969233234476 0.704432334991
0.250974492791 0.969233234476 0.707920370214
0.243797449279 0.969233234476 0.709772986022
0.243079744928 0.969233234476 0.707651080279
0.255607974493 0.969233234476 0.702565464887
0.246960797449 0.969233234476 0.69697217678
0.229896079745 0.969233234476 0.689267765295
0.248889607974 0.969233234476 0.676122430023
0.244488960797 0.969233234476 0.658096176396
0.24764889608 0.969233234476 0.648809856266
0.226364889608 0.969233234476 0.634671168324
0.217936488961 0.969233234476 0.614799277164
0.250393648896 0.969233234476 0.590517032308
0.22393936489 0.969233234476 0.56881005853
0.237493936489 0.969233234476 0.566443058053
0.249649393649 0.969233234476 0.561377192981
0.249064939365 0.969233234476 0.550840249203
0.259806493936 0.969233234476 0.535662787509
0.257280649394 0.969233234476 0.522806286943
0.266928064939 0.969233234476 0.529109744267
0.248092806494 0.969233234476 0.532662178546
0.236309280649 0.969233234476 0.529844810979
0.221630928065 0.969233234476 0.520857669039
0.230963092806 0.969233234476 0.513875468538
0.251696309281 0.969233234476 0.524502898706
0.211469630928 0.969233234476 0.515931822468
0.225446963093 0.969233234476 0.501293335253
0.225944696309 0.969233234476 0.483398148347
0.240394469631 0.969233234476 0.466506220748
0.247239446963 0.969233234476 0.472081603317
0.242523944696 0.969233234476 0.478010848439
0.23305239447 0.969233234476 0.479720501321
0.234805239447 0.969233234476 0.479656805954
0.234080523945 0.969233234476 0.475851158481
0.228608052394 0.969233234476 0.488727297784
0.237960805239 0.969233234476 0.501085566306
0.246996080524 0.969233234476 0.510572992993
0.219999608052 0.969233234476 0.518760758517
0.241599960805 0.969233234476 0.52317550296
0.235659996081 0.969233234476 0.54433296882
0.237765999608 0.969233234476 0.565997034434
0.229876599961 0.969233234476 0.588432605305
0.234487659996 0.969233234476 0.609322947471
0.231348766 0.969233234476 0.625058476809
0.2157348766 0.969233234476 0.641908744024
0.26367348766 0.969233234476 0.653691815861
0.225267348766 0.969233234476 0.664244406956
0.253826734877 0.969233234476 0.674164967339
0.246782673488 0.969233234476 0.685005122469
0.221778267349 0.969233234476 0.691734300224
0.236377826735 0.969233234476 0.691234111965
0.237837782673 0.969233234476 0.691270807525
0.246983778267 0.969233234476 0.691397189044
0.246098377827 0.969233234476 0.692456687597
0.243309837783 0.969233234476 0.68986846546
0.234030983778 0.969233234476 0.680766229587
0.222303098378 0.969233234476 0.672306075007
0.204030309838 0.969233234476 0.665267186335
0.204903030984 0.969233234476 0.659696794449
0.197790303098 0.969233234476 0.657597848585
0.19887903031 0.969233234476 0.661078010079
0.215187903031 0.969233234476 0.663371088004
0.215918790303 0.969233234476 0.663755038365
0.24389187903 0.969233234476 0.672546321927
0.250289187903 0.969233234476 0.677923628886
0.25182891879 0.969233234476 0.679988039494
0.263682891879 0.969233234476 0.680793962016
0.235168289188 0.969233234476 0.676563798415
0.222416828919 0.969233234476 0.678525946709
0.217541682892 0.969233234476 0.676288404011
0.233254168289 0.969233234476 0.669585743324
0.253725416829 0.969233234476 0.663087584555
0.236872541683 0.969233234476 0.651030692013
0.233387254168 0.969233234476 0.639242009481
0.244738725417 0.969233234476 0.622361849528
0.244973872542 0.969233234476 0.601650939277
0.210797387254 0.969233234476 0.582389157961
0.225379738725 0.969233234476 0.564979044918
0.225937973873 0.969233234476 0.546163694922
0.226893797387 0.969233234476 0.5222553025
0.237789379739 0.969233234476 0.493713457575
0.230778937974 0.969233234476 0.473172648258
0.244477893797 0.969233234476 0.464145182129
0.23864778938 0.969233234476 0.456148477943
0.201164778938 0.969233234476 0.444397733256
0.236116477894 0.969233234476 0.429389465023
0.222511647789 0.969233234476 0.422732572478
0.219351164779 0.969233234476 0.426960176372
0.210035116478 0.969233234476 0.428289659069
0.203703511648 0.969233234476 0.424697990459
0.234570351165 0.969233234476 0.416916579372
0.223257035116 0.969233234476 0.416213451287
0.250025703512 0.969233234476 0.426344945325
0.231102570351 0.969233234476 0.417499855004
0.236410257035 0.969233234476 0.403977258948
0.222541025704 0.969233234476 0.389715559957
0.22925410257 0.969233234476 0.378657793366
0.237125410257 0.969233234476 0.38220115327
0.243312541026 0.969233234476 0.38612033823
0.246631254103 0.969233234476 0.38604883603
0.24696312541 0.969233234476 0.382679617283
0.252396312541 0.969233234476 0.379141423236
0.230439631254 0.969233234476 0.388689087839
0.240843963125 0.969233234476 0.399309274689
0.228384396313 0.969233234476 0.408611463322
0.243338439631 0.969233234476 0.417147365528
0.239433843963 0.969233234476 0.42681488297
0.240843384396 0.969233234476 0.449814320859
0.21848433844 0.969233234476 0.473446413013
0.224348433844 0.969233234476 0.495153090778
0.233934843384 0.969233234476 0.517892635568
0.224093484338 0.969233234476 0.541266471156
0.242909348434 0.969233234476 0.56711142005
0.223190934843 0.969233234476 0.588076254713
0.228419093484 0.969233234476 0.604436879149
0.244241909348 0.969233234476 0.62009850514
0.215224190935 0.969233234476 0.637128017986
0.265422419093 0.969233234476 0.646843318466
0.251542241909 0.969233234476 0.654015458189
0.261854224191 0.969233234476 0.661688073375
0.233185422419 0.969233234476 0.668663907363
0.251018542242 0.969233234476 0.675320349636
0.250101854224 0.969233234476 0.674571343261
0.251810185422 0.969233234476 0.671483786676
0.233081018542 0.969233234476 0.667673710078
0.211408101854 0.969233234476 0.663724997903
0.186740810185 0.969233234476 0.659094271401
0.186974081019 0.969233234476 0.65640623803
0.191497408102 0.969233234476 0.6610677772
0.19644974081 0.969233234476 0.664515594208
0.209544974081 0.969233234476 0.667368032064
0.209054497408 0.969233234476 0.667218604911
0.243205449741 0.969233234476 0.66980081782
0.249320544974 0.969233234476 0.667334065534
0.250832054497 0.969233234476 0.660048229089
0.25458320545 0.969233234476 0.653065012697
0.238758320545 0.969233234476 0.642421926768
0.229075832054 0.969233234476 0.637557686075
0.229007583205 0.969233234476 0.627464146951
0.231700758321 0.969233234476 0.612348408399
0.209470075832 0.969233234476 0.597008977257
0.245947007583 0.969233234476 0.575493320485
0.245994700758 0.969233234476 0.554570216472
0.245099470076 0.969233234476 0.531663929051
0.245909947008 0.969233234476 0.506233171372
0.281090994701 0.969233234476 0.484088443195
0.24320909947 0.969233234476 0.457937503476
0.230420909947 0.969233234476 0.434457333118
0.234542090995 0.969233234476 0.411336343891
0.229554209099 0.969233234476 0.392792104874
0.25605542091 0.969233234476 0.383067330485
0.255105542091 0.969233234476 0.371935497423
0.232510554209 0.969233234476 0.365316776383
0.236551055421 0.969233234476 0.360296535288
0.263055105542 0.969233234476 0.358162394461
0.281005510554 0.969233234476 0.361923799121
0.259400551055 0.969233234476 0.362683127499
0.253640055106 0.969233234476 0.362543971095
0.231464005511 0.969233234476 0.36141450398
0.247246400551 0.969233234476 0.362934077859
0.228124640055 0.969233234476 0.370289540617
0.243312464006 0.969233234476 0.368864199989
0.217831246401 0.969233234476 0.363372769969
0.23868312464 0.969233234476 0.356779642136
0.246168312464 0.969233234476 0.35046217506
0.239716831246 0.969233234476 0.351069849777
0.208471683125 0.969233234476 0.351937987997
0.217947168312 0.969233234476 0.352001947432
0.217994716831 0.969233234476 0.349299796194
0.230599471683 0.969233234476 0.343776218436
0.243559947168 0.969233234476 0.347412147235
0.238555994717 0.969233234476 0.35146945786
0.256955599472 0.969233234476 0.35640640453
0.245295559947 0.969233234476 0.360956585063
0.259429555995 0.969233234476 0.371029983775
0.259042955599 0.969233234476 0.39206120335
0.22750429556 0.969233234476 0.413037580522
0.232450429556 0.969233234476 0.433528624336
0.245545042956 0.969233234476 0.451852611915
0.253154504296 0.969233234476 0.47421077951
0.24311545043 0.969233234476 0.508092046327
0.247511545043 0.969233234476 0.53706954301
0.243451154504 0.969233234476 0.559802530485
0.22504511545 0.969233234476 0.576211276088
0.230404511545 0.969233234476 0.592936629067
0.226440451155 0.969233234476 0.60836238968
0.226044045115 0.969233234476 0.620753979257
0.235004404512 0.969233234476 0.631194492062
0.247600440451 0.969233234476 0.638066082621
0.238960044045 0.969233234476 0.646183326057
0.248896004405 0.969233234476 0.653582976405
0.24628960044 0.969233234476 0.659357964157
0.216328960044 0.969233234476 0.663079971912
0.209732896004 0.969233234476 0.663392845734
0.1856732896 0.969233234476 0.657326600609
0.19946732896 0.969233234476 0.658607262766
0.181946732896 0.969233234476 0.665197513979
0.21619467329 0.969233234476 0.668960745552
0.202519467329 0.969233234476 0.668610945259
0.213751946733 0.969233234476 0.662711294967
0.239175194673 0.969233234476 0.655488368861
0.239017519467 0.969233234476 0.648459640997
0.230901751947 0.969233234476 0.640483106717
0.253490175195 0.969233234476 0.630304040967
0.230549017519 0.969233234476 0.614966783652
0.256154901752 0.969233234476 0.600232509569
0.229015490175 0.969233234476 0.587516877915
0.227201549018 0.969233234476 0.573115332806
0.227920154902 0.969233234476 0.556200612991
0.22439201549 0.969233234476 0.533744010934
0.228539201549 0.969233234476 0.507431481399
0.243353920155 0.969233234476 0.480924282239
0.225035392015 0.969233234476 0.458163321801
0.228603539202 0.969233234476 0.437612959726
0.24516035392 0.969233234476 0.413245157273
0.233316035392 0.969233234476 0.39027916467
0.235731603539 0.969233234476 0.374040798506
0.235073160354 0.969233234476 0.364035380037
0.235907316035 0.969233234476 0.358562039191
0.246790731604 0.969233234476 0.351686093665
0.24427907316 0.969233234476 0.348322883023
0.235927907316 0.969233234476 0.348531903677
0.236892790732 0.969233234476 0.349506644434
0.243289279073 0.969233234476 0.351529136793
0.251128927907 0.969233234476 0.350848227866
0.222212892791 0.969233234476 0.351744701721
0.209421289279 0.969233234476 0.353571350439
0.217142128928 0.969233234476 0.355981799652
0.222414212893 0.969233234476 0.359461917109
0.236441421289 0.969233234476 0.361713918879
0.233344142129 0.969233234476 0.362685041274
0.231234414213 0.969233234476 0.363420289984
0.229223441421 0.969233234476 0.362341164877
0.228122344142 0.969233234476 0.358782291862
0.234312234414 0.969233234476 0.359515947469
0.254731223441 0.969233234476 0.361184270763
0.235173122344 0.969233234476 0.36140983315
0.229617312234 0.969233234476 0.357911366775
0.232661731223 0.969233234476 0.353365520533
0.238366173122 0.969233234476 0.353246728673
0.245236617312 0.969233234476 0.354044448603
0.253123661731 0.969233234476 0.358170755725
0.248512366173 0.969233234476 0.364787652361
0.237251236617 0.969233234476 0.371114642314
0.226225123662 0.969233234476 0.383007769872
0.233222512366 0.969233234476 0.401088626548
0.242022251237 0.969233234476 0.421243724798
0.244702225124 0.969233234476 0.442154148575
0.226070222512 0.969233234476 0.461428118887
0.233207022251 0.969233234476 0.485601718531
0.233020702225 0.969233234476 0.511495179757
0.232102070223 0.969233234476 0.534843664383
0.247310207022 0.969233234476 0.556062871668
0.205631020702 0.969233234476 0.570730865096
0.21136310207 0.969233234476 0.584993996838
0.236236310207 0.969233234476 0.599534810972
0.240523631021 0.969233234476 0.613100203116
0.237352363102 0.969233234476 0.629382123438
0.23883523631 0.969233234476 0.639352134586
0.229983523631 0.969233234476 0.647198872955
0.230898352363 0.969233234476 0.65744722408
0.221989835236 0.969233234476 0.663579624222
0.194098983524 0.969233234476 0.66690628714
0.196709898352 0.969233234476 0.667418362347
0.200570989835 0.969233234476 0.671349365162
0.211757098984 0.969233234476 0.678566345989
0.209275709898 0.969233234476 0.680443457579
0.23872757099 0.969233234476 0.671826204303
0.243472757099 0.969233234476 0.658643502419
0.25924727571 0.969233234476 0.648636590032
0.214024727571 0.969233234476 0.636084483945
0.240102472757 0.969233234476 0.62378011823
0.244510247276 0.969233234476 0.607865820914
0.244951024728 0.969233234476 0.586879673845
0.238695102473 0.969233234476 0.569565015374
0.220069510247 0.969233234476 0.54957688737
0.245206951025 0.969233234476 0.530062797117
0.272020695102 0.969233234476 0.508600217185
0.21620206951 0.969233234476 0.483859180469
0.245720206951 0.969233234476 0.463749064117
0.229772020695 0.969233234476 0.440619427741
0.23627720207 0.969233234476 0.420557658267
0.248627720207 0.969233234476 0.401026358695
0.213862772021 0.969233234476 0.382440563898
0.237386277202 0.969233234476 0.375292869972
0.25953862772 0.969233234476 0.36964717572
0.258153862772 0.969233234476 0.368804820414
0.239115386277 0.969233234476 0.367938443148
0.201211538628 0.969233234476 0.36728461956
0.238821153863 0.969233234476 0.36991040865
0.247982115386 0.969233234476 0.373983660491
0.247098211539 0.969233234476 0.375628815805
0.223609821154 0.969233234476 0.375589085487
0.239260982115 0.969233234476 0.374278397898
0.248026098212 0.969233234476 0.374646827055
0.230002609821 0.969233234476 0.375768514057
0.251600260982 0.969233234476 0.374319306689
0.240260026098 0.969233234476 0.377918801328
0.22382600261 0.969233234476 0.384508030449
0.220382600261 0.969233234476 0.392499580726
0.252438260026 0.969233234476 0.398317350203
0.236743826003 0.969233234476 0.398444220036
0.2378743826 0.969233234476 0.397973255147
0.23438743826 0.969233234476 0.398542682686
0.252038743826 0.969233234476 0.399032258195
0.242103874383 0.969233234476 0.396649751348
0.231210387438 0.969233234476 0.391548168041
0.246321038744 0.969233234476 0.386084377614
0.248732103874 0.969233234476 0.383088649561
0.230973210387 0.969233234476 0.383467154711
0.236397321039 0.969233234476 0.381638940761
0.242339732104 0.969233234476 0.379960049269
0.22853397321 0.969233234476 0.387009400638
0.241553397321 0.969233234476 0.405405880558
0.252755339732 0.969233234476 0.426514599162
0.236775533973 0.969233234476 0.443884579729
0.220777553397 0.969233234476 0.45895556656
0.22007775534 0.969233234476 0.47725921766
0.232607775534 0.969233234476 0.500449117284
0.234760777553 0.969233234476 0.524843823343
0.217876077755 0.969233234476 0.543994495617
0.233287607776 0.969233234476 0.560414062044
0.229428760778 0.969233234476 0.579920525367
0.239842876078 0.969233234476 0.603043511714
0.233684287608 0.969233234476 0.626025350736
0.239368428761 0.969233234476 0.641517431727
0.247136842876 0.969233234476 0.653119168516
0.238013684288 0.969233234476 0.667072635451
0.211901368429 0.969233234476 0.684834307067
0.204790136843 0.969233234476 0.701815330999
0.201379013684 0.969233234476 0.711601500123
0.175837901368 0.969233234476 0.716864895765
0.204783790137 0.969233234476 0.717806205021
0.204078379014 0.969233234476 0.719751582479
0.210307837901 0.969233234476 0.71541405164
0.22173078379 0.969233234476 0.698886498469
0.248073078379 0.969233234476 0.67620638737
0.237207307838 0.969233234476 0.664191330489
0.218120730784 0.969233234476 0.646311295175
0.219812073078 0.969233234476 0.626704867361
0.251481207308 0.969233234476 0.605809636669
0.231248120731 0.969233234476 0.581448429312
0.234624812073 0.969233234476 0.568526869344
0.241262481207 0.969233234476 0.550377732677
0.248226248121 0.969233234476 0.531530744034
0.236322624812 0.969233234476 0.512220878551
0.236032262481 0.969233234476 0.488337857983
0.211703226248 0.969233234476 0.475599515131
0.244370322625 0.969233234476 0.457852196569
0.242237032262 0.969233234476 0.439780472502
0.257323703226 0.969233234476 0.421946086797
0.237232370323 0.969233234476 0.40367791347
0.244223237032 0.969233234476 0.403280817956
0.236822323703 0.969233234476 0.403872923243
0.22888223237 0.969233234476 0.404387190601
0.233488223237 0.969233234476 0.4071358478
0.235748822324 0.969233234476 0.410903926558
0.252174882232 0.969233234476 0.416711530203
0.235817488223 0.969233234476 0.422775435375
0.214381748822 0.969233234476 0.426805635254
0.243738174882 0.969233234476 0.426719203519
0.251173817488 0.969233234476 0.425091400448
0.234817381749 0.969233234476 0.424335744953
0.254781738175 0.969233234476 0.423788015469
0.235178173817 0.969233234476 0.421160116478
0.226917817382 0.969233234476 0.427953287848
0.234191781738 0.969233234476 0.438729493271
0.225019178174 0.969233234476 0.452740009166
0.234001917817 0.969233234476 0.463120716181
0.218700191782 0.969233234476 0.4645596758
0.248670019178 0.969233234476 0.464483669095
0.235467001918 0.969233234476 0.465466600978
0.250346700192 0.969233234476 0.464526520697
0.248234670019 0.969233234476 0.459202932623
0.219223467002 0.969233234476 0.452508610887
0.2514223467 0.969233234476 0.445191963461
0.22044223467 0.969233234476 0.441625677152
0.242544223467 0.969233234476 0.437332680088
0.199754422347 0.969233234476 0.428734973265
0.211675442235 0.969233234476 0.422202051581
0.232667544223 0.969233234476 0.421387499432
0.212266754422 0.969233234476 0.442568403439
0.241726675442 0.969233234476 0.462636713368
0.227572667544 0.969233234476 0.476044610471
0.240557266754 0.969233234476 0.486100823759
0.236455726675 0.969233234476 0.496427307698
0.227945572668 0.969233234476 0.522048490402
0.232494557267 0.969233234476 0.543134760444
0.232949455727 0.969233234476 0.556921534104
0.221294945573 0.969233234476 0.567142187014
0.251629494557 0.969233234476 0.578239471809
0.241162949456 0.969233234476 0.605263524182
0.245516294946 0.969233234476 0.628042287317
0.216251629495 0.969233234476 0.643747608472
0.236725162949 0.969233234476 0.655911947531
0.239672516295 0.969233234476 0.669722395351
0.203067251629 0.969233234476 0.69673485942
0.200306725163 0.969233234476 0.717748736952
0.212630672516 0.969233234476 0.73053517266
0.204863067252 0.969233234476 0.730865327325
0.196886306725 0.969233234476 0.723760138718
0.186188630673 0.969233234476 0.712792960422
0.174318863067 0.969233234476 0.702214272091
0.205531886307 0.969233234476 0.681971073721
0.205053188631 0.969233234476 0.655808921867
0.217605318863 0.969233234476 0.647586218032
0.231460531886 0.969233234476 0.635102110664
0.231046053189 0.969233234476 0.616325880672
0.232804605319 0.969233234476 0.596826017951
0.223980460532 0.969233234476 0.574900111338
0.210498046053 0.969233234476 0.570704831674
0.226249804605 0.969233234476 0.561964750628
0.212524980461 0.969233234476 0.545941756743
0.231852498046 0.969233234476 0.529006096638
0.234685249805 0.969233234476 0.508947291075
0.23136852498 0.969233234476 0.506195073161
0.242736852498 0.969233234476 0.49800658036
0.20967368525 0.969233234476 0.482608423891
0.204567368525 0.969233234476 0.466549196922
0.216656736852 0.969233234476 0.451454052774
0.227765673685 0.969233234476 0.459284068431
0.207276567369 0.969233234476 0.466577885767
0.222327656737 0.969233234476 0.472182568021
0.212132765674 0.969233234476 0.480511710541
0.208413276567 0.969233234476 0.490086928613
0.226041327657 0.969233234476 0.499052651851
0.220604132766 0.969233234476 0.506272412177
0.220060413277 0.969233234476 0.512135407998
0.223606041328 0.969233234476 0.514212246822
0.222160604133 0.969233234476 0.514696864826
0.230116060413 0.969233234476 0.514588236605
0.225511606041 0.969233234476 0.512570319867
0.215151160604 0.969233234476 0.508540661096
0.19881511606 0.969233234476 0.516747331394
0.200781511606 0.969233234476 0.528483013606
0.212678151161 0.969233234476 0.520004154873
0.210267815116 0.969233234476 0.513777444094
0.207326781512 0.969233234476 0.514710286038
0.227732678151 0.969233234476 0.514804379303
0.213573267815 0.969233234476 0.514571015045
0.201357326782 0.969233234476 0.51207984562
0.217235732678 0.969233234476 0.506538076266
0.221523573268 0.969233234476 0.499281186791
0.235452357327 0.969233234476 0.490366033654
0.222445235733 0.969233234476 0.480658796807
0.233744523573 0.969233234476 0.472708905758
0.222274452357 0.969233234476 0.46693186065
0.217527445236 0.969233234476 0.459213142608
0.221552744524 0.969233234476 0.452290064167
0.228255274452 0.969233234476 0.466443768844
0.237025527445 0.969233234476 0.482828378326
0.219902552745 0.969233234476 0.497828178168
0.212790255274 0.969233234476 0.505774929586
0.216579025527 0.969233234476 0.509492431159
0.214257902553 0.969233234476 0.528474962793
0.220325790255 0.969233234476 0.546099517298
0.211032579026 0.969233234476 0.561754611114
0.228103257903 0.969233234476 0.570150427486
0.22441032579 0.969233234476 0.575414982316
0.216841032579 0.969233234476 0.596306565358
0.211584103258 0.969233234476 0.616414559055
0.213758410326 0.969233234476 0.634890935056
0.239175841033 0.969233234476 0.646939773765
0.200317584103 0.969233234476 0.656280948184
0.20903175841 0.969233234476 0.681827481783
0.193703175841 0.969233234476 0.702650496636
0.180470317584 0.969233234476 0.719049367123
0.180047031758 0.969233234476 0.725722711636
0.193504703176 0.969233234476 0.723245877149
0.182250470318 0.969233234476 0.723801653726
0.195525047032 0.969233234476 0.717365852947
0.234652504703 0.969233234476 0.696921418933
0.25386525047 0.969233234476 0.66889202111
0.252186525047 0.969233234476 0.656039113132
0.231318652505 0.969233234476 0.64445867912
0.24633186525 0.969233234476 0.628404875367
0.251433186525 0.969233234476 0.605567329249
0.233943318653 0.969233234476 0.57755943076
0.231294331865 0.969233234476 0.567241957669
0.222929433187 0.969233234476 0.557567905687
0.245492943319 0.969233234476 0.543508069854
0.237849294332 0.969233234476 0.522297954192
0.231684929433 0.969233234476 0.495808102606
0.244568492943 0.969233234476 0.486131096503
0.229656849294 0.969233234476 0.476669412425
0.268665684929 0.969233234476 0.462953278059
0.226666568493 0.969233234476 0.442719327177
0.228766656849 0.969233234476 0.420682581682
0.234376665685 0.969233234476 0.421981398926
0.263737666568 0.969233234476 0.428969626495
0.250473766657 0.969233234476 0.437179295892
0.242847376666 0.969233234476 0.441463372554
0.235784737667 0.969233234476 0.445287777027
0.218878473767 0.969233234476 0.452464057951
0.243287847377 0.969233234476 0.459129493219
0.247528784738 0.969233234476 0.464455683379
0.242552878474 0.969233234476 0.465435989411
0.248355287847 0.969233234476 0.464609052186
0.237235528785 0.969233234476 0.464749310944
0.232523552878 0.969233234476 0.464118675548
0.248252355288 0.969233234476 0.461752913604
0.243525235529 0.969233234476 0.446725012244
0.215152523553 0.969233234476 0.440606665711
0.242915252355 0.969233234476 0.430801050883
0.248391525236 0.969233234476 0.424478320407
0.246239152524 0.969233234476 0.424284083484
0.246023915252 0.969233234476 0.424954062264
0.247802391525 0.969233234476 0.42695829708
0.229080239153 0.969233234476 0.426855704985
0.243408023915 0.969233234476 0.42264278833
0.245740802392 0.969233234476 0.416699363722
0.241474080239 0.969233234476 0.410743677874
0.258147408024 0.969233234476 0.407448084836
0.231914740802 0.969233234476 0.403875967136
0.24549147408 0.969233234476 0.403790281194
0.220749147408 0.969233234476 0.402977222761
0.239874914741 0.969233234476 0.404288453031
0.254387491474 0.969233234476 0.42197807332
0.226138749147 0.969233234476 0.438828870088
0.233213874915 0.969233234476 0.457822467466
0.243821387491 0.969233234476 0.475120922299
0.241282138749 0.969233234476 0.488869816551
0.253628213875 0.969233234476 0.511896470874
0.229662821387 0.969233234476 0.530502677195
0.229066282139 0.969233234476 0.550322582014
0.224506628214 0.969233234476 0.568032549863
0.250150662821 0.969233234476 0.581912763019
0.249115066282 0.969233234476 0.605620391485
0.244511506628 0.969233234476 0.625636415362
0.258451150663 0.969233234476 0.646286486333
0.238245115066 0.969233234476 0.663607033743
0.247024511507 0.969233234476 0.676873091275
0.245202451151 0.969233234476 0.698762379593
0.208120245115 0.969233234476 0.715625870656
0.190012024512 0.969233234476 0.725365216586
0.217001202451 0.969233234476 0.723950117568
0.198100120245 0.969233234476 0.718514727202
0.214210012025 0.969233234476 0.710881391269
0.216721001202 0.969233234476 0.701887005775
0.20437210012 0.969233234476 0.685082371321
0.222937210012 0.969233234476 0.666772572283
0.227493721001 0.969233234476 0.653815834802
0.2225493721 0.969233234476 0.642290158007
0.23555493721 0.969233234476 0.626382399562
0.244955493721 0.969233234476 0.603186854635
0.237795549372 0.969233234476 0.579712588731
0.239779554937 0.969233234476 0.56119914064
0.248077955494 0.969233234476 0.544756445702
0.243507795549 0.969233234476 0.525265564428
0.234050779555 0.969233234476 0.500579070473
0.244805077955 0.969233234476 0.477064712038
0.226980507796 0.969233234476 0.459820020114
0.23779805078 0.969233234476 0.444539289193
0.226279805078 0.969233234476 0.426862916008
0.253927980508 0.969233234476 0.405124703833
0.253992798051 0.969233234476 0.386247281915
0.223399279805 0.969233234476 0.380323260197
0.216739927981 0.969233234476 0.381967481121
0.243073992798 0.969233234476 0.383384218333
0.22950739928 0.969233234476 0.382459993622
0.242550739928 0.969233234476 0.385770037787
0.225855073993 0.969233234476 0.391234739697
0.234985507399 0.969233234476 0.396606738346
0.21789855074 0.969233234476 0.398974639913
0.252189855074 0.969233234476 0.398208588266
0.255618985507 0.969233234476 0.39764197055
0.237961898551 0.969233234476 0.398263393822
0.226296189855 0.969233234476 0.398736165103
0.223329618986 0.969233234476 0.395890760224
0.229332961899 0.969233234476 0.387566291474
0.24523329619 0.969233234476 0.385472779463
0.225223329619 0.969233234476 0.380301567694
0.225922332962 0.969233234476 0.376330792128
0.233192233296 0.969233234476 0.374298290791
0.23571922333 0.969233234476 0.373948070295
0.226971922333 0.969233234476 0.375599197216
0.237797192233 0.969233234476 0.375741205423
0.246079719223 0.969233234476 0.374019027551
0.234307971922 0.969233234476 0.369477002783
0.233130797192 0.969233234476 0.366973787803
0.233913079719 0.969233234476 0.367958746131
0.230391307972 0.969233234476 0.368804411041
0.228239130797 0.969233234476 0.370213531273
0.22622391308 0.969233234476 0.374642971685
0.234122391308 0.969233234476 0.382652799248
0.213312239131 0.969233234476 0.400487894102
0.235531223913 0.969233234476 0.420322082579
0.217953122391 0.969233234476 0.440824280202
0.265695312239 0.969233234476 0.463121089194
0.256069531224 0.969233234476 0.484232150224
0.242506953122 0.969233234476 0.507902862734
0.222250695312 0.969233234476 0.529806602203
0.236425069531 0.969233234476 0.549801719186
0.255842506953 0.969233234476 0.568943865448
0.223584250695 0.969233234476 0.587338966592
0.24555842507 0.969233234476 0.607307503859
0.247755842507 0.969233234476 0.623503370095
0.258775584251 0.969233234476 0.636491614535
0.221177558425 0.969233234476 0.648133117856
0.245317755843 0.969233234476 0.659213735047
0.227931775584 0.969233234476 0.671355956859
0.207293177558 0.969233234476 0.681367680565
0.195329317756 0.969233234476 0.68706261
0.206732931776 0.969233234476 0.679849384472
0.217773293178 0.969233234476 0.672592467375
0.191877329318 0.969233234476 0.668365407901
0.228887732932 0.969233234476 0.663265604787
0.222688773293 0.969233234476 0.657599861737
0.235568877329 0.969233234476 0.646352650219
0.220656887733 0.969233234476 0.640002256101
0.227265688773 0.969233234476 0.629499443269
0.243226568877 0.969233234476 0.612399643096
0.236722656888 0.969233234476 0.600173913498
0.238772265689 0.969233234476 0.584400422498
0.238977226569 0.969233234476 0.571193681381
0.257897722657 0.969233234476 0.556459492281
0.235489772266 0.969233234476 0.534824788044
0.227848977227 0.969233234476 0.512309036122
0.239684897723 0.969233234476 0.485148989749
0.240868489772 0.969233234476 0.461464729206
0.262586848977 0.969233234476 0.44269975953
0.226958684898 0.969233234476 0.421208959358
0.22699586849 0.969233234476 0.40148773929
0.226999586849 0.969233234476 0.382440302974
0.229699958685 0.969233234476 0.370845642953
0.238069995868 0.969233234476 0.365008761439
0.231706999587 0.969233234476 0.357790452778
0.233770699959 0.969233234476 0.354155767322
0.262777069996 0.969233234476 0.353123302337
0.217977707 0.969233234476 0.352769527715
0.2332977707 0.969233234476 0.358008238871
0.22042977707 0.969233234476 0.361388598399
0.271342977707 0.969233234476 0.360869994268
0.231434297771 0.969233234476 0.359368767734
0.220243429777 0.969233234476 0.35822003133
0.229924342978 0.969233234476 0.362627708835
0.220992434298 0.969233234476 0.365077447865
0.23899924343 0.969233234476 0.363993879468
0.222799924343 0.969233234476 0.362913037332
0.239179992434 0.969233234476 0.360023364294
0.248917999243 0.969233234476 0.355608550614
0.236391799924 0.969233234476 0.353903538276
0.225239179992 0.969233234476 0.351640301611
0.254723917999 0.969233234476 0.350913941049
0.2261723918 0.969233234476 0.351538802283
0.22061723918 0.969233234476 0.349049376651
0.245261723918 0.969233234476 0.348795279425
0.243226172392 0.969233234476 0.348027988885
0.228622617239 0.969233234476 0.351663098976
0.252362261724 0.969233234476 0.358422613812
0.269136226172 0.969233234476 0.363044263251
0.233913622617 0.969233234476 0.374443024267
0.220491362262 0.969233234476 0.390083730214
0.229049136226 0.969233234476 0.412885125477
0.245204913623 0.969233234476 0.437120458721
0.245920491362 0.969233234476 0.456854434252
0.245992049136 0.969233234476 0.481124951945
0.234299204914 0.969233234476 0.507232836245
0.261929920491 0.969233234476 0.533352266882
0.236792992049 0.969233234476 0.555582620084
0.222579299205 0.969233234476 0.572627393318
0.25085792992 0.969233234476 0.587538434908
0.208685792992 0.969233234476 0.600048508371
0.244968579299 0.969233234476 0.615146099623
0.23329685793 0.969233234476 0.629917015432
0.234829685793 0.969233234476 0.640111882558
0.233182968579 0.969233234476 0.648709285069
0.230318296858 0.969233234476 0.655564088435
0.221031829686 0.969233234476 0.663151954317
0.226403182969 0.969233234476 0.668517807209
0.199040318297 0.969233234476 0.669191621252
0.19180403183 0.969233234476 0.663792309479
0.200980403183 0.969233234476 0.66571601865
0.206398040318 0.969233234476 0.663245736544
0.215039804032 0.969233234476 0.663948777416
0.225803980403 0.969233234476 0.663034200514
0.22598039804 0.969233234476 0.659472601524
0.218798039804 0.969233234476 0.654206285997
0.25227980398 0.969233234476 0.64616250953
0.246627980398 0.969233234476 0.638880463922
0.25956279804 0.969233234476 0.631132034295
0.257256279804 0.969233234476 0.621198216469
0.22642562798 0.969233234476 0.609063514319
0.231442562798 0.969233234476 0.593130412638
0.24184425628 0.969233234476 0.577197682781
0.250084425628 0.969233234476 0.560261876604
0.236508442563 0.969233234476 0.537736450398
0.243250844256 0.969233234476 0.508518082555
0.270025084426 0.969233234476 0.475127181266
0.242102508443 0.969233234476 0.453008108164
0.249210250844 0.969233234476 0.433791212639
0.244521025084 0.969233234476 0.413874120315
0.225152102508 0.969233234476 0.39230629851
0.237615210251 0.969233234476 0.371947719157
0.225361521025 0.969233234476 0.361804602778
0.245736152103 0.969233234476 0.356355109879
0.24237361521 0.969233234476 0.351971734653
0.227637361521 0.969233234476 0.347338199673
0.233363736152 0.969233234476 0.344506997179
0.238436373615 0.969233234476 0.349335882175
0.243443637362 0.969233234476 0.351781101214
0.234044363736 0.969233234476 0.352192961113
0.238504436374 0.969233234476 0.350936213051
0.211950443637 0.969233234476 0.350996370761
0.238995044364 0.969233234476 0.357126012658
0.226399504436 0.969233234476 0.3624232093
0.228739950444 0.969233234476 0.3627286709
0.251473995044 0.969233234476 0.363836297065
0.257347399504 0.969233234476 0.361407632564
0.24263473995 0.969233234476 0.361864252929
0.243863473995 0.969233234476 0.36278378506
0.2385863474 0.969233234476 0.363016287818
0.23895863474 0.969233234476 0.361873461019
0.230895863474 0.969233234476 0.357205937795
0.227389586347 0.969233234476 0.360689551359
0.237838958635 0.969233234476 0.365179779126
0.234383895863 0.969233234476 0.372359123843
0.234938389586 0.969233234476 0.382782113001
0.230493838959 0.969233234476 0.391266797651
0.226449383896 0.969233234476 0.411553194441
0.24044493839 0.969233234476 0.433983440297
0.234644493839 0.969233234476 0.45803431171
0.247564449384 0.969233234476 0.48355957468
0.234456444938 0.969233234476 0.50474695101
0.217845644494 0.969233234476 0.531367294005
0.252184564449 0.969233234476 0.554118286722
0.249318456445 0.969233234476 0.575409425941
0.230131845644 0.969233234476 0.596628123817
0.233613184564 0.969233234476 0.611480281171
0.237561318456 0.969233234476 0.627389237943
0.228956131846 0.969233234476 0.637051418071
0.226295613185 0.969233234476 0.642032371041
0.244929561318 0.969233234476 0.653065708677
0.235092956132 0.969233234476 0.659311898547
0.252109295613 0.969233234476 0.667454188452
0.247510929561 0.969233234476 0.669484749032
0.237151092956 0.969233234476 0.666817962167
0.221715109296 0.969233234476 0.667439671695
0.20217151093 0.969233234476 0.662190693771
0.185817151093 0.969233234476 0.659762898179
0.196781715109 0.969233234476 0.661403443215
0.196978171511 0.969233234476 0.662875657318
0.233897817151 0.969233234476 0.663205605326
0.225889781715 0.969233234476 0.667995459432
0.237688978172 0.969233234476 0.671318386763
0.240668897817 0.969233234476 0.674821103371
0.216666889782 0.969233234476 0.675342917564
0.222366688978 0.969233234476 0.668075424181
0.257136668898 0.969233234476 0.662061591168
0.23721366689 0.969233234476 0.654046860231
0.224421366689 0.969233234476 0.647312539681
0.219542136669 0.969233234476 0.637363996151
0.250554213667 0.969233234476 0.619805640035
0.232955421367 0.969233234476 0.605068717101
0.219495542137 0.969233234476 0.588579645316
0.251449554214 0.969233234476 0.567607064511
0.236644955421 0.969233234476 0.542379965622
0.237864495542 0.969233234476 0.518249673593
0.238886449554 0.969233234476 0.495919781933
0.233588644955 0.969233234476 0.473985334596
0.246558864496 0.969233234476 0.450207282716
0.22985588645 0.969233234476 0.428509866609
0.227285588645 0.969233234476 0.417504031371
0.233328558864 0.969233234476 0.408874518536
0.256432855886 0.969233234476 0.399555184861
0.244343285589 0.969233234476 0.388779046099
0.249434328559 0.969233234476 0.380586490178
0.249943432856 0.969233234476 0.382805315555
0.249994343286 0.969233234476 0.386157657907
0.242799434329 0.969233234476 0.386095916934
0.236679943433 0.969233234476 0.382029160724
0.236967994343 0.969233234476 0.379803322772
0.236096799434 0.969233234476 0.387826377132
0.232409679943 0.969233234476 0.399565551102
0.214040967994 0.969233234476 0.402183828558
0.230204096799 0.969233234476 0.410599924785
0.24352040968 0.969233234476 0.413295572725
0.238552040968 0.969233234476 0.417555329524
0.231755204097 0.969233234476 0.424751965545
0.24187552041 0.969233234476 0.428243266516
0.230287552041 0.969233234476 0.426826581161
0.221028755204 0.969233234476 0.421243212527
0.24530287552 0.969233234476 0.429888412004
0.234230287552 0.969233234476 0.444212967704
0.234923028755 0.969233234476 0.455891077851
0.228692302876 0.969233234476 0.464010701844
0.219969230288 0.969233234476 0.471449179826
0.230796923029 0.969233234476 0.493964159646
0.236379692303 0.969233234476 0.521763118865
0.22523796923 0.969233234476 0.545672220985
0.228623796923 0.969233234476 0.564735307689
0.243362379692 0.969233234476 0.581423425197
0.238536237969 0.969233234476 0.601234501163
0.217353623797 0.969233234476 0.622136884295
0.23323536238 0.969233234476 0.638738050241
0.253723536238 0.969233234476 0.651389348809
0.254872353624 0.969233234476 0.662745417551
0.244187235362 0.969233234476 0.669503715041
0.241318723536 0.969233234476 0.67633712858
0.266231872354 0.969233234476 0.678226993738
0.219223187235 0.969233234476 0.677684103237
0.244222318724 0.969233234476 0.680770167549
0.241322231872 0.969233234476 0.680235251616
0.243732223187 0.969233234476 0.678212369782
0.214273222319 0.969233234476 0.672381030212
0.217627322232 0.969233234476 0.664162788138
0.205362732223 0.969233234476 0.656336039048
0.187936273222 0.969233234476 0.654680983092
0.205993627322 0.969233234476 0.66078632353
0.192499362732 0.969233234476 0.663121145964
0.214549936273 0.969233234476 0.665650081747
0.226654993627 0.969233234476 0.6718568437
0.242265499363 0.969233234476 0.680636177277
0.226726549936 0.969233234476 0.689718564261
0.244972654994 0.969233234476 0.69198779008
0.242297265499 0.969233234476 0.69163024821
0.24742972655 0.969233234476 0.691043358567
0.240742972655 0.969233234476 0.691305246256
0.240974297265 0.969233234476 0.69185622462
0.228397429727 0.969233234476 0.684712331609
0.219939742973 0.969233234476 0.674616134453
0.240693974297 0.969233234476 0.664571061846
0.25356939743 0.969233234476 0.653736866982
0.245856939743 0.969233234476 0.642195926271
0.235185693974 0.969233234476 0.625827883083
0.241318569397 0.969233234476 0.609748627363
0.21583185694 0.969233234476 0.588680004784
0.257383185694 0.969233234476 0.566219673401
0.245338318569 0.969233234476 0.544351551661
0.253133831857 0.969233234476 0.525085961143
0.244013383186 0.969233234476 0.519092241505
0.232301338319 0.969233234476 0.510633981041
0.242830133832 0.969233234476 0.50147637546
0.237583013383 0.969233234476 0.488504907917
0.239758301338 0.969233234476 0.477567946253
0.241775830134 0.969233234476 0.479804698371
0.247377583013 0.969233234476 0.479679795982
0.228137758301 0.969233234476 0.478084314926
0.24871377583 0.969233234476 0.47163197315
0.221071377583 0.969233234476 0.467386281552
0.238107137758 0.969233234476 0.476465360231
0.246110713776 0.969233234476 0.493425650253
0.239711071378 0.969233234476 0.499042718032
0.223771107138 0.969233234476 0.507508039298
0.242877110714 0.969233234476 0.51072920898
0.229487711071 0.969233234476 0.520848608315
0.228148771107 0.969233234476 0.529789792748
0.238814877111 0.969233234476 0.532611439597
0.235381487711 0.969233234476 0.528922279471
0.235938148771 0.969233234476 0.521060471252
0.231493814877 0.969233234476 0.535696982733
0.230149381488 0.969233234476 0.550445751451
0.232714938149 0.969233234476 0.561213823125
0.250071493815 0.969233234476 0.566065209228
0.241007149381 0.969233234476 0.566865740151
0.236500714938 0.969233234476 0.590349819561
0.269350071494 0.969233234476 0.614206431897
0.236635007149 0.969233234476 0.634357368002
0.242363500715 0.969233234476 0.648329790627
0.243836350071 0.969233234476 0.657721566392
0.263783635007 0.969233234476 0.675960413927
0.250478363501 0.969233234476 0.688832564527
0.21944783635 0.969233234476 0.696336567538
0.212744783635 0.969233234476 0.703052375862
0.241774478364 0.969233234476 0.707646985218
0.227577447836 0.969233234476 0.709340041049
0.243257744784 0.969233234476 0.707725252597
0.218725774478 0.969233234476 0.704263329476
0.237872577448 0.969233234476 0.702321995493
0.223587257745 0.969233234476 0.698707576299
0.238358725774 0.969233234476 0.690515409788
0.217335872577 0.969233234476 0.680092849611
0.198133587258 0.969233234476 0.668077910102
0.225913358726 0.969233234476 0.659439028114
0.187291335873 0.969233234476 0.649627698611
0.181629133587 0.969233234476 0.642440139918
0.203562913359 0.969233234476 0.652042223158
0.203056291336 0.969233234476 0.658611503226
0.216505629134 0.969233234476 0.661963455596
0.225050562913 0.969233234476 0.669324143225
0.225905056291 0.969233234476 0.685565659671
0.239490505629 0.969233234476 0.69731638411
0.245349050563 0.969233234476 0.701694981801
0.254934905056 0.969233234476 0.702659990629
0.247793490506 0.969233234476 0.703704073181
0.254279349051 0.969233234476 0.713465805722
0.235127934905 0.969233234476 0.719610303351
0.226912793491 0.969233234476 0.718298973479
0.252191279349 0.969233234476 0.713211835852
0.242119127935 0.969233234476 0.705436579188
0.260911912793 0.969233234476 0.701261111632
0.239391191279 0.969233234476 0.696545452162
0.244439119128 0.969233234476 0.68637657182
0.219743911913 0.969233234476 0.677084353163
0.232574391191 0.969233234476 0.661970673585
0.260857439119 0.969233234476 0.641178883748
0.228585743912 0.969233234476 0.619740669295
0.249658574391 0.969233234476 0.601409914243
0.221165857439 0.969233234476 0.600320683653
0.230916585744 0.969233234476 0.595287498294
0.233691658574 0.969233234476 0.58460695604
0.217769165857 0.969233234476 0.572855957057
0.217976916586 0.969233234476 0.563622596085
0.233297691659 0.969233234476 0.571461328749
0.250129769166 0.969233234476 0.575028395864
0.214012976917 0.969233234476 0.571323326467
0.224801297692 0.969233234476 0.563004747693
0.223180129769 0.969233234476 0.556977260665
0.219418012977 0.969233234476 0.568192332214
0.236141801298 0.969233234476 0.58002738614
0.22161418013 0.969233234476 0.580399718831
0.220161418013 0.969233234476 0.579841238776
0.210116141801 0.969233234476 0.573554131891
0.23251161418 0.969233234476 0.585948636176
0.215851161418 0.969233234476 0.595151500977
0.215085116142 0.969233234476 0.595969866617
0.220408511614 0.969233234476 0.588785631942
0.217340851161 0.969233234476 0.578655918813
0.224234085116 0.969233234476 0.592302786435
0.228523408512 0.969233234476 0.60328116174
0.235252340851 0.969233234476 0.609733823859
0.226025234085 0.969233234476 0.609491290344
0.222402523409 0.969233234476 0.607034277936
0.204940252341 0.969233234476 0.629310462106
0.219394025234 0.969233234476 0.650080011223
