0.009 0.872309911029 0.0309313996216
0.0063 0.959540902132 0.0648421950181
0.01053 0.968264001242 0.0871593403777
0.007353 0.969136311153 0.105034604569
0.0115353 0.969223542144 0.117347798113
0.00925353 0.969232265243 0.122886335634
0.013525353 0.969233137553 0.121109783
0.0058525353 0.969233224784 0.159376581558
0.00778525353 0.969233233507 0.222629972138
0.008878525353 0.969233234379 0.285171206426
0.0143878525353 0.969233234467 0.340504291479
0.0122387852535 0.969233234475 0.386061937324
0.0129238785254 0.969233234476 0.420946270081
0.0129923878525 0.969233234476 0.445067529222
0.0129992387853 0.969233234476 0.458630475763
0.00849992387853 0.969233234476 0.461837151986
0.0134499923879 0.969233234476 0.454742154164
0.00944499923879 0.969233234476 0.465913793871
0.0153444999239 0.969233234476 0.499309342712
0.0150344499924 0.969233234476 0.525220097345
0.0132034449992 0.969233234476 0.541246030965
0.0121203444999 0.969233234476 0.547560823686
0.01201203445 0.969233234476 0.544339051519
0.011101203445 0.969233234476 0.531469164517
0.0110101203445 0.969233234476 0.508548907025
0.00560101203445 0.969233234476 0.474975670572
0.00506010120344 0.969233234476 0.430155771618
0.0131060101203 0.969233234476 0.373907898885
0.010310601012 0.969233234476 0.307151940185
0.0118310601012 0.969233234476 0.232902516813
0.0110831060101 0.969233234476 0.157281777383
0.010108310601 0.969233234476 0.0895768208175
0.0145108310601 0.969233234476 0.0396495266023
0.010451083106 0.969233234476 0.0257306164174
0.0091451083106 0.969233234476 0.0210923745632
0.0153145108311 0.969233234476 0.0680475068667
0.0168314510831 0.969233234476 0.154031969548
0.0115831451083 0.969233234476 0.262982212536
0.00835831451083 0.969233234476 0.375406362562
0.0107358314511 0.969233234476 0.477741034597
0.00647358314511 0.969233234476 0.563996034378
0.0132473583145 0.969233234476 0.633336832003
0.0148247358315 0.969233234476 0.687422345706
0.0113824735831 0.969233234476 0.728692915749
0.0146382473583 0.969233234476 0.759522677405
0.0104638247358 0.969233234476 0.781890705274
0.0145463824736 0.969233234476 0.797303926495
0.0131546382474 0.969233234476 0.806819673703
0.00941546382474 0.969233234476 0.811093506236
0.00544154638247 0.969233234476 0.810419756812
0.00774415463825 0.969233234476 0.804752066743
0.00707441546382 0.969233234476 0.793699881008
0.00520744154638 0.969233234476 0.795253698591
0.00412074415464 0.969233234476 0.807639499788
0.00311207441546 0.969233234476 0.817906205477
0.00841120744155 0.969233234476 0.825874897085
0.00714112074415 0.969233234476 0.830900281665
0.0133141120744 0.969233234476 0.831601594547
0.0130314112074 0.969233234476 0.827854884604
0.0157031411207 0.969233234476 0.819376011499
0.0177703141121 0.969233234476 0.805556795298
0.0179770314112 0.969233234476 0.785405208464
0.0125977031411 0.969233234476 0.757482196454
0.0165597703141 0.969233234476 0.71984604417
0.0223559770314 0.969233234476 0.670059647228
0.0166355977031 0.969233234476 0.605387037788
0.0196635597703 0.969233234476 0.523427411532
0.019066355977 0.969233234476 0.423581282776
0.0154066355977 0.969233234476 0.309699075834
0.0159406635598 0.969233234476 0.193337319932
0.013294066356 0.969233234476 0.130527137155
0.0166294066356 0.969233234476 0.152656827463
0.0124629406636 0.969233234476 0.178153969371
0.00934629406636 0.969233234476 0.197057983232
0.0180346294066 0.969233234476 0.225118610599
0.0171034629407 0.969233234476 0.312700461178
0.0206103462941 0.969233234476 0.399939265409
0.0164610346294 0.969233234476 0.476186474051
0.0133461034629 0.969233234476 0.539087893266
0.0166346103463 0.969233234476 0.58892384786
0.0205634610346 0.969233234476 0.626944587851
0.0173563461035 0.969233234476 0.65459104699
0.0116356346103 0.969233234476 0.673125523606
0.011063563461 0.969233234476 0.683477231284
0.0137063563461 0.969233234476 0.686189503746
0.0139706356346 0.969233234476 0.681406874983
0.0184970635635 0.969233234476 0.668873266875
0.0180497063563 0.969233234476 0.647934353829
0.0117049706356 0.969233234476 0.617556035016
0.0128704970636 0.969233234476 0.626682874102
0.0183870497064 0.969233234476 0.632120646859
0.0198387049706 0.969233234476 0.629652373665
0.0145838704971 0.969233234476 0.618716674372
0.0131583870497 0.969233234476 0.598776920372
0.013015838705 0.969233234476 0.568995486402
0.0130015838705 0.969233234476 0.528301606473
0.014800158387 0.969233234476 0.47562919817
0.0194800158387 0.969233234476 0.410410851505
0.0136480015839 0.969233234476 0.344789229388
0.0157648001584 0.969233234476 0.349167804355
0.0195764800158 0.969233234476 0.351034344301
0.0163576480016 0.969233234476 0.343129730725
0.0115357648002 0.969233234476 0.324785373525
0.00835357648002 0.969233234476 0.29616732226
0.009835357648 0.969233234476 0.257952501027
0.0090835357648 0.969233234476 0.211695423462
0.00450835357648 0.969233234476 0.243932083271
0.00675083535765 0.969233234476 0.315338680544
0.00967508353576 0.969233234476 0.39697952223
0.0108675083536 0.969233234476 0.464737407211
0.0136867508354 0.969233234476 0.504552376204
0.0112686750835 0.969233234476 0.53183962261
0.0146268675084 0.969233234476 0.548752309053
0.0176626867508 0.969233234476 0.555958054663
0.0215662686751 0.969233234476 0.553714538865
0.0120566268675 0.969233234476 0.541943895742
0.0120056626868 0.969233234476 0.557102430694
0.0120005662687 0.969233234476 0.608831631635
0.0156000566269 0.969233234476 0.652752962008
0.0195600056627 0.969233234476 0.686092022369
0.0154560005663 0.969233234476 0.710058813573
0.0114456000566 0.969233234476 0.725932202633
0.0155445600057 0.969233234476 0.734629750265
0.0141544560006 0.969233234476 0.736668144055
0.0158154456001 0.969233234476 0.732169358974
0.01328154456 0.969233234476 0.720863451971
0.017528154456 0.969233234476 0.737809973556
0.0107528154456 0.969233234476 0.753870684496
0.0163752815446 0.969233234476 0.763846525805
0.0160375281545 0.969233234476 0.767749122329
0.0133037528154 0.969233234476 0.765765068024
0.0148303752815 0.969233234476 0.757761435031
0.0185830375282 0.969233234476 0.743228842109
0.0108583037528 0.969233234476 0.721255113503
0.0190858303753 0.969233234476 0.690502377075
0.0136085830375 0.969233234476 0.64921774134
0.0103608583038 0.969233234476 0.595350963023
0.0199360858304 0.969233234476 0.526922215121
0.015493608583 0.969233234476 0.44977989174
0.0150493608583 0.969233234476 0.440193194214
0.0213049360858 0.969233234476 0.427961361734
0.0165304936086 0.969233234476 0.405928843948
0.0205530493609 0.969233234476 0.373261174942
0.0173553049361 0.969233234476 0.330034548294
0.0170355304936 0.969233234476 0.277136919201
0.0152035530494 0.969233234476 0.32018541502
0.0267203553049 0.969233234476 0.426531076941
0.0125720355305 0.969233234476 0.525435121737
0.010257203553 0.969233234476 0.607174934822
0.0145257203553 0.969233234476 0.671746141348
0.0140525720355 0.969233234476 0.721470741326
0.0149052572036 0.969233234476 0.75906784911
0.0176905257204 0.969233234476 0.786970749395
0.021569052572 0.969233234476 0.807122055442
0.0138569052572 0.969233234476 0.820963748924
0.0175856905257 0.969233234476 0.829491793433
0.0170585690526 0.969233234476 0.83331784666
0.0161058569053 0.969233234476 0.832715189071
0.0106105856905 0.969233234476 0.82764093735
0.00826105856905 0.969233234476 0.81773236271
0.0116261058569 0.969233234476 0.808683736697
0.00656261058569 0.969233234476 0.812505756308
0.00785626105857 0.969233234476 0.811486354223
0.00618562610586 0.969233234476 0.811691889404
0.00781856261059 0.969233234476 0.816266046481
0.0124818562611 0.969233234476 0.816937579631
0.0147481856261 0.969233234476 0.812894237877
0.0158748185626 0.969233234476 0.803768947919
0.0195874818563 0.969233234476 0.788917240785
0.0127587481856 0.969233234476 0.767304692047
0.0129758748186 0.969233234476 0.737446693502
0.0183975874819 0.969233234476 0.697372421229
0.0171397587482 0.969233234476 0.644675298336
0.0233139758748 0.969233234476 0.576793726125
0.0149313975875 0.969233234476 0.491788633236
0.00959313975875 0.969233234476 0.389998566902
0.0144593139759 0.969233234476 0.411800189642
0.0203459313976 0.969233234476 0.46994474339
0.0200345931398 0.969233234476 0.520588635334
0.020003459314 0.969233234476 0.55992246922
0.0128003459314 0.969233234476 0.588487495068
0.0174800345931 0.969233234476 0.607218350776
0.0134480034593 0.969233234476 0.616858923067
0.00944480034593 0.969233234476 0.617822980296
0.0198444800346 0.969233234476 0.611431650203
0.0136844480035 0.969233234476 0.664316250678
0.0157684448003 0.969233234476 0.710707817183
0.01957684448 0.969233234476 0.746287232719
0.014557684448 0.969233234476 0.772572787471
0.0158557684448 0.969233234476 0.79123909463
0.0168855768445 0.969233234476 0.803554043815
0.0160885576844 0.969233234476 0.81036575595
0.0178088557684 0.969233234476 0.812144085153
0.0143808855768 0.969233234476 0.809011629396
0.0176380885577 0.969233234476 0.800752406108
0.0125638088558 0.969233234476 0.78679618697
0.0165563808856 0.969233234476 0.784593366235
0.00795563808856 0.969233234476 0.792137422929
0.0214955638089 0.969233234476 0.795733544608
0.0156495563809 0.969233234476 0.794202882679
0.0159649556381 0.969233234476 0.787300743543
0.0132964955638 0.969233234476 0.774550158577
0.0202296495564 0.969233234476 0.755098375316
0.0173229649556 0.969233234476 0.727665680161
0.0143322964956 0.969233234476 0.690516303373
0.0140332296496 0.969233234476 0.667891488972
0.013103322965 0.969233234476 0.680457922246
0.0139103322965 0.969233234476 0.689418173259
0.0121910332296 0.969233234476 0.691307293912
0.014719103323 0.969233234476 0.68583289866
0.0176719103323 0.969233234476 0.672659103046
0.0116671910332 0.969233234476 0.651086821645
0.00926671910332 0.969233234476 0.620039655685
0.00452667191033 0.969233234476 0.578132919266
0.00495266719103 0.969233234476 0.58888826892
0.0076952667191 0.969233234476 0.634633140327
0.00526952667191 0.969233234476 0.677673137834
0.00772695266719 0.969233234476 0.712848810717
0.0187726952667 0.969233234476 0.738162384345
0.0108772695267 0.969233234476 0.755547083479
0.0154877269527 0.969233234476 0.766130250887
0.0231487726953 0.969233234476 0.77058918113
0.0203148772695 0.969233234476 0.769209809722
0.019131487727 0.969233234476 0.761903544417
0.0199131487727 0.969233234476 0.748202926929
0.0136913148773 0.969233234476 0.738025461721
0.0130691314877 0.969233234476 0.765776711086
0.0175069131488 0.969233234476 0.789587238802
0.0188506913149 0.969233234476 0.806739251142
0.0171850691315 0.969233234476 0.818006780118
0.0152185069131 0.969233234476 0.824143715567
0.0195218506913 0.969233234476 0.825578962543
0.0190521850691 0.969233234476 0.822413245128
0.0154052185069 0.969233234476 0.814423434352
0.0132405218507 0.969233234476 0.811144369336
0.0121240521851 0.969233234476 0.821735322242
0.0147124052185 0.969233234476 0.829123442276
0.0149712405219 0.969233234476 0.832053473806
0.0194971240522 0.969233234476 0.830555767289
0.0199497124052 0.969233234476 0.824506000158
0.0127949712405 0.969233234476 0.813470566879
0.0156794971241 0.969233234476 0.796657834531
0.00966794971241 0.969233234476 0.772861347433
0.0153667949712 0.969233234476 0.74039652613
0.0159366794971 0.969233234476 0.714047139983
0.0159936679497 0.969233234476 0.72253036273
0.017799366795 0.969233234476 0.728196918896
0.0224799366795 0.969233234476 0.727566090259
0.0211479936679 0.969233234476 0.720218946501
0.0174147993668 0.969233234476 0.705685850095
0.0188414799367 0.969233234476 0.683127495384
0.0108841479937 0.969233234476 0.651305118939
0.0145884147994 0.969233234476 0.608627078216
0.0203588414799 0.969233234476 0.553326777642
0.017335884148 0.969233234476 0.483914264787
0.0188335884148 0.969233234476 0.429269901882
0.0144833588415 0.969233234476 0.504218792582
0.0122483358841 0.969233234476 0.577702972563
0.0156248335884 0.969233234476 0.637286222027
0.0159624833588 0.969233234476 0.683514747864
0.0186962483359 0.969233234476 0.718413060716
0.0180696248336 0.969233234476 0.74391747466
0.0144069624834 0.969233234476 0.761579630727
0.0167406962483 0.969233234476 0.772518847563
0.0115740696248 0.969233234476 0.777440396592
0.00925740696248 0.969233234476 0.776663527378
0.00992574069625 0.969233234476 0.770137647178
0.00459257406962 0.969233234476 0.757439352445
0.00225925740696 0.969233234476 0.731896893565
0.0047259257407 0.969233234476 0.726161195311
0.0103725925741 0.969233234476 0.708736484568
0.0100372592574 0.969233234476 0.697127247919
0.0145037259257 0.969233234476 0.70276782469
0.0176503725926 0.969233234476 0.703652467346
0.0152650372593 0.969233234476 0.697598585839
0.0186265037259 0.969233234476 0.684045705869
0.0180626503726 0.969233234476 0.662234463286
0.0198062650373 0.969233234476 0.631037050934
0.0190806265037 0.969233234476 0.589002964049
0.0253080626504 0.969233234476 0.534549890748
0.024130806265 0.969233234476 0.466421008707
0.0276130806265 0.969233234476 0.42888790845
0.0189613080627 0.969233234476 0.507681278967
0.0162961308063 0.969233234476 0.583263376042
0.0151296130806 0.969233234476 0.644370290973
0.0204129613081 0.969233234476 0.691768193624
0.0218412961308 0.969233234476 0.727620106798
0.0192841296131 0.969233234476 0.753981091963
0.0145284129613 0.969233234476 0.77250381679
0.0212528412961 0.969233234476 0.784395334963
0.0174252841296 0.969233234476 0.790442439142
0.011642528413 0.969233234476 0.79104714956
0.0146642528413 0.969233234476 0.78624966824
0.0158664252841 0.969233234476 0.775730674418
0.0213866425284 0.969233234476 0.758792148725
0.0201386642528 0.969233234476 0.781669472049
0.0227138664253 0.969233234476 0.803100145088
0.0157713866425 0.969233234476 0.81855078572
0.00967713866425 0.969233234476 0.828529093171
0.0171677138664 0.969233234476 0.833692445782
0.00891677138664 0.969233234476 0.834404583663
0.00989167713866 0.969233234476 0.830715854172
0.0117891677139 0.969233234476 0.823151204066
0.0119789167714 0.969233234476 0.814235955326
0.0173978916771 0.969233234476 0.824342121862
0.0116397891677 0.969233234476 0.831797852135
0.0191639789168 0.969233234476 0.834898617207
0.0154163978917 0.969233234476 0.833642268582
0.0177416397892 0.969233234476 0.827916705056
0.0143741639789 0.969233234476 0.817309181301
0.0122374163979 0.969233234476 0.801054779193
0.0228237416398 0.969233234476 0.777979259036
0.018482374164 0.969233234476 0.779191984501
0.0126482374164 0.969233234476 0.794644732444
0.0138648237416 0.969233234476 0.806056119237
0.0229864823742 0.969233234476 0.812281176115
0.0130986482374 0.969233234476 0.813557037218
0.0112098648237 0.969233234476 0.809952549878
0.0200209864824 0.969233234476 0.801216601448
0.0128020986482 0.969233234476 0.78674417192
0.0111802098648 0.969233234476 0.765535054105
0.00741802098648 0.969233234476 0.736142812053
0.00524180209865 0.969233234476 0.729819485932
0.0122241802099 0.969233234476 0.753071635734
0.00752241802099 0.969233234476 0.771507222609
0.0079522418021 0.969233234476 0.78912359619
0.0106952241802 0.969233234476 0.807730744486
0.015469522418 0.969233234476 0.82097774556
0.0231469522418 0.969233234476 0.829047684608
0.0176146952242 0.969233234476 0.832441268589
0.0152614695224 0.969233234476 0.831392754112
0.0213261469522 0.969233234476 0.825826803816
0.0165326146952 0.969233234476 0.815345927304
0.0151532614695 0.969233234476 0.799198068024
0.022215326147 0.969233234476 0.776222806524
0.0220215326147 0.969233234476 0.791586241948
0.0283021532615 0.969233234476 0.807827498037
0.0226302153261 0.969233234476 0.818960324124
0.0175630215326 0.969233234476 0.825060623399
0.0161563021533 0.969233234476 0.826488389609
0.0187156302153 0.969233234476 0.823337267987
0.0171715630215 0.969233234476 0.815384168854
0.0143171563022 0.969233234476 0.80565703768
0.0140317156302 0.969233234476 0.816773289313
0.013103171563 0.969233234476 0.825189923516
0.0094103171563 0.969233234476 0.829072476904
0.0153410317156 0.969233234476 0.828453017185
0.0195341031716 0.969233234476 0.82326340312
0.0100534103172 0.969233234476 0.813132754473
0.0181053410317 0.969233234476 0.797338504609
0.0108105341032 0.969233234476 0.778780548283
0.0145810534103 0.969233234476 0.795477180282
0.024858105341 0.969233234476 0.809849425494
0.0168858105341 0.969233234476 0.819036057402
0.0160885810534 0.969233234476 0.823297121596
0.0115088581053 0.969233234476 0.82289342521
0.0137508858105 0.969233234476 0.817792812975
0.0139750885811 0.969233234476 0.807636169968
0.0211975088581 0.969233234476 0.791706912505
0.0174197508858 0.969233234476 0.768882123096
0.0152419750886 0.969233234476 0.737575029224
0.00962419750886 0.969233234476 0.695701244323
0.0189624197509 0.969233234476 0.64074592338
0.0189962419751 0.969233234476 0.570094527079
0.0144996241975 0.969233234476 0.481922628923
0.0122499624198 0.969233234476 0.377046402404
0.00752499624198 0.969233234476 0.381097495835
0.0223524996242 0.969233234476 0.435899091734
0.0175352499624 0.969233234476 0.485149472278
0.0125535249962 0.969233234476 0.523465382301
0.0183553524996 0.969233234476 0.550984873801
0.01173553525 0.969233234476 0.568421544864
0.013773553525 0.969233234476 0.576361221722
0.0139773553525 0.969233234476 0.57509646959
0.0103977355352 0.969233234476 0.564577732567
0.00733977355352 0.969233234476 0.54441867082
0.00523397735535 0.969233234476 0.483343926668
0.00502339773554 0.969233234476 0.484174297996
0.00950233977355 0.969233234476 0.537066247182
0.00725023397736 0.969233234476 0.573390102017
0.0106250233977 0.969233234476 0.571657419288
0.0127625023398 0.969233234476 0.557667304793
0.017476250234 0.969233234476 0.533510295049
0.0179476250234 0.969233234476 0.498707215328
0.0134947625023 0.969233234476 0.452517202097
0.0157494762502 0.969233234476 0.395407144306
0.015974947625 0.969233234476 0.43789119401
0.0132974947625 0.969233234476 0.479993040661
0.0184297494763 0.969233234476 0.512039610031
0.0135429749476 0.969233234476 0.533639503918
0.0157542974948 0.969233234476 0.593852381854
0.0132754297495 0.969233234476 0.659671713848
0.0130275429749 0.969233234476 0.712322194853
0.0175027542975 0.969233234476 0.752451300769
0.0179502754297 0.969233234476 0.782390083361
0.020695027543 0.969233234476 0.804185784315
0.0155695027543 0.969233234476 0.819395030783
0.0204569502754 0.969233234476 0.829114815434
0.0191456950275 0.969233234476 0.834044635375
0.0190145695028 0.969233234476 0.834537617369
0.0172014569503 0.969233234476 0.830629074092
0.015220145695 0.969233234476 0.822039359761
0.0177220145695 0.969233234476 0.808150711955
0.016172201457 0.969233234476 0.787960024479
0.0214172201457 0.969233234476 0.772674720824
0.0192417220146 0.969233234476 0.786490090517
0.0145241722015 0.969233234476 0.797624411519
0.0176524172201 0.969233234476 0.803563388195
0.013465241722 0.969233234476 0.804384246807
0.0139465241722 0.969233234476 0.800110160819
0.0139946524172 0.969233234476 0.790446776408
0.00949946524172 0.969233234476 0.774735820727
0.0162499465242 0.969233234476 0.785354037348
0.0196249946524 0.969233234476 0.79411216682
0.0163624994652 0.969233234476 0.797804556445
0.0196362499465 0.969233234476 0.79630025796
0.0154636249947 0.969233234476 0.789460047837
0.0168463624995 0.969233234476 0.7768197859
0.0187846362499 0.969233234476 0.757531475454
0.014478463625 0.969233234476 0.777398890066
0.0095478463625 0.969233234476 0.799343232026
0.0117547846362 0.969233234476 0.815496572015
0.0218754784636 0.969233234476 0.826076721928
0.0138875478464 0.969233234476 0.831748801771
0.0211887547846 0.969233234476 0.832908717006
0.0210188754785 0.969233234476 0.829638254788
0.0201018875478 0.969233234476 0.821704133287
0.0128101887548 0.969233234476 0.808537994546
0.00758101887548 0.969233234476 0.789192719119
0.00885810188755 0.969233234476 0.762281065709
0.00448581018875 0.969233234476 0.742990431473
0.00584858101888 0.969233234476 0.755483971376
0.00688485810189 0.969233234476 0.760153689861
0.0105884858102 0.969233234476 0.768950181211
0.00915884858102 0.969233234476 0.78814588832
0.0207158848581 0.969233234476 0.802473555418
0.0155715884858 0.969233234476 0.811267322405
0.0141571588486 0.969233234476 0.81497145825
0.0131157158849 0.969233234476 0.813826065432
0.0148115715885 0.969233234476 0.807750187761
0.0230811571588 0.969233234476 0.79632224434
0.0113081157159 0.969233234476 0.778748858643
0.0137308115716 0.969233234476 0.753816820856
0.0166730811572 0.969233234476 0.719843892108
0.0232673081157 0.969233234476 0.717166408
0.0122267308116 0.969233234476 0.730219185369
0.0147226730812 0.969233234476 0.738550371984
0.0248722673081 0.969233234476 0.740538150025
0.0168872267308 0.969233234476 0.736090345005
0.0196887226731 0.969233234476 0.724916730343
0.0145688722673 0.969233234476 0.744461840016
0.0140568872267 0.969233234476 0.765508527995
0.0176056887227 0.969233234476 0.780412159388
0.0143605688723 0.969233234476 0.789255923283
0.0104360568872 0.969233234476 0.792538112155
0.0118436056887 0.969233234476 0.790468518559
0.0182843605689 0.969233234476 0.782908158445
0.0162284360569 0.969233234476 0.769353159838
0.0196228436057 0.969233234476 0.781014522402
0.0145622843606 0.969233234476 0.8003293881
0.0140562284361 0.969233234476 0.814679348543
0.0185056228436 0.969233234476 0.823687409389
0.00995056228436 0.969233234476 0.827853859942
0.0216950562284 0.969233234476 0.827459797265
0.0183695056228 0.969233234476 0.822476033331
0.0234369505623 0.969233234476 0.812549310799
0.0194436950562 0.969233234476 0.796973417242
0.0136443695056 0.969233234476 0.77463926588
0.0166644369506 0.969233234476 0.743974136847
0.0142664436951 0.969233234476 0.702900377212
0.0131266443695 0.969233234476 0.688207111187
0.016612664437 0.969233234476 0.68472476644
0.0160612664437 0.969233234476 0.675528375644
0.0142061266444 0.969233234476 0.658457100258
0.0221206126644 0.969233234476 0.632474820442
0.0220120612664 0.969233234476 0.596346063749
0.0112012061266 0.969233234476 0.561910160182
0.0146201206127 0.969233234476 0.602875705386
0.0104620120613 0.969233234476 0.640757602941
0.0172462012061 0.969233234476 0.669130120511
0.0134246201206 0.969233234476 0.688558763946
0.00854246201206 0.969233234476 0.699981178327
0.00985424620121 0.969233234476 0.704014074775
0.00728542462012 0.969233234476 0.700881046926
0.00252854246201 0.969233234476 0.721850452902
0.0065528542462 0.969233234476 0.742104995303
0.0114552854246 0.969233234476 0.763683941298
0.0128455285425 0.969233234476 0.776658132797
0.0120845528542 0.969233234476 0.774643268167
0.0111084552854 0.969233234476 0.765824153555
0.0164108455285 0.969233234476 0.750461436882
0.0124410845529 0.969233234476 0.727655398257
0.0138441084553 0.969233234476 0.695997756894
0.0157844108455 0.969233234476 0.664353109142
0.0168784410846 0.969233234476 0.695814572742
0.0187878441085 0.969233234476 0.724537755394
0.0180787844108 0.969233234476 0.74543284377
0.0216078784411 0.969233234476 0.759101379391
0.0120607878441 0.969233234476 0.766334182975
0.0138060787844 0.969233234476 0.767584013906
0.0319806078784 0.969233234476 0.762929778515
0.0148980607878 0.969233234476 0.752074636081
0.0131898060788 0.969233234476 0.745269782581
0.0112189806079 0.969233234476 0.766448755382
0.0128218980608 0.969233234476 0.783789828822
0.0156821898061 0.969233234476 0.795133890779
0.0204682189806 0.969233234476 0.800915769321
0.0182468218981 0.969233234476 0.801493957175
0.0171246821898 0.969233234476 0.796904303614
0.017912468219 0.969233234476 0.786835383645
0.0143912468219 0.969233234476 0.770605315489
0.0248391246822 0.969233234476 0.786726718846
0.0222839124682 0.969233234476 0.803792078224
0.00942839124682 0.969233234476 0.815609917588
0.0180428391247 0.969233234476 0.822275392362
0.0126042839125 0.969233234476 0.824184156053
0.0147604283912 0.969233234476 0.821463030335
0.0122760428391 0.969233234476 0.813920013333
0.0165276042839 0.969233234476 0.801023182093
0.0106527604284 0.969233234476 0.781861229731
0.0172652760428 0.969233234476 0.755087730945
0.0179265276043 0.969233234476 0.718868820161
0.0152926527604 0.969233234476 0.670884801358
0.021329265276 0.969233234476 0.639534132487
0.0138329265276 0.969233234476 0.625840625345
0.0175832926528 0.969233234476 0.617128486483
0.0161583292653 0.969233234476 0.661605298451
0.0160158329265 0.969233234476 0.700552088464
0.0142015832927 0.969233234476 0.72993954806
0.0230201583293 0.969233234476 0.75087949957
0.0185020158329 0.969233234476 0.764607685297
0.0189502015833 0.969233234476 0.77199063823
0.0171950201583 0.969233234476 0.773502063544
0.0161195020158 0.969233234476 0.769239235462
0.00971195020158 0.969233234476 0.758927301547
0.0117711950202 0.969233234476 0.741905263056
0.011077119502 0.969233234476 0.717099315871
0.0065077119502 0.969233234476 0.683002558652
0.011450771195 0.969233234476 0.641295743485
0.0065450771195 0.969233234476 0.644297077981
0.00515450771195 0.969233234476 0.63142677096
0.0095154507712 0.969233234476 0.629913340668
0.0108515450771 0.969233234476 0.656527789277
0.0199851545077 0.969233234476 0.677625808303
0.0136985154508 0.969233234476 0.690788618874
0.0193698515451 0.969233234476 0.696369269103
0.0181369851545 0.969233234476 0.694637440457
0.0207136985155 0.969233234476 0.685493930113
0.0200713698515 0.969233234476 0.668441842814
0.0191071369852 0.969233234476 0.642588497716
0.0190107136985 0.969233234476 0.606678707803
0.0199010713699 0.969233234476 0.559210797325
0.014590107137 0.969233234476 0.498736366433
0.0149590107137 0.969233234476 0.554686217995
0.0122959010714 0.969233234476 0.627811691717
0.0228295901071 0.969233234476 0.687732452591
0.0166829590107 0.969233234476 0.733874744225
0.0196682959011 0.969233234476 0.768620319471
0.0127668295901 0.969233234476 0.794256276738
0.015676682959 0.969233234476 0.812589743619
0.0177676682959 0.969233234476 0.824940204847
0.0152767668296 0.969233234476 0.832198271611
0.015027676683 0.969233234476 0.834885058289
0.0186027676683 0.969233234476 0.833192756955
0.0126602767668 0.969233234476 0.82700050618
0.0111660276767 0.969233234476 0.815864166563
0.0173166027677 0.969233234476 0.798980661447
0.0197316602768 0.969233234476 0.775130911194
0.0181731660277 0.969233234476 0.742614590085
0.0171173166028 0.969233234476 0.743068449992
0.0134117316603 0.969233234476 0.747651874372
0.014841173166 0.969233234476 0.746982628477
0.0194841173166 0.969233234476 0.740053116252
0.0172484117317 0.969233234476 0.736422161625
0.0143248411732 0.969233234476 0.762267637044
0.0131324841173 0.969233234476 0.78373976958
0.0157132484117 0.969233234476 0.798739715143
0.0195713248412 0.969233234476 0.807943653884
0.0127571324841 0.969233234476 0.811951100162
0.0129757132484 0.969233234476 0.811034842017
0.0120975713248 0.969233234476 0.805131392189
0.0201097571325 0.969233234476 0.79383334786
0.0191109757132 0.969233234476 0.776360789673
0.0136110975713 0.969233234476 0.751515100494
0.0193611097571 0.969233234476 0.718628159833
0.0172361109757 0.969233234476 0.747477127916
0.0152236110976 0.969233234476 0.774074031997
0.0186223611098 0.969233234476 0.793621177274
0.018062236111 0.969233234476 0.806808474306
0.0117062236111 0.969233234476 0.814487826171
0.00747062236111 0.969233234476 0.817187255057
0.00614706223611 0.969233234476 0.815093768928
0.00151470622361 0.969233234476 0.819159458544
0.00645147062236 0.969233234476 0.825755444272
0.0105451470622 0.969233234476 0.831087110808
0.0154545147062 0.969233234476 0.833555949106
0.0177454514706 0.969233234476 0.831230260792
0.00987454514706 0.969233234476 0.824288729906
0.0135874545147 0.969233234476 0.812268604991
0.0157587454515 0.969233234476 0.794308154173
0.0213758745451 0.969233234476 0.769115815095
0.0165375874545 0.969233234476 0.751575648461
0.0169537587455 0.969233234476 0.776910190646
0.0205953758745 0.969233234476 0.799162323051
0.0164595375875 0.969233234476 0.815141589827
0.0205459537587 0.969233234476 0.82551688086
0.0173545953759 0.969233234476 0.830983772709
0.0134354595376 0.969233234476 0.83192749746
0.0148435459538 0.969233234476 0.828414804103
0.0176843545954 0.969233234476 0.820195500933
0.0134684354595 0.969233234476 0.806681589665
0.022046843546 0.969233234476 0.786902666545
0.0211046843546 0.969233234476 0.759444486281
0.0201104684355 0.969233234476 0.722391895137
0.0173110468435 0.969233234476 0.673330047668
0.0161311046844 0.969233234476 0.653376958135
0.0178131104684 0.969233234476 0.688841889528
0.0116813110468 0.969233234476 0.731542139933
0.0200681311047 0.969233234476 0.765161115628
0.0173068131105 0.969233234476 0.790033226365
0.017930681311 0.969233234476 0.807699892356
0.0134930681311 0.969233234476 0.819394736806
0.0139493068131 0.969233234476 0.825947293839
0.0157949306813 0.969233234476 0.827821846446
0.0141794930681 0.969233234476 0.825150953649
0.0176179493068 0.969233234476 0.817745805131
0.0215617949307 0.969233234476 0.805081004158
0.0165561794931 0.969233234476 0.786255120062
0.0169556179493 0.969233234476 0.759933370477
0.0178955617949 0.969233234476 0.724291293999
0.0206895561795 0.969233234476 0.677007505057
0.0146689556179 0.969233234476 0.615414643859
0.00956689556179 0.969233234476 0.537027245545
0.0126566895562 0.969233234476 0.440809911222
0.0174656689556 0.969233234476 0.408767696112
0.0161465668956 0.969233234476 0.453923858584
0.0205146566896 0.969233234476 0.496316954115
0.011951465669 0.969233234476 0.528409381992
0.0164951465669 0.969233234476 0.550110536981
0.0196495146567 0.969233234476 0.561984871462
0.0190649514657 0.969233234476 0.564428137932
0.0190064951466 0.969233234476 0.557525637551
0.0172006495147 0.969233234476 0.541031187956
0.0116200649515 0.969233234476 0.514406569492
0.0119620064951 0.969233234476 0.476939202082
0.00839620064951 0.969233234476 0.427994574108
0.00443962006495 0.969233234476 0.349209050621
0.0067439620065 0.969233234476 0.335344860719
0.00877439620065 0.969233234476 0.294708351828
0.00717743962006 0.969233234476 0.275566907727
0.022317743962 0.969233234476 0.307646012404
0.0130317743962 0.969233234476 0.335938303589
0.0112031774396 0.969233234476 0.354475576372
0.012820317744 0.969233234476 0.36252580388
0.0102820317744 0.969233234476 0.35999393296
0.0127282031774 0.969233234476 0.346880063952
0.0147728203177 0.969233234476 0.323269022268
0.0194772820318 0.969233234476 0.289505167749
0.0181477282032 0.969233234476 0.263498210208
0.0198147728203 0.969233234476 0.347100518605
0.011881477282 0.969233234476 0.433200787833
0.0119881477282 0.969233234476 0.507493168033
0.0200988147728 0.969233234476 0.56800342699
0.0200098814773 0.969233234476 0.63137652043
0.0200009881477 0.969233234476 0.683464372034
0.0137000988148 0.969233234476 0.723430104061
0.0184700098815 0.969233234476 0.753213522388
0.0180470009881 0.969233234476 0.774654022628
0.0225047000988 0.969233234476 0.789161790145
0.0130504700099 0.969233234476 0.797711315713
0.020205047001 0.969233234476 0.8008803271
0.0227205047001 0.969233234476 0.798883169408
0.01127205047 0.969233234476 0.791584704823
0.022727205047 0.969233234476 0.778491140871
0.0166727205047 0.969233234476 0.758719626069
0.0223672720505 0.969233234476 0.730955629465
0.016636727205 0.969233234476 0.693422282938
0.0187636727205 0.969233234476 0.643918406024
0.0108763672721 0.969233234476 0.621876438703
0.0136876367272 0.969233234476 0.675390836984
0.0112687636727 0.969233234476 0.723453086599
0.0173268763673 0.969233234476 0.760439261182
0.0197326876367 0.969233234476 0.787926680061
0.0145732687637 0.969233234476 0.807749386804
0.0131573268764 0.969233234476 0.821317857299
0.0247157326876 0.969233234476 0.829607172534
0.0114715732688 0.969233234476 0.83321145906
0.0191471573269 0.969233234476 0.832388039924
0.0181147157327 0.969233234476 0.82707830241
0.0180114715733 0.969233234476 0.816902705228
0.0153011471573 0.969233234476 0.801130154749
0.0168301147157 0.969233234476 0.778624970779
0.0124830114716 0.969233234476 0.74778244709
0.0183483011472 0.969233234476 0.767667396856
0.0135348301147 0.969233234476 0.79179935611
0.0175534830115 0.969233234476 0.809942514737
0.0116553483011 0.969233234476 0.822201397304
0.0110655348301 0.969233234476 0.829335373857
0.011906553483 0.969233234476 0.831841952785
0.0074906553483 0.969233234476 0.829898367745
0.00614906553483 0.969233234476 0.82398967638
0.00781490655348 0.969233234476 0.822941886257
0.00888149065535 0.969233234476 0.817605163609
0.00988814906553 0.969233234476 0.81225987531
0.00818881490655 0.969233234476 0.808850639199
0.0170188814907 0.969233234476 0.801019726854
0.0107018881491 0.969233234476 0.787614978561
0.0145701888149 0.969233234476 0.767652232954
0.0104570188815 0.969233234476 0.739766217576
0.0145457018881 0.969233234476 0.728932919877
0.0131545701888 0.969233234476 0.756911370785
0.0184154570189 0.969233234476 0.780937236632
0.0207415457019 0.969233234476 0.798182140509
0.0182741545702 0.969233234476 0.809393463809
0.019827415457 0.969233234476 0.815306362883
0.0163827415457 0.969233234476 0.816327315973
0.0196382741546 0.969233234476 0.812526785847
0.0118638274155 0.969233234476 0.803640752041
0.0119863827415 0.969233234476 0.789050798767
0.0173986382742 0.969233234476 0.767742774518
0.0134398638274 0.969233234476 0.738254067091
0.0157439863827 0.969233234476 0.698637168078
0.0186743986383 0.969233234476 0.702854663788
0.0171674398638 0.969233234476 0.720468842855
0.0116167439864 0.969233234476 0.732704290891
0.0119616743986 0.969233234476 0.738306743766
0.0164961674399 0.969233234476 0.737414645924
0.025049616744 0.969233234476 0.729954132357
0.0205049616744 0.969233234476 0.721905268647
0.0119504961674 0.969233234476 0.734848477845
0.0200950496167 0.969233234476 0.749573039732
0.0182095049617 0.969233234476 0.765144037343
0.0234209504962 0.969233234476 0.775000864974
0.0185420950496 0.969233234476 0.779026313085
0.012654209505 0.969233234476 0.777406719049
0.0237654209505 0.969233234476 0.770028930063
0.016776542095 0.969233234476 0.756412621365
0.0133776542095 0.969233234476 0.735680376208
0.013037765421 0.969233234476 0.706526903652
0.0220037765421 0.969233234476 0.667211511748
0.0193003776542 0.969233234476 0.61563819501
0.0136300377654 0.969233234476 0.549653748926
0.0166630037765 0.969233234476 0.467792408012
0.0187663003777 0.969233234476 0.370770838504
0.0135766300378 0.969233234476 0.263847163891
0.0130576630038 0.969233234476 0.20313497002
0.0148057663004 0.969233234476 0.174481993473
0.01768057663 0.969233234476 0.168147840922
0.011668057663 0.969233234476 0.189482266024
0.0200668057663 0.969233234476 0.206211834675
0.0146066805766 0.969233234476 0.214273244309
0.00956066805766 0.969233234476 0.212941444929
0.0117560668058 0.969233234476 0.202247459087
0.00927560668058 0.969233234476 0.182752353417
0.00992756066806 0.969233234476 0.23117055365
0.00819275606681 0.969233234476 0.293264380855
0.00531927560668 0.969233234476 0.370432078816
0.00773192756067 0.969233234476 0.428085396369
0.0151731927561 0.969233234476 0.443681900044
0.0159173192756 0.969233234476 0.445708342651
0.0141917319276 0.969233234476 0.437020680445
0.0203191731928 0.969233234476 0.417779576874
0.0182319173193 0.969233234476 0.387838494511
0.0135231917319 0.969233234476 0.400587410806
0.0184523191732 0.969233234476 0.426448592236
0.0180452319173 0.969233234476 0.444031683994
0.0189045231917 0.969233234476 0.457786067894
0.0108904523192 0.969233234476 0.541229846865
0.0181890452319 0.969233234476 0.615857705506
0.0171189045232 0.969233234476 0.675161473331
0.0170118904523 0.969233234476 0.720759062998
0.0125011890452 0.969233234476 0.755091976216
0.0174501189045 0.969233234476 0.780333917957
0.0143450118905 0.969233234476 0.798191173894
0.016734501189 0.969233234476 0.809900974309
0.0133734501189 0.969233234476 0.816279671737
0.0148373450119 0.969233234476 0.817771652639
0.0149837345012 0.969233234476 0.814480751072
0.0185983734501 0.969233234476 0.806177938676
0.018059837345 0.969233234476 0.792284107798
0.0171059837345 0.969233234476 0.771830362099
0.0197105983735 0.969233234476 0.778885370116
0.0163710598373 0.969233234476 0.789675121898
0.0160371059837 0.969233234476 0.795745916268
0.0142037105984 0.969233234476 0.796587813832
0.0158203710598 0.969233234476 0.792165601307
0.012382037106 0.969233234476 0.782172930689
0.0138382037106 0.969233234476 0.765938550886
0.00948382037106 0.969233234476 0.742382512314
0.0135483820371 0.969233234476 0.709976965448
0.0103548382037 0.969233234476 0.720876507892
0.0136354838204 0.969233234476 0.743711263412
0.016663548382 0.969233234476 0.760863943808
0.0205663548382 0.969233234476 0.771519448321
0.0155566354838 0.969233234476 0.776173206108
0.0132556635484 0.969233234476 0.775107374
0.0139255663548 0.969233234476 0.76825084658
0.0184925566355 0.969233234476 0.755159822323
0.0144492556635 0.969233234476 0.734994576138
0.0167449255664 0.969233234476 0.706490404594
0.00977449255664 0.969233234476 0.667949034159
0.00637744925566 0.969233234476 0.683438322168
0.0168377449256 0.969233234476 0.71368043874
0.0160837744926 0.969233234476 0.737330039463
0.0160083774493 0.969233234476 0.753500099715
0.0124008377449 0.969233234476 0.762964682651
0.00934008377449 0.969233234476 0.766298469635
0.00453400837745 0.969233234476 0.763710920605
0.00405340083774 0.969233234476 0.742333087649
0.00490534008377 0.969233234476 0.730147311666
0.00679053400838 0.969233234476 0.706390416044
0.00517905340084 0.969233234476 0.686206541555
0.0212179053401 0.969233234476 0.679785571899
0.019221790534 0.969233234476 0.667739580687
0.0190221790534 0.969233234476 0.647537159062
0.0154022179053 0.969233234476 0.617991415806
0.0114402217905 0.969233234476 0.577773103523
0.0200440221791 0.969233234476 0.574081876457
0.0128044022179 0.969233234476 0.614431180033
0.0183804402218 0.969233234476 0.649041066616
0.0135380440222 0.969233234476 0.674293764057
0.0157538044022 0.969233234476 0.690925331407
0.0132753804402 0.969233234476 0.699765997194
0.017527538044 0.969233234476 0.70129536668
0.0143527538044 0.969233234476 0.695597399499
0.0185352753804 0.969233234476 0.682356143936
0.015353527538 0.969233234476 0.667645961569
0.0114353527538 0.969233234476 0.710800356737
0.0164435352754 0.969233234476 0.748861813504
0.0160443535275 0.969233234476 0.777692425881
0.0151044353528 0.969233234476 0.79859635589
0.0132104435353 0.969233234476 0.812975042517
0.0121210443535 0.969233234476 0.821840422871
0.0147121044354 0.969233234476 0.825819297237
0.0140712104435 0.969233234476 0.825192391607
0.0131071210444 0.969233234476 0.8199155834
0.0166107121044 0.969233234476 0.809616210008
0.0187610712104 0.969233234476 0.795211077936
0.018076107121 0.969233234476 0.810217915624
0.0180076107121 0.969233234476 0.822787463785
0.0153007610712 0.969233234476 0.830531860477
0.0105300761071 0.969233234476 0.833677072818
0.0172530076107 0.969233234476 0.832414799622
0.0152253007611 0.969233234476 0.826651792062
0.0114225300761 0.969233234476 0.815975346945
0.0164422530076 0.969233234476 0.799617501481
0.0106442253008 0.969233234476 0.776399792642
0.0136644225301 0.969233234476 0.744668583668
0.011266442253 0.969233234476 0.702254184492
0.0164266442253 0.969233234476 0.646534206249
0.0232426644225 0.969233234476 0.626159317457
0.0230242664423 0.969233234476 0.625645347182
0.0212024266442 0.969233234476 0.619472060801
0.00932024266442 0.969233234476 0.604811829986
0.0135320242664 0.969233234476 0.580780817693
0.0184532024266 0.969233234476 0.576362714773
0.0171453202427 0.969233234476 0.598164388902
0.0188145320243 0.969233234476 0.614061089379
0.0117814532024 0.969233234476 0.621422105209
0.0110781453202 0.969233234476 0.620241636644
0.00650781453202 0.969233234476 0.610432886457
0.0051507814532 0.969233234476 0.591563333906
0.00591507814532 0.969233234476 0.617716395465
0.00869150781453 0.969233234476 0.654889817241
0.00626915078145 0.969233234476 0.693243744379
0.0123269150781 0.969233234476 0.720176752986
0.0138326915078 0.969233234476 0.729184094963
0.0148832691508 0.969233234476 0.730382259581
0.0176883269151 0.969233234476 0.724800574167
0.0215688326915 0.969233234476 0.712204652258
0.0219568832692 0.969233234476 0.691871160862
0.0192956883269 0.969233234476 0.69937581633
0.0163295688327 0.969233234476 0.716539007186
0.0187329568833 0.969233234476 0.727956110595
0.0144732956883 0.969233234476 0.73265783299
0.0122473295688 0.969233234476 0.730759360272
0.0138247329569 0.969233234476 0.722130943207
0.0184824732957 0.969233234476 0.706261033445
0.0144482473296 0.969233234476 0.74142757665
0.017644824733 0.969233234476 0.77293496683
0.0143644824733 0.969233234476 0.796524492534
0.0167364482473 0.969233234476 0.813221986041
0.0169736448247 0.969233234476 0.82415862698
0.0151973644825 0.969233234476 0.830110968908
0.0231197364482 0.969233234476 0.831502796333
0.0167119736448 0.969233234476 0.828433076688
0.0133711973645 0.969233234476 0.82068346202
0.0157371197364 0.969233234476 0.80770033873
0.0213737119736 0.969233234476 0.806064205406
0.0111373711974 0.969233234476 0.819183872296
0.0173137371197 0.969233234476 0.828913401516
0.015231373712 0.969233234476 0.834044050011
0.0123231373712 0.969233234476 0.834752548292
0.0165323137371 0.969233234476 0.831070523721
0.0133532313737 0.969233234476 0.822732626753
0.0103353231374 0.969233234476 0.809139042629
0.0109335323137 0.969233234476 0.789307776433
0.0172933532314 0.969233234476 0.761811144032
0.0269293353231 0.969233234476 0.724716322637
0.0107929335323 0.969233234476 0.675583884511
0.0118792933532 0.969233234476 0.611646745789
0.0119879293353 0.969233234476 0.571325847344
0.0137987929335 0.969233234476 0.573106546677
0.0139798792934 0.969233234476 0.570799709036
0.0157979879293 0.969233234476 0.55969292224
0.0132797987929 0.969233234476 0.538924485403
0.0130279798793 0.969233234476 0.507785574708
0.0202027979879 0.969233234476 0.465503918249
0.0155202797988 0.969233234476 0.411533581655
0.0141520279799 0.969233234476 0.419483650102
0.011315202798 0.969233234476 0.461846404311
0.0146315202798 0.969233234476 0.497479359017
0.014063152028 0.969233234476 0.522772690508
0.0104063152028 0.969233234476 0.537911906791
0.0100406315203 0.969233234476 0.543299040447
0.00640406315203 0.969233234476 0.539101199496
0.0033404063152 0.969233234476 0.483452873636
0.00663404063152 0.969233234476 0.447256725077
0.0150634040632 0.969233234476 0.386498470943
0.0123063404063 0.969233234476 0.339370478359
0.0111306340406 0.969233234476 0.328492508878
0.0155130634041 0.969233234476 0.311820745008
0.0168513063404 0.969233234476 0.285406499982
0.012485130634 0.969233234476 0.249524824993
0.0219485130634 0.969233234476 0.205655063011
0.0183948513063 0.969233234476 0.213446948463
0.00813948513063 0.969233234476 0.259396191475
0.0143139485131 0.969233234476 0.301996118004
0.0140313948513 0.969233234476 0.33557530948
0.0104031394851 0.969233234476 0.358931505016
0.0172403139485 0.969233234476 0.371755653234
0.0170240313949 0.969233234476 0.415883535918
0.0161024031395 0.969233234476 0.509691806326
0.00971024031395 0.969233234476 0.592448920348
0.0135710240314 0.969233234476 0.65865523921
0.0130571024031 0.969233234476 0.709901284501
0.0148057102403 0.969233234476 0.74877190628
0.017680571024 0.969233234476 0.777683435158
0.0161680571024 0.969233234476 0.798595456818
0.0178168057102 0.969233234476 0.81297495261
0.010781680571 0.969233234476 0.82184041388
0.0145781680571 0.969233234476 0.825819296338
0.0176578168057 0.969233234476 0.825192391518
0.0125657816806 0.969233234476 0.819915583391
0.0111565781681 0.969233234476 0.809616210007
0.0209156578168 0.969233234476 0.793564292289
0.0128915657817 0.969233234476 0.786844917038
0.0174891565782 0.969233234476 0.798564673052
0.0188489156578 0.969233234476 0.807012749338
0.0216848915658 0.969233234476 0.81051898054
0.0165684891566 0.969233234476 0.809099352861
0.0160568489157 0.969233234476 0.802633761318
0.0187056848916 0.969233234476 0.790674938866
0.0207705684892 0.969233234476 0.77239984152
0.0128770568489 0.969233234476 0.746561195271
0.0165877056849 0.969233234476 0.754230846469
0.0142587705685 0.969233234476 0.77201536881
0.0131258770568 0.969233234476 0.784837092883
0.0139125877057 0.969233234476 0.791923276433
0.0166912587706 0.969233234476 0.793584390238
0.0133691258771 0.969233234476 0.789915147407
0.0193369125877 0.969233234476 0.78066869862
0.0208336912588 0.969233234476 0.765228054929
0.0137833691259 0.969233234476 0.763443580471
0.0148783369126 0.969233234476 0.777543174382
0.0176878336913 0.969233234476 0.787608600967
0.0143687833691 0.969233234476 0.792224291027
0.0149368783369 0.969233234476 0.791489435429
0.0104936878337 0.969233234476 0.785334133019
0.00734936878337 0.969233234476 0.773345927065
0.00523493687834 0.969233234476 0.778079311871
0.00592349368783 0.969233234476 0.793550028687
0.00869234936878 0.969233234476 0.80738022759
0.0107692349369 0.969233234476 0.817753102033
0.0145769234937 0.969233234476 0.823189521824
0.0122576923494 0.969233234476 0.823939989356
0.0165257692349 0.969233234476 0.820044080586
0.0160525769235 0.969233234476 0.811226452706
0.0241052576923 0.969233234476 0.796864742771
0.0258105257692 0.969233234476 0.801272599643
0.0178810525769 0.969233234476 0.813307609461
0.0125881052577 0.969233234476 0.821311318075
0.0120588105258 0.969233234476 0.824597646215
0.0111058810526 0.969233234476 0.823272822892
0.0191105881053 0.969233234476 0.817231223749
0.0172110588105 0.969233234476 0.806045697536
0.0161211058811 0.969233234476 0.788925168907
0.0142121105881 0.969233234476 0.780871321602
0.0203212110588 0.969233234476 0.792051093455
0.0164321211059 0.969233234476 0.799963082246
0.0187432121106 0.969233234476 0.802818406496
0.0171743212111 0.969233234476 0.800578283412
0.0152174321211 0.969233234476 0.793067396035
0.0177217432121 0.969233234476 0.779773520154
0.0143721743212 0.969233234476 0.761318821841
0.0176372174321 0.969233234476 0.743563031909
0.0179637217432 0.969233234476 0.760205834945
0.0152963721743 0.969233234476 0.777722917401
0.0168296372174 0.969233234476 0.789558876626
0.0151829637217 0.969233234476 0.795734291741
