0.0027 0.872309911029 0.00162390138204
0.00657 0.959540902132 0.00804267557774
0.007857 0.968264001242 0.0403441357779
0.0133857 0.969136311153 0.111905949906
0.01213857 0.969223542144 0.215610014688
0.008413857 0.969232265243 0.331549502598
0.0107413857 0.969233137553 0.442085051964
0.01457413857 0.969233224784 0.537698103901
0.014057413857 0.969233233507 0.615657022487
0.0140057413857 0.969233234379 0.676964811757
0.0149005741386 0.969233234467 0.724058371091
0.00959005741386 0.969233234475 0.759567022176
0.00995900574139 0.969233234476 0.785786724258
0.0117959005741 0.969233234476 0.804525448404
0.00927959005741 0.969233234476 0.817106813679
0.00992795900574 0.969233234476 0.824423891143
0.00909279590057 0.969233234476 0.826994867312
0.0117092795901 0.969233234476 0.825001346189
0.014670927959 0.969233234476 0.818302646946
0.0104670927959 0.969233234476 0.806424457314
0.00644670927959 0.969233234476 0.788522901007
0.00964467092796 0.969233234476 0.763329454653
0.0108644670928 0.969233234476 0.729093189755
0.00918644670928 0.969233234476 0.683562976644
0.00991864467093 0.969233234476 0.62410773467
0.0135918644671 0.969233234476 0.622197163139
0.0139591864467 0.969233234476 0.630356607866
0.00679591864467 0.969233234476 0.631924687599
0.0132795918645 0.969233234476 0.625270229632
0.0121279591864 0.969233234476 0.610583549734
0.00751279591864 0.969233234476 0.655421248781
0.0115512795919 0.969233234476 0.695213000382
0.00835512795919 0.969233234476 0.725345646123
0.00803551279592 0.969233234476 0.746890489338
0.0116035512796 0.969233234476 0.761101544273
0.013760355128 0.969233234476 0.768868802378
0.0103760355128 0.969233234476 0.770687620446
0.00643760355128 0.969233234476 0.76667444846
0.00874376035513 0.969233234476 0.756571861547
0.00987437603551 0.969233234476 0.739735771454
0.0135874376036 0.969233234476 0.715110219714
0.00765874376036 0.969233234476 0.681208517672
0.00886587437604 0.969233234476 0.636144822044
0.0089865874376 0.969233234476 0.577808555046
0.0134986587438 0.969233234476 0.504354514436
0.0139498658744 0.969233234476 0.415276331782
0.00949498658744 0.969233234476 0.31331430802
0.00724949865874 0.969233234476 0.206923194863
0.0106249498659 0.969233234476 0.111319158109
0.0100624949866 0.969233234476 0.0437030949921
0.00460624949866 0.969233234476 0.0108180971483
0.00946062494987 0.969233234476 0.00154896122046
0.00634606249499 0.969233234476 0.000372041173023
0.0078346062495 0.969233234476 0.00209985985841
0.00708346062495 0.969233234476 0.00762822555947
0.0106083460625 0.969233234476 0.0252580136811
0.0127608346062 0.969233234476 0.0812880022928
0.0156760834606 0.969233234476 0.173430056245
0.0150676083461 0.969233234476 0.284824151059
0.0240067608346 0.969233234476 0.396547466055
0.00870067608346 0.969233234476 0.496451751577
0.0134700676083 0.969233234476 0.579720901846
0.0121470067608 0.969233234476 0.646182889529
0.0165147006761 0.969233234476 0.697769595775
0.0223514700676 0.969233234476 0.736978153039
0.0130351470068 0.969233234476 0.766142970037
0.0103035147007 0.969233234476 0.787171005386
0.0145303514701 0.969233234476 0.801493555624
0.018553035147 0.969233234476 0.810099181934
0.0144553035147 0.969233234476 0.81358326914
0.0185455303515 0.969233234476 0.812186654845
0.0117545530351 0.969233234476 0.805812858104
0.0200754553035 0.969233234476 0.794020852955
0.0227075455304 0.969233234476 0.775994369459
0.00947075455304 0.969233234476 0.75049398356
0.0108470754553 0.969233234476 0.715810085079
0.0127847075455 0.969233234476 0.720605462974
0.0174784707546 0.969233234476 0.731302815316
0.0107478470755 0.969233234476 0.736481202159
0.0136747847075 0.969233234476 0.735245206019
0.0193674784708 0.969233234476 0.727399796544
0.0127367478471 0.969233234476 0.712464574496
0.00937367478471 0.969233234476 0.70304841514
0.0126373674785 0.969233234476 0.74059480056
0.0156637367478 0.969233234476 0.773157042758
0.0150663736748 0.969233234476 0.797519716941
0.0159066373675 0.969233234476 0.814870252049
0.0114906637367 0.969233234476 0.826405046577
0.0146490663737 0.969233234476 0.832950219639
0.0113649066374 0.969233234476 0.834974873235
0.00833649066374 0.969233234476 0.832623772408
0.0206336490664 0.969233234476 0.825728891648
0.0137633649066 0.969233234476 0.813795237907
0.0112763364907 0.969233234476 0.795961579925
0.0119276336491 0.969233234476 0.770940935112
0.0137927633649 0.969233234476 0.736956315441
0.0121792763365 0.969233234476 0.691713071798
0.0165179276336 0.969233234476 0.632504868389
0.0133517927634 0.969233234476 0.556654678718
0.0112351792763 0.969233234476 0.462643340298
0.0164235179276 0.969233234476 0.352353035751
0.0160423517928 0.969233234476 0.234354600596
0.0178042351793 0.969233234476 0.126038751285
0.0152804235179 0.969233234476 0.048659828997
0.00692804235179 0.969233234476 0.0115274692245
0.00879280423518 0.969233234476 0.00156038791514
0.00537928042352 0.969233234476 0.000233522873994
0.0104379280424 0.969233234476 0.000735257590698
0.0100437928042 0.969233234476 0.00446193214112
0.00550437928042 0.969233234476 0.0175963696228
0.020350437928 0.969233234476 0.0421057301619
0.0146350437928 0.969233234476 0.109462900082
0.0149635043793 0.969233234476 0.211885001882
0.0113963504379 0.969233234476 0.327372278331
0.0101396350438 0.969233234476 0.4379466953
0.0127139635044 0.969233234476 0.533860372101
0.0138713963504 0.969233234476 0.612214611457
0.018487139635 0.969233234476 0.673916100197
0.0216487139635 0.969233234476 0.721357117003
0.0156648713964 0.969233234476 0.757151933156
0.0141664871396 0.969233234476 0.783595648591
0.013116648714 0.969233234476 0.802500857467
0.0193116648714 0.969233234476 0.815196914679
0.0181311664871 0.969233234476 0.822581748198
0.0135131166487 0.969233234476 0.82517670115
0.0175513116649 0.969233234476 0.823164536788
0.0116551311665 0.969233234476 0.816403659991
0.00926551311665 0.969233234476 0.804416821085
0.00992655131166 0.969233234476 0.786355429646
0.0162926551312 0.969233234476 0.760945181736
0.0151292655131 0.969233234476 0.736751924779
0.0159129265513 0.969233234476 0.75747694855
0.00969129265513 0.969233234476 0.775784284544
0.0171691292655 0.969233234476 0.78801418878
0.0152169129266 0.969233234476 0.794496291082
0.0222216912927 0.969233234476 0.795616282662
0.0130221691293 0.969233234476 0.791444382209
0.0139022169129 0.969233234476 0.78170025566
0.0148902216913 0.969233234476 0.765731388848
0.0194890221691 0.969233234476 0.776533730636
0.0217489022169 0.969233234476 0.797949815826
0.0156748902217 0.969233234476 0.814355468552
0.0222674890222 0.969233234476 0.825213797224
0.0139267489022 0.969233234476 0.831132245799
0.0220926748902 0.969233234476 0.832516391115
0.012109267489 0.969233234476 0.829463161747
0.0129109267489 0.969233234476 0.821754875062
0.0174910926749 0.969233234476 0.80883989997
0.0170491092675 0.969233234476 0.789790099525
0.0242049109267 0.969233234476 0.763240235774
0.0141204910927 0.969233234476 0.727328248455
0.0158120491093 0.969233234476 0.679685443851
0.0177812049109 0.969233234476 0.617588623446
0.0179781204911 0.969233234476 0.538499724504
0.0215978120491 0.969233234476 0.4413686341
0.0210597812049 0.969233234476 0.329093035935
0.0129059781205 0.969233234476 0.211818808307
0.021990597812 0.969233234476 0.108254018704
0.0075990597812 0.969233234476 0.0386775858288
0.00885990597812 0.969233234476 0.00825953004926
0.00358599059781 0.969233234476 0.00250985897834
0.0111585990598 0.969233234476 0.00765897940826
0.00741585990598 0.969233234476 0.0162855659619
0.0115415859906 0.969233234476 0.0385603705215
0.0191541585991 0.969233234476 0.107811623729
0.0145154158599 0.969233234476 0.211286177924
0.011351541586 0.969233234476 0.328263276536
0.0200351541586 0.969233234476 0.440362230999
0.0128035154159 0.969233234476 0.537525821805
0.0156803515416 0.969233234476 0.616781997617
0.00786803515416 0.969233234476 0.679093033417
0.0151868035154 0.969233234476 0.72694463422
0.0159186803515 0.969233234476 0.763039429677
0.0213918680352 0.969233234476 0.789743510113
0.0156391868035 0.969233234476 0.808924177382
0.0150639186804 0.969233234476 0.821954474468
0.014106391868 0.969233234476 0.829770741848
0.0203106391868 0.969233234476 0.832932637359
0.0146310639187 0.969233234476 0.831665712533
0.0167631063919 0.969233234476 0.828150511645
0.0151763106392 0.969233234476 0.820765990137
0.0114176310639 0.969233234476 0.808275965209
0.0137417631064 0.969233234476 0.789715432151
0.0157741763106 0.969233234476 0.800074985834
0.0105774176311 0.969233234476 0.813166203035
0.0127577417631 0.969233234476 0.821693096674
0.0183757741763 0.969233234476 0.825436326182
0.0171375774176 0.969233234476 0.824577600964
0.0125137577418 0.969233234476 0.819048283135
0.00935137577418 0.969233234476 0.808457281272
0.0144351375774 0.969233234476 0.792054407748
0.0140435137577 0.969233234476 0.768678882542
0.0149043513758 0.969233234476 0.736700617911
0.0140904351376 0.969233234476 0.75125803391
0.0167090435138 0.969233234476 0.770636313044
0.0187709043514 0.969233234476 0.784404954403
0.0162770904351 0.969233234476 0.792309207237
0.0178277090435 0.969233234476 0.794760421807
0.0197827709044 0.969233234476 0.791910945807
0.0163782770904 0.969233234476 0.783568798382
0.019637827709 0.969233234476 0.76917594233
0.0100637827709 0.969233234476 0.74777584471
0.0136063782771 0.969233234476 0.717974317449
0.0130606378277 0.969233234476 0.677922837257
0.0112060637828 0.969233234476 0.625392218356
0.0146206063783 0.969233234476 0.558075632286
0.0185620606378 0.969233234476 0.474368108109
0.0189562060638 0.969233234476 0.424633720279
0.0153956206064 0.969233234476 0.37546539817
0.0105395620606 0.969233234476 0.316894492937
0.0199539562061 0.969233234476 0.249908054068
0.0100953956206 0.969233234476 0.178885224525
0.00820953956206 0.969233234476 0.111264702862
0.00442095395621 0.969233234476 0.0563099401559
0.00764209539562 0.969233234476 0.056653358424
0.00706420953956 0.969233234476 0.108172399413
0.00970642095396 0.969233234476 0.178180949002
0.0063706420954 0.969233234476 0.260530676606
0.0123370642095 0.969233234476 0.348185809269
0.017433706421 0.969233234476 0.427643628816
0.0143433706421 0.969233234476 0.494866209093
0.0194343370642 0.969233234476 0.549141864343
0.00914343370642 0.969233234476 0.591220048945
0.0153143433706 0.969233234476 0.62234153325
0.0195314343371 0.969233234476 0.643729445644
0.0127531434337 0.969233234476 0.656349890767
0.0219753143434 0.969233234476 0.660813843718
0.0138975314343 0.969233234476 0.657343506946
0.0112897531434 0.969233234476 0.678089577852
0.0191289753143 0.969233234476 0.702878747145
0.0208128975314 0.969233234476 0.720623422813
0.0101812897531 0.969233234476 0.731097673159
0.0145181289753 0.969233234476 0.734794794555
0.0149518128975 0.969233234476 0.731922766891
0.0131951812898 0.969233234476 0.722308380413
0.023819518129 0.969233234476 0.705382144864
0.0122819518129 0.969233234476 0.713018509466
0.0156281951813 0.969233234476 0.749636588611
0.0123628195181 0.969233234476 0.780011559435
0.0201362819518 0.969233234476 0.802482219284
0.0155136281952 0.969233234476 0.818278251686
0.0258513628195 0.969233234476 0.828501839768
0.016085136282 0.969233234476 0.833885523062
0.0223085136282 0.969233234476 0.834814804423
0.0121308513628 0.969233234476 0.831356146324
0.0156130851363 0.969233234476 0.823262138141
0.0123613085136 0.969233234476 0.809950865482
0.0192361308514 0.969233234476 0.79763835189
0.0208236130851 0.969233234476 0.812234020141
0.0191823613085 0.969233234476 0.824249623925
0.0199182361309 0.969233234476 0.831496806466
0.0172918236131 0.969233234476 0.834189911839
0.0143291823613 0.969233234476 0.832490835257
0.0131329182361 0.969233234476 0.826275305437
0.0184132918236 0.969233234476 0.815097715496
0.0153413291824 0.969233234476 0.798153036891
0.0204341329182 0.969233234476 0.774219723072
0.0191434132918 0.969233234476 0.741595020227
0.0136143413292 0.969233234476 0.701229738744
0.0166614341329 0.969233234476 0.650042803966
0.0160661434133 0.969233234476 0.584153269011
0.0124066143413 0.969233234476 0.501377585184
0.0147406614341 0.969233234476 0.401673406385
0.0158740661434 0.969233234476 0.289634535161
0.0141874066143 0.969233234476 0.177382666936
0.0104187406614 0.969233234476 0.0841989676209
0.00824187406614 0.969233234476 0.0270533933241
0.00442418740661 0.969233234476 0.00507832785082
0.00404241874066 0.969233234476 0.00100103300948
0.00490424187407 0.969233234476 0.00231148103615
0.00949042418741 0.969233234476 0.00411052627712
0.00994904241874 0.969233234476 0.0105528304054
0.0117949042419 0.969233234476 0.0444525939948
0.0128794904242 0.969233234476 0.11467821191
0.0156879490424 0.969233234476 0.217689594039
0.0204687949042 0.969233234476 0.332292743655
0.0137468794904 0.969233234476 0.441288149828
0.015774687949 0.969233234476 0.535533833391
0.0141774687949 0.969233234476 0.612429891286
0.0158177468795 0.969233234476 0.672961008574
0.0159817746879 0.969233234476 0.719489753187
0.0195981774688 0.969233234476 0.754564516315
0.0298598177469 0.969233234476 0.780411387003
0.0137859817747 0.969233234476 0.798781822869
0.0229785981775 0.969233234476 0.810952868015
0.0121978598177 0.969233234476 0.817776109891
0.0183197859818 0.969233234476 0.819728549962
0.0126319785982 0.969233234476 0.816946483597
0.0165631978598 0.969233234476 0.809235744338
0.016956319786 0.969233234476 0.796056844278
0.0151956319786 0.969233234476 0.783958528314
0.0195195631979 0.969233234476 0.80041771242
0.0100519563198 0.969233234476 0.814064346714
0.018105195632 0.969233234476 0.822613580502
0.0198105195632 0.969233234476 0.826345634587
0.0145810519563 0.969233234476 0.825491519906
0.0149581051956 0.969233234476 0.819987810187
0.0140958105196 0.969233234476 0.809445137597
0.014909581052 0.969233234476 0.793115520544
0.0167909581052 0.969233234476 0.769840996418
0.0187790958105 0.969233234476 0.737994236875
0.0126779095811 0.969233234476 0.695445175582
0.0165677909581 0.969233234476 0.639634523427
0.0295567790958 0.969233234476 0.617317437783
0.0164556779096 0.969233234476 0.625445225407
0.012445567791 0.969233234476 0.629098121144
0.0165445567791 0.969233234476 0.668171696719
0.0169544556779 0.969233234476 0.701024974826
0.0178954455678 0.969233234476 0.725058795602
0.0179895445568 0.969233234476 0.741227076013
0.0143989544557 0.969233234476 0.750461442165
0.0140398954456 0.969233234476 0.753325637262
0.0167039895446 0.969233234476 0.749996630677
0.0151703989545 0.969233234476 0.740267677185
0.00871703989545 0.969233234476 0.723539710298
0.0161717039895 0.969233234476 0.698803734501
0.020517170399 0.969233234476 0.664633706902
0.0200517170399 0.969233234476 0.619235670543
0.014605171704 0.969233234476 0.560646700023
0.0149605171704 0.969233234476 0.487253375019
0.00869605171704 0.969233234476 0.398880761598
0.0089696051717 0.969233234476 0.298656157748
0.00539696051717 0.969233234476 0.279747714089
0.00773969605172 0.969233234476 0.353920794102
0.00797396960517 0.969233234476 0.422863719466
0.00619739696052 0.969233234476 0.494836341112
0.00871973969605 0.969233234476 0.574487094255
0.0116719739696 0.969233234476 0.640039913787
0.020967197397 0.969233234476 0.691172098532
0.0164967197397 0.969233234476 0.7300685879
0.013349671974 0.969233234476 0.758963717353
0.0157349671974 0.969233234476 0.77970161346
0.0141734967197 0.969233234476 0.79366503355
0.016717349672 0.969233234476 0.801800307286
0.0169717349672 0.969233234476 0.804661094069
0.0178971734967 0.969233234476 0.802442145982
0.0143897173497 0.969233234476 0.794992377014
0.014038971735 0.969233234476 0.781804356601
0.0212038971735 0.969233234476 0.761982191733
0.0192203897173 0.969233234476 0.73419670404
0.0154220389717 0.969233234476 0.696651887473
0.0186422038972 0.969233234476 0.647119315726
0.0207642203897 0.969233234476 0.583161294193
0.010176422039 0.969233234476 0.59462199193
0.0172176422039 0.969233234476 0.649649846307
0.0161217642204 0.969233234476 0.696670358095
0.019612176422 0.969233234476 0.732668030091
0.0190612176422 0.969233234476 0.759223661572
0.00910612176422 0.969233234476 0.777976514903
0.0189106121764 0.969233234476 0.790160615009
0.0135910612176 0.969233234476 0.796591782126
0.0184591061218 0.969233234476 0.797702500329
0.0180459106122 0.969233234476 0.793567497039
0.0153045910612 0.969233234476 0.783908397254
0.0231304591061 0.969233234476 0.768075839403
0.0194130459106 0.969233234476 0.745013465872
0.0136413045911 0.969233234476 0.756136738106
0.0130641304591 0.969233234476 0.770536190811
0.0166064130459 0.969233234476 0.779615700505
0.0214606413046 0.969233234476 0.783015666955
0.0174460641305 0.969233234476 0.78086364812
0.016144606413 0.969233234476 0.773008881812
0.0232144606413 0.969233234476 0.7589362797
0.0113214460641 0.969233234476 0.737732489436
0.0146321446064 0.969233234476 0.708052969407
0.0149632144606 0.969233234476 0.668114106163
0.0167963214461 0.969233234476 0.615777306141
0.0169796321446 0.969233234476 0.548860856447
0.0115979632145 0.969233234476 0.465916692381
0.0182597963214 0.969233234476 0.367783172505
0.0135259796321 0.969233234476 0.260011292466
0.0157525979632 0.969233234476 0.155129621552
0.0105752597963 0.969233234476 0.0711840702014
0.00825752597963 0.969233234476 0.0219533430972
0.00982575259796 0.969233234476 0.00396200486154
0.0072825752598 0.969233234476 0.000449159709026
0.00702825752598 0.969233234476 4.74599422189e-05
0.0079028257526 0.969233234476 3.51852918322e-05
0.00439028257526 0.969233234476 6.92709368106e-05
0.00943902825753 0.969233234476 0.000341179772656
0.0135439028258 0.969233234476 0.00484246383377
0.0166543902826 0.969233234476 0.0258973256939
0.0178654390283 0.969233234476 0.0762391158154
0.0233865439028 0.969233234476 0.155244782686
0.0194386543903 0.969233234476 0.250310648686
0.017243865439 0.969233234476 0.34698508445
0.0134243865439 0.969233234476 0.435303405047
0.0139424386544 0.969233234476 0.510586648552
0.0139942438654 0.969233234476 0.571820023057
0.0130994243865 0.969233234476 0.619878545236
0.0202099424387 0.969233234476 0.656324114263
0.0137209942439 0.969233234476 0.682753959463
0.0139720994244 0.969233234476 0.700503611521
0.0193972099424 0.969233234476 0.710536642841
0.0136397209942 0.969233234476 0.713416999431
0.0157639720994 0.969233234476 0.709308547977
0.0150763972099 0.969233234476 0.697976619691
0.020407639721 0.969233234476 0.678785052907
0.0173407639721 0.969233234476 0.679451944036
0.0107340763972 0.969233234476 0.703874787836
0.00647340763972 0.969233234476 0.723057138094
0.013247340764 0.969233234476 0.735073190468
0.0130247340764 0.969233234476 0.740334437498
0.0157024734076 0.969233234476 0.739127700744
0.0159702473408 0.969233234476 0.731376620159
0.0132970247341 0.969233234476 0.7166143118
0.0130297024734 0.969233234476 0.693969051463
0.0121029702473 0.969233234476 0.662158776811
0.0138102970247 0.969233234476 0.61953110414
0.0238810297025 0.969233234476 0.564228664221
0.0140881029702 0.969233234476 0.56189712934
0.016708810297 0.969233234476 0.628000863229
0.0151708810297 0.969233234476 0.686296041324
0.00871708810297 0.969233234476 0.731572236515
0.0134717088103 0.969233234476 0.765680789174
0.012147170881 0.969233234476 0.790793759031
0.0138147170881 0.969233234476 0.808654625662
0.0193814717088 0.969233234476 0.820532835893
0.0127381471709 0.969233234476 0.827275337946
0.0138738147171 0.969233234476 0.82936138112
0.0139873814717 0.969233234476 0.826938859989
0.0202987381472 0.969233234476 0.819836141497
0.0146298738147 0.969233234476 0.807548088264
0.0167629873815 0.969233234476 0.789197516301
0.0106762987381 0.969233234476 0.763477846644
0.0127676298738 0.969233234476 0.728594362824
0.0246767629874 0.969233234476 0.682249093678
0.0114676762987 0.969233234476 0.62177264671
0.00744676762987 0.969233234476 0.544612807586
0.00614467676299 0.969233234476 0.449535973287
0.0024144676763 0.969233234476 0.408323601155
0.00474144676763 0.969233234476 0.464780815278
0.0112741446768 0.969233234476 0.507325810434
0.00832741446768 0.969233234476 0.55880537954
0.0107327414468 0.969233234476 0.630744385531
0.0109732741447 0.969233234476 0.689916205908
0.0154973274145 0.969233234476 0.735473003591
0.0168497327414 0.969233234476 0.769753794479
0.0106849732741 0.969233234476 0.795018701564
0.0208684973274 0.969233234476 0.81304980647
0.0182868497327 0.969233234476 0.825144479065
0.0180286849733 0.969233234476 0.832174310684
0.0216028684973 0.969233234476 0.834643683186
0.0156602868497 0.969233234476 0.832729151113
0.019566028685 0.969233234476 0.826294010153
0.0145566028685 0.969233234476 0.814876773623
0.0104556602868 0.969233234476 0.797654330917
0.0199455660287 0.969233234476 0.773384127305
0.0154945566029 0.969233234476 0.740339407012
0.0105494556603 0.969233234476 0.696275428228
0.015454945566 0.969233234476 0.638516569635
0.0141454945566 0.969233234476 0.564353219827
0.0158145494557 0.969233234476 0.472085783848
0.0132814549456 0.969233234476 0.493015844505
0.0139281454946 0.969233234476 0.540010454596
0.0103928145495 0.969233234476 0.579004505603
0.0145392814549 0.969233234476 0.607637612455
0.0185539281455 0.969233234476 0.626637227926
0.0198553928145 0.969233234476 0.636784835547
0.0118855392815 0.969233234476 0.638542331131
0.0155885539281 0.969233234476 0.631991124666
0.00875885539281 0.969233234476 0.616824330499
0.0188758855393 0.969233234476 0.59236396648
0.0144875885539 0.969233234476 0.557620280033
0.0158487588554 0.969233234476 0.5524578981
0.0276848758855 0.969233234476 0.572881386751
0.0162684875886 0.969233234476 0.587171898071
0.00882684875886 0.969233234476 0.592629287538
0.0152826848759 0.969233234476 0.58914668815
0.0105282684876 0.969233234476 0.576550265756
0.0163528268488 0.969233234476 0.554350896672
0.0151352826849 0.969233234476 0.521785257419
0.0141135282685 0.969233234476 0.477975390591
0.0176113528268 0.969233234476 0.422265175969
0.0134611352827 0.969233234476 0.3548443739
0.00944611352827 0.969233234476 0.277750533819
0.0135446113528 0.969233234476 0.196123080956
0.0148544611353 0.969233234476 0.11894763396
0.0230854461135 0.969233234476 0.0575127124903
0.0140085446114 0.969233234476 0.0198970627485
0.0140008544611 0.969233234476 0.00432890818109
0.0149000854461 0.969233234476 0.000571109942316
0.0140900085446 0.969233234476 5.85694399291e-05
0.00770900085446 0.969233234476 5.85774899246e-06
0.00527090008545 0.969233234476 5.85775071576e-07
0.00592709000854 0.969233234476 5.85942470835e-08
0.00959270900085 0.969233234476 5.88012924875e-09
0.0153592709001 0.969233234476 1.10825825845e-09
0.01323592709 0.969233234476 6.83533004713e-07
0.015723592709 0.969233234476 6.06050791056e-05
0.0195723592709 0.969233234476 0.00106914050389
0.0163572359271 0.969233234476 0.00702278130488
0.0205357235927 0.969233234476 0.0248339622274
0.0110535723593 0.969233234476 0.0589613692
0.0182053572359 0.969233234476 0.107643119225
0.0189205357236 0.969233234476 0.164590244749
0.0135920535724 0.969233234476 0.222680797323
0.0139592053572 0.969233234476 0.276318969836
0.0229959205357 0.969233234476 0.32200970522
0.0184995920536 0.969233234476 0.357968226275
0.0135499592054 0.969233234476 0.38348847422
0.00855499592054 0.969233234476 0.398407185634
0.0188554995921 0.969233234476 0.402747980468
0.0189855499592 0.969233234476 0.396531392565
0.0171985549959 0.969233234476 0.379722224305
0.0161198554996 0.969233234476 0.352303981138
0.02141198555 0.969233234476 0.377956204256
0.014741198555 0.969233234476 0.415653732481
0.0212741198555 0.969233234476 0.444771394222
0.0156274119855 0.969233234476 0.463452909742
0.0141627411986 0.969233234476 0.471763507283
0.0158162741199 0.969233234476 0.469837389912
0.012381627412 0.969233234476 0.457631599278
0.0102381627412 0.969233234476 0.43492690036
0.0127238162741 0.969233234476 0.401448613068
0.0147723816274 0.969233234476 0.357131681859
0.0131772381627 0.969233234476 0.345844405959
0.0166177238163 0.969233234476 0.44272465139
0.0169617723816 0.969233234476 0.536180451861
0.0151961772382 0.969233234476 0.613327876167
0.0186196177238 0.969233234476 0.674129191603
0.0126619617724 0.969233234476 0.720866766079
0.00936619617724 0.969233234476 0.756104755406
0.0135366196177 0.969233234476 0.782091412277
0.0139536619618 0.969233234476 0.800597214684
0.0166953661962 0.969233234476 0.812915135021
0.0205695366196 0.969233234476 0.819911006589
0.013756953662 0.969233234476 0.822075931563
0.0166756953662 0.969233234476 0.819561613679
0.0196675695366 0.969233234476 0.81219193996
0.0217667569537 0.969233234476 0.799449265047
0.0147766756954 0.969233234476 0.78043698784
0.0149776675695 0.969233234476 0.753825357013
0.015897766757 0.969233234476 0.717800457313
0.0231897766757 0.969233234476 0.670066213844
0.00951897766757 0.969233234476 0.608010751818
0.00725189776676 0.969233234476 0.529256971603
0.00522518977668 0.969233234476 0.432955079917
0.00502251897767 0.969233234476 0.368574142249
0.00950225189777 0.969233234476 0.408474651116
0.00725022518978 0.969233234476 0.428319105168
0.00522502251898 0.969233234476 0.466320720747
0.0158225022519 0.969233234476 0.545015955459
0.0141822502252 0.969233234476 0.613138389833
0.0221182250225 0.969233234476 0.666990447945
0.0184118225023 0.969233234476 0.708242488666
0.0108411822502 0.969233234476 0.739030130798
0.011884118225 0.969233234476 0.761197661044
0.0200884118225 0.969233234476 0.776156355793
0.0137088411823 0.969233234476 0.784883340117
0.0166708841182 0.969233234476 0.787954113901
0.0151670884118 0.969233234476 0.785571708314
0.0168167088412 0.969233234476 0.777578432108
0.0196816708841 0.969233234476 0.763446300316
0.0172681670884 0.969233234476 0.742248857792
0.0179268167088 0.969233234476 0.712626120556
0.0116926816709 0.969233234476 0.672772517987
0.0164692681671 0.969233234476 0.620514951698
0.0160469268167 0.969233234476 0.553617071934
0.0169046926817 0.969233234476 0.470549693894
0.0169904692682 0.969233234476 0.372047587166
0.0214990469268 0.969233234476 0.263569817645
0.0138499046927 0.969233234476 0.159843659013
0.0103849904693 0.969233234476 0.181083983333
0.0172384990469 0.969233234476 0.20894014755
0.0152238499047 0.969233234476 0.229911197845
0.0195223849905 0.969233234476 0.241744202839
0.011852238499 0.969233234476 0.243819150414
0.0173852238499 0.969233234476 0.236040883492
0.017038522385 0.969233234476 0.218714681962
0.0134038522385 0.969233234476 0.192654677491
0.0148403852238 0.969233234476 0.159432059382
0.0158840385224 0.969233234476 0.135852671852
0.0114884038522 0.969233234476 0.151517561794
0.0146488403852 0.969233234476 0.165376654005
0.0185648840385 0.969233234476 0.190345799837
0.0180564884039 0.969233234476 0.209174182016
0.0162056488404 0.969233234476 0.219204678845
0.014220564884 0.969233234476 0.219775967677
0.0185220564884 0.969233234476 0.210841750618
0.0189522056488 0.969233234476 0.192839219406
0.0171952205649 0.969233234476 0.166808736964
0.0188195220565 0.969233234476 0.134632043289
0.0135819522056 0.969233234476 0.0992740218811
0.0157581952206 0.969233234476 0.0647880174254
0.0186758195221 0.969233234476 0.0357029709823
0.0117675819522 0.969233234476 0.0155202362716
0.0119767581952 0.969233234476 0.00485196426023
0.00929767581952 0.969233234476 0.000987400055974
0.00812976758195 0.969233234476 0.000129066684028
0.0080129767582 0.969233234476 1.33296661804e-05
0.00620129767582 0.969233234476 1.33351547444e-06
0.00512012976758 0.969233234476 1.34786955302e-07
0.00771201297676 0.969233234476 7.33124607447e-07
0.00887120129768 0.969233234476 4.08155298456e-05
0.00718712012977 0.969233234476 0.000720943838793
0.010618712013 0.969233234476 0.00571399226653
0.0118618712013 0.969233234476 0.0225801159725
0.0164861871201 0.969233234476 0.0572956165827
0.022348618712 0.969233234476 0.108935378807
0.0184348618712 0.969233234476 0.170855998682
0.0117434861871 0.969233234476 0.235025982853
0.0182743486187 0.969233234476 0.295043265529
0.0162274348619 0.969233234476 0.346955585672
0.0205227434862 0.969233234476 0.38883601427
0.0110522743486 0.969233234476 0.420033250026
0.0173052274349 0.969233234476 0.440529123321
0.0134305227435 0.969233234476 0.450507449991
0.0157430522743 0.969233234476 0.450108875945
0.0132743052274 0.969233234476 0.439324284831
0.0112274305227 0.969233234476 0.417998114363
0.0200227430523 0.969233234476 0.385943038899
0.0245022743052 0.969233234476 0.343197721141
0.0132502274305 0.969233234476 0.2904778832
0.0148250227431 0.969233234476 0.229845514612
0.0140825022743 0.969233234476 0.165477653578
0.0230082502274 0.969233234476 0.104052475181
0.0212008250227 0.969233234476 0.0539353275032
0.0165200825023 0.969233234476 0.0516362631419
0.0151520082502 0.969233234476 0.0502304065482
0.011415200825 0.969233234476 0.045224997056
0.0191415200825 0.969233234476 0.0370159099308
0.0235141520083 0.969233234476 0.0308767055939
0.0149514152008 0.969233234476 0.0805576650493
0.0149951415201 0.969233234476 0.161559013651
0.016799514152 0.969233234476 0.258318990493
0.0142799514152 0.969233234476 0.355973306549
0.0266279951415 0.969233234476 0.444666782601
0.0143627995142 0.969233234476 0.519941537402
0.0122362799514 0.969233234476 0.580977876194
0.00932362799514 0.969233234476 0.628787156973
0.00813236279951 0.969233234476 0.665016383073
0.00981323627995 0.969233234476 0.691313399677
0.015381323628 0.969233234476 0.709044556668
0.0204381323628 0.969233234476 0.719194756388
0.0182438132363 0.969233234476 0.722346291215
0.0216243813236 0.969233234476 0.718682075631
0.0201624381324 0.969233234476 0.7079885726
0.0209162438132 0.969233234476 0.689651635215
0.0200916243813 0.969233234476 0.662652808921
0.0146091624381 0.969233234476 0.625592144785
0.0158609162438 0.969233234476 0.576794735363
0.0168860916244 0.969233234476 0.514610293935
0.0106886091624 0.969233234476 0.461447551746
0.00736886091624 0.969233234476 0.401997217676
0.00343688609162 0.969233234476 0.331807642155
0.00664368860916 0.969233234476 0.344061434871
0.00426436886092 0.969233234476 0.417064348048
0.0130264368861 0.969233234476 0.49038477213
0.00940264368861 0.969233234476 0.554754148348
0.0135402643689 0.969233234476 0.606138576991
0.0121540264369 0.969233234476 0.645525000178
0.0165154026437 0.969233234476 0.674480714654
0.0106515402644 0.969233234476 0.69441225141
0.0136651540264 0.969233234476 0.70637909665
0.0139665154026 0.969233234476 0.711045747998
0.0139966515403 0.969233234476 0.708676035952
0.013999665154 0.969233234476 0.699134892454
0.0157999665154 0.969233234476 0.681886518621
0.0177799966515 0.969233234476 0.655993984625
0.0161779996652 0.969233234476 0.620143822411
0.0124177999665 0.969233234476 0.572748721803
0.0201417799967 0.969233234476 0.536759365151
0.0137141779997 0.969233234476 0.49269703784
0.0202714178 0.969233234476 0.436929423817
0.00922714178 0.969233234476 0.369162256738
0.017122714178 0.969233234476 0.291140651155
0.0080122714178 0.969233234476 0.207732317097
0.0224012271418 0.969233234476 0.127822592487
0.0148401227142 0.969233234476 0.0630491519876
0.0167840122714 0.969233234476 0.022404226028
0.0133784012271 0.969233234476 0.00503285654506
0.0112378401227 0.969233234476 0.00209314391217
0.0137237840123 0.969233234476 0.0116473410347
0.0211723784012 0.969233234476 0.0419407958977
0.0156172378401 0.969233234476 0.0983565934541
0.016861723784 0.969233234476 0.175086496253
0.0142861723784 0.969233234476 0.260393008338
0.0230286172378 0.969233234476 0.343585832825
0.0158028617238 0.969233234476 0.417959126229
0.0159802861724 0.969233234476 0.480533342864
0.0159980286172 0.969233234476 0.530737918528
0.0177998028617 0.969233234476 0.56920274555
0.0170799802862 0.969233234476 0.596962045998
0.0215079980286 0.969233234476 0.615013440328
0.0210507998029 0.969233234476 0.624102739659
0.0192050799803 0.969233234476 0.62463089878
0.018120507998 0.969233234476 0.616620677064
0.0198120507998 0.969233234476 0.599714403095
0.01278120508 0.969233234476 0.573201106116
0.012078120508 0.969233234476 0.536097797192
0.0174078120508 0.969233234476 0.487342967898
0.0224407812051 0.969233234476 0.42620279277
0.0175440781205 0.969233234476 0.353025106864
0.0170544078121 0.969233234476 0.27042946998
0.0179054407812 0.969233234476 0.18470455904
0.0170905440781 0.969233234476 0.106327991949
0.0161090544078 0.969233234476 0.0473738974643
0.0124109054408 0.969233234476 0.0144840448767
0.0111410905441 0.969233234476 0.00268497344049
0.00471410905441 0.969233234476 0.00133106146149
0.00767141090544 0.969233234476 0.00688329920521
0.0115671410905 0.969233234476 0.0221608852486
0.0182567141091 0.969233234476 0.0574754457295
0.0162256714109 0.969233234476 0.129569164365
0.0142225671411 0.969233234476 0.223811247684
0.0239222567141 0.969233234476 0.324134385729
0.0140922256714 0.969233234476 0.418273951661
0.0149092225671 0.969233234476 0.499816929309
0.0158909222567 0.969233234476 0.566854089595
0.0204890922257 0.969233234476 0.619971459661
0.0128489092226 0.969233234476 0.660766735911
0.0174848909223 0.969233234476 0.691011545467
0.00984848909223 0.969233234476 0.712258991131
0.0198848489092 0.969233234476 0.7256947086
0.0172884848909 0.969233234476 0.732099735837
0.0125288484891 0.969233234476 0.731853206822
0.0120528848489 0.969233234476 0.724940096799
0.0210052884849 0.969233234476 0.710950489555
0.0192005288485 0.969233234476 0.689070673003
0.0163200528848 0.969233234476 0.658080460671
0.0187320052885 0.969233234476 0.616393291288
0.0117732005288 0.969233234476 0.562214897094
0.0173773200529 0.969233234476 0.493959826911
0.0179377320053 0.969233234476 0.41114019592
0.0134937732005 0.969233234476 0.315937756086
0.0202493773201 0.969233234476 0.21530324507
0.012824937732 0.969233234476 0.122178643374
0.0147824937732 0.969233234476 0.0524153220995
0.0212782493773 0.969233234476 0.0148492310387
0.0165278249377 0.969233234476 0.0141031815443
0.0151527824938 0.969233234476 0.0271578419649
0.0105152782494 0.969233234476 0.045486149653
0.00735152782494 0.969233234476 0.0745764788933
0.0187351527825 0.969233234476 0.157063468518
0.0135735152782 0.969233234476 0.261526747124
0.0148573515278 0.969233234476 0.36867597439
0.0113857351528 0.969233234476 0.466215890156
0.0146385735153 0.969233234476 0.548717834473
0.0113638573515 0.969233234476 0.615337123994
0.00923638573515 0.969233234476 0.667477934269
0.00992363857352 0.969233234476 0.707281132187
0.0117923638574 0.969233234476 0.736856126558
0.0155792363857 0.969233234476 0.757967090407
0.0168579236386 0.969233234476 0.771945281205
0.0169857923639 0.969233234476 0.779693962061
0.0214985792364 0.969233234476 0.781718559366
0.0102498579236 0.969233234476 0.778151449476
0.0154249857924 0.969233234476 0.768759165555
0.0141424985792 0.969233234476 0.752929292577
0.0167142498579 0.969233234476 0.729641622242
0.0169714249858 0.969233234476 0.697439206095
0.0106971424986 0.969233234476 0.654437230942
0.00376971424986 0.969233234476 0.598451844296
0.00397697142499 0.969233234476 0.589870399399
0.0066976971425 0.969233234476 0.635101577981
0.00516976971425 0.969233234476 0.673438372434
0.00951697697142 0.969233234476 0.70962917591
0.00905169769714 0.969233234476 0.746067583692
0.0162051697697 0.969233234476 0.773977532272
0.023220516977 0.969233234476 0.794123287222
0.0167220516977 0.969233234476 0.807787384409
0.0178722051698 0.969233234476 0.815913084291
0.015287220517 0.969233234476 0.819066983334
0.0141287220517 0.969233234476 0.817468947145
0.0140128722052 0.969233234476 0.811007602481
0.0167012872205 0.969233234476 0.799231641668
0.0187701287221 0.969233234476 0.781317222764
0.0144770128722 0.969233234476 0.756017267041
0.0131477012872 0.969233234476 0.721609925841
0.0112147701287 0.969233234476 0.675889843083
0.0191214770129 0.969233234476 0.616300802504
0.0190121477013 0.969233234476 0.54040776683
0.0199012147701 0.969233234476 0.447041674961
0.012790121477 0.969233234476 0.339117505393
0.0138790121477 0.969233234476 0.296202796622
0.0175879012148 0.969233234476 0.259310067674
0.0179587901215 0.969233234476 0.215645117974
0.00989587901215 0.969233234476 0.166411156742
0.00908958790121 0.969233234476 0.115771643701
0.0108089587901 0.969233234476 0.0695880450276
0.016380895879 0.969233234476 0.11184555373
0.0115380895879 0.969233234476 0.207316222809
0.0110538089588 0.969233234476 0.316886456509
0.0200053808959 0.969233234476 0.422343549894
0.0110005380896 0.969233234476 0.514459109007
0.020000053809 0.969233234476 0.590294858391
0.0182000053809 0.969233234476 0.650425728865
0.0207200005381 0.969233234476 0.696868672422
0.0227720000538 0.969233234476 0.73192093269
0.0175772000054 0.969233234476 0.7576355293
0.0134577200005 0.969233234476 0.775641785841
0.0202457720001 0.969233234476 0.787121075247
0.0155245772 0.969233234476 0.792836706776
0.01145245772 0.969233234476 0.793170244967
0.019145245772 0.969233234476 0.78814393628
0.0199145245772 0.969233234476 0.777421927265
0.0109914524577 0.969233234476 0.760289786426
0.0172991452458 0.969233234476 0.735618285286
0.0179299145246 0.969233234476 0.701829117387
0.0116929914525 0.969233234476 0.656905156424
0.0146692991452 0.969233234476 0.598537783713
0.0158669299145 0.969233234476 0.524590980217
0.0240866929915 0.969233234476 0.434174571283
0.0150086692991 0.969233234476 0.329636355003
0.0141008669299 0.969233234476 0.219286190628
0.014910086693 0.969233234476 0.118868301029
0.0068910086693 0.969233234476 0.0469623823947
0.00788910086693 0.969233234476 0.0303647862141
0.00618891008669 0.969233234476 0.0633195085687
0.0114188910087 0.969233234476 0.104896552608
0.00474188910087 0.969233234476 0.170054412251
0.0139741889101 0.969233234476 0.280134963867
0.015797418891 0.969233234476 0.394028249375
0.0141797418891 0.969233234476 0.496500888434
0.0248179741889 0.969233234476 0.582014533026
0.0141817974189 0.969233234476 0.650240889712
0.00861817974189 0.969233234476 0.703164759432
0.0161618179742 0.969233234476 0.743401159779
0.0160161817974 0.969233234476 0.773405889413
0.0133016181797 0.969233234476 0.795191151708
0.013930161818 0.969233234476 0.810276214215
0.0184930161818 0.969233234476 0.819725915823
0.0144493016182 0.969233234476 0.824207516208
0.0185449301618 0.969233234476 0.824036621082
0.0144544930162 0.969233234476 0.819201278496
0.0185454493016 0.969233234476 0.809360910101
0.0171545449302 0.969233234476 0.793820081032
0.013415454493 0.969233234476 0.77148054945
0.0184415454493 0.969233234476 0.740782981507
0.0108441545449 0.969233234476 0.699669046309
0.0145844154545 0.969233234476 0.645637137732
0.0176584415454 0.969233234476 0.576047637483
0.0170658441545 0.969233234476 0.488964793005
0.0125065844155 0.969233234476 0.384937752268
0.0165506584415 0.969233234476 0.269901723222
0.0169550658442 0.969233234476 0.167598101892
0.0178955065844 0.969233234476 0.225853898195
0.0134895506584 0.969233234476 0.298818067233
0.0193489550658 0.969233234476 0.366399793176
0.0109348955066 0.969233234476 0.423911765734
0.0145934895507 0.969233234476 0.470091034773
0.0140593489551 0.969233234476 0.50499863762
0.0140059348955 0.969233234476 0.529190516568
0.0131005934896 0.969233234476 0.546408650362
0.017510059349 0.969233234476 0.608072359838
0.0134510059349 0.969233234476 0.661093711647
0.0148451005935 0.969233234476 0.70213436385
0.0203845100593 0.969233234476 0.742621481001
0.00923845100593 0.969233234476 0.774747889495
0.0207238451006 0.969233234476 0.798480407431
0.0227723845101 0.969233234476 0.815282021909
0.014877238451 0.969233234476 0.826339686136
0.0149877238451 0.969233234476 0.832446675119
0.0140987723845 0.969233234476 0.83404011656
0.0221098772385 0.969233234476 0.831233805393
0.0193109877238 0.969233234476 0.823827392963
0.0199310987724 0.969233234476 0.811289669197
0.0127931098772 0.969233234476 0.792717069187
0.0102793109877 0.969233234476 0.766773083717
0.0136279310988 0.969233234476 0.731626112556
0.00766279310988 0.969233234476 0.684931646217
0.00706627931099 0.969233234476 0.660960858761
0.0079066279311 0.969233234476 0.688461562462
0.00709066279311 0.969233234476 0.706417617399
0.00790906627931 0.969233234476 0.728751509144
0.0142909066279 0.969233234476 0.762130236267
0.00682909066279 0.969233234476 0.788426035422
0.0195829090663 0.969233234476 0.807439449698
0.0145582909066 0.969233234476 0.820322483971
0.0140558290907 0.969233234476 0.827976769749
0.0131055829091 0.969233234476 0.830946304228
0.0175105582909 0.969233234476 0.82944201351
0.0233510558291 0.969233234476 0.823357100152
0.0212351055829 0.969233234476 0.816896196985
0.0192235105583 0.969233234476 0.809470146961
0.0235223510558 0.969233234476 0.797042967837
0.0140522351056 0.969233234476 0.778394633808
0.0104052235106 0.969233234476 0.752195388106
0.0100405223511 0.969233234476 0.716669150147
0.0118040522351 0.969233234476 0.689709442738
0.0236804052235 0.969233234476 0.683315910412
0.0194680405224 0.969233234476 0.67206044154
0.0127468040522 0.969233234476 0.652842520367
0.0129746804052 0.969233234476 0.624448267314
0.0111974680405 0.969233234476 0.585560807655
0.0227197468041 0.969233234476 0.534718748802
0.0139719746804 0.969233234476 0.470682068279
0.013997197468 0.969233234476 0.393212094228
0.0184997197468 0.969233234476 0.304409108294
0.0126499719747 0.969233234476 0.304419824807
0.0174649971975 0.969233234476 0.408382732524
0.0152464997197 0.969233234476 0.509987631249
0.014124649972 0.969233234476 0.594998392249
0.0122124649972 0.969233234476 0.662533863578
0.0192212464997 0.969233234476 0.71471973352
0.02172212465 0.969233234476 0.754291250071
0.017472212465 0.969233234476 0.783768044672
0.0152472212465 0.969233234476 0.805192261783
0.0159247221246 0.969233234476 0.820097765179
0.0168924722125 0.969233234476 0.829560099512
0.0124892472212 0.969233234476 0.834260200822
0.0183489247221 0.969233234476 0.834534725635
0.0126348924722 0.969233234476 0.830403382615
0.0138634892472 0.969233234476 0.821570481906
0.0202863489247 0.969233234476 0.807400497194
0.0164286348925 0.969233234476 0.786869743468
0.0169428634892 0.969233234476 0.758502140534
0.0178942863489 0.969233234476 0.720312424076
0.0152894286349 0.969233234476 0.669815811762
0.00872894286349 0.969233234476 0.60423618969
0.0116728942863 0.969233234476 0.521171402175
0.0182672894286 0.969233234476 0.420122952626
0.00812672894286 0.969233234476 0.30523501292
0.0143126728943 0.969233234476 0.188580802659
0.00593126728943 0.969233234476 0.0903369482584
0.00509312672894 0.969233234476 0.0549559503634
0.00140931267289 0.969233234476 0.0898038980172
0.00734093126729 0.969233234476 0.121879806147
0.0151340931267 0.969233234476 0.176552475252
0.0159134093127 0.969233234476 0.286387058448
0.0177913409313 0.969233234476 0.400338775627
0.0170791340931 0.969233234476 0.502468192064
0.0161079134093 0.969233234476 0.587421593792
0.0133107913409 0.969233234476 0.65504479311
0.0121310791341 0.969233234476 0.707415175827
0.0174131079134 0.969233234476 0.747184576476
0.0134413107913 0.969233234476 0.776816545785
0.0166441310791 0.969233234476 0.798318575853
0.0214644131079 0.969233234476 0.813201495552
0.0165464413108 0.969233234476 0.822522115661
0.0142546441311 0.969233234476 0.826941858468
0.0122254644131 0.969233234476 0.826773366332
0.0219225464413 0.969233234476 0.82200481334
0.0174922546441 0.969233234476 0.812298835731
0.0233492254644 0.969233234476 0.796966078484
0.0167349225464 0.969233234476 0.774916530501
0.00887349225464 0.969233234476 0.744599373739
0.0116873492255 0.969233234476 0.703960734413
0.0155687349225 0.969233234476 0.650490206394
0.0123568734923 0.969233234476 0.58150849922
0.00933568734923 0.969233234476 0.494980153293
0.0162335687349 0.969233234476 0.391258900601
0.0124233568735 0.969233234476 0.34895976441
0.0201423356873 0.969233234476 0.433421774759
0.0173142335687 0.969233234476 0.51766943422
0.0161314233569 0.969233234476 0.587742874843
0.0151131423357 0.969233234476 0.643249658612
0.0204113142336 0.969233234476 0.685962436795
0.0119411314234 0.969233234476 0.717918460799
0.0110941131423 0.969233234476 0.740906053527
0.0227094113142 0.969233234476 0.756311805627
0.0130709411314 0.969233234476 0.765098008264
0.0193070941131 0.969233234476 0.767821753417
0.0199307094113 0.969233234476 0.764656570689
0.0145930709411 0.969233234476 0.774339438185
0.0176593070941 0.969233234476 0.796525564025
0.0161659307094 0.969233234476 0.813739762714
0.00971659307094 0.969233234476 0.825315507189
0.0144716593071 0.969233234476 0.831895190668
0.0113471659307 0.969233234476 0.833931067609
0.0155347165931 0.969233234476 0.831566617676
0.0222534716593 0.969233234476 0.82463294627
0.0148253471659 0.969233234476 0.812633121813
0.0221825347166 0.969233234476 0.798082828291
0.0166182534717 0.969233234476 0.783308042122
0.0151618253472 0.969233234476 0.762342125661
0.0150161825347 0.969233234476 0.733274135353
0.0105016182535 0.969233234476 0.694169037804
0.0109501618253 0.969233234476 0.642710339398
0.00739501618253 0.969233234476 0.597520352128
0.00433950161825 0.969233234476 0.614683008734
0.00403395016183 0.969233234476 0.616012724822
0.00490339501618 0.969233234476 0.630753269897
0.00859033950162 0.969233234476 0.684886658657
0.0116590339502 0.969233234476 0.730525195868
0.012865903395 0.969233234476 0.765288456662
0.0120865903395 0.969233234476 0.790968422429
0.020108659034 0.969233234476 0.809310639536
0.0218108659034 0.969233234476 0.82161949298
0.0183810865903 0.969233234476 0.828775709459
0.013538108659 0.969233234476 0.831289779295
0.0130538108659 0.969233234476 0.829340500565
0.0157053810866 0.969233234476 0.82278939893
0.0177705381087 0.969233234476 0.811169270665
0.0152770538109 0.969233234476 0.793647713799
0.0177277053811 0.969233234476 0.802112694262
0.0161727705381 0.969233234476 0.809471977193
0.0124172770538 0.969233234476 0.812185946445
0.0138417277054 0.969233234476 0.810036979511
0.0166841727705 0.969233234476 0.802836471281
0.0142684172771 0.969233234476 0.790083338562
0.0185268417277 0.969233234476 0.770897362964
0.0162526841728 0.969233234476 0.74396723957
0.0196252684173 0.969233234476 0.707507947835
0.0190625268417 0.969233234476 0.659276696171
0.0172062526842 0.969233234476 0.596760558358
0.0170206252684 0.969233234476 0.517754691318
0.0143020625268 0.969233234476 0.421676346563
0.0176302062527 0.969233234476 0.349718368847
