0.0009 0.872309911029 0.374644949023
0.00369 0.959540902132 0.464625847032
0.006669 0.968264001242 0.492269850823
0.0096669 0.969136311153 0.504461439028
0.01086669 0.969223542144 0.50612729809
0.008286669 0.969232265243 0.49777207535
0.0143286669 0.969233137553 0.479228454033
0.00953286669 0.969233224784 0.450102897697
0.011753286669 0.969233233507 0.4099934796
0.0119753286669 0.969233234379 0.358843615025
0.00749753286669 0.969233234467 0.297535245271
0.00524975328667 0.969233234475 0.22874307614
0.00862497532867 0.969233234476 0.157832146335
0.0143624975329 0.969233234476 0.105037869811
0.0104362497533 0.969233234476 0.192084509027
0.00734362497533 0.969233234476 0.306714404916
0.00793436249753 0.969233234476 0.420257986059
0.0106934362498 0.969233234476 0.520248486639
0.011869343625 0.969233234476 0.602580872092
0.0065869343625 0.969233234476 0.667692448139
0.0177586934362 0.969233234476 0.717894893546
0.0170758693436 0.969233234476 0.755888642572
0.0143075869344 0.969233234476 0.784104804631
0.0113307586934 0.969233234476 0.804492011211
0.0128330758693 0.969233234476 0.818500315974
0.00668330758693 0.969233234476 0.827132828652
0.00876833075869 0.969233234476 0.831006184538
0.0116768330759 0.969233234476 0.830396023912
0.0164676833076 0.969233234476 0.825259076926
0.0160467683308 0.969233234476 0.815229493501
0.0133046768331 0.969233234476 0.799589624193
0.00493046768331 0.969233234476 0.777218482534
0.0130930467683 0.969233234476 0.746528839237
0.0121093046768 0.969233234476 0.705423219822
0.0129109304677 0.969233234476 0.651342155711
0.00759109304677 0.969233234476 0.581562714631
0.00615910930468 0.969233234476 0.598912528809
0.0123159109305 0.969233234476 0.645092671657
0.00483159109305 0.969233234476 0.683487183723
0.0076831591093 0.969233234476 0.712128339453
0.0106683159109 0.969233234476 0.73221562692
0.00556683159109 0.969233234476 0.744894709565
0.0122566831591 0.969233234476 0.750932529849
0.0129256683159 0.969233234476 0.750700589917
0.0129925668316 0.969233234476 0.744184266439
0.00939925668316 0.969233234476 0.730981649868
0.0126399256683 0.969233234476 0.71028961573
0.0138639925668 0.969233234476 0.680888829322
0.0121863992567 0.969233234476 0.641158875209
0.00661863992567 0.969233234476 0.589190652357
0.00516186399257 0.969233234476 0.523125347279
0.00501618639926 0.969233234476 0.44193431004
0.00500161863993 0.969233234476 0.430712655811
0.00770016186399 0.969233234476 0.495789228905
0.0070700161864 0.969233234476 0.553697634817
0.00520700161864 0.969233234476 0.609527350668
0.0140207001619 0.969233234476 0.6660676344
0.0176020700162 0.969233234476 0.710758884159
0.0206602070016 0.969233234476 0.74449827036
0.0155660207002 0.969233234476 0.769204083585
0.01145660207 0.969233234476 0.786477305022
0.011045660207 0.969233234476 0.797477769523
0.0128045660207 0.969233234476 0.802951734178
0.0129804566021 0.969233234476 0.803271241688
0.0138980456602 0.969233234476 0.798458005588
0.013089804566 0.969233234476 0.788184720224
0.0175089804566 0.969233234476 0.771753284248
0.0161508980457 0.969233234476 0.748054867364
0.0178150898046 0.969233234476 0.715526986712
0.0179815089805 0.969233234476 0.672145376438
0.015298150898 0.969233234476 0.615535233012
0.0204298150898 0.969233234476 0.657688224598
0.020942981509 0.969233234476 0.708778810345
0.0128942981509 0.969233234476 0.749405885013
0.0183894298151 0.969233234476 0.779914119948
0.0171389429815 0.969233234476 0.802178040566
0.00981389429815 0.969233234476 0.817762204461
0.0189813894298 0.969233234476 0.827786270991
0.014498138943 0.969233234476 0.832970374888
0.0104498138943 0.969233234476 0.833685350954
0.0190449813894 0.969233234476 0.829982295256
0.0109044981389 0.969233234476 0.821596703161
0.0145904498139 0.969233234476 0.807926631028
0.0194590449814 0.969233234476 0.787986724937
0.0145459044981 0.969233234476 0.760345397485
0.0122545904498 0.969233234476 0.723066711976
0.015625459045 0.969233234476 0.673711855692
0.0141625459045 0.969233234476 0.60952401326
0.0167162545904 0.969233234476 0.528041795986
0.015171625459 0.969233234476 0.428536382409
0.0168171625459 0.969233234476 0.314640313083
0.0133817162546 0.969233234476 0.19765369373
0.0166381716255 0.969233234476 0.237805900156
0.0223638171625 0.969233234476 0.322792730047
0.0220363817163 0.969233234476 0.405032291726
0.0211036381716 0.969233234476 0.476070046878
0.0156103638172 0.969233234476 0.534190219339
0.0204610363817 0.969233234476 0.579806345545
0.0173461036382 0.969233234476 0.614079170398
0.0161346103638 0.969233234476 0.6382712557
0.0106134610364 0.969233234476 0.65344062052
0.0226613461036 0.969233234476 0.660310209969
0.0139661346104 0.969233234476 0.659220424019
0.013096613461 0.969233234476 0.650115750302
0.0076096613461 0.969233234476 0.632545915522
0.0124609661346 0.969233234476 0.605684337136
0.00394609661346 0.969233234476 0.624699491669
0.00669460966135 0.969233234476 0.663281202105
0.00516946096613 0.969233234476 0.701366023113
0.00861694609661 0.969233234476 0.729910338635
0.0125616946097 0.969233234476 0.744614646487
0.018356169461 0.969233234476 0.751966334336
0.0162356169461 0.969233234476 0.752978411264
0.0178235616946 0.969233234476 0.747769391107
0.0143823561695 0.969233234476 0.73602199611
0.0131382356169 0.969233234476 0.717016666485
0.0184138235617 0.969233234476 0.689618740114
0.0126413823562 0.969233234476 0.652282202065
0.0183641382356 0.969233234476 0.603131066665
0.0108364138236 0.969233234476 0.540232253243
0.0190836413824 0.969233234476 0.462256385532
0.0154083641382 0.969233234476 0.369788247195
0.0105408364138 0.969233234476 0.267402935569
0.0154540836414 0.969233234476 0.287972323326
0.0195454083641 0.969233234476 0.391929940107
0.0163545408364 0.969233234476 0.492683364479
0.0124354540836 0.969233234476 0.577563478808
0.0165435454084 0.969233234476 0.645462509213
0.0187543545408 0.969233234476 0.698210206366
0.0189754354541 0.969233234476 0.738341928507
0.0207975435454 0.969233234476 0.768258060852
0.0164797543545 0.969233234476 0.789931003137
0.0169479754355 0.969233234476 0.804849988984
0.0169947975435 0.969233234476 0.814054535686
0.0151994797544 0.969233234476 0.818187147954
0.0168199479754 0.969233234476 0.817535835696
0.0124819947975 0.969233234476 0.812055291035
0.0147481994798 0.969233234476 0.801363311202
0.014074819948 0.969233234476 0.784712816972
0.0185074819948 0.969233234476 0.760944112928
0.0135507481995 0.969233234476 0.728431698409
0.0130550748199 0.969233234476 0.685062548051
0.018405507482 0.969233234476 0.628330919481
0.0243405507482 0.969233234476 0.661602681893
0.0105340550748 0.969233234476 0.710250335371
0.0163534055075 0.969233234476 0.749408100883
0.0160353405507 0.969233234476 0.778789659002
0.0178035340551 0.969233234476 0.800124065383
0.0179803534055 0.969233234476 0.814889538327
0.0161980353406 0.969233234476 0.824135384277
0.0151198035341 0.969233234476 0.828519317607
0.0159119803534 0.969233234476 0.828352215381
0.0213911980353 0.969233234476 0.823622322533
0.0237391198035 0.969233234476 0.813994159761
0.0185739119804 0.969233234476 0.798781947269
0.017157391198 0.969233234476 0.776900545881
0.0125157391198 0.969233234476 0.746804262035
0.00935157391198 0.969233234476 0.706442143743
0.0126351573912 0.969233234476 0.65329926448
0.0111635157391 0.969233234476 0.584674261239
0.00741635157391 0.969233234476 0.554971952716
0.00704163515739 0.969233234476 0.597917053303
0.00610416351574 0.969233234476 0.629272214104
0.0132104163516 0.969233234476 0.665613382356
0.00942104163516 0.969233234476 0.714721454705
0.0126421041635 0.969233234476 0.75401973917
0.0138642104164 0.969233234476 0.783496496347
0.0157864210416 0.969233234476 0.804941295628
0.0123786421042 0.969233234476 0.819863474196
0.0174378642104 0.969233234476 0.829336767328
0.014343786421 0.969233234476 0.834042382286
0.0131343786421 0.969233234476 0.834317227736
0.0112134378642 0.969233234476 0.830181025659
0.0173213437864 0.969233234476 0.821337839111
0.0170321343786 0.969233234476 0.807151643496
0.0143032134379 0.969233234476 0.786598045607
0.0131303213438 0.969233234476 0.75820016525
0.0220130321344 0.969233234476 0.719972137244
0.0139013032134 0.969233234476 0.669429420601
0.0139901303213 0.969233234476 0.603798269675
0.0148990130321 0.969233234476 0.629156108155
0.0104899013032 0.969233234476 0.674999091971
0.0199489901303 0.969233234476 0.712372529692
0.012794899013 0.969233234476 0.740215754852
0.0156794899013 0.969233234476 0.759897943163
0.0240679489901 0.969233234476 0.772633470347
0.015906794899 0.969233234476 0.779242151746
0.0168906794899 0.969233234476 0.780154071555
0.019689067949 0.969233234476 0.775428640849
0.0181689067949 0.969233234476 0.764757442732
0.0198168906795 0.969233234476 0.747447514455
0.0127816890679 0.969233234476 0.722391267519
0.0201781689068 0.969233234476 0.688042247034
0.00831781689068 0.969233234476 0.642441927861
0.0161317816891 0.969233234476 0.5833931814
0.0205131781689 0.969233234476 0.508960935059
0.0164513178169 0.969233234476 0.41858199836
0.0160451317817 0.969233234476 0.315051331731
0.0169045131782 0.969233234476 0.266643454268
0.0151904513178 0.969233234476 0.362812879851
0.0114190451318 0.969233234476 0.464084237794
0.0155419045132 0.969233234476 0.551294556603
0.0150541904513 0.969233234476 0.621909554648
0.0150054190451 0.969233234476 0.677219341399
0.0132005419045 0.969233234476 0.719544852441
0.0130200541905 0.969233234476 0.751226636482
0.013002005419 0.969233234476 0.774245654685
0.0175002005419 0.969233234476 0.790123045811
0.0161500200542 0.969233234476 0.799931568945
0.0151150020054 0.969233234476 0.804338380882
0.0123115002005 0.969233234476 0.803643489254
0.0138311500201 0.969233234476 0.797799585821
0.012183115002 0.969233234476 0.786408623778
0.0138183115002 0.969233234476 0.768695658274
0.00768183115002 0.969233234476 0.769027000437
0.004368183115 0.969233234476 0.786368479933
0.0139368183115 0.969233234476 0.80093342967
0.0121936818312 0.969233234476 0.813208749895
0.0102193681831 0.969233234476 0.823107199765
0.0163219368183 0.969233234476 0.8283812369
0.0178321936818 0.969233234476 0.829110041998
0.0161832193682 0.969233234476 0.82531579095
0.0178183219368 0.969233234476 0.816726454082
0.0170818321937 0.969233234476 0.802730058943
0.0143081832194 0.969233234476 0.782327154641
0.0194308183219 0.969233234476 0.754070132874
0.0154430818322 0.969233234476 0.716010925078
0.00874430818322 0.969233234476 0.665715336228
0.0170744308183 0.969233234476 0.600473594847
0.0170074430818 0.969233234476 0.517958923124
0.0152007443082 0.969233234476 0.417727657829
0.0195200744308 0.969233234476 0.30388919273
0.00825200744308 0.969233234476 0.219561024474
0.0161252007443 0.969233234476 0.299093433158
0.0169125200744 0.969233234476 0.390193299126
0.0151912520074 0.969233234476 0.471714845749
0.0105191252007 0.969233234476 0.539635554395
0.0136519125201 0.969233234476 0.593896089443
0.014865191252 0.969233234476 0.635772375248
0.0104865191252 0.969233234476 0.666863275123
0.0145486519125 0.969233234476 0.688630068913
0.0131548651913 0.969233234476 0.70220664674
0.0193154865191 0.969233234476 0.708337637395
0.0127315486519 0.969233234476 0.707367098139
0.0147731548652 0.969233234476 0.699239673342
0.0176773154865 0.969233234476 0.683499670115
0.0116677315487 0.969233234476 0.659290029132
0.0164667731549 0.969233234476 0.625370787313
0.0124466773155 0.969233234476 0.580203597084
0.0102446677315 0.969233234476 0.522193448958
0.0163244667732 0.969233234476 0.580950004593
0.0133324466773 0.969233234476 0.64690879536
0.0157332446677 0.969233234476 0.699975824263
0.0159733244668 0.969233234476 0.740536311103
0.0150973324467 0.969233234476 0.770819318708
0.0159097332447 0.969233234476 0.792818126782
0.0114909733245 0.969233234476 0.808055909934
0.0173490973324 0.969233234476 0.817603207382
0.0116349097332 0.969233234476 0.822131593302
0.0218634909733 0.969233234476 0.821958879603
0.0129863490973 0.969233234476 0.817073019749
0.0183986349097 0.969233234476 0.807131039211
0.016239863491 0.969233234476 0.791432986727
0.0133239863491 0.969233234476 0.76887455281
0.0148323986349 0.969233234476 0.737890248255
0.00868323986349 0.969233234476 0.696418870198
0.0125683239863 0.969233234476 0.641966303197
0.00305683239863 0.969233234476 0.571924226117
0.00210568323986 0.969233234476 0.520690329325
0.00471056832399 0.969233234476 0.550187766331
0.0094710568324 0.969233234476 0.562495205753
0.0108471056832 0.969233234476 0.588291861912
0.0136847105683 0.969233234476 0.644103144293
0.0175684710568 0.969233234476 0.690721139555
0.0125568471057 0.969233234476 0.726290605147
0.0219556847106 0.969233234476 0.752444226701
0.0156955684711 0.969233234476 0.770774292371
0.0132695568471 0.969233234476 0.782465877708
0.0175269556847 0.969233234476 0.788288807503
0.0116526955685 0.969233234476 0.788628572185
0.0155652695568 0.969233234476 0.783507634471
0.0168565269557 0.969233234476 0.772586562957
0.0169856526956 0.969233234476 0.75514420106
0.0241985652696 0.969233234476 0.730043270167
0.015019856527 0.969233234476 0.695700234542
0.0186019856527 0.969233234476 0.650104202696
0.0225601985653 0.969233234476 0.590980879647
0.0220560198565 0.969233234476 0.516285335873
0.0139056019857 0.969233234476 0.425315857756
0.0211905601986 0.969233234476 0.433339065651
0.0129190560199 0.969233234476 0.480856414216
0.019291905602 0.969233234476 0.52176736957
0.0217291905602 0.969233234476 0.552128306506
0.023772919056 0.969233234476 0.572301903345
0.0230772919056 0.969233234476 0.582925973768
0.0122077291906 0.969233234476 0.584395264077
0.0120207729191 0.969233234476 0.576765345803
0.0201020772919 0.969233234476 0.559741132643
0.0146102077292 0.969233234476 0.532714975424
0.0113610207729 0.969233234476 0.494876337131
0.0101361020773 0.969233234476 0.445452056823
0.0181136102077 0.969233234476 0.384173429806
0.0171113610208 0.969233234476 0.312079555031
0.0260111361021 0.969233234476 0.232667514698
0.0143011136102 0.969233234476 0.15300065244
0.014930111361 0.969233234476 0.203326233579
0.0122930111361 0.969233234476 0.315077593089
0.00932930111361 0.969233234476 0.428267888188
0.0144329301114 0.969233234476 0.52768446124
0.0212432930111 0.969233234476 0.609252373848
0.0192243293011 0.969233234476 0.673585948777
0.0127224329301 0.969233234476 0.723093257669
0.012072243293 0.969233234476 0.760509661594
0.0201072243293 0.969233234476 0.788269978009
0.0209107224329 0.969233234476 0.808314006533
0.0128910722433 0.969233234476 0.82207997887
0.0192891072243 0.969233234476 0.830560563405
0.0154289107224 0.969233234476 0.83436513139
0.00964289107224 0.969233234476 0.833765881214
0.0153642891072 0.969233234476 0.828720106587
0.00963642891072 0.969233234476 0.818866510136
0.00546364289107 0.969233234476 0.803495732928
0.00504636428911 0.969233234476 0.792568585143
0.00590463642891 0.969233234476 0.800083971816
0.00689046364289 0.969233234476 0.802304978858
0.0123890463643 0.969233234476 0.806289575853
0.0174389046364 0.969233234476 0.815682962115
0.0107438904636 0.969233234476 0.82106841569
0.0163743890464 0.969233234476 0.821816004166
0.0142374389046 0.969233234476 0.817877367324
0.0194237438905 0.969233234476 0.808966347365
0.012742374389 0.969233234476 0.794455494429
0.0246742374389 0.969233234476 0.773324267819
0.0159674237439 0.969233234476 0.744101951693
0.0213967423744 0.969233234476 0.704825202441
0.0183396742374 0.969233234476 0.653073724605
0.0162339674237 0.969233234476 0.586222563265
0.0196233967424 0.969233234476 0.502172200532
0.0127623396742 0.969233234476 0.400943811659
0.0183762339674 0.969233234476 0.287397347544
0.0144376233967 0.969233234476 0.174206128237
0.0158437623397 0.969233234476 0.081245933062
0.018684376234 0.969233234476 0.082432760236
0.0117684376234 0.969233234476 0.130627842952
0.0137768437623 0.969233234476 0.187169412541
0.0202776843762 0.969233234476 0.242431842125
0.0128277684376 0.969233234476 0.29153740202
0.00938277684376 0.969233234476 0.331821188509
0.0153382776844 0.969233234476 0.362036258363
0.0177338277684 0.969233234476 0.38174022369
0.0161733827768 0.969233234476 0.390851664242
0.0124173382777 0.969233234476 0.389383387641
0.0147417338278 0.969233234476 0.377327308636
0.0140741733828 0.969233234476 0.35467191828
0.0113074173383 0.969233234476 0.321556243781
0.0119307417338 0.969233234476 0.278584895184
0.0155930741734 0.969233234476 0.227789339933
0.0123593074173 0.969233234476 0.312683766108
0.0156359307417 0.969233234476 0.405334062491
0.0123635930742 0.969233234476 0.487321104168
0.0129363593074 0.969233234476 0.555202946645
0.0138936359307 0.969233234476 0.609213298892
0.0202893635931 0.969233234476 0.650813025203
0.0200289363593 0.969233234476 0.68171632759
0.0173028936359 0.969233234476 0.703456577486
0.0125302893636 0.969233234476 0.71721636812
0.0201530289364 0.969233234476 0.723779152628
0.0218153028936 0.969233234476 0.723526325702
0.0183815302894 0.969233234476 0.716442699752
0.0207381530289 0.969233234476 0.702115831058
0.0164738153029 0.969233234476 0.686039939685
0.0151473815303 0.969233234476 0.69926938415
0.012314738153 0.969233234476 0.708572760662
0.0102314738153 0.969233234476 0.711076774322
0.00642314738153 0.969233234476 0.706583756997
0.00604231473815 0.969233234476 0.694804610643
0.00780423147382 0.969233234476 0.711765799731
0.00978042314738 0.969233234476 0.736031749883
0.00997804231474 0.969233234476 0.760463811901
0.0126978042315 0.969233234476 0.777188483653
0.0111697804231 0.969233234476 0.78161752392
0.0164169780423 0.969233234476 0.779807494913
0.0151416978042 0.969233234476 0.772216549001
0.0141141697804 0.969233234476 0.758406583129
0.017611416978 0.969233234476 0.737489046483
0.0152611416978 0.969233234476 0.708140463267
0.0150261141698 0.969233234476 0.668598615682
0.022202611417 0.969233234476 0.616743340943
0.0256202611417 0.969233234476 0.602906411044
0.0151620261142 0.969233234476 0.585039374015
0.0195162026114 0.969233234476 0.55789450005
0.0145516202611 0.969233234476 0.520084240242
0.0131551620261 0.969233234476 0.47060357585
0.0139155162026 0.969233234476 0.40889952736
0.0211915516203 0.969233234476 0.335623077801
0.022819155162 0.969233234476 0.253820657503
0.0238819155162 0.969233234476 0.170228710694
0.0158881915516 0.969233234476 0.095474617619
0.0213888191552 0.969233234476 0.0853591898021
0.0183388819155 0.969233234476 0.108084163918
0.0162338881916 0.969233234476 0.130604795257
0.0196233888192 0.969233234476 0.147539351877
0.0145623388819 0.969233234476 0.157067450743
0.0113562338882 0.969233234476 0.158398458123
0.0227356233888 0.969233234476 0.15142524004
0.0193735623389 0.969233234476 0.136684640803
0.0235373562339 0.969233234476 0.115439402184
0.0239537356234 0.969233234476 0.0898097613266
0.0158953735623 0.969233234476 0.0628146256513
0.0141895373562 0.969233234476 0.0380807864069
0.0122189537356 0.969233234476 0.0189679726436
0.00662189537356 0.969233234476 0.0126347625459
0.0150621895374 0.969233234476 0.0469549246399
0.0141062189537 0.969233234476 0.118889624546
0.0131106218954 0.969233234476 0.218449928035
0.0157110621895 0.969233234476 0.327505877359
0.015071106219 0.969233234476 0.430914041363
0.0123071106219 0.969233234476 0.520573511269
0.0183307110622 0.969233234476 0.594091457566
0.0144330711062 0.969233234476 0.652242302544
0.0194433071106 0.969233234476 0.697058376696
0.0181443307111 0.969233234476 0.73077472239
0.0180144330711 0.969233234476 0.755359902352
0.0162014433071 0.969233234476 0.772359451117
0.0160201443307 0.969233234476 0.782877924991
0.0133020144331 0.969233234476 0.787607707532
0.0148302014433 0.969233234476 0.786861406376
0.0122830201443 0.969233234476 0.780589576849
0.0111283020144 0.969233234476 0.768377558767
0.00291283020144 0.969233234476 0.749422168292
0.00389128302014 0.969233234476 0.721574429288
0.00218912830201 0.969233234476 0.720202646487
0.0092189128302 0.969233234476 0.707058167552
0.013521891283 0.969233234476 0.700797483313
0.0148521891283 0.969233234476 0.713183122153
0.0131852189128 0.969233234476 0.72089226252
0.0121185218913 0.969233234476 0.7219680376
0.0156118521891 0.969233234476 0.71623256434
0.0213611852189 0.969233234476 0.703328629899
0.0138361185219 0.969233234476 0.682518271447
0.0103836118522 0.969233234476 0.652663612507
0.0118383611852 0.969233234476 0.612264919833
0.0110838361185 0.969233234476 0.559610375368
0.0182083836119 0.969233234476 0.493165405595
0.0171208383612 0.969233234476 0.412401787226
0.0188120838361 0.969233234476 0.319270851549
0.0162812083836 0.969233234476 0.220207689267
0.0133281208384 0.969233234476 0.153378812475
0.0175328120838 0.969233234476 0.0970818852412
0.0206532812084 0.969233234476 0.0511786314228
0.0182653281208 0.969233234476 0.0205899474359
0.0162265328121 0.969233234476 0.00565726402153
0.0106226532812 0.969233234476 0.00131200465461
0.0172622653281 0.969233234476 0.0023349355295
0.0278262265328 0.969233234476 0.00498684976729
0.0117826226533 0.969233234476 0.00862936955839
0.0182782622653 0.969233234476 0.0124981946015
0.0117278262265 0.969233234476 0.0156575641844
0.0191727826227 0.969233234476 0.0173043558061
0.0154172782623 0.969233234476 0.017015526717
0.0159417278262 0.969233234476 0.0148655601338
0.0195941727826 0.969233234476 0.0114074924298
0.0127594172783 0.969233234476 0.00751550186693
0.0156759417278 0.969233234476 0.00489588658972
0.0204675941728 0.969233234476 0.0180517536746
0.0227467594173 0.969233234476 0.0482409007763
0.0193746759417 0.969233234476 0.0952937222141
0.0172374675942 0.969233234476 0.153538882194
0.0170237467594 0.969233234476 0.215284738634
0.0161023746759 0.969233234476 0.273984010707
0.0196102374676 0.969233234476 0.341801582731
0.0199610237468 0.969233234476 0.445558631012
0.0154961023747 0.969233234476 0.538589699425
0.0213496102375 0.969233234476 0.614706416071
0.0174349610237 0.969233234476 0.674597594741
0.0125434961024 0.969233234476 0.720604693641
0.0228543496102 0.969233234476 0.755259626846
0.017585434961 0.969233234476 0.780765871133
0.0170585434961 0.969233234476 0.798851847292
0.0179058543496 0.969233234476 0.810773762645
0.012590585435 0.969233234476 0.817364805894
0.0093590585435 0.969233234476 0.819085209961
0.0126359058543 0.969233234476 0.816054952719
0.00666359058543 0.969233234476 0.808062732826
0.00606635905854 0.969233234476 0.809181328969
0.00510663590585 0.969233234476 0.818605188587
0.00861066359059 0.969233234476 0.8259804636
0.0116610663591 0.969233234476 0.831342874535
0.0110661066359 0.969233234476 0.834047276961
0.0128066106636 0.969233234476 0.832545857274
0.0183806610664 0.969233234476 0.826557437091
0.0117380661066 0.969233234476 0.815635781975
0.0191738066107 0.969233234476 0.798992959567
0.0190173806611 0.969233234476 0.775429165657
0.0136017380661 0.969233234476 0.743266544925
0.0121601738066 0.969233234476 0.70031035201
0.0147160173807 0.969233234476 0.643919801621
0.0176716017381 0.969233234476 0.571365797926
0.0170671601738 0.969233234476 0.480797776003
0.0188067160174 0.969233234476 0.373251155153
0.0162806716017 0.969233234476 0.255799776559
0.0133280671602 0.969233234476 0.144222483558
0.013932806716 0.969233234476 0.0599129849246
0.0130932806716 0.969233234476 0.0168738149238
0.0166093280672 0.969233234476 0.0137212087664
0.00796093280672 0.969233234476 0.0131097212191
0.0115960932807 0.969233234476 0.0113874037992
0.0227596093281 0.969233234476 0.00864970017399
0.0175759609328 0.969233234476 0.0055968309663
0.0161575960933 0.969233234476 0.00296943100178
0.0106157596093 0.969233234476 0.00122250882802
0.0172615759609 0.969233234476 0.000363408829129
0.0161261575961 0.969233234476 7.25848307852e-05
0.0205126157596 0.969233234476 2.40728519053e-05
0.012851261576 0.969233234476 8.81026810614e-06
0.0237851261576 0.969233234476 0.000148735953544
0.0176785126158 0.969233234476 0.00244266087562
0.0215678512616 0.969233234476 0.0146756154448
0.0147567851262 0.969233234476 0.0475474045123
0.0158756785126 0.969233234476 0.104516153319
0.0177875678513 0.969233234476 0.178941902052
0.0125787567851 0.969233234476 0.259862738475
0.0219578756785 0.969233234476 0.337818759078
0.0174957875679 0.969233234476 0.406996173802
0.0188495787568 0.969233234476 0.46482039725
0.0189849578757 0.969233234476 0.510776829962
0.0144984957876 0.969233234476 0.545367492868
0.0176498495788 0.969233234476 0.569424730023
0.0152649849579 0.969233234476 0.58372606136
0.0123264984958 0.969233234476 0.588801795025
0.0120326498496 0.969233234476 0.58485063888
0.013803264985 0.969233234476 0.585684959765
0.0211803264985 0.969233234476 0.599810481541
0.0246180326498 0.969233234476 0.607136473296
0.018661803265 0.969233234476 0.605904982788
0.0117661803265 0.969233234476 0.595855937856
0.0119766180326 0.969233234476 0.576550860543
0.00569766180326 0.969233234476 0.54724878594
0.00506976618033 0.969233234476 0.483901562416
0.00590697661803 0.969233234476 0.4649651134
0.0059906976618 0.969233234476 0.443338531168
0.0113990697662 0.969233234476 0.505436950155
0.0137399069766 0.969233234476 0.566176544398
0.0148739906977 0.969233234476 0.614937853858
0.0149873990698 0.969233234476 0.652102588864
0.010498739907 0.969233234476 0.679149653682
0.0118498739907 0.969233234476 0.697415762407
0.0110849873991 0.969233234476 0.707882246702
0.00920849873991 0.969233234476 0.711133294902
0.011720849874 0.969233234476 0.707352872139
0.0200720849874 0.969233234476 0.696326035372
0.0173072084987 0.969233234476 0.67743647367
0.0116307208499 0.969233234476 0.649668490079
0.017363072085 0.969233234476 0.611641727039
0.0152363072085 0.969233234476 0.561739740669
0.00872363072085 0.969233234476 0.498446423362
0.0116723630721 0.969233234476 0.421071348925
0.0164672363072 0.969233234476 0.331066310203
0.00794672363072 0.969233234476 0.233904357313
0.0115946723631 0.969233234476 0.140583505607
0.0146594672363 0.969233234476 0.0660514146994
0.0149659467236 0.969233234476 0.021453237114
0.0212965946724 0.969233234476 0.00420211880201
0.0147296594672 0.969233234476 0.00114987705088
0.0140729659467 0.969233234476 0.00382113685033
0.0113072965947 0.969233234476 0.0118579370792
0.00833072965947 0.969233234476 0.0266347893719
0.0161330729659 0.969233234476 0.0474781206661
0.0133133072966 0.969233234476 0.0717585497662
0.0103313307297 0.969233234476 0.0960744989273
0.015433133073 0.969233234476 0.117281360408
0.0177433133073 0.969233234476 0.132990082896
0.0179743313307 0.969233234476 0.141661421708
0.0107974331331 0.969233234476 0.14252855559
0.0145797433133 0.969233234476 0.135514802414
0.0194579743313 0.969233234476 0.121225390757
0.0208457974331 0.969233234476 0.14406364055
0.0182845797433 0.969233234476 0.247898694417
0.0162284579743 0.969233234476 0.363977217691
0.0124228457974 0.969233234476 0.471680004384
0.0102422845797 0.969233234476 0.563048949501
0.013624228458 0.969233234476 0.636619104387
0.0166624228458 0.969233234476 0.694004192182
0.0178662422846 0.969233234476 0.737828287724
0.0143866242285 0.969233234476 0.770702547511
0.0122386624228 0.969233234476 0.794827294626
0.0210238662423 0.969233234476 0.811898594013
0.0138023866242 0.969233234476 0.823136160134
0.0202802386624 0.969233234476 0.829343703151
0.0146280238662 0.969233234476 0.830963505155
0.00506280238662 0.969233234476 0.828110706633
0.00590628023866 0.969233234476 0.820582610417
0.00329062802387 0.969233234476 0.811318968809
0.00752906280239 0.969233234476 0.812807461072
0.00885290628024 0.969233234476 0.809211464824
0.00718529062802 0.969233234476 0.806839837043
0.0070185290628 0.969233234476 0.809059039391
0.0232018529063 0.969233234476 0.807273485157
0.0131201852906 0.969233234476 0.800485962319
0.0166120185291 0.969233234476 0.788143118662
0.0187612018529 0.969233234476 0.769389854406
0.0144761201853 0.969233234476 0.742951518342
0.0203476120185 0.969233234476 0.707085543765
0.0200347612019 0.969233234476 0.659594292833
0.0227034761202 0.969233234476 0.59800177062
0.014870347612 0.969233234476 0.520103627758
0.0122870347612 0.969233234476 0.42522466067
0.0165287034761 0.969233234476 0.316501380044
0.0151528703476 0.969233234476 0.281947291454
0.0204152870348 0.969233234476 0.314000507009
0.0137415287035 0.969233234476 0.343768004363
0.00947415287035 0.969233234476 0.363898409239
0.017147415287 0.969233234476 0.373539455392
0.0161147415287 0.969233234476 0.37259670109
0.0187114741529 0.969233234476 0.361060604475
0.0108711474153 0.969233234476 0.33896349856
0.0190871147415 0.969233234476 0.306526757025
0.0199087114742 0.969233234476 0.264473966129
0.0109908711474 0.969233234476 0.214515962282
0.0154990871147 0.969233234476 0.159933901836
0.0132499087115 0.969233234476 0.105962489271
0.0139249908711 0.969233234476 0.0593128219911
0.00949249908711 0.969233234476 0.0260419954788
0.0162492499087 0.969233234476 0.0182764197959
0.0232249249909 0.969233234476 0.0593816011496
0.0158224924991 0.969233234476 0.137733380985
0.0168822492499 0.969233234476 0.239857249717
0.016988224925 0.969233234476 0.347727077544
0.0187988224925 0.969233234476 0.447819796727
0.0153798822492 0.969233234476 0.533506000903
0.0204379882249 0.969233234476 0.603234079466
0.0164437988225 0.969233234476 0.658107977301
0.0160443798822 0.969233234476 0.700202356349
0.0169044379882 0.969233234476 0.731668623805
0.0169904437988 0.969233234476 0.754351790609
0.0160990443799 0.969233234476 0.769670978571
0.018709904438 0.969233234476 0.778612840378
0.0198709904438 0.969233234476 0.781759959593
0.0172870990444 0.969233234476 0.779318098422
0.0143287099044 0.969233234476 0.771127373822
0.0275328709904 0.969233234476 0.756653098071
0.021653287099 0.969233234476 0.734959290921
0.0138653287099 0.969233234476 0.704677669466
0.021186532871 0.969233234476 0.664004222157
0.0093186532871 0.969233234476 0.610794289652
0.00903186532871 0.969233234476 0.542897448057
0.00450318653287 0.969233234476 0.530103120289
0.00585031865329 0.969233234476 0.582954699348
0.00328503186533 0.969233234476 0.627775978709
0.00122850318653 0.969233234476 0.671268002835
0.0109228503187 0.969233234476 0.716754122636
0.0145922850319 0.969233234476 0.752258520503
0.0122592285032 0.969233234476 0.778575839039
0.0165259228503 0.969233234476 0.797338060924
0.013352592285 0.969233234476 0.80983216049
0.0130352592285 0.969233234476 0.816929737368
0.0193035259229 0.969233234476 0.819126343223
0.0190303525923 0.969233234476 0.816575150183
0.0145030352592 0.969233234476 0.809098297269
0.0194503035259 0.969233234476 0.79617328654
0.0100450303526 0.969233234476 0.776896068376
0.0181045030353 0.969233234476 0.749928232533
0.0180104503035 0.969233234476 0.713449303129
0.0135010450304 0.969233234476 0.665165933957
0.018450104503 0.969233234476 0.602492524817
0.0171450104503 0.969233234476 0.523126880144
0.017914501045 0.969233234476 0.426378373895
0.0107914501045 0.969233234476 0.3155847541
0.0109791450105 0.969233234476 0.2011885755
0.012797914501 0.969233234476 0.101580779673
0.0147797914501 0.969233234476 0.0694431490505
0.019477979145 0.969233234476 0.124042797258
0.0217477979145 0.969233234476 0.198948725391
0.0174747797915 0.969233234476 0.277780770616
0.0107474779791 0.969233234476 0.351769674764
0.0172747477979 0.969233234476 0.416196928482
0.0116274747798 0.969233234476 0.469193538579
0.017362747478 0.969233234476 0.51056119383
0.0188362747478 0.969233234476 0.540864402244
0.0171836274748 0.969233234476 0.560861205361
0.0170183627475 0.969233234476 0.571191442822
0.0170018362747 0.969233234476 0.572224466568
0.00710018362747 0.969233234476 0.563997211794
0.0106100183627 0.969233234476 0.54620800404
0.0172610018363 0.969233234476 0.518262640376
0.0188261001836 0.969233234476 0.479400109768
0.0162826100184 0.969233234476 0.428959971982
0.0178282610018 0.969233234476 0.366887594901
0.0170828261002 0.969233234476 0.433624364395
0.01790828261 0.969233234476 0.515324013297
0.027890828261 0.969233234476 0.584540522531
0.0171890828261 0.969233234476 0.639501079395
0.0179189082826 0.969233234476 0.681791888557
0.0152918908283 0.969233234476 0.713384400539
0.0168291890828 0.969233234476 0.736019604022
0.0223829189083 0.969233234476 0.751044486395
0.0175382918908 0.969233234476 0.75938592639
0.0125538291891 0.969233234476 0.761566620623
0.00935538291891 0.969233234476 0.757723851219
0.00633553829189 0.969233234476 0.747615296682
0.00693355382919 0.969233234476 0.720769728805
0.00249335538292 0.969233234476 0.71154203735
0.00474933553829 0.969233234476 0.68953106946
0.00407493355383 0.969233234476 0.673375582509
0.0175074933554 0.969233234476 0.675553493546
0.0161507493355 0.969233234476 0.672670248688
0.0232150749336 0.969233234476 0.662224307668
0.0158215074934 0.969233234476 0.64344587109
0.0159821507493 0.969233234476 0.615397162685
0.0150982150749 0.969233234476 0.576841618344
0.0123098215075 0.969233234476 0.526393290152
0.0156309821507 0.969233234476 0.462904344924
0.0114630982151 0.969233234476 0.392970124508
0.0164463098215 0.969233234476 0.459333337814
0.0142446309822 0.969233234476 0.526938097153
0.0185244630982 0.969233234476 0.582365322886
0.0180524463098 0.969233234476 0.625431608791
0.015305244631 0.969233234476 0.657544767399
0.0114305244631 0.969233234476 0.680141664992
0.0146430524463 0.969233234476 0.694365861472
0.0185643052446 0.969233234476 0.700980925993
0.0171564305245 0.969233234476 0.70035146698
0.0215156430524 0.969233234476 0.692441943582
0.0147515643052 0.969233234476 0.676816087655
0.0122751564305 0.969233234476 0.652638119465
0.0129275156431 0.969233234476 0.618695306748
0.0174927515643 0.969233234476 0.573488706013
0.0143492751564 0.969233234476 0.515483190192
0.0212349275156 0.969233234476 0.443669803403
0.0120234927516 0.969233234476 0.358639220533
0.0183023492752 0.969233234476 0.264256065178
0.0135302349275 0.969233234476 0.169420207852
0.0193530234928 0.969233234476 0.135584526687
0.0199353023493 0.969233234476 0.232033113712
0.0136935302349 0.969233234476 0.348374688924
0.0112693530235 0.969233234476 0.458498665102
0.0164269353023 0.969233234476 0.552823684274
0.0133426935302 0.969233234476 0.629171134847
0.019334269353 0.969233234476 0.688900811002
0.0127334269353 0.969233234476 0.734613709459
0.0138733426935 0.969233234476 0.768991240647
0.0130873342694 0.969233234476 0.794328505435
0.0148087334269 0.969233234476 0.812412888809
0.0176808733427 0.969233234476 0.824544140244
0.0143680873343 0.969233234476 0.831595543602
0.0131368087334 0.969233234476 0.834072543868
0.0211136808733 0.969233234476 0.832152082562
0.0174113680873 0.969233234476 0.825697151213
0.0125411368087 0.969233234476 0.814245279313
0.0147541136809 0.969233234476 0.796971753495
0.0149754113681 0.969233234476 0.772631987575
0.0113975411368 0.969233234476 0.739497264205
0.0110397541137 0.969233234476 0.695322107455
0.00740397541137 0.969233234476 0.637433819924
0.00614039754114 0.969233234476 0.607821881345
0.00781403975411 0.969233234476 0.641609494469
0.00708140397541 0.969233234476 0.664123476034
0.00700814039754 0.969233234476 0.69233058358
0.0160008140398 0.969233234476 0.734320073199
0.020500081404 0.969233234476 0.767875322384
0.0110500081404 0.969233234476 0.792759702949
0.011905000814 0.969233234476 0.810470982612
0.0173905000814 0.969233234476 0.822249064367
0.0206390500081 0.969233234476 0.828934059684
0.0155639050008 0.969233234476 0.831002211767
0.0123563905001 0.969233234476 0.828600504797
0.01653563905 0.969233234476 0.821558344881
0.014253563905 0.969233234476 0.809373514084
0.0131253563905 0.969233234476 0.791173402035
0.0175125356391 0.969233234476 0.765657000562
0.0179512535639 0.969233234476 0.731034509543
0.0134951253564 0.969233234476 0.685008494218
0.0184495125356 0.969233234476 0.624898089081
0.0171449512536 0.969233234476 0.548113660738
0.0134144951254 0.969233234476 0.461824121277
0.0220414495125 0.969233234476 0.37135378968
0.0130041449513 0.969233234476 0.271807981177
0.0112004144951 0.969233234476 0.192240099948
0.0182200414495 0.969233234476 0.280828348104
0.013522004145 0.969233234476 0.384470170192
0.0103522004145 0.969233234476 0.478783407407
0.0208352200414 0.969233234476 0.55799780949
0.0200835220041 0.969233234476 0.621635434792
0.0128083522004 0.969233234476 0.671245119084
0.01838083522 0.969233234476 0.708949292536
0.016238083522 0.969233234476 0.736770268741
0.0142238083522 0.969233234476 0.756367289458
0.0140223808352 0.969233234476 0.768969076579
0.0131022380835 0.969233234476 0.775383368898
0.0166102238084 0.969233234476 0.77602479813
0.0169610223808 0.969233234476 0.770934827446
0.0178961022381 0.969233234476 0.759783745329
0.0179896102238 0.969233234476 0.74185371402
0.00989896102238 0.969233234476 0.716010152029
0.0207898961022 0.969233234476 0.680682590808
0.0146789896102 0.969233234476 0.633903912924
0.016767898961 0.969233234476 0.573509860042
0.0223767898961 0.969233234476 0.497687376392
0.0220376789896 0.969233234476 0.492323948712
0.014803767899 0.969233234476 0.517688291292
0.0149803767899 0.969233234476 0.536799227019
0.017698037679 0.969233234476 0.546443250813
0.0197698037679 0.969233234476 0.546552311803
0.0109769803768 0.969233234476 0.547546776141
0.0154976980377 0.969233234476 0.5662073855
0.0105497698038 0.969233234476 0.577986954448
0.00735497698038 0.969233234476 0.580802266216
0.00793549769804 0.969233234476 0.574508725681
0.0061935497698 0.969233234476 0.609718523686
0.00601935497698 0.969233234476 0.643526569365
0.0078019354977 0.969233234476 0.680760981542
0.0133801935498 0.969233234476 0.704228247997
0.010338019355 0.969233234476 0.704022741068
0.0127338019355 0.969233234476 0.694918397978
0.0120733801935 0.969233234476 0.680929152981
0.0129073380194 0.969233234476 0.685608251032
0.0102907338019 0.969233234476 0.685405635864
0.0217290733802 0.969233234476 0.677930220982
0.015672907338 0.969233234476 0.662546355551
0.0114672907338 0.969233234476 0.638439125247
0.0155467290734 0.969233234476 0.604451393471
0.0141546729073 0.969233234476 0.642488721547
0.0176154672907 0.969233234476 0.693206485467
0.00896154672907 0.969233234476 0.733922024767
0.0197961546729 0.969233234476 0.764526827437
0.0154796154673 0.969233234476 0.786767428508
0.0186479615467 0.969233234476 0.802136768868
0.0225647961547 0.969233234476 0.811698257006
0.0175564796155 0.969233234476 0.816116654633
0.0143556479615 0.969233234476 0.815698871775
0.0149355647962 0.969233234476 0.810415946691
0.0131935564796 0.969233234476 0.799900714494
0.012119355648 0.969233234476 0.783421197207
0.0084119355648 0.969233234476 0.759834265802
0.0197411935565 0.969233234476 0.727533686413
0.0163741193556 0.969233234476 0.684428869989
0.0178374119356 0.969233234476 0.628037858236
0.0134837411936 0.969233234476 0.555866252301
0.0193483741194 0.969233234476 0.466373677395
0.0172348374119 0.969233234476 0.360909607932
0.0179234837412 0.969233234476 0.285961531954
0.0125923483741 0.969233234476 0.377216295291
0.0147592348374 0.969233234476 0.474732797892
0.0185759234837 0.969233234476 0.558290948126
0.0162575923484 0.969233234476 0.625684770351
0.0115257592348 0.969233234476 0.678329533064
0.0164525759235 0.969233234476 0.718495420001
0.0142452575923 0.969233234476 0.748403835824
0.0113245257592 0.969233234476 0.769905183639
0.0110324525759 0.969233234476 0.784399303938
0.0200032452576 0.969233234476 0.792849812035
0.0164003245258 0.969233234476 0.799043595007
0.0169400324526 0.969233234476 0.806271940718
0.0178940032453 0.969233234476 0.809002249759
0.0152894003245 0.969233234476 0.806818915537
0.0150289400325 0.969233234476 0.799511930574
0.0141028940032 0.969233234476 0.786573704832
0.0149102894003 0.969233234476 0.767116827838
0.01679102894 0.969233234476 0.73982207417
0.011579102894 0.969233234476 0.702899250896
0.0110579102894 0.969233234476 0.65411083643
0.00650579102894 0.969233234476 0.590974571658
0.00965057910289 0.969233234476 0.538397152123
0.00636505791029 0.969233234476 0.560729728411
0.00783650579103 0.969233234476 0.565222092118
0.0115836505791 0.969233234476 0.584036684501
0.0146583650579 0.969233234476 0.635183866844
0.0113658365058 0.969233234476 0.681560914408
0.0137365836506 0.969233234476 0.726265838845
0.0148736583651 0.969233234476 0.760820272068
0.0212873658365 0.969233234476 0.786366508937
0.0174287365837 0.969233234476 0.804555341454
0.0224428736584 0.969233234476 0.816657795526
0.0157442873658 0.969233234476 0.823529530035
0.0141744287366 0.969233234476 0.825655804367
0.0257174428737 0.969233234476 0.823186465745
0.0178717442874 0.969233234476 0.815947571909
0.0134871744287 0.969233234476 0.80342753052
0.0139487174429 0.969233234476 0.784739100016
0.0103948717443 0.969233234476 0.758563597142
0.00913948717443 0.969233234476 0.723096005616
0.00631394871744 0.969233234476 0.67603845106
0.0168313948717 0.969233234476 0.614749467418
0.0151831394872 0.969233234476 0.536764109816
0.0123183139487 0.969233234476 0.441042248561
0.0138318313949 0.969233234476 0.330323122731
0.0157831831395 0.969233234476 0.402708212942
0.0114783183139 0.969233234476 0.502139602177
0.0155478318314 0.969233234476 0.588076936344
0.00965478318314 0.969233234476 0.656777133334
0.0126654783183 0.969233234476 0.709992668005
0.0219665478318 0.969233234476 0.75040899516
0.0102966547832 0.969233234476 0.780559240904
0.0136296654783 0.969233234476 0.80251435392
0.0157629665478 0.969233234476 0.817838115609
0.0213762966548 0.969233234476 0.827632514656
0.0165376296655 0.969233234476 0.83260059713
0.0142537629665 0.969233234476 0.833097405378
0.0149253762967 0.969233234476 0.829158443633
0.0167925376297 0.969233234476 0.82050252458
0.019679253763 0.969233234476 0.806508682288
0.0136679253763 0.969233234476 0.786169209617
0.0166667925376 0.969233234476 0.758026649321
0.0106666792538 0.969233234476 0.720117619604
0.0199666679254 0.969233234476 0.674497765518
0.0145966667925 0.969233234476 0.702615207341
0.0167596666793 0.969233234476 0.729385556973
0.0151759666679 0.969233234476 0.748720213927
0.0258175966668 0.969233234476 0.761043398518
0.0205817596667 0.969233234476 0.76705493546
0.0146581759667 0.969233234476 0.767129538582
0.0149658175967 0.969233234476 0.761271048872
0.00959658175967 0.969233234476 0.770291530032
0.00545965817597 0.969233234476 0.777344191554
0.0050459658176 0.969233234476 0.779059216959
0.00950459658176 0.969233234476 0.775165441811
0.00815045965818 0.969233234476 0.785152100183
0.00531504596582 0.969233234476 0.7976997577
0.00503150459658 0.969233234476 0.809939802956
0.0140031504597 0.969233234476 0.817308016964
0.017600315046 0.969233234476 0.816334254978
0.0152600315046 0.969233234476 0.810124952584
0.0213260031505 0.969233234476 0.807922995684
0.017432600315 0.969233234476 0.811686353818
0.0170432600315 0.969233234476 0.811624089293
0.0152043260032 0.969233234476 0.806726883044
0.00782043260032 0.969233234476 0.796556398795
0.02418204326 0.969233234476 0.780400359044
0.024018204326 0.969233234476 0.75911564455
0.0105018204326 0.969233234476 0.735677925789
0.0100501820433 0.969233234476 0.723903340678
0.0172050182043 0.969233234476 0.756056796621
0.0188205018204 0.969233234476 0.783975130169
0.00818205018204 0.969233234476 0.804568829499
0.0134182050182 0.969233234476 0.818802933674
0.0139418205018 0.969233234476 0.827648266111
0.0157941820502 0.969233234476 0.831732688958
0.015079418205 0.969233234476 0.831346779811
0.0141079418205 0.969233234476 0.826463121194
0.0185107941821 0.969233234476 0.816733518431
0.0207510794182 0.969233234476 0.801460916774
0.0173751079418 0.969233234476 0.779548613807
0.0125375107942 0.969233234476 0.74943689892
0.0138537510794 0.969233234476 0.709055584404
0.0175853751079 0.969233234476 0.65586206914
0.0170585375108 0.969233234476 0.587116351558
0.0206058537511 0.969233234476 0.500678618966
0.0128605853751 0.969233234476 0.456964338155
0.0156860585375 0.969233234476 0.427706552421
0.0150686058538 0.969233234476 0.507563143364
0.0168068605854 0.969233234476 0.587661567272
0.0151806860585 0.969233234476 0.652702703494
0.0150180686059 0.969233234476 0.70319760069
0.0150018068606 0.969233234476 0.741518431141
0.0204001806861 0.969233234476 0.770763400518
0.0182400180686 0.969233234476 0.795487165332
0.0162240018069 0.969233234476 0.813436573009
0.0160224001807 0.969233234476 0.825504356792
0.0187022400181 0.969233234476 0.832520770171
0.0234702240018 0.969233234476 0.834985524408
0.0230470224002 0.969233234476 0.833074538488
0.01580470224 0.969233234476 0.826651250383
0.013280470224 0.969233234476 0.81525476023
0.0166280470224 0.969233234476 0.798062920326
0.0115628047022 0.969233234476 0.77383439891
0.0164562804702 0.969233234476 0.740843626373
0.020545628047 0.969233234476 0.6968463203
0.0083545628047 0.969233234476 0.639165140804
0.0134354562805 0.969233234476 0.565083845187
0.00494354562805 0.969233234476 0.472886937391
0.0058943545628 0.969233234476 0.42390690829
0.00868943545628 0.969233234476 0.472928141127
0.00806894354563 0.969233234476 0.50590588255
0.00980689435456 0.969233234476 0.550827784288
0.0135806894355 0.969233234476 0.622230716205
0.0184580689435 0.969233234476 0.681601147638
0.0198458068944 0.969233234476 0.727454095877
0.0172845806894 0.969233234476 0.76200049494
0.0116284580689 0.969233234476 0.787450919693
0.0119628458069 0.969233234476 0.805560549285
0.0182962845807 0.969233234476 0.817608236351
0.0162296284581 0.969233234476 0.825783937743
0.0205229628458 0.969233234476 0.831625486114
0.0173522962846 0.969233234476 0.833196877077
0.0152352296285 0.969233234476 0.830374822479
0.0141235229628 0.969233234476 0.822934576873
0.0104123522963 0.969233234476 0.810340912494
0.00914123522963 0.969233234476 0.791687510209
0.016214123523 0.969233234476 0.765634797257
0.0070214123523 0.969233234476 0.730348498096
0.00790214123523 0.969233234476 0.691353228086
0.0151902141235 0.969233234476 0.65759822205
0.0177190214124 0.969233234476 0.614403214432
0.0161719021412 0.969233234476 0.59289840273
0.0115171902141 0.969233234476 0.619047521792
0.0146517190214 0.969233234476 0.641172648553
0.0104651719021 0.969233234476 0.654994676018
0.0154465171902 0.969233234476 0.660651739795
0.021344651719 0.969233234476 0.680587441424
0.0111344651719 0.969233234476 0.720939727088
