0.1332 0.9 0.735345238895
0.14472 0.99 0.817485103631
0.165672 0.999 0.836898891021
0.1479672 0.9999 0.848494845468
0.14529672 0.99999 0.857761827371
0.169329672 0.999999 0.859997185568
0.1762329672 0.9999999 0.856592248624
0.14362329672 0.99999999 0.854696099531
0.170962329672 0.999999999 0.853080182744
0.164696232967 0.9999999999 0.850025523794
0.165869623297 0.99999999999 0.840383357223
0.15068696233 0.999999999999 0.826723516228
0.161768696233 1.0 0.822857943173
0.149376869623 1.0 0.830824339904
0.145437686962 1.0 0.836582687935
0.183743768696 1.0 0.840868800369
0.15877437687 1.0 0.847668280598
0.172477437687 1.0 0.854866796242
0.151347743769 1.0 0.862023956051
0.160034774377 1.0 0.866059028911
0.178003477438 1.0 0.866330323099
0.184300347744 1.0 0.864416580346
0.160630034774 1.0 0.86048876806
0.167263003477 1.0 0.856214230707
0.147226300348 1.0 0.848889410282
0.147022630035 1.0 0.837073705774
0.116402263003 1.0 0.835289258594
0.1295402263 1.0 0.84647807297
0.14705402263 1.0 0.855602897254
0.160505402263 1.0 0.863190099131
0.168150540226 1.0 0.867102344793
0.152715054023 1.0 0.86928834421
0.172771505402 1.0 0.870700264528
0.15227715054 1.0 0.870577386464
0.160127715054 1.0 0.866850902072
0.169012771505 1.0 0.859103163564
0.155501277151 1.0 0.850741742726
0.171250127715 1.0 0.843372490752
0.144925012772 1.0 0.834949794559
0.150392501277 1.0 0.824193212543
0.152739250128 1.0 0.817801118413
0.163773925013 1.0 0.821848770833
0.144177392501 1.0 0.827706191185
0.15481773925 1.0 0.837008469345
0.166681773925 1.0 0.846838866871
0.162468177393 1.0 0.854648401338
0.168346817739 1.0 0.86006129927
0.163534681774 1.0 0.865508335978
0.179253468177 1.0 0.874716194997
0.159225346818 1.0 0.879156440564
0.178822534682 1.0 0.879646350052
0.150182253468 1.0 0.877440973519
0.161718225347 1.0 0.874170071371
0.147571822535 1.0 0.868951907904
0.141657182253 1.0 0.868126937991
0.133865718225 1.0 0.875487488233
0.145686571823 1.0 0.882984082292
0.147768657182 1.0 0.889364877098
0.143476865718 1.0 0.891448504601
0.161947686572 1.0 0.88747688528
0.159294768657 1.0 0.882918002456
0.158129476866 1.0 0.879818437692
0.156212947687 1.0 0.874847179704
0.183021294769 1.0 0.867552887011
0.159602129477 1.0 0.856892288468
0.167160212948 1.0 0.848233926964
0.157116021295 1.0 0.842514853483
0.166011602129 1.0 0.83554120712
0.148001160213 1.0 0.8305378571
0.144400116021 1.0 0.836623111773
0.143140011602 1.0 0.843263968284
0.15741400116 1.0 0.850863172334
0.148041400116 1.0 0.858147605848
0.157004140012 1.0 0.861440685949
0.154300414001 1.0 0.864932697331
0.1468300414 1.0 0.87334292547
0.15778300414 1.0 0.883200808316
0.159778300414 1.0 0.88946511733
0.166277830041 1.0 0.890989461838
0.157027783004 1.0 0.891561818406
0.1597027783 1.0 0.891072904639
0.12667027783 1.0 0.887155462652
0.131467027783 1.0 0.883775921615
0.133746702778 1.0 0.887374698265
0.163674670278 1.0 0.890520605601
0.154067467028 1.0 0.897007548694
0.159406746703 1.0 0.899718650787
0.15004067467 1.0 0.897466464828
0.175204067467 1.0 0.890993416007
0.177720406747 1.0 0.887492760878
0.177072040675 1.0 0.883853615088
0.179707204067 1.0 0.879557067773
0.161970720407 1.0 0.874715928501
0.160197072041 1.0 0.867886883432
0.160919707204 1.0 0.863203468151
0.14839197072 1.0 0.857974719323
0.143539197072 1.0 0.860164958018
0.151153919707 1.0 0.865149401755
0.153715391971 1.0 0.869840057288
0.152171539197 1.0 0.875373768429
0.17541715392 1.0 0.877975449791
0.152541715392 1.0 0.880393610796
0.172754171539 1.0 0.886130187735
0.157675417154 1.0 0.891961870951
0.149867541715 1.0 0.897320329317
0.155386754172 1.0 0.897718700908
0.176638675417 1.0 0.896138809688
0.168863867542 1.0 0.896775371297
0.141986386754 1.0 0.895261777654
0.143798638675 1.0 0.890287486671
0.125079863868 1.0 0.882813041445
0.144807986387 1.0 0.884118127508
0.162080798639 1.0 0.883316129685
0.170108079864 1.0 0.884065670735
0.157410807986 1.0 0.889678312046
0.159741080799 1.0 0.894244028122
0.15547410808 1.0 0.897758507249
0.150547410808 1.0 0.896476092327
0.156354741081 1.0 0.892071403337
0.147035474108 1.0 0.891332145036
0.163203547411 1.0 0.892280326536
0.151320354741 1.0 0.891870719147
0.153732035474 1.0 0.886620850085
0.153073203547 1.0 0.877667049754
0.151207320355 1.0 0.87882117388
0.153720732035 1.0 0.884175156328
0.180072073204 1.0 0.888180557772
0.12870720732 1.0 0.891308551603
0.146070720732 1.0 0.893681395663
0.173907072073 1.0 0.897438262248
0.172190707207 1.0 0.899811803324
0.149519070721 1.0 0.899953045847
0.162551907072 1.0 0.897804613687
0.152155190707 1.0 0.894575901174
0.166415519071 1.0 0.89303163662
0.157941551907 1.0 0.890527381965
0.153494155191 1.0 0.881890915474
0.150349415519 1.0 0.868591573898
0.140134941552 1.0 0.861276695945
0.140913494155 1.0 0.866852542725
0.131991349416 1.0 0.866760071339
0.147299134942 1.0 0.868579289101
0.164129913494 1.0 0.875778787429
0.173012991349 1.0 0.884037928943
0.138801299135 1.0 0.89324831952
0.173180129913 1.0 0.897741339552
0.150518012991 1.0 0.897498178555
0.167151801299 1.0 0.895370230367
0.15171518013 1.0 0.895686071881
0.146571518013 1.0 0.897454891392
0.158657151801 1.0 0.894967995764
0.14906571518 1.0 0.889851825293
0.157106571518 1.0 0.88645893962
0.166910657152 1.0 0.889917632319
0.162491065715 1.0 0.893970551134
0.147649106572 1.0 0.896683319085
0.179464910657 1.0 0.89823476665
0.180846491066 1.0 0.899403012125
0.171084649107 1.0 0.897414399935
0.164708464911 1.0 0.894791500556
0.155070846491 1.0 0.890139987568
0.167607084649 1.0 0.883639535657
0.155360708465 1.0 0.877784128553
0.163136070846 1.0 0.868637607191
0.145913607085 1.0 0.855188088889
0.130691360708 1.0 0.837087697487
0.142669136071 1.0 0.822571329389
0.133966913607 1.0 0.828654244377
0.138496691361 1.0 0.830894568276
0.117349669136 1.0 0.835096032154
0.135034966914 1.0 0.84651793579
0.163803496691 1.0 0.85669896301
0.156780349669 1.0 0.868037668055
0.144378034967 1.0 0.878166290066
0.143137803497 1.0 0.884099249695
0.16191378035 1.0 0.887181303238
0.156591378035 1.0 0.887860256498
0.160559137803 1.0 0.890424838166
0.13035591378 1.0 0.892526250495
0.145335591378 1.0 0.889918495549
0.115333559138 1.0 0.888490786235
0.154633355914 1.0 0.89293501843
0.152263335591 1.0 0.894865125455
0.155626333559 1.0 0.896772776517
0.161362633356 1.0 0.898243712393
0.154736263336 1.0 0.8994039067
0.165773626334 1.0 0.897414489392
0.160577362633 1.0 0.894791509502
0.165457736263 1.0 0.890139988463
0.160545773626 1.0 0.883639535747
0.163654577363 1.0 0.877784128562
0.166665457736 1.0 0.868637607192
0.143566545774 1.0 0.855188088889
0.141256654577 1.0 0.837087697487
0.129325665458 1.0 0.834749304024
0.138932566546 1.0 0.846813896109
0.158793256655 1.0 0.858204482048
0.154479325665 1.0 0.867723730172
0.167547932567 1.0 0.875693231537
0.162554793257 1.0 0.884029373354
0.167455479326 1.0 0.893247463961
0.159845547933 1.0 0.897741253996
0.160884554793 1.0 0.897498169999
0.146588455479 1.0 0.895370229511
0.158658845548 1.0 0.895686071796
0.161665884555 1.0 0.897454891384
0.144866588455 1.0 0.894967995763
0.142286658846 1.0 0.889851825293
0.173528665885 1.0 0.886288072406
0.144252866588 1.0 0.888676802568
0.180025286659 1.0 0.890273945976
0.155702528666 1.0 0.891517890424
0.147870252867 1.0 0.893702329545
0.172287025287 1.0 0.897440355636
0.184628702529 1.0 0.899812012663
0.175962870253 1.0 0.899953066781
0.180496287025 1.0 0.897804615781
0.157549628703 1.0 0.894575901383
0.15795496287 1.0 0.893031636641
0.156195496287 1.0 0.890527381967
0.138919549629 1.0 0.881890915475
0.140791954963 1.0 0.868591573898
0.122079195496 1.0 0.863713590406
0.11840791955 1.0 0.872227846542
0.137840791955 1.0 0.878082012945
0.153284079195 1.0 0.883542259061
0.16112840792 1.0 0.889625970878
0.167312840792 1.0 0.894238794005
0.165231284079 1.0 0.897757983837
0.164123128408 1.0 0.896476039986
0.159512312841 1.0 0.892071398103
0.158151231284 1.0 0.891332144512
0.160715123128 1.0 0.892280326484
0.178071512313 1.0 0.891870719142
0.173507151231 1.0 0.886620850084
0.146950715123 1.0 0.877667049754
0.148795071512 1.0 0.871944470993
0.133679507151 1.0 0.874297252429
0.144767950715 1.0 0.874513432417
0.147676795072 1.0 0.875841105942
0.165967679507 1.0 0.878022183542
0.153396767951 1.0 0.880398284171
0.164739676795 1.0 0.886130655072
0.16857396768 1.0 0.891961917685
0.139257396768 1.0 0.89732033399
0.132725739677 1.0 0.897718701376
0.158172573968 1.0 0.896138809735
0.168817257397 1.0 0.896775371301
0.17348172574 1.0 0.895261777654
0.146048172574 1.0 0.890287486671
0.128904817257 1.0 0.886691564637
0.139790481726 1.0 0.891001864878
0.160679048173 1.0 0.894049364936
0.169067904817 1.0 0.897360424627
0.160906790482 1.0 0.899753938381
0.169090679048 1.0 0.897469993588
0.154609067905 1.0 0.890993768883
0.15946090679 1.0 0.887492796165
0.164446090679 1.0 0.883853618617
0.159544609068 1.0 0.879557068126
0.151854460907 1.0 0.874715928536
0.159185446091 1.0 0.867886883436
0.150918544609 1.0 0.863203468152
0.163591854461 1.0 0.857974719323
0.154959185446 1.0 0.849567794153
0.138795918545 1.0 0.847895583851
0.148879591854 1.0 0.847269422315
0.150787959185 1.0 0.851263717737
0.154578795919 1.0 0.858187660389
0.170257879592 1.0 0.861444691403
0.179025787959 1.0 0.864933097877
0.169102578796 1.0 0.873342965525
0.15731025788 1.0 0.883200812322
0.179531025788 1.0 0.889465117731
0.168253102579 1.0 0.890989461878
0.153625310258 1.0 0.89156181841
0.153962531026 1.0 0.891072904639
0.140496253103 1.0 0.887155462652
0.14544962531 1.0 0.884331498813
0.147744962531 1.0 0.887620711652
0.140774496253 1.0 0.887017143509
0.140077449625 1.0 0.88976818322
0.150807744963 1.0 0.891488835213
0.164480774496 1.0 0.887480918341
0.14694807745 1.0 0.882918405762
0.157794807745 1.0 0.879818478022
0.147179480774 1.0 0.874847183737
0.174917948077 1.0 0.867552887414
0.180391794808 1.0 0.856892288509
0.182739179481 1.0 0.848233926968
0.161373917948 1.0 0.842514853483
0.159237391795 1.0 0.83554120712
0.148223739179 1.0 0.830946907769
0.149822373918 1.0 0.832298645763
0.152682237392 1.0 0.832400896321
0.172768223739 1.0 0.837477939859
0.159476822374 1.0 0.846885813922
0.165347682237 1.0 0.854653096043
0.176734768224 1.0 0.860061768741
0.180573476822 1.0 0.865508382925
0.162957347682 1.0 0.874716199692
0.142295734768 1.0 0.879156441033
0.172629573477 1.0 0.879646350099
0.165762957348 1.0 0.877440973523
0.158776295735 1.0 0.874170071372
0.156277629573 1.0 0.868951907904
0.137127762957 1.0 0.861504127535
0.135212776296 1.0 0.862575080201
0.14132127763 1.0 0.862382605648
0.148232127763 1.0 0.863868069971
0.148923212776 1.0 0.867170141877
0.136392321278 1.0 0.869295123918
0.174739232128 1.0 0.870700942499
0.152473923213 1.0 0.870577454261
0.176347392321 1.0 0.866850908852
0.149034739232 1.0 0.859103164242
0.159803473923 1.0 0.850741742794
0.152780347392 1.0 0.843372490759
0.151178034739 1.0 0.83494979456
0.154617803474 1.0 0.824193212543
0.163961780347 1.0 0.822218300773
0.136096178035 1.0 0.829989735701
0.171109617803 1.0 0.835241735183
0.16831096178 1.0 0.840734705094
0.177931096178 1.0 0.847654871071
0.163593109618 1.0 0.85486545529
0.167559310962 1.0 0.862023821956
0.161655931096 1.0 0.866059015501
0.17006559311 1.0 0.866330321758
0.168206559311 1.0 0.864416580212
0.161720655931 1.0 0.860488768046
0.159272065593 1.0 0.856214230705
0.153627206559 1.0 0.848889410282
0.147662720656 1.0 0.837073705774
0.116466272066 1.0 0.825556851794
0.123246627207 1.0 0.827566561452
0.126624662721 1.0 0.825017699259
0.153062466272 1.0 0.826452349667
0.167406246627 1.0 0.837795615625
0.139140624663 1.0 0.848584517928
0.175014062466 1.0 0.857770794617
0.154301406247 1.0 0.859998082293
0.151330140625 1.0 0.856592338296
0.163633014062 1.0 0.854696108498
0.164863301406 1.0 0.853080183641
0.154186330141 1.0 0.850025523884
0.157618633014 1.0 0.840383357232
0.160661863301 1.0 0.826723516229
0.14116618633 1.0 0.822212802583
0.137416618633 1.0 0.826548086277
0.137941661863 1.0 0.832204341846
0.143394166186 1.0 0.840974594113
0.147539416619 1.0 0.849914095975
0.156053941662 1.0 0.85311992257
0.152405394166 1.0 0.854497379034
0.161040539417 1.0 0.856969892193
0.165504053942 1.0 0.860191662715
0.166850405394 1.0 0.857851181982
0.160685040539 1.0 0.84888875374
0.173568504054 1.0 0.838011967944
0.145156850405 1.0 0.826071995799
0.126115685041 1.0 0.815224969633
0.139511568504 1.0 0.815725373578
0.14355115685 1.0 0.82658341363
0.147555115685 1.0 0.837691733362
0.149755511569 1.0 0.848911916241
0.151775551157 1.0 0.855647240003
0.178977555116 1.0 0.860227503213
0.177197755512 1.0 0.864267641697
0.161719775551 1.0 0.86639845367
0.169171977555 1.0 0.866349473317
0.169017197756 1.0 0.861698319682
0.172601719776 1.0 0.854834055086
0.149560171978 1.0 0.847506436164
0.177856017198 1.0 0.840743902436
0.15098560172 1.0 0.83284650942
0.155498560172 1.0 0.827560356362
0.161349856017 1.0 0.83052394126
0.148434985602 1.0 0.830749145463
0.15794349856 1.0 0.835274018624
0.164294349856 1.0 0.843308825186
0.183829434986 1.0 0.850816361976
0.156082943499 1.0 0.859167355862
0.16950829435 1.0 0.866509225944
0.144750829435 1.0 0.870290390493
0.148575082943 1.0 0.870767844402
0.142657508294 1.0 0.869727638664
0.162765750829 1.0 0.867312975658
0.159376575083 1.0 0.863073691091
0.128437657508 1.0 0.855481057084
0.139743765751 1.0 0.855360215528
0.131874376575 1.0 0.861960689
0.151787437658 1.0 0.86819262582
0.152878743766 1.0 0.87385208458
0.162887874377 1.0 0.877753683851
0.169288787438 1.0 0.879430720386
0.163628878744 1.0 0.879438889787
0.159462887874 1.0 0.874574055565
0.164446288787 1.0 0.865417115167
0.155944628879 1.0 0.860619631637
0.155094462888 1.0 0.854631051837
0.160409446289 1.0 0.847294708346
0.155540944629 1.0 0.836690439356
0.145154094463 1.0 0.824239700996
0.159415409446 1.0 0.825133680978
0.150941540945 1.0 0.831717323084
0.160894154094 1.0 0.837418475302
0.160989415409 1.0 0.842662430745
0.167298941541 1.0 0.847355362234
0.153529894154 1.0 0.856828018784
0.159352989415 1.0 0.867449490474
0.171635298942 1.0 0.874779658796
0.161163529894 1.0 0.879827728914
0.167316352989 1.0 0.882204107687
0.181431635299 1.0 0.887448647658
0.16214316353 1.0 0.891497772464
0.165614316353 1.0 0.889093929138
0.145261431635 1.0 0.881664497168
0.144126143164 1.0 0.881137770485
0.138612614316 1.0 0.88730133882
0.154261261432 1.0 0.889989931555
0.164826126143 1.0 0.890898859226
0.151482612614 1.0 0.891310387283
0.151048261261 1.0 0.890788774099
0.167204826126 1.0 0.889644067667
0.170620482613 1.0 0.883067635375
0.166462048261 1.0 0.873227106329
0.164246204826 1.0 0.865268732097
0.159524620483 1.0 0.861402736983
0.150952462048 1.0 0.858337550304
0.155495246205 1.0 0.850411761415
0.15684952462 1.0 0.839737491689
0.146184952462 1.0 0.83862521938
0.137918495246 1.0 0.846801326374
0.157791849525 1.0 0.855878994045
0.156179184952 1.0 0.862684289494
0.165917918495 1.0 0.868205306645
0.18039179185 1.0 0.87481545117
0.169239179185 1.0 0.87976903271
0.172623917918 1.0 0.883831086666
0.165762391792 1.0 0.88713559318
0.153376239179 1.0 0.891490365151
0.158437623918 1.0 0.89758304528
0.163443762392 1.0 0.899945778054
0.155844376239 1.0 0.89666737474
0.146984437624 1.0 0.887832197573
0.131698443762 1.0 0.883672568085
0.140069844376 1.0 0.890699965223
0.130106984438 1.0 0.894243651722
0.145310698444 1.0 0.895764198664
0.180131069844 1.0 0.896910761926
0.166513106984 1.0 0.895835532737
0.153451310698 1.0 0.897777075525
0.14584513107 1.0 0.897278988827
0.164884513107 1.0 0.892051923261
0.147888451311 1.0 0.886533074971
0.165088845131 1.0 0.880085394207
0.165908884513 1.0 0.878202554218
0.165090888451 1.0 0.87517280447
0.155109088845 1.0 0.868426193761
0.162210908885 1.0 0.86829130411
0.167421090888 1.0 0.873931935741
0.140942109089 1.0 0.879457542093
0.157194210909 1.0 0.886769135109
0.139019421091 1.0 0.891630960551
0.139901942109 1.0 0.892295943937
0.168790194211 1.0 0.890810553787
0.168079019421 1.0 0.892073693982
0.150907901942 1.0 0.89659611261
0.168990790194 1.0 0.897572949948
0.162699079019 1.0 0.894426138999
0.149469907902 1.0 0.889572074744
0.14994699079 1.0 0.883741532692
0.136494699079 1.0 0.877147302646
0.136049469908 1.0 0.869096517136
0.156704946991 1.0 0.872766139215
0.135370494699 1.0 0.875872352347
0.15483704947 1.0 0.882636369864
0.140583704947 1.0 0.890430129974
0.172458370495 1.0 0.892605825464
0.178345837049 1.0 0.894955540825
0.156434583705 1.0 0.897734304265
0.17224345837 1.0 0.899858440574
0.181924345837 1.0 0.899640201346
0.187392434584 1.0 0.897304846682
0.159139243458 1.0 0.894166384664
0.157213924346 1.0 0.891325962002
0.154321392435 1.0 0.887911470714
0.140532139243 1.0 0.884789599049
0.168853213924 1.0 0.888526955233
0.155485321392 1.0 0.89233716197
0.148748532139 1.0 0.895139778208
0.149874853214 1.0 0.897290158221
0.154487485321 1.0 0.895961759988
0.183748748532 1.0 0.894956147777
0.154274874853 1.0 0.897868919192
0.168427487485 1.0 0.897979014491
0.159942748749 1.0 0.893197122069
0.173494274875 1.0 0.884549593005
0.161349427487 1.0 0.875691295191
0.148434942749 1.0 0.86803781716
0.128243494275 1.0 0.856837113009
0.129824349427 1.0 0.844369228333
0.140782434943 1.0 0.847775888539
0.134678243494 1.0 0.848849036627
0.134067824349 1.0 0.856034957649
0.165506782435 1.0 0.868413139801
0.165950678243 1.0 0.877368807138
0.164195067824 1.0 0.883309722728
0.180219506782 1.0 0.890148627881
0.157521950678 1.0 0.89432703701
0.160652195068 1.0 0.897195867157
0.155565219507 1.0 0.899178519172
0.147856521951 1.0 0.898170794322
0.171385652195 1.0 0.896598573638
0.13053856522 1.0 0.891886691648
0.135453856522 1.0 0.890966158685
0.159345385652 1.0 0.893182555675
0.146434538565 1.0 0.893475126982
0.142443453857 1.0 0.892902432729
0.130344345386 1.0 0.89033351675
0.143534434539 1.0 0.888450777877
0.143053443454 1.0 0.887020892144
0.143905344345 1.0 0.884319121854
0.180890534435 1.0 0.878419892259
0.154889053443 1.0 0.868215052855
0.163088905344 1.0 0.857360852368
0.146808890534 1.0 0.846497975203
0.134380889053 1.0 0.834016814943
0.127738088905 1.0 0.816599902261
0.136073808891 1.0 0.812951102291
0.140507380889 1.0 0.827692221667
0.146350738089 1.0 0.841826400399
0.149635073809 1.0 0.855332694026
0.172463507381 1.0 0.868342913438
0.165746350738 1.0 0.877361784502
0.165974635074 1.0 0.883309020465
0.164197463507 1.0 0.890148557655
0.163119746351 1.0 0.894327029987
0.158511974635 1.0 0.897195866455
0.164351197464 1.0 0.899178519101
0.173035119746 1.0 0.898170794315
0.140603511975 1.0 0.896598573638
0.149960351197 1.0 0.891886691648
0.13829603512 1.0 0.887992434441
0.160529603512 1.0 0.890070981801
0.152852960351 1.0 0.892559319344
0.148485296035 1.0 0.895161993945
0.156148529604 1.0 0.897292379795
0.14971485296 1.0 0.895961982145
0.149071485296 1.0 0.894956169993
0.15080714853 1.0 0.897868921414
0.168980714853 1.0 0.897979014713
0.169898071485 1.0 0.893197122091
0.178989807149 1.0 0.884549593007
0.162798980715 1.0 0.875691295191
0.148579898071 1.0 0.86803781716
0.128257989807 1.0 0.856837113009
0.113625798981 1.0 0.855981250943
0.141862579898 1.0 0.866322998225
0.15998625799 1.0 0.873318104579
0.176198625799 1.0 0.882380945087
0.14631986258 1.0 0.890404587496
0.156831986258 1.0 0.892603271216
0.165983198626 1.0 0.894955285401
0.169598319863 1.0 0.897734278722
0.163659831986 1.0 0.89985843802
0.153165983199 1.0 0.899640201091
0.17551659832 1.0 0.897304846656
0.151651659832 1.0 0.894166384661
0.173565165983 1.0 0.891325962001
0.182056516598 1.0 0.887911470714
0.14330565166 1.0 0.884538578117
0.157430565166 1.0 0.884746896751
0.148043056517 1.0 0.884590527744
0.175004305652 1.0 0.887282433674
0.165100430565 1.0 0.891682290408
0.145210043057 1.0 0.892301076923
0.171121004306 1.0 0.890811067086
0.144912100431 1.0 0.892073745311
0.166591210043 1.0 0.896596117743
0.162459121004 1.0 0.897572950462
0.1791459121 1.0 0.894426139051
0.15381459121 1.0 0.889572074749
0.146781459121 1.0 0.883741532693
0.145178145912 1.0 0.877147302646
0.134217814591 1.0 0.875766560215
0.145721781459 1.0 0.883413479385
0.145972178146 1.0 0.890645818402
0.154097217815 1.0 0.895404415332
0.143209721781 1.0 0.896874783593
0.167320972178 1.0 0.895831934903
0.157132097218 1.0 0.897776715742
0.152513209722 1.0 0.897278952849
0.176351320972 1.0 0.892051919664
0.149035132097 1.0 0.886533074611
0.16160351321 1.0 0.880085394172
0.157460351321 1.0 0.878202554215
0.144446035132 1.0 0.87517280447
0.144944603513 1.0 0.868426193761
0.163894460351 1.0 0.862954917167
0.148689446035 1.0 0.86542839767
0.163368944604 1.0 0.863920151
0.16663689446 1.0 0.863488405189
0.184963689446 1.0 0.868285718214
0.162496368945 1.0 0.874823492326
0.157549636894 1.0 0.879769836826
0.159754963689 1.0 0.883831167078
0.168075496369 1.0 0.887135601221
0.153607549637 1.0 0.891490365956
0.167460754964 1.0 0.89758304536
0.171546075496 1.0 0.899945778062
0.15035460755 1.0 0.896667374741
0.140135460755 1.0 0.887832197573
0.146313546075 1.0 0.883499208451
0.144231354608 1.0 0.887347026949
0.130523135461 1.0 0.889471955883
0.155252313546 1.0 0.890847061658
0.151425231355 1.0 0.891305207526
0.143842523135 1.0 0.890788256124
0.155684252314 1.0 0.88964401587
0.173968425231 1.0 0.883067630195
0.168596842523 1.0 0.873227105811
0.169859684252 1.0 0.865268732045
0.167285968425 1.0 0.861402736978
0.145428596843 1.0 0.858337550304
0.152242859684 1.0 0.850411761415
0.149324285968 1.0 0.839737491689
0.128332428597 1.0 0.832857925224
0.14873324286 1.0 0.836855118585
0.148973324286 1.0 0.839469152304
0.162497332429 1.0 0.842867498445
0.151249733243 1.0 0.847375869004
0.169924973324 1.0 0.856830069461
0.161892497332 1.0 0.867449695541
0.151189249733 1.0 0.874779679302
0.163618924973 1.0 0.879827730965
0.171161892497 1.0 0.882204107892
0.17461618925 1.0 0.887448647679
0.157861618925 1.0 0.891497772466
0.141786161892 1.0 0.889093929138
0.149178616189 1.0 0.881664497168
0.149017861619 1.0 0.87257933709
0.149901786162 1.0 0.875932728142
0.146390178616 1.0 0.874734909996
0.154139017862 1.0 0.874506312997
0.145913901786 1.0 0.877819106693
0.160391390179 1.0 0.87943726267
0.159139139018 1.0 0.879439544015
0.155413913902 1.0 0.874574120988
0.18024139139 1.0 0.865417121709
0.154824139139 1.0 0.860619632291
0.169382413914 1.0 0.854631051902
0.170838241391 1.0 0.847294708352
0.146683824139 1.0 0.836690439357
0.154168382414 1.0 0.824239700996
0.147716838241 1.0 0.816685331549
0.145271683824 1.0 0.821737192147
0.154027168382 1.0 0.828112509452
0.162102716838 1.0 0.835010355023
0.172810271684 1.0 0.843282458826
0.178381027168 1.0 0.85081372534
0.170838102717 1.0 0.859167092198
0.154783810272 1.0 0.866509199577
0.156778381027 1.0 0.870290387856
0.165977838103 1.0 0.870767844138
0.15249778381 1.0 0.869727638638
0.132249778381 1.0 0.867312975655
0.132924977838 1.0 0.86307369109
0.133892497784 1.0 0.855481057084
0.124989249778 1.0 0.845017108131
0.137598924978 1.0 0.847450857924
0.151459892498 1.0 0.847560365441
0.14114598925 1.0 0.849898779449
0.169814598925 1.0 0.855745926324
0.164581459892 1.0 0.860237371845
0.170358145989 1.0 0.86426862856
0.158335814599 1.0 0.866398552356
0.15803358146 1.0 0.866349483186
0.147203358146 1.0 0.861698320668
0.172220335815 1.0 0.854834055185
0.169322033581 1.0 0.847506436174
0.185232203358 1.0 0.840743902437
0.174223220336 1.0 0.83284650942
0.146122322034 1.0 0.826903266335
0.156812232203 1.0 0.83122887222
0.14888122322 1.0 0.834541310823
0.157988122322 1.0 0.84120829101
0.158898812232 1.0 0.849937465665
0.167089881223 1.0 0.853122259539
0.132808988122 1.0 0.854497612731
0.156380898812 1.0 0.856969915563
0.152438089881 1.0 0.860191665052
0.161043808988 1.0 0.857851182216
0.147504380899 1.0 0.848888753763
0.14615043809 1.0 0.838011967946
0.143315043809 1.0 0.826071995799
0.126831504381 1.0 0.815224969633
0.120683150438 1.0 0.80270211862
0.127268315044 1.0 0.804495641005
0.142326831504 1.0 0.815794802996
0.14113268315 1.0 0.825530060041
0.151813268315 1.0 0.837703386662
0.153781326832 1.0 0.848575295032
0.163878132683 1.0 0.857769872327
0.156787813268 1.0 0.859997990064
0.161478781327 1.0 0.856592329073
0.169147878133 1.0 0.854696107576
0.137514787813 1.0 0.853080183549
0.155051478781 1.0 0.850025523874
0.154105147878 1.0 0.840383357231
0.163010514788 1.0 0.826723516229
0.161201051479 1.0 0.822857943173
0.149320105148 1.0 0.830824339904
0.155332010515 1.0 0.836582687935
0.154133201051 1.0 0.840868800369
0.157613320105 1.0 0.847668280598
0.165161332011 1.0 0.854866796242
0.169516133201 1.0 0.862023956051
0.15915161332 1.0 0.866059028911
0.160815161332 1.0 0.866330323099
0.160081516133 1.0 0.864416580346
0.181608151613 1.0 0.86048876806
0.161260815161 1.0 0.856214230707
0.152026081516 1.0 0.848889410282
0.145702608152 1.0 0.837073705774
0.127070260815 1.0 0.835289258594
0.142307026082 1.0 0.84647807297
0.149230702608 1.0 0.855602897254
0.154423070261 1.0 0.863190099131
0.172942307026 1.0 0.867102344793
0.180194230703 1.0 0.86928834421
0.14491942307 1.0 0.870700264528
0.156691942307 1.0 0.870577386464
0.161469194231 1.0 0.866850902072
0.157446919423 1.0 0.859103163564
0.170544691942 1.0 0.850741742726
0.171854469194 1.0 0.843372490752
0.173785446919 1.0 0.834949794559
0.164078544692 1.0 0.824193212543
0.160407854469 1.0 0.817801118413
0.159140785447 1.0 0.821848770833
0.142814078545 1.0 0.827706191185
0.160981407854 1.0 0.837008469345
0.169998140785 1.0 0.846838866871
0.178099814079 1.0 0.854648401338
0.171709981408 1.0 0.86006129927
0.168370998141 1.0 0.865508335978
0.159937099814 1.0 0.874716194997
0.167193709981 1.0 0.879156440564
0.179619370998 1.0 0.879646350052
0.1709619371 1.0 0.877440973519
0.13409619371 1.0 0.874170071371
0.137609619371 1.0 0.868951907904
0.134360961937 1.0 0.868126937991
0.153836096194 1.0 0.875487488233
0.139583609619 1.0 0.882984082292
0.151658360962 1.0 0.889364877098
0.154665836096 1.0 0.891448504601
0.13876658361 1.0 0.88747688528
0.160576658361 1.0 0.882918002456
0.157357665836 1.0 0.879818437692
0.161535766584 1.0 0.874847179704
0.172753576658 1.0 0.867552887011
0.167575357666 1.0 0.856892288468
0.156257535767 1.0 0.848233926964
0.139825753577 1.0 0.842514853483
0.139982575358 1.0 0.83554120712
0.142698257536 1.0 0.8305378571
0.169069825754 1.0 0.836623111773
0.148306982575 1.0 0.843263968284
0.174130698258 1.0 0.850863172334
0.168613069826 1.0 0.858147605848
0.168061306983 1.0 0.861440685949
0.153606130698 1.0 0.864932697331
0.15036061307 1.0 0.87334292547
0.149136061307 1.0 0.883200808316
0.167013606131 1.0 0.88946511733
0.148101360613 1.0 0.890989461838
0.137210136061 1.0 0.891561818406
0.135221013606 1.0 0.891072904639
0.136822101361 1.0 0.887155462652
0.128882210136 1.0 0.883775921615
0.137988221014 1.0 0.887374698265
0.144298822101 1.0 0.890520605601
0.13592988221 1.0 0.897007548694
0.162992988221 1.0 0.899718650787
0.149499298822 1.0 0.897466464828
0.146349929882 1.0 0.890993416007
0.166734992988 1.0 0.887492760878
0.172373499299 1.0 0.883853615088
0.17743734993 1.0 0.879557067773
0.162643734993 1.0 0.874715928501
0.149464373499 1.0 0.867886883432
0.15534643735 1.0 0.863203468151
0.154134643735 1.0 0.857974719323
0.159413464373 1.0 0.860164958018
0.165341346437 1.0 0.865149401755
0.175834134644 1.0 0.869840057288
0.164283413464 1.0 0.875373768429
0.162228341346 1.0 0.877975449791
0.175522834135 1.0 0.880393610796
0.153452283413 1.0 0.886130187735
0.179145228341 1.0 0.891961870951
0.156514522834 1.0 0.897320329317
0.150651452283 1.0 0.897718700908
0.171665145228 1.0 0.896138809688
0.168366514523 1.0 0.896775371297
0.160836651452 1.0 0.895261777654
0.129483665145 1.0 0.890287486671
0.122748366515 1.0 0.882813041445
0.123874836651 1.0 0.884118127508
0.143787483665 1.0 0.883316129685
0.161078748367 1.0 0.884065670735
0.163707874837 1.0 0.889678312046
0.172970787484 1.0 0.894244028122
0.175697078748 1.0 0.897758507249
0.169669707875 1.0 0.896476092327
0.145666970787 1.0 0.892071403337
0.180166697079 1.0 0.891332145036
0.166516669708 1.0 0.892280326536
0.160651666971 1.0 0.891870719147
0.151065166697 1.0 0.886620850085
0.14830651667 1.0 0.877667049754
0.142630651667 1.0 0.87882117388
0.142963065167 1.0 0.884175156328
0.171796306517 1.0 0.888180557772
0.164779630652 1.0 0.891308551603
0.157777963065 1.0 0.893681395663
0.156177796307 1.0 0.897438262248
0.170417779631 1.0 0.899811803324
0.157441777963 1.0 0.899953045847
0.150744177796 1.0 0.897804613687
0.14917441778 1.0 0.894575901174
0.149917441778 1.0 0.89303163662
0.169791744178 1.0 0.890527381965
0.131279174418 1.0 0.881890915474
0.139127917442 1.0 0.868591573898
0.130012791744 1.0 0.861276695945
0.122801279174 1.0 0.866852542725
0.151780127917 1.0 0.866760071339
0.167278012792 1.0 0.868579289101
0.160727801279 1.0 0.875778787429
0.157372780128 1.0 0.884037928943
0.149837278013 1.0 0.89324831952
0.168883727801 1.0 0.897741339552
0.15458837278 1.0 0.897498178555
0.163058837278 1.0 0.895370230367
0.163005883728 1.0 0.895686071881
0.172000588373 1.0 0.897454891392
0.163900058837 1.0 0.894967995764
0.165790005884 1.0 0.889851825293
0.143479000588 1.0 0.88645893962
0.152947900059 1.0 0.889917632319
0.147594790006 1.0 0.893970551134
0.161459479001 1.0 0.896683319085
0.1538459479 1.0 0.89823476665
0.16748459479 1.0 0.899403012125
0.150848459479 1.0 0.897414399935
0.156384845948 1.0 0.894791500556
0.138938484595 1.0 0.890139987568
0.162393848459 1.0 0.883639535657
0.142239384846 1.0 0.877784128553
0.151023938485 1.0 0.868637607191
0.138402393848 1.0 0.855188088889
0.150640239385 1.0 0.837087697487
0.135664023938 1.0 0.822571329389
0.117966402394 1.0 0.828654244377
0.135996640239 1.0 0.830894568276
0.136899664024 1.0 0.835096032154
0.126189966402 1.0 0.84651793579
0.15391899664 1.0 0.85669896301
0.141391899664 1.0 0.868037668055
0.132939189966 1.0 0.878166290066
0.151893918997 1.0 0.884099249695
0.1483893919 1.0 0.887181303238
0.13813893919 1.0 0.887860256498
0.144313893919 1.0 0.890424838166
0.159331389392 1.0 0.892526250495
0.146433138939 1.0 0.889918495549
0.141543313894 1.0 0.888490786235
0.157254331389 1.0 0.89293501843
0.155225433139 1.0 0.894865125455
0.173922543314 1.0 0.896772776517
0.166792254331 1.0 0.898243712393
0.173279225433 1.0 0.8994039067
0.158627922543 1.0 0.897414489392
0.168862792254 1.0 0.894791509502
0.161786279225 1.0 0.890139988463
0.171878627923 1.0 0.883639535747
0.170187862792 1.0 0.877784128562
0.160118786279 1.0 0.868637607192
0.151911878628 1.0 0.855188088889
0.129491187863 1.0 0.837087697487
0.130849118786 1.0 0.834749304024
0.138184911879 1.0 0.846813896109
0.126318491188 1.0 0.858204482048
0.164731849119 1.0 0.867723730172
0.182073184912 1.0 0.875693231537
0.153207318491 1.0 0.884029373354
0.153920731849 1.0 0.893247463961
0.167492073185 1.0 0.897741253996
0.176949207318 1.0 0.897498169999
0.168894920732 1.0 0.895370229511
0.167189492073 1.0 0.895686071796
0.166118949207 1.0 0.897454891384
0.157911894921 1.0 0.894967995763
0.143591189492 1.0 0.889851825293
0.152059118949 1.0 0.886288072406
0.144805911895 1.0 0.888676802568
0.144980591189 1.0 0.890273945976
0.154898059119 1.0 0.891517890424
0.170289805912 1.0 0.893702329545
0.180828980591 1.0 0.897440355636
0.184582898059 1.0 0.899812012663
0.162458289806 1.0 0.899953066781
0.159345828981 1.0 0.897804615781
0.163534582898 1.0 0.894575901383
0.16215345829 1.0 0.893031636641
0.149415345829 1.0 0.890527381967
0.146341534583 1.0 0.881890915475
0.121734153458 1.0 0.868591573898
0.112073415346 1.0 0.863713590406
0.139907341535 1.0 0.872227846542
0.144490734153 1.0 0.878082012945
0.150349073415 1.0 0.883542259061
0.160834907342 1.0 0.889625970878
0.175383490734 1.0 0.894238794005
0.172338349073 1.0 0.897757983837
0.149533834907 1.0 0.896476039986
0.176953383491 1.0 0.892071398103
0.166195338349 1.0 0.891332144512
0.145319533835 1.0 0.892280326484
0.163031953383 1.0 0.891870719142
0.148603195338 1.0 0.886620850084
0.155260319534 1.0 0.877667049754
0.152326031953 1.0 0.871944470993
0.163732603195 1.0 0.874297252429
0.16217326032 1.0 0.874513432417
0.152117326032 1.0 0.875841105942
0.176311732603 1.0 0.878022183542
0.15893117326 1.0 0.880398284171
0.140993117326 1.0 0.886130655072
0.158099311733 1.0 0.891961917685
0.156209931173 1.0 0.89732033399
0.174020993117 1.0 0.897718701376
0.177602099312 1.0 0.896138809735
0.163560209931 1.0 0.896775371301
0.145956020993 1.0 0.895261777654
0.139695602099 1.0 0.890287486671
0.13636956021 1.0 0.886691564637
0.147736956021 1.0 0.891001864878
0.137173695602 1.0 0.894049364936
0.14061736956 1.0 0.897360424627
0.180561736956 1.0 0.899753938381
0.188156173696 1.0 0.897469993588
0.17361561737 1.0 0.890993768883
0.150561561737 1.0 0.887492796165
0.171656156174 1.0 0.883853618617
0.160265615617 1.0 0.879557068126
0.159126561562 1.0 0.874715928536
0.143712656156 1.0 0.867886883436
0.159271265616 1.0 0.863203468152
0.146427126562 1.0 0.857974719323
0.160442712656 1.0 0.849567794153
0.167244271266 1.0 0.847895583851
0.152624427127 1.0 0.847269422315
0.163762442713 1.0 0.851263717737
0.160376244271 1.0 0.858187660389
0.145637624427 1.0 0.861444691403
0.151363762443 1.0 0.864933097877
0.166336376244 1.0 0.873342965525
0.161533637624 1.0 0.883200812322
0.133153363762 1.0 0.889465117731
0.153715336376 1.0 0.890989461878
0.173771533638 1.0 0.89156181841
0.146077153364 1.0 0.891072904639
0.132507715336 1.0 0.887155462652
0.133850771534 1.0 0.884331498813
0.149285077153 1.0 0.887620711652
0.154428507715 1.0 0.887017143509
0.150442850772 1.0 0.88976818322
0.145544285077 1.0 0.891488835213
0.157654428508 1.0 0.887480918341
0.155265442851 1.0 0.882918405762
0.146026544285 1.0 0.879818478022
0.173902654429 1.0 0.874847183737
0.166790265443 1.0 0.867552887414
0.158879026544 1.0 0.856892288509
0.147287902654 1.0 0.848233926968
0.170428790265 1.0 0.842514853483
0.158342879027 1.0 0.83554120712
0.157134287903 1.0 0.830946907769
0.16511342879 1.0 0.832298645763
0.141611342879 1.0 0.832400896321
0.164461134288 1.0 0.837477939859
0.160446113429 1.0 0.846885813922
0.168144611343 1.0 0.854653096043
0.147314461134 1.0 0.860061768741
0.156931446113 1.0 0.865508382925
