0.0999 0.9 0.708428027845
0.14679 0.99 0.79137020315
0.170379 0.999 0.804780649472
0.1511379 0.9999 0.809711790141
0.16721379 0.99999 0.809141265157
0.170621379 0.999999 0.811042294063
0.1655621379 0.9999999 0.818277623399
0.15785621379 0.99999999 0.825336497142
0.153485621379 0.999999999 0.830643956619
0.151248562138 0.9999999999 0.830883348638
0.151024856214 0.99999999999 0.833375460905
0.149202485621 0.999999999999 0.838784891991
0.145420248562 1.0 0.847772915118
0.153142024856 1.0 0.850539752375
0.189014202486 1.0 0.855826077397
0.162901420249 1.0 0.858661961544
0.157590142025 1.0 0.855158745705
0.154359014202 1.0 0.855007598251
0.18463590142 1.0 0.852783694444
0.161563590142 1.0 0.844616564329
0.152956359014 1.0 0.841643992099
0.171895635901 1.0 0.838240341378
0.17468956359 1.0 0.838746773181
0.145268956359 1.0 0.837437488753
0.144126895636 1.0 0.831741159215
0.128712689564 1.0 0.827857308501
0.138871268956 1.0 0.832498528842
0.148887126896 1.0 0.841305353447
0.13368871269 1.0 0.849908440749
0.139368871269 1.0 0.858319996512
0.166036887127 1.0 0.862000033185
0.169603688713 1.0 0.864442297398
0.162760368871 1.0 0.86426672325
0.148576036887 1.0 0.864274981059
0.156157603689 1.0 0.867549483939
0.156015760369 1.0 0.87269593176
0.157801576037 1.0 0.876789319799
0.169680157604 1.0 0.8767395709
0.15736801576 1.0 0.876532344777
0.162436801576 1.0 0.878076470469
0.153043680158 1.0 0.882263551828
0.173704368016 1.0 0.887484833214
0.169470436802 1.0 0.891449290835
0.13664704368 1.0 0.893938488017
0.167564704368 1.0 0.893167900186
0.184156470437 1.0 0.894492142324
0.174115647044 1.0 0.89315395412
0.160511564704 1.0 0.887178253789
0.19335115647 1.0 0.885877759164
0.166035115647 1.0 0.884550801278
0.149803511565 1.0 0.885801123572
0.169780351156 1.0 0.883790804783
0.169078035116 1.0 0.877220356107
0.123107803512 1.0 0.873798665438
0.132010780351 1.0 0.876087265412
0.138301078035 1.0 0.880791359697
0.147030107804 1.0 0.884671654959
0.14070301078 1.0 0.889966612569
0.162570301078 1.0 0.893985284211
0.169257030108 1.0 0.891957919644
0.162725703011 1.0 0.89131157876
0.180972570301 1.0 0.892859761196
0.16029725703 1.0 0.895232922853
0.169929725703 1.0 0.898528351879
0.17449297257 1.0 0.896708214055
0.132649297257 1.0 0.897595612992
0.142864929726 1.0 0.897522326783
0.155586492973 1.0 0.897297730127
0.167658649297 1.0 0.898153221076
0.16436586493 1.0 0.898109133336
0.149636586493 1.0 0.901101128241
0.142763658649 1.0 0.903804495925
0.176276365865 1.0 0.904793380113
0.150827636586 1.0 0.907162216875
0.167182763659 1.0 0.904257675248
0.157118276366 1.0 0.901833375971
0.170511827637 1.0 0.899888883952
0.159251182764 1.0 0.899168848804
0.180625118276 1.0 0.900233708781
0.163862511828 1.0 0.896209980214
0.154986251183 1.0 0.89338120357
0.144198625118 1.0 0.891326118507
0.137719862512 1.0 0.890349181585
0.138871986251 1.0 0.892126857521
0.135387198625 1.0 0.893003230778
0.131438719863 1.0 0.89493376629
0.140943871986 1.0 0.900069005255
0.153594387199 1.0 0.901257332659
0.15395943872 1.0 0.902004350368
0.171095943872 1.0 0.903140373698
0.171909594387 1.0 0.90441545968
0.165690959439 1.0 0.909014975855
0.163269095944 1.0 0.90790626795
0.152226909594 1.0 0.90614573059
0.142122690959 1.0 0.905295210423
0.142012269096 1.0 0.901783052599
0.15460122691 1.0 0.899493744107
0.165760122691 1.0 0.89980848399
0.179476012269 1.0 0.898460043428
0.173647601227 1.0 0.899929463305
0.159564760123 1.0 0.904503742432
0.161756476012 1.0 0.907643946692
0.180875647601 1.0 0.905399491509
0.16028756476 1.0 0.900579626761
0.177128756476 1.0 0.899633137374
0.170712875648 1.0 0.900655423137
0.168271287565 1.0 0.900279906896
0.153627128756 1.0 0.896452270729
0.139562712876 1.0 0.890499389897
0.144456271288 1.0 0.887278909073
0.132345627129 1.0 0.885627781488
0.151834562713 1.0 0.885953098223
0.150183456271 1.0 0.884748489941
0.144618345627 1.0 0.886459575683
0.174661834563 1.0 0.895377914138
0.162366183456 1.0 0.899231903214
0.180936618346 1.0 0.899776167481
0.173793661835 1.0 0.902134343424
0.169479366183 1.0 0.903686077616
0.172647936618 1.0 0.909803427251
0.164864793662 1.0 0.910262546109
0.153286479366 1.0 0.907107959011
0.149428647937 1.0 0.905039580189
0.149942864794 1.0 0.899621921067
0.151794286479 1.0 0.898736991758
0.168179428648 1.0 0.899118448504
0.159017942865 1.0 0.901023612967
0.148201794286 1.0 0.902985129012
0.177720179429 1.0 0.903506576561
0.161772017943 1.0 0.903186186347
0.161977201794 1.0 0.903847959601
0.161997720179 1.0 0.899423708118
0.167399772018 1.0 0.896402588411
0.145439977202 1.0 0.891675771259
0.16034399772 1.0 0.888877344058
0.174434399772 1.0 0.886618565522
0.146143439977 1.0 0.879670168295
0.137914343998 1.0 0.874651090379
0.1361914344 1.0 0.868300128425
0.13511914344 1.0 0.867999100661
0.161111914344 1.0 0.867354545384
0.148411191434 1.0 0.870741730473
0.173241119143 1.0 0.877793240968
0.171224111914 1.0 0.88597034011
0.141322411191 1.0 0.890422692091
0.171632241119 1.0 0.894800039265
0.151263224112 1.0 0.898843602889
0.167226322411 1.0 0.902877839056
0.154422632241 1.0 0.906187381145
0.142342263224 1.0 0.905179163752
0.137534226322 1.0 0.903770598827
0.144253422632 1.0 0.90010113716
0.171025342263 1.0 0.901255988469
0.161102534226 1.0 0.906708175427
0.166410253423 1.0 0.912032729925
0.171441025342 1.0 0.914199938267
0.160244102534 1.0 0.912321278592
0.158224410253 1.0 0.912595893318
0.153522441025 1.0 0.911601920427
0.168352244103 1.0 0.904051123913
0.18063522441 1.0 0.898441661307
0.155763522441 1.0 0.890095791236
0.147876352244 1.0 0.88443666963
0.174087635224 1.0 0.878112470366
0.165908763522 1.0 0.866470161285
0.141690876352 1.0 0.857681444333
0.130269087635 1.0 0.850028807439
0.130926908764 1.0 0.853421765286
0.131892690876 1.0 0.853678772194
0.127489269088 1.0 0.857751482095
0.163948926909 1.0 0.867502218299
0.153194892691 1.0 0.877640542835
0.136819489269 1.0 0.885959457634
0.139681948927 1.0 0.892028187273
0.132768194893 1.0 0.897857675904
0.153676819489 1.0 0.903968559692
0.162967681949 1.0 0.908924016127
0.144996768195 1.0 0.910008588023
0.145899676819 1.0 0.908285593849
0.147789967682 1.0 0.903891530741
0.129978996768 1.0 0.906259709817
0.157897899677 1.0 0.910562080918
0.169689789968 1.0 0.913083493623
0.173568978997 1.0 0.914305014636
0.1595568979 1.0 0.912331786229
0.16625568979 1.0 0.912596944081
0.161525568979 1.0 0.911602025503
0.152052556898 1.0 0.904051134421
0.15830525569 1.0 0.898441662358
0.142730525569 1.0 0.890095791342
0.164573052557 1.0 0.884436669641
0.173057305256 1.0 0.878112470367
0.159505730526 1.0 0.866470161285
0.135650573053 1.0 0.857681444333
0.115265057305 1.0 0.85466317797
0.141126505731 1.0 0.860408291877
0.147312650573 1.0 0.864665586476
0.153331265057 1.0 0.870472834582
0.171033126506 1.0 0.877766351379
0.159303312651 1.0 0.885967651151
0.162630331265 1.0 0.890422423195
0.147663033127 1.0 0.894800012376
0.158766303313 1.0 0.8988436002
0.149976630331 1.0 0.902877838787
0.166197663033 1.0 0.906187381118
0.161519766303 1.0 0.905179163749
0.16105197663 1.0 0.903770598827
0.170005197663 1.0 0.90010113716
0.170000519766 1.0 0.89359519511
0.146600051977 1.0 0.896853974594
0.140660005198 1.0 0.899466836556
0.16076600052 1.0 0.90282945137
0.150176600052 1.0 0.903491008797
0.159017660005 1.0 0.903184629571
0.162601766001 1.0 0.903847803923
0.1503601766 1.0 0.89942369255
0.14733601766 1.0 0.896402586854
0.170433601766 1.0 0.891675771103
0.148443360177 1.0 0.888877344043
0.161544336018 1.0 0.88661856552
0.169154433602 1.0 0.879670168295
0.14111544336 1.0 0.874651090379
0.139211544336 1.0 0.876068778582
0.158821154434 1.0 0.880621248792
0.150882115443 1.0 0.88243074113
0.170788211544 1.0 0.886227800802
0.169178821154 1.0 0.89535473665
0.157317882115 1.0 0.899229585465
0.147131788212 1.0 0.899775935706
0.164113178821 1.0 0.902134320247
0.146911317882 1.0 0.903686075298
0.155991131788 1.0 0.909803427019
0.164999113179 1.0 0.910262546086
0.165899911318 1.0 0.907107959009
0.176789991132 1.0 0.905039580189
0.163478999113 1.0 0.899621921067
0.152247899911 1.0 0.896173915196
0.144824789991 1.0 0.897844969666
0.169282478999 1.0 0.897420200532
0.1798282479 1.0 0.899825479016
0.15568282479 1.0 0.904493344003
0.157768282479 1.0 0.907642906849
0.175076828248 1.0 0.905399387525
0.168707682825 1.0 0.900579616363
0.191470768282 1.0 0.899633136334
0.149647076828 1.0 0.900655423033
0.153564707683 1.0 0.900279906885
0.164756470768 1.0 0.896452270728
0.146975647077 1.0 0.890499389896
0.125397564708 1.0 0.887278909073
0.121439756471 1.0 0.888593160788
0.137243975647 1.0 0.890620986722
0.136124397565 1.0 0.893014330247
0.145012439756 1.0 0.894934876237
0.157601243976 1.0 0.90006911625
0.161560124398 1.0 0.901257343758
0.15205601244 1.0 0.902004351478
0.165505601244 1.0 0.903140373809
0.172250560124 1.0 0.904415459691
0.163025056012 1.0 0.909014975856
0.162102505601 1.0 0.90790626795
0.17191025056 1.0 0.90614573059
0.138691025056 1.0 0.905295210423
0.174969102506 1.0 0.901783052599
0.140796910251 1.0 0.90264760428
0.154479691025 1.0 0.90419573138
0.153147969103 1.0 0.904929802097
0.16741479691 1.0 0.90418736331
0.167941479691 1.0 0.904831666852
0.176994147969 1.0 0.907166045548
0.167999414797 1.0 0.904258058116
0.15899994148 1.0 0.901833414258
0.155399994148 1.0 0.899888887781
0.177539999415 1.0 0.899168849187
0.177053999941 1.0 0.90023370882
0.159905399994 1.0 0.896209980218
0.136590539999 1.0 0.893381203571
0.134259054 1.0 0.891326118507
0.1277259054 1.0 0.887325497964
0.13697259054 1.0 0.887153101013
0.133397259054 1.0 0.886593363514
0.151039725905 1.0 0.890158783425
0.154603972591 1.0 0.894004501296
0.177460397259 1.0 0.891959841352
0.162646039726 1.0 0.891311770931
0.157564603973 1.0 0.892859780413
0.149856460397 1.0 0.895232924775
0.16258564604 1.0 0.898528352072
0.173758564604 1.0 0.896708214074
0.17307585646 1.0 0.897595612994
0.161307585646 1.0 0.897522326784
0.162830758565 1.0 0.897297730127
0.143183075856 1.0 0.896688359634
0.149318307586 1.0 0.895785488303
0.149031830759 1.0 0.896097110183
0.150803183076 1.0 0.894403269952
0.174380318308 1.0 0.893214378379
0.159638031831 1.0 0.894496790144
0.170763803183 1.0 0.893154418902
0.156576380318 1.0 0.887178300268
0.159657638032 1.0 0.885877763812
0.172565763803 1.0 0.884550801743
0.15315657638 1.0 0.885801123618
0.144915657638 1.0 0.883790804787
0.148591565764 1.0 0.877220356108
0.140859156576 1.0 0.873798665438
0.140985915658 1.0 0.8668675163
0.141898591566 1.0 0.866708981625
0.137489859157 1.0 0.861906417698
0.137048985916 1.0 0.859519794207
0.168504898592 1.0 0.862120012954
0.141050489859 1.0 0.864454295375
0.165305048986 1.0 0.864267923047
0.165030504899 1.0 0.864275101038
0.15870305049 1.0 0.867549495937
0.162570305049 1.0 0.87269593296
0.177357030505 1.0 0.876789319919
0.16533570305 1.0 0.876739570912
0.147033570305 1.0 0.876532344779
0.143403357031 1.0 0.878076470469
0.160140335703 1.0 0.873867615594
0.14741403357 1.0 0.869385913926
0.159641403357 1.0 0.864089289747
0.158164140336 1.0 0.859488282779
0.147216414034 1.0 0.855241377829
0.158721641403 1.0 0.855015861464
0.15447216414 1.0 0.852784520766
0.149547216414 1.0 0.844616646961
0.164354721641 1.0 0.841644000362
0.173035472164 1.0 0.838240342204
0.160403547216 1.0 0.838746773263
0.148340354722 1.0 0.837437488761
0.152534035472 1.0 0.831741159216
0.143953403547 1.0 0.827857308501
0.143095340355 1.0 0.816236945367
0.142109534035 1.0 0.811605484158
0.142010953404 1.0 0.803682426528
0.15370109534 1.0 0.800895643019
0.160270109534 1.0 0.805733193458
0.157327010953 1.0 0.80980704454
0.154332701095 1.0 0.809150790597
0.16033327011 1.0 0.811043246607
0.165433327011 1.0 0.818277718654
0.163243332701 1.0 0.825336506668
0.15762433327 1.0 0.830643957571
0.159762433327 1.0 0.830883348734
0.166276243333 1.0 0.833375460914
0.145327624333 1.0 0.838784891992
0.140532762433 1.0 0.831551877198
0.145453276243 1.0 0.821780283512
0.145945327624 1.0 0.827981832476
0.143294532762 1.0 0.832349832759
0.159229453276 1.0 0.831332802344
0.153622945328 1.0 0.830608853256
0.159362294533 1.0 0.825698983751
0.177936229453 1.0 0.81775097636
0.164493622945 1.0 0.811248046605
0.162249362295 1.0 0.809707840598
0.175524936229 1.0 0.809753830907
0.164252493623 1.0 0.8059767308
0.153225249362 1.0 0.79939821019
0.144922524936 1.0 0.792412150106
0.123392252494 1.0 0.79863181203
0.149139225249 1.0 0.809844970825
0.140013922525 1.0 0.821340733875
0.149001392252 1.0 0.831653432437
0.163400139225 1.0 0.83751075142
0.157640013923 1.0 0.838179349454
0.160664001392 1.0 0.83890932545
0.153766400139 1.0 0.841488876813
0.165676640014 1.0 0.845431524317
0.161467664001 1.0 0.852793340774
0.1511467664 1.0 0.854422966659
0.15011467664 1.0 0.855853782552
0.162611467664 1.0 0.859216642449
0.143161146766 1.0 0.860995598605
0.159216114677 1.0 0.865816435773
0.150021611468 1.0 0.868580795944
0.176102161147 1.0 0.873050921949
0.164310216115 1.0 0.876340317048
0.172131021611 1.0 0.876479367235
0.156713102161 1.0 0.876638702288
0.144371310216 1.0 0.87279174965
0.149437131022 1.0 0.866983646091
0.158043713102 1.0 0.864663116076
0.15440437131 1.0 0.864050390524
0.176540437131 1.0 0.864133409881
0.173354043713 1.0 0.862156231359
0.155035404371 1.0 0.858532938687
0.120803540437 1.0 0.854269132214
0.139880354044 1.0 0.858423699878
0.134588035404 1.0 0.865864599983
0.13135880354 1.0 0.871954363135
0.136435880354 1.0 0.877058284164
0.151343588035 1.0 0.883782895763
0.157334358804 1.0 0.885936653862
0.17503343588 1.0 0.883806784446
0.169603343588 1.0 0.885876956766
0.177160334359 1.0 0.887380349072
0.150016033436 1.0 0.893183506534
0.139201603344 1.0 0.894715204111
0.166020160334 1.0 0.892472785928
0.176802016033 1.0 0.894323117007
0.154480201603 1.0 0.893226614785
0.16304802016 1.0 0.896011424736
0.169304802016 1.0 0.895717794813
0.163630480202 1.0 0.896781582063
0.16756304802 1.0 0.8975776766
0.158956304802 1.0 0.897069506028
0.16259563048 1.0 0.897129128921
0.149459563048 1.0 0.898642801351
0.178745956305 1.0 0.89489236653
0.16187459563 1.0 0.893058190494
0.159287459563 1.0 0.891087724046
0.170728745956 1.0 0.892424650902
0.161072874596 1.0 0.894101629209
0.14390728746 1.0 0.889363678611
0.145790728746 1.0 0.884358226813
0.121679072875 1.0 0.88444755533
0.138167907287 1.0 0.886865306749
0.132616790729 1.0 0.890343550961
0.147361679073 1.0 0.893598789134
0.162336167907 1.0 0.896296080506
0.158433616791 1.0 0.900235236451
0.160743361679 1.0 0.898805530051
0.165474336168 1.0 0.899846273404
0.174947433617 1.0 0.902207827652
0.152494743362 1.0 0.904326998271
0.167349474336 1.0 0.907188332409
0.159834947434 1.0 0.904492703252
0.148283494743 1.0 0.90414497485
0.170528349474 1.0 0.902921510125
0.156552834947 1.0 0.902623454637
0.149755283495 1.0 0.904193316416
0.146375528349 1.0 0.905453152598
0.158637552835 1.0 0.905518313139
0.158063755283 1.0 0.905440602968
0.151706375528 1.0 0.908021601885
0.178970637553 1.0 0.90897078928
0.168197063755 1.0 0.903456089774
0.172519706376 1.0 0.903222210568
0.176551970638 1.0 0.901378663471
0.167955197064 1.0 0.901396528958
0.173395519706 1.0 0.899887940311
0.157739551971 1.0 0.894127963629
0.147173955197 1.0 0.89355629273
0.13801739552 1.0 0.891574938185
0.157801739552 1.0 0.890919164462
0.153480173955 1.0 0.888972852249
0.159348017396 1.0 0.891062237569
0.17433480174 1.0 0.896212961652
0.160533480174 1.0 0.900448700458
0.156453348017 1.0 0.900845269462
0.160545334802 1.0 0.899344370344
0.16095453348 1.0 0.901110889207
0.155595453348 1.0 0.905203055601
0.151459545335 1.0 0.907711255496
0.161845954533 1.0 0.904737088204
0.152984595453 1.0 0.899570252527
0.149398459545 1.0 0.896342666673
0.140939845955 1.0 0.892913836932
0.137393984595 1.0 0.89751896184
0.14243939846 1.0 0.901207484328
0.171743939846 1.0 0.904971428872
0.157574393985 1.0 0.907451865064
0.158857439398 1.0 0.910376361744
0.15718574394 1.0 0.909815495128
0.157918574394 1.0 0.903548111307
0.169691857439 1.0 0.902176651957
0.184369185744 1.0 0.900256725277
0.155236918574 1.0 0.899423318849
0.159523691857 1.0 0.895431463482
0.171652369186 1.0 0.886110797771
0.142265236919 1.0 0.882957479912
0.124926523692 1.0 0.880435630295
0.139392652369 1.0 0.881057933964
0.137239265237 1.0 0.879171893442
0.147823926524 1.0 0.880383161012
0.132682392652 1.0 0.886443824561
0.175268239265 1.0 0.888590296928
0.160626823927 1.0 0.891656267611
0.163662682393 1.0 0.896212279622
0.165766268239 1.0 0.899709147057
0.147976626824 1.0 0.903673793936
0.140797662682 1.0 0.902971964833
0.160779766268 1.0 0.903846756551
0.158277976627 1.0 0.902750876638
0.140927797663 1.0 0.898881709283
0.165292779766 1.0 0.896320287061
0.158729277977 1.0 0.897126483789
0.140972927798 1.0 0.900024792978
0.18869729278 1.0 0.903535463695
0.153869729278 1.0 0.90510858226
0.161186972928 1.0 0.906293298735
0.167318697293 1.0 0.902712650823
0.149931869729 1.0 0.898588725465
0.152693186973 1.0 0.894834959014
0.174569318697 1.0 0.890482960487
0.17675693187 1.0 0.886172095626
0.154475693187 1.0 0.877573165028
0.153147569319 1.0 0.870308094347
0.125114756932 1.0 0.863131743111
0.108811475693 1.0 0.856859222292
0.124281147569 1.0 0.86062789631
0.133928114757 1.0 0.862758801555
0.144792811476 1.0 0.867634992479
0.138679281148 1.0 0.878058974692
0.150667928115 1.0 0.884473951933
0.166266792811 1.0 0.890440191467
0.151626679281 1.0 0.898132076665
0.171762667928 1.0 0.904765610826
0.157576266793 1.0 0.911548524887
0.184957626679 1.0 0.912741778011
0.163395762668 1.0 0.912805848182
0.158539576267 1.0 0.91415685353
0.145453957627 1.0 0.911434857458
0.154945395763 1.0 0.909857363712
0.162194539576 1.0 0.910921846308
0.117019453958 1.0 0.908519687092
0.137701945396 1.0 0.908679261511
0.16587019454 1.0 0.909764366953
0.157887019454 1.0 0.908749843
0.139988701945 1.0 0.904269699254
0.151698870195 1.0 0.897636779027
0.153769887019 1.0 0.892306378525
0.144976988702 1.0 0.885828521106
0.13959769887 1.0 0.877435654215
0.162459769887 1.0 0.867863963686
0.137745976989 1.0 0.857048584354
0.122674597699 1.0 0.844820246137
0.13196745977 1.0 0.843994349771
0.131996745977 1.0 0.852818319519
0.149099674598 1.0 0.859496516884
0.14270996746 1.0 0.867308764011
0.151970996746 1.0 0.878026351845
0.164597099675 1.0 0.884470689648
0.169459709967 1.0 0.890439865238
0.178945970997 1.0 0.898132044042
0.1762945971 1.0 0.904765607564
0.16342945971 1.0 0.911548524561
0.152242945971 1.0 0.912741777978
0.143024294597 1.0 0.912805848178
0.16730242946 1.0 0.914156853529
0.160730242946 1.0 0.911434857457
0.150173024295 1.0 0.907819792916
0.158117302429 1.0 0.907364555871
0.149011730243 1.0 0.905404723161
0.159801173024 1.0 0.904073456713
0.164480117302 1.0 0.905162381562
0.14424801173 1.0 0.906298678665
0.157524801173 1.0 0.902713188816
0.175952480117 1.0 0.898588779265
0.178695248012 1.0 0.894834964394
0.168169524801 1.0 0.890482961025
0.19771695248 1.0 0.886172095679
0.161971695248 1.0 0.877573165034
0.141297169525 1.0 0.870308094348
0.149129716952 1.0 0.863131743111
0.123812971695 1.0 0.862403856435
0.15098129717 1.0 0.867409473462
0.163598129717 1.0 0.872489815826
0.144159812972 1.0 0.87971495325
0.165615981297 1.0 0.886377003785
0.14256159813 1.0 0.888583614851
0.169056159813 1.0 0.891655599403
0.169005615981 1.0 0.896212212801
0.166300561598 1.0 0.899709140375
0.17323005616 1.0 0.903673793268
0.162223005616 1.0 0.902971964766
0.161122300562 1.0 0.903846756545
0.170012230056 1.0 0.902750876638
0.126801223006 1.0 0.898881709283
0.151280122301 1.0 0.897131770304
0.16542801223 1.0 0.898957926359
0.143442801223 1.0 0.903065308992
0.164644280122 1.0 0.905157211338
0.167664428012 1.0 0.907470443311
0.168866442801 1.0 0.910378219569
0.17078664428 1.0 0.90981568091
0.159278664428 1.0 0.903548129885
0.178827866443 1.0 0.902176653815
0.151982786644 1.0 0.900256725463
0.143898278664 1.0 0.899423318868
0.147589827866 1.0 0.895431463483
0.139858982787 1.0 0.886110797771
0.147185898279 1.0 0.882957479912
0.139818589828 1.0 0.882843673424
0.132781858983 1.0 0.885674687417
0.148278185898 1.0 0.88686392829
0.16332781859 1.0 0.890851345173
0.168432781859 1.0 0.896191872412
0.168043278186 1.0 0.900446591534
0.164404327819 1.0 0.90084505857
0.172140432782 1.0 0.899344349255
0.158514043278 1.0 0.901110887099
0.154451404328 1.0 0.90520305539
0.166645140433 1.0 0.907711255475
0.181364514043 1.0 0.904737088202
0.161236451404 1.0 0.899570252526
0.15382364514 1.0 0.896342666673
0.143182364514 1.0 0.897658420583
0.148418236451 1.0 0.899624951637
0.139041823645 1.0 0.902157535764
0.151604182365 1.0 0.905188751455
0.152860418236 1.0 0.905407646799
0.152986041824 1.0 0.908018306268
0.170998604182 1.0 0.908970459718
0.152099860418 1.0 0.903456056818
0.156509986042 1.0 0.903222207273
0.165050998604 1.0 0.901378663141
0.16950509986 1.0 0.901396528925
0.167250509986 1.0 0.899887940307
0.159825050999 1.0 0.894127963628
0.1527825051 1.0 0.89355629273
0.14667825051 1.0 0.892554413345
0.128067825051 1.0 0.892347380697
0.148706782505 1.0 0.891785663053
0.159770678251 1.0 0.893743000343
0.168977067825 1.0 0.896310501627
0.162697706783 1.0 0.900236678563
0.157569770678 1.0 0.898805674262
0.157056977068 1.0 0.899846287825
0.170505697707 1.0 0.902207829095
0.181750569771 1.0 0.904326998416
0.184675056977 1.0 0.907188332424
0.167867505698 1.0 0.904492703254
0.15178675057 1.0 0.90414497485
0.152878675057 1.0 0.902921510125
0.134087867506 1.0 0.898076472455
0.141208786751 1.0 0.898101458474
0.135620878675 1.0 0.897152772769
0.147662087868 1.0 0.897614795671
0.169566208787 1.0 0.897073217935
0.166356620879 1.0 0.897129500112
0.168735662088 1.0 0.89864283847
0.161773566209 1.0 0.894892370242
0.137677356621 1.0 0.893058190865
0.162267735662 1.0 0.891087724083
0.162926773566 1.0 0.892424650906
0.170192677357 1.0 0.894101629209
0.170919267736 1.0 0.889363678611
0.154791926774 1.0 0.884358226814
0.132479192677 1.0 0.88091888596
0.138347919268 1.0 0.881274521752
0.130834791927 1.0 0.878231597574
0.164283479193 1.0 0.877686007608
0.147828347919 1.0 0.883845668107
0.157882834792 1.0 0.885942931096
0.174188283479 1.0 0.88380741217
0.151518828348 1.0 0.885877019538
0.165451882835 1.0 0.887380355349
0.156945188283 1.0 0.893183507162
0.155194518828 1.0 0.894715204174
0.162219451883 1.0 0.892472785934
0.151221945188 1.0 0.894323117008
0.151922194519 1.0 0.893226614785
0.152892219452 1.0 0.890213135618
0.161089221945 1.0 0.888279791593
0.144808922195 1.0 0.881644510985
0.159380892219 1.0 0.877199675952
0.167138089222 1.0 0.876565303126
0.162513808922 1.0 0.876647295877
0.164751380892 1.0 0.872792609009
0.156875138089 1.0 0.866983732027
0.163287513809 1.0 0.86466312467
0.152228751381 1.0 0.864050391383
0.171822875138 1.0 0.864133409967
0.171982287514 1.0 0.862156231367
0.142298228751 1.0 0.858532938688
0.142929822875 1.0 0.854269132214
0.143892982288 1.0 0.844870884434
0.160189298229 1.0 0.842542589006
0.143818929823 1.0 0.836280623523
0.156581892982 1.0 0.833147421402
0.148858189298 1.0 0.837660150316
0.16698581893 1.0 0.838194289344
0.148098581893 1.0 0.838910819439
0.155209858189 1.0 0.841489026212
0.161320985819 1.0 0.845431539257
0.170032098582 1.0 0.852793342268
0.162803209858 1.0 0.854422966808
0.169280320986 1.0 0.855853782567
0.157328032099 1.0 0.85921664245
0.15793280321 1.0 0.860995598605
0.167893280321 1.0 0.857822312259
0.163489328032 1.0 0.851544692089
0.166648932803 1.0 0.842561750829
0.14176489328 1.0 0.833807824594
0.152776489328 1.0 0.831478601528
0.151177648933 1.0 0.830623433174
0.160017764893 1.0 0.825700441742
0.165401776489 1.0 0.81775112216
0.147940177649 1.0 0.811248061185
0.169594017765 1.0 0.809707842056
0.166359401776 1.0 0.809753831053
0.146235940178 1.0 0.805976730815
0.144223594018 1.0 0.799398210192
0.128722359402 1.0 0.792412150107
0.13167223594 1.0 0.777859205379
0.118467223594 1.0 0.771538141857
0.136046722359 1.0 0.785581842031
0.139604672236 1.0 0.799085584569
0.172360467224 1.0 0.805552187613
0.150436046722 1.0 0.809788943956
0.159043604672 1.0 0.809148980538
0.149104360467 1.0 0.811043065601
0.149010436047 1.0 0.818277700553
0.143601043605 1.0 0.825336504858
0.16376010436 1.0 0.83064395739
0.143276010436 1.0 0.830883348716
0.161927601044 1.0 0.833375460913
0.153892760104 1.0 0.838784891991
0.13868927601 1.0 0.847772915118
0.157868927601 1.0 0.850539752375
0.14628689276 1.0 0.855826077397
0.152328689276 1.0 0.858661961544
0.160132868928 1.0 0.855158745705
0.171713286893 1.0 0.855007598251
0.153971328689 1.0 0.852783694444
0.142297132869 1.0 0.844616564329
0.160029713287 1.0 0.841643992099
0.175302971329 1.0 0.838240341378
0.178630297133 1.0 0.838746773181
0.165463029713 1.0 0.837437488753
0.144346302971 1.0 0.831741159215
0.143134630297 1.0 0.827857308501
0.13041346303 1.0 0.832498528842
0.134541346303 1.0 0.841305353447
0.14935413463 1.0 0.849908440749
0.134635413463 1.0 0.858319996512
0.159263541346 1.0 0.862000033185
0.149126354135 1.0 0.864442297398
0.179612635413 1.0 0.86426672325
0.164661263541 1.0 0.864274981059
0.151466126354 1.0 0.867549483939
0.161846612635 1.0 0.87269593176
0.164684661264 1.0 0.876789319799
0.158668466126 1.0 0.8767395709
0.167066846613 1.0 0.876532344777
0.154406684661 1.0 0.878076470469
0.168440668466 1.0 0.882263551828
0.157244066847 1.0 0.887484833214
0.154324406685 1.0 0.891449290835
0.149532440668 1.0 0.893938488017
0.155353244067 1.0 0.893167900186
0.177535324407 1.0 0.894492142324
0.149153532441 1.0 0.89315395412
0.158015353244 1.0 0.887178253789
0.165201535324 1.0 0.885877759164
0.147920153532 1.0 0.884550801278
0.158792015353 1.0 0.885801123572
0.160779201535 1.0 0.883790804783
0.159177920154 1.0 0.877220356107
0.134717792015 1.0 0.873798665438
0.161071779202 1.0 0.876087265412
0.14120717792 1.0 0.880791359697
0.149120717792 1.0 0.884671654959
0.149012071779 1.0 0.889966612569
0.180501207178 1.0 0.893985284211
0.170150120718 1.0 0.891957919644
0.159215012072 1.0 0.89131157876
0.159021501207 1.0 0.892859761196
0.165302150121 1.0 0.895232922853
0.163230215012 1.0 0.898528351879
0.167523021501 1.0 0.896708214055
0.16525230215 1.0 0.897595612992
0.157825230215 1.0 0.897522326783
0.160682523022 1.0 0.897297730127
0.157368252302 1.0 0.898153221076
0.14623682523 1.0 0.898109133336
0.165823682523 1.0 0.901101128241
0.162382368252 1.0 0.903804495925
0.153938236825 1.0 0.904793380113
0.162993823683 1.0 0.907162216875
0.159399382368 1.0 0.904257675248
0.173439938237 1.0 0.901833375971
0.165843993824 1.0 0.899888883952
0.161484399382 1.0 0.899168848804
0.146648439938 1.0 0.900233708781
0.178464843994 1.0 0.896209980214
0.157346484399 1.0 0.89338120357
0.13543464844 1.0 0.891326118507
0.126043464844 1.0 0.890349181585
0.140404346484 1.0 0.892126857521
0.145440434648 1.0 0.893003230778
0.159444043465 1.0 0.89493376629
0.150044404346 1.0 0.900069005255
0.152704440435 1.0 0.901257332659
0.163770444043 1.0 0.902004350368
0.142377044404 1.0 0.903140373698
0.14563770444 1.0 0.90441545968
0.163063770444 1.0 0.909014975855
0.167506377044 1.0 0.90790626795
0.168850637704 1.0 0.90614573059
0.16718506377 1.0 0.905295210423
0.153518506377 1.0 0.901783052599
0.156651850638 1.0 0.899493744107
0.162365185064 1.0 0.89980848399
0.158436518506 1.0 0.898460043428
0.169743651851 1.0 0.899929463305
0.181674365185 1.0 0.904503742432
0.174767436519 1.0 0.907643946692
0.162376743652 1.0 0.905399491509
0.173737674365 1.0 0.900579626761
0.164973767437 1.0 0.899633137374
0.163197376744 1.0 0.900655423137
0.173819737674 1.0 0.900279906896
0.169481973767 1.0 0.896452270729
0.142948197377 1.0 0.890499389897
0.124094819738 1.0 0.887278909073
0.135709481974 1.0 0.885627781488
0.139570948197 1.0 0.885953098223
0.13365709482 1.0 0.884748489941
0.148365709482 1.0 0.886459575683
0.180436570948 1.0 0.895377914138
0.173743657095 1.0 0.899231903214
0.148774365709 1.0 0.899776167481
0.157977436571 1.0 0.902134343424
0.168797743657 1.0 0.903686077616
0.169879774366 1.0 0.909803427251
0.173587977437 1.0 0.910262546109
0.153258797744 1.0 0.907107959011
0.156625879774 1.0 0.905039580189
0.156962587977 1.0 0.899621921067
0.148896258798 1.0 0.898736991758
0.16338962588 1.0 0.899118448504
0.163038962588 1.0 0.901023612967
0.149503896259 1.0 0.902985129012
0.173350389626 1.0 0.903506576561
0.167635038963 1.0 0.903186186347
0.153563503896 1.0 0.903847959601
0.14675635039 1.0 0.899423708118
0.138875635039 1.0 0.896402588411
0.171387563504 1.0 0.891675771259
0.14313875635 1.0 0.888877344058
0.149313875635 1.0 0.886618565522
0.134631387564 1.0 0.879670168295
0.131363138756 1.0 0.874651090379
0.137336313876 1.0 0.868300128425
0.146033631388 1.0 0.867999100661
0.135203363139 1.0 0.867354545384
0.146720336314 1.0 0.870741730473
0.165872033631 1.0 0.877793240968
0.162387203363 1.0 0.88597034011
0.162038720336 1.0 0.890422692091
0.153003872034 1.0 0.894800039265
0.151200387203 1.0 0.898843602889
0.16272003872 1.0 0.902877839056
0.140472003872 1.0 0.906187381145
0.162547200387 1.0 0.905179163752
0.146754720039 1.0 0.903770598827
0.138875472004 1.0 0.90010113716
0.1389875472 1.0 0.901255988469
0.14709875472 1.0 0.906708175427
0.151509875472 1.0 0.912032729925
0.172650987547 1.0 0.914199938267
0.176565098755 1.0 0.912321278592
0.161656509875 1.0 0.912595893318
0.170965650988 1.0 0.911601920427
0.152096565099 1.0 0.904051123913
0.18170965651 1.0 0.898441661307
0.181970965651 1.0 0.890095791236
0.154097096565 1.0 0.88443666963
0.161209709657 1.0 0.878112470366
0.161920970966 1.0 0.866470161285
0.137692097097 1.0 0.857681444333
0.13076920971 1.0 0.850028807439
0.141776920971 1.0 0.853421765286
0.130277692097 1.0 0.853678772194
0.13542776921 1.0 0.857751482095
0.138642776921 1.0 0.867502218299
0.137164277692 1.0 0.877640542835
0.151416427769 1.0 0.885959457634
0.137541642777 1.0 0.892028187273
0.160454164278 1.0 0.897857675904
0.135745416428 1.0 0.903968559692
0.144974541643 1.0 0.908924016127
0.132397454164 1.0 0.910008588023
0.155439745416 1.0 0.908285593849
0.135243974542 1.0 0.903891530741
0.121524397454 1.0 0.906259709817
0.147152439745 1.0 0.910562080918
0.147015243975 1.0 0.913083493623
0.151501524397 1.0 0.914305014636
0.16455015244 1.0 0.912331786229
0.169455015244 1.0 0.912596944081
0.160945501524 1.0 0.911602025503
0.163694550152 1.0 0.904051134421
0.155869455015 1.0 0.898441662358
0.178486945502 1.0 0.890095791342
0.16544869455 1.0 0.884436669641
0.174044869455 1.0 0.878112470367
0.156904486946 1.0 0.866470161285
0.128190448695 1.0 0.857681444333
0.133419044869 1.0 0.85466317797
0.142041904487 1.0 0.860408291877
0.135704190449 1.0 0.864665586476
0.142270419045 1.0 0.870472834582
0.139327041904 1.0 0.877766351379
0.15973270419 1.0 0.885967651151
0.160873270419 1.0 0.890422423195
0.169087327042 1.0 0.894800012376
0.159108732704 1.0 0.8988436002
0.16801087327 1.0 0.902877838787
0.167101087327 1.0 0.906187381118
0.168810108733 1.0 0.905179163749
0.149181010873 1.0 0.903770598827
0.134618101087 1.0 0.90010113716
0.164661810109 1.0 0.89359519511
0.146966181011 1.0 0.896853974594
0.142496618101 1.0 0.899466836556
0.14204966181 1.0 0.90282945137
0.155504966181 1.0 0.903491008797
0.150550496618 1.0 0.903184629571
0.164455049662 1.0 0.903847803923
0.166745504966 1.0 0.89942369255
0.177774550497 1.0 0.896402586854
0.13747745505 1.0 0.891675771103
0.150547745505 1.0 0.888877344043
0.15365477455 1.0 0.88661856552
0.138665477455 1.0 0.879670168295
0.152466547746 1.0 0.874651090379
0.138546654775 1.0 0.876068778582
0.133554665477 1.0 0.880621248792
0.154655466548 1.0 0.88243074113
0.170265546655 1.0 0.886227800802
0.164626554665 1.0 0.89535473665
0.161362655467 1.0 0.899229585465
0.166436265547 1.0 0.899775935706
0.150743626555 1.0 0.902134320247
0.157274362655 1.0 0.903686075298
0.147127436266 1.0 0.909803427019
0.147012743627 1.0 0.910262546086
0.155101274363 1.0 0.907107959009
0.159510127436 1.0 0.905039580189
0.160851012744 1.0 0.899621921067
0.161885101274 1.0 0.896173915196
0.140388510127 1.0 0.897844969666
0.169738851013 1.0 0.897420200532
0.166373885101 1.0 0.899825479016
0.16873738851 1.0 0.904493344003
0.156373738851 1.0 0.907642906849
0.163237373885 1.0 0.905399387525
0.145923737389 1.0 0.900579616363
0.156792373739 1.0 0.899633136334
0.172279237374 1.0 0.900655423033
0.168427923737 1.0 0.900279906885
0.153642792374 1.0 0.896452270728
0.153064279237 1.0 0.890499389896
0.135006427924 1.0 0.887278909073
0.145800642792 1.0 0.888593160788
0.133380064279 1.0 0.890620986722
0.124938006428 1.0 0.893014330247
0.133093800643 1.0 0.894934876237
0.153709380064 1.0 0.90006911625
0.153970938006 1.0 0.901257343758
0.161197093801 1.0 0.902004351478
0.15201970938 1.0 0.903140373809
0.178101970938 1.0 0.904415459691
0.169910197094 1.0 0.909014975856
0.185291019709 1.0 0.90790626795
0.174229101971 1.0 0.90614573059
0.149722910197 1.0 0.905295210423
0.14007229102 1.0 0.901783052599
0.158907229102 1.0 0.90264760428
0.14819072291 1.0 0.90419573138
0.158819072291 1.0 0.904929802097
0.167081907229 1.0 0.90418736331
0.151708190723 1.0 0.904831666852
0.161870819072 1.0 0.907166045548
0.152087081907 1.0 0.904258058116
0.170908708191 1.0 0.901833414258
0.154790870819 1.0 0.899888887781
0.161279087082 1.0 0.899168849187
0.165527908708 1.0 0.90023370882
0.161452790871 1.0 0.896209980218
0.157445279087 1.0 0.893381203571
0.137244527909 1.0 0.891326118507
0.120824452791 1.0 0.887325497964
0.122782445279 1.0 0.887153101013
0.149978244528 1.0 0.886593363514
0.133797824453 1.0 0.890158783425
0.185279782445 1.0 0.894004501296
0.181427978245 1.0 0.891959841352
0.163042797824 1.0 0.891311770931
0.155804279782 1.0 0.892859780413
0.178480427978 1.0 0.895232924775
0.167248042798 1.0 0.898528352072
0.15892480428 1.0 0.896708214074
0.150892480428 1.0 0.897595612994
0.172589248043 1.0 0.897522326784
0.138758924804 1.0 0.897297730127
0.15247589248 1.0 0.896688359634
0.151147589248 1.0 0.895785488303
0.145614758925 1.0 0.896097110183
0.144161475892 1.0 0.894403269952
0.178216147589 1.0 0.893214378379
0.153721614759 1.0 0.894496790144
0.171972161476 1.0 0.893154418902
0.153997216148 1.0 0.887178300268
