0.1971 0.9 0.0325767715806
0.20421 0.99 0.0394273220122
0.221121 0.999 0.0417565873874
0.2327121 0.9999 0.0434948484923
0.23927121 0.99999 0.0450202433009
0.220127121 0.999999 0.0463578497901
0.1975127121 0.9999999 0.0474995722522
0.19525127121 0.99999999 0.0530062467426
0.182425127121 0.999999999 0.0565052502622
0.228842512712 0.9999999999 0.0620087639177
0.209184251271 0.99999999999 0.0656273672392
0.218018425127 0.999999999999 0.0642488226096
0.222501842513 1.0 0.0621362884199
0.219350184251 1.0 0.059734875585
0.201035018425 1.0 0.0571109580194
0.191103501843 1.0 0.0542959896117
0.195510350184 1.0 0.0579593503155
0.224751035018 1.0 0.0637297458981
0.212375103502 1.0 0.0714256700042
0.20303751035 1.0 0.0784044703863
0.232703751035 1.0 0.0823417949448
0.228470375104 1.0 0.0857013570886
0.23524703751 1.0 0.0887001914808
0.207124703751 1.0 0.0913349093092
0.207012470375 1.0 0.0935842805289
0.204301247038 1.0 0.102545411462
0.210330124704 1.0 0.107829848922
0.20283301247 1.0 0.11607372663
0.247983301247 1.0 0.121184692555
0.222798330125 1.0 0.118486632616
0.222079833012 1.0 0.114575687645
0.221107983301 1.0 0.110146128222
0.19761079833 1.0 0.105307694565
0.198861079833 1.0 0.100117120173
0.190886107983 1.0 0.104999856325
0.201788610798 1.0 0.113915934687
0.21907886108 1.0 0.125304644179
0.214507886108 1.0 0.135740434353
0.234750788611 1.0 0.142384928347
0.216075078861 1.0 0.148177219824
0.199807507886 1.0 0.153360495799
0.209880750789 1.0 0.157915691081
0.195588075079 1.0 0.161804778873
0.191458807508 1.0 0.174281201763
0.211745880751 1.0 0.180918854201
0.220974588075 1.0 0.19126452927
0.211997458808 1.0 0.19715281934
0.209299745881 1.0 0.192527846102
0.205429974588 1.0 0.186149720048
0.219442997459 1.0 0.178950757405
0.224444299746 1.0 0.171089685146
0.197044429975 1.0 0.162656719765
0.201504442997 1.0 0.167804201883
0.2001504443 1.0 0.179793065013
0.20901504443 1.0 0.194363548465
0.220701504443 1.0 0.207984978314
0.205670150444 1.0 0.217918219965
0.221267015044 1.0 0.226758697778
0.222826701504 1.0 0.234688333609
0.20588267015 1.0 0.241658929127
0.164588267015 1.0 0.247610389521
0.211758826702 1.0 0.262518770074
0.20567588267 1.0 0.269305247944
0.224867588267 1.0 0.280029105041
0.210586758827 1.0 0.285293598597
0.227158675883 1.0 0.278284856428
0.204515867588 1.0 0.269034483521
0.217551586759 1.0 0.258627014824
0.228755158676 1.0 0.247265560284
0.199275515868 1.0 0.235077875465
0.199927551587 1.0 0.238910277699
0.201792755159 1.0 0.253085705192
0.216379275516 1.0 0.269327481633
0.216037927552 1.0 0.285023811917
0.221403792755 1.0 0.298325824274
0.208440379276 1.0 0.310397446981
0.201744037928 1.0 0.321248823466
0.204674403793 1.0 0.330790090723
0.180667440379 1.0 0.338936600388
0.189966744038 1.0 0.354271732545
0.209796674404 1.0 0.359579578342
0.19377966744 1.0 0.368401623971
0.209277966744 1.0 0.371426102862
0.212627796674 1.0 0.361929637462
0.212062779667 1.0 0.349862052371
0.228206277967 1.0 0.336324151009
0.208220627797 1.0 0.321549106852
0.20982206278 1.0 0.305699960307
0.216282206278 1.0 0.306576801288
0.181828220628 1.0 0.321505410419
0.199082822063 1.0 0.337414307946
0.199908282206 1.0 0.353596477377
0.211690828221 1.0 0.369754758909
0.232669082822 1.0 0.38468254686
0.221266908282 1.0 0.398127504634
0.213826690828 1.0 0.409951773289
0.197782669083 1.0 0.420047798118
0.202478266908 1.0 0.433599626613
0.195747826691 1.0 0.435992420654
0.192374782669 1.0 0.440925990664
0.218137478267 1.0 0.440489793325
0.223413747827 1.0 0.428837013537
0.228441374783 1.0 0.414499874119
0.214544137478 1.0 0.398456967626
0.221254413748 1.0 0.380951986619
0.204825441375 1.0 0.362174835789
0.181582544137 1.0 0.359012597105
0.193658254414 1.0 0.373181147544
0.189465825441 1.0 0.38691323071
0.201646582544 1.0 0.402001328816
0.214564658254 1.0 0.420025591504
0.214956465825 1.0 0.436948517644
0.190695646583 1.0 0.452216791815
0.180169564658 1.0 0.465647156116
0.187216956466 1.0 0.477114776672
0.194221695647 1.0 0.475765067727
0.190422169565 1.0 0.465964454129
0.198142216956 1.0 0.454142994861
0.213314221696 1.0 0.441811493745
0.22473142217 1.0 0.428969183579
0.247473142217 1.0 0.414513091123
0.236247314222 1.0 0.398458289327
0.217124731422 1.0 0.380952118789
0.202612473142 1.0 0.362174849006
0.208361247314 1.0 0.346945241516
0.190936124731 1.0 0.351211843133
0.204493612473 1.0 0.35088257815
0.186949361247 1.0 0.354943304398
0.220294936125 1.0 0.369889441611
0.228129493612 1.0 0.38469601513
0.233412949361 1.0 0.398128851461
0.202441294936 1.0 0.409951907971
0.200244129494 1.0 0.420047811586
0.173024412949 1.0 0.414231987987
0.192802441295 1.0 0.402213122121
0.208280244129 1.0 0.387206217791
0.214328024413 1.0 0.373306562244
0.218532802441 1.0 0.3621176834
0.232453280244 1.0 0.349880856965
0.214945328024 1.0 0.336326031468
0.199694532802 1.0 0.321549294898
0.20266945328 1.0 0.305699979112
0.196666945328 1.0 0.289407739482
0.186166694533 1.0 0.290253480301
0.206716669453 1.0 0.28618110752
0.200671666945 1.0 0.286709174506
0.219867166695 1.0 0.298494360533
0.218186716669 1.0 0.310414300607
0.213518671667 1.0 0.321250508828
0.223851867167 1.0 0.330790259259
0.184385186717 1.0 0.338936617242
0.188538518672 1.0 0.330035786408
0.185353851867 1.0 0.31731430718
0.205735385187 1.0 0.30120552298
0.205973538519 1.0 0.287411240391
0.212297353852 1.0 0.278496620607
0.200329735385 1.0 0.269055659939
0.199132973539 1.0 0.258629132466
0.204413297354 1.0 0.247265772049
0.191441329735 1.0 0.235077896641
0.193744132974 1.0 0.219575656271
0.184074413297 1.0 0.217892974869
0.23260744133 1.0 0.211638014744
0.216760744133 1.0 0.209712424942
0.227776074413 1.0 0.218090964628
0.211777607441 1.0 0.226775972245
0.205677760744 1.0 0.234690061056
0.202367776074 1.0 0.241659101872
0.219136777607 1.0 0.247610406796
0.197413677761 1.0 0.237677722364
0.197941367776 1.0 0.225981210754
0.197994136778 1.0 0.211135724003
0.214199413678 1.0 0.199139938814
0.214919941368 1.0 0.192726558049
0.215891994137 1.0 0.186169591243
0.249289199414 1.0 0.178952744524
0.211228919941 1.0 0.171089883858
0.211922891994 1.0 0.162656739636
0.194892289199 1.0 0.14966147289
0.18778922892 1.0 0.146762812996
0.209578922892 1.0 0.140190512876
0.224357892289 1.0 0.137229021223
0.211435789229 1.0 0.142533787034
0.249743578923 1.0 0.148192105692
0.216674357892 1.0 0.153361984386
0.200767435789 1.0 0.15791583994
0.212676743579 1.0 0.161804793759
0.198567674358 1.0 0.152875290172
0.209756767436 1.0 0.143572636459
0.236975676744 1.0 0.131824899036
0.218997567674 1.0 0.122759809795
0.200999756767 1.0 0.11864414434
0.227099975677 1.0 0.114591438817
0.245909997568 1.0 0.11014770334
0.219890999757 1.0 0.105307852076
0.222689099976 1.0 0.100117135924
0.184268909998 1.0 0.0906191345011
0.206526891 1.0 0.0877214185094
0.2015526891 1.0 0.0822890461644
0.21725526891 1.0 0.0794908080023
0.221525526891 1.0 0.0824504287064
0.213852552689 1.0 0.0857122204648
0.194185255269 1.0 0.0887012778185
0.210218525527 1.0 0.091335017943
0.192921852553 1.0 0.0935842913923
0.183092185255 1.0 0.0869242395139
0.202809218526 1.0 0.0805579845298
0.181380921853 1.0 0.0725969975771
0.231438092185 1.0 0.0666861906052
0.238243809219 1.0 0.0643547049462
0.234424380922 1.0 0.0621468766535
0.218742438092 1.0 0.0597359344084
0.199174243809 1.0 0.0571110639017
0.226017424381 1.0 0.0542960001999
0.188201742438 1.0 0.0482927538983
0.203320174244 1.0 0.0461074491134
0.204832017424 1.0 0.042427938666
0.224783201742 1.0 0.0404124387207
0.229478320174 1.0 0.0418550990582
0.215547832017 1.0 0.0435046996594
0.229454783202 1.0 0.0450212284176
0.19034547832 1.0 0.0463579483017
0.191834547832 1.0 0.0474995821033
0.193783454783 1.0 0.0433315790811
0.172378345478 1.0 0.03959825194
0.193637834548 1.0 0.0431749909703
0.214663783455 1.0 0.0459501704232
0.219466378345 1.0 0.0450084054071
0.231646637835 1.0 0.0435308190681
0.221164663783 1.0 0.0418486910677
0.220116466378 1.0 0.0400104659036
0.198411646638 1.0 0.0380383738253
0.198041164664 1.0 0.0409805093623
0.189904116466 1.0 0.0453762246598
0.206190411647 1.0 0.0513554654793
0.222219041165 1.0 0.0567641113364
0.194121904116 1.0 0.0596519223738
0.203912190412 1.0 0.0620894186103
0.218391219041 1.0 0.0642623979065
0.241439121904 1.0 0.0661712609333
0.20864391219 1.0 0.0678009123106
0.220664391219 1.0 0.0749650780694
0.204766439122 1.0 0.0793620683854
0.202276643912 1.0 0.0862451402009
0.200227664391 1.0 0.0906497430127
0.232422766439 1.0 0.0886879561901
0.221242276644 1.0 0.0857661655044
0.213824227664 1.0 0.0824509520103
0.196882422766 1.0 0.0788291506423
0.203288242277 1.0 0.0749436986221
0.183228824228 1.0 0.0792856731227
0.173122882423 1.0 0.0865880723716
0.198212288242 1.0 0.0961257954607
0.207921228824 1.0 0.104811196841
0.221492122882 1.0 0.110007303666
0.218349212288 1.0 0.114488959593
0.227034921229 1.0 0.118494458186
0.227903492123 1.0 0.122014108082
0.191090349212 1.0 0.125019031686
0.192809034921 1.0 0.135798991056
0.210980903492 1.0 0.141865006547
0.184898090349 1.0 0.151312402054
0.211089809035 1.0 0.156950719028
0.208308980903 1.0 0.153361128218
0.23143089809 1.0 0.148289657163
0.213943089809 1.0 0.142555762483
0.202294308981 1.0 0.136293564789
0.186729430898 1.0 0.129575699944
0.19957294309 1.0 0.134758454606
0.191857294309 1.0 0.145272511167
0.190185729431 1.0 0.158385004897
0.217018572943 1.0 0.170504301235
0.226901857294 1.0 0.178747074236
0.209890185729 1.0 0.186008345242
0.235189018573 1.0 0.192513944488
0.212518901857 1.0 0.198231995081
0.152651890186 1.0 0.203113967453
0.206965189019 1.0 0.217012359548
0.198896518902 1.0 0.223914674472
0.19268965189 1.0 0.23471874708
0.193868965189 1.0 0.24049869102
0.232686896519 1.0 0.234720689248
0.214968689652 1.0 0.226931316451
0.205096868965 1.0 0.218153870114
0.208609686897 1.0 0.208570523485
0.19996096869 1.0 0.198290124267
0.207196096869 1.0 0.202997699223
0.219619609687 1.0 0.216235179164
0.212761960969 1.0 0.231877241772
0.208476196097 1.0 0.246716806414
0.24314761961 1.0 0.258362013506
0.214214761961 1.0 0.26882953002
0.209521476196 1.0 0.278229001525
0.21895214762 1.0 0.286492684969
0.200995214762 1.0 0.293548276186
0.209099521476 1.0 0.308952875912
0.215309952148 1.0 0.31520601613
0.211430995215 1.0 0.325264935
0.205643099521 1.0 0.329599369742
0.236564309952 1.0 0.32133253325
0.212656430995 1.0 0.310634430681
0.2228656431 1.0 0.298616019088
0.22208656431 1.0 0.285497686371
0.216608656431 1.0 0.271425528928
0.188160865643 1.0 0.273961996123
0.195216086564 1.0 0.288708905965
0.204021608656 1.0 0.305038061148
0.204902160866 1.0 0.321185481211
0.233790216087 1.0 0.336014116122
0.237579021609 1.0 0.349594780833
0.204657902161 1.0 0.361814890732
0.204965790216 1.0 0.372560834413
0.190596579022 1.0 0.381736034399
0.199059657902 1.0 0.396437632843
0.22780596579 1.0 0.400433686606
0.200080596579 1.0 0.407512845954
0.234208059658 1.0 0.408916912986
0.243920805966 1.0 0.398274968633
0.230492080597 1.0 0.38497701797
0.23634920806 1.0 0.370078502858
0.231534920806 1.0 0.353820414481
0.193253492081 1.0 0.336380597895
0.196625349208 1.0 0.335322945098
0.198762534921 1.0 0.350049613491
0.197176253492 1.0 0.365071721893
0.219517625349 1.0 0.380889247151
0.232551762535 1.0 0.398126021121
0.233855176253 1.0 0.414182442009
0.215985517625 1.0 0.428656776466
0.211498551763 1.0 0.441387589578
0.208349855176 1.0 0.452257778688
0.204434985518 1.0 0.464222251292
0.200443498552 1.0 0.464810172485
0.204544349855 1.0 0.467315549389
0.202254434986 1.0 0.464915535448
0.216425443499 1.0 0.452428311238
0.22594254435 1.0 0.437283775408
0.200794254435 1.0 0.420357178698
0.176679425443 1.0 0.401889894779
0.176967942544 1.0 0.382080694612
0.183296794254 1.0 0.367980790625
0.210929679425 1.0 0.374077966896
0.208292967943 1.0 0.375964336922
0.221529296794 1.0 0.381978508654
0.242652929679 1.0 0.398234947271
0.238465292968 1.0 0.414193334624
0.225446529297 1.0 0.428657865728
0.20704465293 1.0 0.441387698504
0.196204465293 1.0 0.45225778958
0.194220446529 1.0 0.448558508486
0.217422044653 1.0 0.437488308841
0.197242204465 1.0 0.4238551092
0.217724220447 1.0 0.410551139311
0.223372422045 1.0 0.398438391265
0.229337242204 1.0 0.384993360233
0.23983372422 1.0 0.370080137084
0.235483372422 1.0 0.353820577904
0.184648337242 1.0 0.336380614237
0.193064833724 1.0 0.320402106247
0.186706483372 1.0 0.322887940915
0.197770648337 1.0 0.320535644187
0.203377064834 1.0 0.322735239515
0.237237706483 1.0 0.336169091952
0.225323770648 1.0 0.349610278416
0.226832377065 1.0 0.36181644049
0.221583237706 1.0 0.372560989389
0.199458323771 1.0 0.381736049897
0.183745832377 1.0 0.374151742088
0.198374583238 1.0 0.361567579297
0.190837458324 1.0 0.345714926202
0.209883745832 1.0 0.331644368862
0.227088374583 1.0 0.321537033162
0.228808837458 1.0 0.310654880672
0.211880883746 1.0 0.298618064087
0.202088088375 1.0 0.285497890871
0.201108808837 1.0 0.271425549378
0.170410880884 1.0 0.255290610639
0.208741088088 1.0 0.254723738486
0.214374108809 1.0 0.249329541777
0.206837410881 1.0 0.248462036414
0.221383741088 1.0 0.258536536506
0.227338374109 1.0 0.26884698232
0.236933837411 1.0 0.278230746755
0.223493383741 1.0 0.286492859492
0.189749338374 1.0 0.293548293639
0.199874933837 1.0 0.283856032193
0.193687493384 1.0 0.271438974156
0.211068749338 1.0 0.255679401654
0.220906874934 1.0 0.242594756477
0.193990687493 1.0 0.234930295794
0.235399068749 1.0 0.226952277105
0.235039906875 1.0 0.21815596618
0.226003990687 1.0 0.208570733091
0.187300399069 1.0 0.198290145227
0.180730039907 1.0 0.183860143173
0.211573003991 1.0 0.181398659142
0.207457300399 1.0 0.174761578544
0.22684573004 1.0 0.1721419586
0.245884573004 1.0 0.178910839972
0.2225884573 1.0 0.186024721815
0.22205884573 1.0 0.192515582145
0.213005884573 1.0 0.198232158846
0.195000588457 1.0 0.203113983829
0.187800058846 1.0 0.193462623347
0.169080005885 1.0 0.182836996359
0.216708000588 1.0 0.169374834814
0.214270800059 1.0 0.158756962304
0.214927080006 1.0 0.153541752546
0.241092708001 1.0 0.148307719596
0.2374092708 1.0 0.142557568726
0.20644092708 1.0 0.136293745413
0.202444092708 1.0 0.129575718007
0.190344409271 1.0 0.118267329205
0.185534440927 1.0 0.115242681975
0.209353444093 1.0 0.109106829701
0.218035344409 1.0 0.106109300265
0.200003534441 1.0 0.110137114009
0.235100353444 1.0 0.114501940627
0.226010035344 1.0 0.118495756289
0.199001003534 1.0 0.122014237892
0.192700100353 1.0 0.125019044667
0.173170010035 1.0 0.117132438441
0.178417001004 1.0 0.10928855162
0.2086417001 1.0 0.0994268078481
0.21526417001 1.0 0.0919679097774
0.223126417001 1.0 0.0888197728666
0.2140126417 1.0 0.085779347172
0.22300126417 1.0 0.0824522701771
0.189700126417 1.0 0.0788292824589
0.204370012642 1.0 0.0749437118038
0.209437001264 1.0 0.0672511141455
0.207243700126 1.0 0.0646589222811
0.203424370013 1.0 0.0600814733378
0.221042437001 1.0 0.0576367121222
0.2138042437 1.0 0.0597391824524
0.22838042437 1.0 0.0620981446182
0.233438042437 1.0 0.0642632705073
0.246543804244 1.0 0.0661713481934
0.199254380424 1.0 0.0678009210366
0.207125438042 1.0 0.0624175833861
0.222312543804 1.0 0.0574463839265
0.21303125438 1.0 0.0512681034362
0.214803125438 1.0 0.0467594816698
0.200580312544 1.0 0.0450893365318
0.223458031254 1.0 0.0435389121806
0.203245803125 1.0 0.041849500379
0.192224580313 1.0 0.0400105468347
0.198322458031 1.0 0.0380383819184
0.180032245803 1.0 0.0335271401262
0.19080322458 1.0 0.0317813698443
0.182880322458 1.0 0.0357549085651
0.205488032246 1.0 0.0397451357106
0.219448803225 1.0 0.0417883687572
0.205544880322 1.0 0.0434980266293
0.205054488032 1.0 0.0450205611146
0.195105448803 1.0 0.0463578815714
0.18691054488 1.0 0.0474995754303
0.210391054488 1.0 0.0530062470605
0.222639105449 1.0 0.0565052502939
0.198663910545 1.0 0.0620087639209
0.222366391054 1.0 0.0656273672395
0.215736639105 1.0 0.0642488226097
0.225873663911 1.0 0.0621362884199
0.229587366391 1.0 0.059734875585
0.209258736639 1.0 0.0571109580194
0.195525873664 1.0 0.0542959896117
0.205852587366 1.0 0.0579593503155
0.209585258737 1.0 0.0637297458981
0.210858525874 1.0 0.0714256700042
0.201085852587 1.0 0.0784044703863
0.206408585259 1.0 0.0823417949448
0.223140858526 1.0 0.0857013570886
0.223014085853 1.0 0.0887001914808
0.192401408585 1.0 0.0913349093092
0.192040140859 1.0 0.0935842805289
0.171304014086 1.0 0.102545411462
0.187230401409 1.0 0.107829848922
0.207723040141 1.0 0.11607372663
0.219672304014 1.0 0.121184692555
0.244267230401 1.0 0.118486632616
0.24492672304 1.0 0.114575687645
0.201792672304 1.0 0.110146128222
0.21277926723 1.0 0.105307694565
0.196777926723 1.0 0.100117120173
0.178077792672 1.0 0.104999856325
0.190607779267 1.0 0.113915934687
0.203560777927 1.0 0.125304644179
0.224656077793 1.0 0.135740434353
0.229465607779 1.0 0.142384928347
0.230846560778 1.0 0.148177219824
0.223784656078 1.0 0.153360495799
0.209578465608 1.0 0.157915691081
0.210857846561 1.0 0.161804778873
0.180385784656 1.0 0.174281201763
0.207938578466 1.0 0.180918854201
0.208893857847 1.0 0.19126452927
0.227889385785 1.0 0.19715281934
0.202788938578 1.0 0.192527846102
0.204778893858 1.0 0.186149720048
0.213077889386 1.0 0.178950757405
0.223807788939 1.0 0.171089685146
0.183480778894 1.0 0.162656719765
0.202848077889 1.0 0.167804201883
0.218284807789 1.0 0.179793065013
0.198228480779 1.0 0.194363548465
0.217822848078 1.0 0.207984978314
0.221582284808 1.0 0.217918219965
0.213858228481 1.0 0.226758697778
0.215785822848 1.0 0.234688333609
0.214178582285 1.0 0.241658929127
0.195117858228 1.0 0.247610389521
0.189611785823 1.0 0.262518770074
0.191761178582 1.0 0.269305247944
0.191076117858 1.0 0.280029105041
0.230607611786 1.0 0.285293598597
0.227360761179 1.0 0.278284856428
0.205436076118 1.0 0.269034483521
0.232043607612 1.0 0.258627014824
0.220304360761 1.0 0.247265560284
0.199330436076 1.0 0.235077875465
0.187333043608 1.0 0.238910277699
0.196033304361 1.0 0.253085705192
0.199603330436 1.0 0.269327481633
0.217960333044 1.0 0.285023811917
0.219796033304 1.0 0.298325824274
0.22177960333 1.0 0.310397446981
0.218377960333 1.0 0.321248823466
0.201837796033 1.0 0.330790090723
0.201083779603 1.0 0.338936600388
0.19470837796 1.0 0.354271732545
0.207570837796 1.0 0.359579578342
0.20615708378 1.0 0.368401623971
0.231215708378 1.0 0.371426102862
0.219321570838 1.0 0.361929637462
0.221732157084 1.0 0.349862052371
0.219273215708 1.0 0.336324151009
0.191127321571 1.0 0.321549106852
0.200012732157 1.0 0.305699960307
0.204501273216 1.0 0.306576801288
0.193250127322 1.0 0.321505410419
0.220925012732 1.0 0.337414307946
0.208392501273 1.0 0.353596477377
0.226039250127 1.0 0.369754758909
0.223303925013 1.0 0.38468254686
0.218530392501 1.0 0.398127504634
0.19555303925 1.0 0.409951773289
0.202255303925 1.0 0.420047798118
0.190325530393 1.0 0.433599626613
0.198132553039 1.0 0.435992420654
0.227713255304 1.0 0.440925990664
0.21987132553 1.0 0.440489793325
0.230787132553 1.0 0.428837013537
0.241778713255 1.0 0.414499874119
0.228477871326 1.0 0.398456967626
0.227147787133 1.0 0.380951986619
0.210814778713 1.0 0.362174835789
0.176781477871 1.0 0.359012597105
0.208478147787 1.0 0.373181147544
0.208047814779 1.0 0.38691323071
0.212504781478 1.0 0.402001328816
0.207550478148 1.0 0.420025591504
0.211555047815 1.0 0.436948517644
0.176855504781 1.0 0.452216791815
0.193185550478 1.0 0.465647156116
0.182218555048 1.0 0.477114776672
0.192821855505 1.0 0.475765067727
0.21098218555 1.0 0.465964454129
0.210098218555 1.0 0.454142994861
0.203709821856 1.0 0.441811493745
0.212970982186 1.0 0.428969183579
0.227397098219 1.0 0.414513091123
0.213539709822 1.0 0.398458289327
0.224753970982 1.0 0.380952118789
0.194375397098 1.0 0.362174849006
0.18593753971 1.0 0.346945241516
0.205793753971 1.0 0.351211843133
0.217679375397 1.0 0.35088257815
0.22426793754 1.0 0.354943304398
0.238426793754 1.0 0.369889441611
0.233542679375 1.0 0.38469601513
0.227654267938 1.0 0.398128851461
0.207265426794 1.0 0.409951907971
0.184526542679 1.0 0.420047811586
0.195752654268 1.0 0.414231987987
0.180675265427 1.0 0.402213122121
0.231367526543 1.0 0.387206217791
0.193236752654 1.0 0.373306562244
0.223623675265 1.0 0.3621176834
0.221262367527 1.0 0.349880856965
0.201226236753 1.0 0.336326031468
0.200122623675 1.0 0.321549294898
0.209012262368 1.0 0.305699979112
0.197301226237 1.0 0.289407739482
0.219530122624 1.0 0.290253480301
0.214553012262 1.0 0.28618110752
0.215855301226 1.0 0.286709174506
0.228585530123 1.0 0.298494360533
0.220858553012 1.0 0.310414300607
0.236285855301 1.0 0.321250508828
0.21262858553 1.0 0.330790259259
0.205762858553 1.0 0.338936617242
0.205076285855 1.0 0.330035786408
0.206807628586 1.0 0.31731430718
0.197080762859 1.0 0.30120552298
0.182608076286 1.0 0.287411240391
0.218960807629 1.0 0.278496620607
0.226196080763 1.0 0.269055659939
0.229619608076 1.0 0.258629132466
0.216461960808 1.0 0.247265772049
0.211546196081 1.0 0.235077896641
0.198454619608 1.0 0.219575656271
0.199845461961 1.0 0.217892974869
0.200884546196 1.0 0.211638014744
0.21088845462 1.0 0.209712424942
0.213688845462 1.0 0.218090964628
0.248168884546 1.0 0.226775972245
0.230916888455 1.0 0.234690061056
0.207591688845 1.0 0.241659101872
0.195359168885 1.0 0.247610406796
0.191435916888 1.0 0.237677722364
0.217143591689 1.0 0.225981210754
0.215214359169 1.0 0.211135724003
0.200621435917 1.0 0.199139938814
0.215362143592 1.0 0.192726558049
0.234836214359 1.0 0.186169591243
0.216083621436 1.0 0.178952744524
0.199808362144 1.0 0.171089883858
0.219780836214 1.0 0.162656739636
0.184878083621 1.0 0.14966147289
0.203887808362 1.0 0.146762812996
0.206688780836 1.0 0.140190512876
0.210568878084 1.0 0.137229021223
0.228956887808 1.0 0.142533787034
0.201095688781 1.0 0.148192105692
0.210009568878 1.0 0.153361984386
0.175800956888 1.0 0.15791583994
0.179580095689 1.0 0.161804793759
0.196158009569 1.0 0.152875290172
0.198715800957 1.0 0.143572636459
0.202571580096 1.0 0.131824899036
0.21285715801 1.0 0.122759809795
0.220185715801 1.0 0.11864414434
0.23351857158 1.0 0.114591438817
0.255551857158 1.0 0.11014770334
0.218155185716 1.0 0.105307852076
0.209015518572 1.0 0.100117135924
0.192801551857 1.0 0.0906191345011
0.186680155186 1.0 0.0877214185094
0.208568015519 1.0 0.0822890461644
0.215256801552 1.0 0.0794908080023
0.212325680155 1.0 0.0824504287064
0.225532568016 1.0 0.0857122204648
0.213353256802 1.0 0.0887012778185
0.19863532568 1.0 0.091335017943
0.214263532568 1.0 0.0935842913923
0.204126353257 1.0 0.0869242395139
0.192312635326 1.0 0.0805579845298
0.208231263533 1.0 0.0725969975771
0.221523126353 1.0 0.0666861906052
0.215652312635 1.0 0.0643547049462
0.225865231264 1.0 0.0621468766535
0.225086523126 1.0 0.0597359344084
0.194408652313 1.0 0.0571110639017
0.209340865231 1.0 0.0542960001999
0.205434086523 1.0 0.0482927538983
0.195143408652 1.0 0.0461074491134
0.193214340865 1.0 0.042427938666
0.222721434087 1.0 0.0404124387207
0.233772143409 1.0 0.0418550990582
0.230377214341 1.0 0.0435046996594
0.206637721434 1.0 0.0450212284176
0.214163772143 1.0 0.0463579483017
0.200516377214 1.0 0.0474995821033
0.193751637721 1.0 0.0433315790811
0.175975163772 1.0 0.03959825194
0.192197516377 1.0 0.0431749909703
0.241519751638 1.0 0.0459501704232
0.236551975164 1.0 0.0450084054071
0.223455197516 1.0 0.0435308190681
0.203245519752 1.0 0.0418486910677
0.218324551975 1.0 0.0400104659036
0.206332455198 1.0 0.0380383738253
0.18983324552 1.0 0.0409805093623
0.202583324552 1.0 0.0453762246598
0.195758332455 1.0 0.0513554654793
0.221175833246 1.0 0.0567641113364
0.230017583325 1.0 0.0596519223738
0.218301758332 1.0 0.0620894186103
0.215330175833 1.0 0.0642623979065
0.202433017583 1.0 0.0661712609333
0.193943301758 1.0 0.0678009123106
0.210194330176 1.0 0.0749650780694
0.219919433018 1.0 0.0793620683854
0.206491943302 1.0 0.0862451402009
0.23484919433 1.0 0.0906497430127
0.237684919433 1.0 0.0886879561901
0.228968491943 1.0 0.0857661655044
0.226296849194 1.0 0.0824509520103
0.215229684919 1.0 0.0788291506423
0.195222968492 1.0 0.0749436986221
0.204022296849 1.0 0.0792856731227
0.204902229685 1.0 0.0865880723716
0.237390222968 1.0 0.0961257954607
0.210039022297 1.0 0.104811196841
0.21360390223 1.0 0.110007303666
0.227460390223 1.0 0.114488959593
0.225246039022 1.0 0.118494458186
0.214224603902 1.0 0.122014108082
0.19962246039 1.0 0.125019031686
0.193662246039 1.0 0.135798991056
0.197566224604 1.0 0.141865006547
0.21235662246 1.0 0.151312402054
0.227335662246 1.0 0.156950719028
0.220733566225 1.0 0.153361128218
0.204773356622 1.0 0.148289657163
0.213077335662 1.0 0.142555762483
0.228307733566 1.0 0.136293564789
0.207330773357 1.0 0.129575699944
0.205233077336 1.0 0.134758454606
0.193323307734 1.0 0.145272511167
0.194832330773 1.0 0.158385004897
0.207583233077 1.0 0.170504301235
0.239458323308 1.0 0.178747074236
0.230045832331 1.0 0.186008345242
0.212904583233 1.0 0.192513944488
0.232790458323 1.0 0.198231995081
0.197879045832 1.0 0.203113967453
0.197087904583 1.0 0.217012359548
0.199708790458 1.0 0.223914674472
0.173870879046 1.0 0.23471874708
0.214487087905 1.0 0.24049869102
0.23204870879 1.0 0.234720689248
0.235604870879 1.0 0.226931316451
0.230560487088 1.0 0.218153870114
0.217456048709 1.0 0.208570523485
0.202645604871 1.0 0.198290124267
0.203864560487 1.0 0.202997699223
0.196786456049 1.0 0.216235179164
0.211378645605 1.0 0.231877241772
0.21823786456 1.0 0.246716806414
0.215323786456 1.0 0.258362013506
0.217732378646 1.0 0.26882953002
0.218873237865 1.0 0.278229001525
0.212687323786 1.0 0.286492684969
0.203068732379 1.0 0.293548276186
0.201206873238 1.0 0.308952875912
0.210920687324 1.0 0.31520601613
0.192092068732 1.0 0.325264935
0.230709206873 1.0 0.329599369742
0.221070920687 1.0 0.32133253325
0.224607092069 1.0 0.310634430681
0.228560709207 1.0 0.298616019088
0.234356070921 1.0 0.285497686371
0.216035607092 1.0 0.271425528928
0.198003560709 1.0 0.273961996123
0.197100356071 1.0 0.288708905965
0.217710035607 1.0 0.305038061148
0.228771003561 1.0 0.321185481211
0.232577100356 1.0 0.336014116122
0.199657710036 1.0 0.349594780833
0.221565771004 1.0 0.361814890732
0.2246565771 1.0 0.372560834413
0.21056565771 1.0 0.381736034399
0.202856565771 1.0 0.396437632843
0.195785656577 1.0 0.400433686606
0.214878565658 1.0 0.407512845954
0.230287856566 1.0 0.408916912986
0.216528785657 1.0 0.398274968633
0.221452878566 1.0 0.38497701797
0.212945287857 1.0 0.370078502858
0.192294528786 1.0 0.353820414481
0.183929452879 1.0 0.336380597895
0.202892945288 1.0 0.335322945098
0.216489294529 1.0 0.350049613491
0.232248929453 1.0 0.365071721893
0.205024892945 1.0 0.380889247151
0.215802489295 1.0 0.398126021121
0.208780248929 1.0 0.414182442009
0.213478024893 1.0 0.428656776466
0.213047802489 1.0 0.441387589578
0.212104780249 1.0 0.452257778688
0.187710478025 1.0 0.464222251292
0.214071047802 1.0 0.464810172485
0.19960710478 1.0 0.467315549389
0.194560710478 1.0 0.464915535448
0.211156071048 1.0 0.452428311238
0.192115607105 1.0 0.437283775408
0.19291156071 1.0 0.420357178698
0.198391156071 1.0 0.401889894779
0.184539115607 1.0 0.382080694612
0.185853911561 1.0 0.367980790625
0.189585391156 1.0 0.374077966896
0.199858539116 1.0 0.375964336922
0.206285853912 1.0 0.381978508654
0.245628585391 1.0 0.398234947271
0.228862858539 1.0 0.414193334624
0.237086285854 1.0 0.428657865728
0.221708628585 1.0 0.441387698504
0.202170862859 1.0 0.45225778958
0.189417086286 1.0 0.448558508486
0.198041708629 1.0 0.437488308841
0.185404170863 1.0 0.4238551092
0.212040417086 1.0 0.410551139311
0.224604041709 1.0 0.398438391265
0.211460404171 1.0 0.384993360233
0.209246040417 1.0 0.370080137084
0.211724604042 1.0 0.353820577904
0.204772460404 1.0 0.336380614237
0.21307724604 1.0 0.320402106247
0.186907724604 1.0 0.322887940915
0.22929077246 1.0 0.320535644187
0.227229077246 1.0 0.322735239515
0.209922907725 1.0 0.336169091952
0.230692290772 1.0 0.349610278416
0.220169229077 1.0 0.36181644049
0.217316922908 1.0 0.372560989389
0.192731692291 1.0 0.381736049897
0.195673169229 1.0 0.374151742088
0.197767316923 1.0 0.361567579297
0.198876731692 1.0 0.345714926202
0.227787673169 1.0 0.331644368862
0.215378767317 1.0 0.321537033162
0.212337876732 1.0 0.310654880672
0.220133787673 1.0 0.298618064087
0.214613378767 1.0 0.285497890871
0.213161337877 1.0 0.271425549378
0.210316133788 1.0 0.255290610639
0.204631613379 1.0 0.254723738486
0.203163161338 1.0 0.249329541777
0.214716316134 1.0 0.248462036414
0.210471631613 1.0 0.258536536506
0.206447163161 1.0 0.26884698232
0.224944716316 1.0 0.278230746755
0.209694471632 1.0 0.286492859492
0.203669447163 1.0 0.293548293639
0.214766944716 1.0 0.283856032193
0.212276694472 1.0 0.271438974156
0.202127669447 1.0 0.255679401654
0.221812766945 1.0 0.242594756477
0.218381276694 1.0 0.234930295794
0.244138127669 1.0 0.226952277105
0.229613812767 1.0 0.21815596618
0.211061381277 1.0 0.208570733091
0.179506138128 1.0 0.198290145227
0.188950613813 1.0 0.183860143173
0.187195061381 1.0 0.181398659142
0.220319506138 1.0 0.174761578544
0.215531950614 1.0 0.1721419586
0.216853195061 1.0 0.178910839972
0.204385319506 1.0 0.186024721815
0.224738531951 1.0 0.192515582145
0.213273853195 1.0 0.198232158846
0.22742738532 1.0 0.203113983829
0.209042738532 1.0 0.193462623347
0.196404273853 1.0 0.182836996359
0.198740427385 1.0 0.169374834814
0.230474042739 1.0 0.158756962304
0.222847404274 1.0 0.153541752546
0.229284740427 1.0 0.148307719596
0.203828474043 1.0 0.142557568726
0.206682847404 1.0 0.136293745413
0.18806828474 1.0 0.129575718007
0.193406828474 1.0 0.118267329205
0.207440682847 1.0 0.115242681975
0.211544068285 1.0 0.109106829701
0.202054406828 1.0 0.106109300265
0.217305440683 1.0 0.110137114009
0.208030544068 1.0 0.114501940627
0.201703054407 1.0 0.118495756289
0.218170305441 1.0 0.122014237892
0.202717030544 1.0 0.125019044667
0.192171703054 1.0 0.117132438441
0.207317170305 1.0 0.10928855162
0.201631717031 1.0 0.0994268078481
0.224463171703 1.0 0.0919679097774
0.23124631717 1.0 0.0888197728666
0.214824631717 1.0 0.085779347172
0.205082463172 1.0 0.0824522701771
0.197808246317 1.0 0.0788292824589
0.200680824632 1.0 0.0749437118038
0.201868082463 1.0 0.0672511141455
0.200186808246 1.0 0.0646589222811
0.197318680825 1.0 0.0600814733378
0.207831868082 1.0 0.0576367121222
0.223283186808 1.0 0.0597391824524
0.226628318681 1.0 0.0620981446182
0.229662831868 1.0 0.0642632705073
0.215566283187 1.0 0.0661713481934
0.202456628319 1.0 0.0678009210366
0.173245662832 1.0 0.0624175833861
0.182924566283 1.0 0.0574463839265
0.194692456628 1.0 0.0512681034362
0.211169245663 1.0 0.0467594816698
0.236216924566 1.0 0.0450893365318
0.225221692457 1.0 0.0435389121806
0.198922169246 1.0 0.041849500379
0.201692216925 1.0 0.0400105468347
0.194769221692 1.0 0.0380383819184
0.163476922169 1.0 0.0335271401262
0.179247692217 1.0 0.0317813698443
0.186224769222 1.0 0.0357549085651
0.196822476922 1.0 0.0397451357106
0.213182247692 1.0 0.0417883687572
0.215718224769 1.0 0.0434980266293
0.221371822477 1.0 0.0450205611146
0.194037182248 1.0 0.0463578815714
0.194003718225 1.0 0.0474995754303
0.201200371822 1.0 0.0530062470605
0.187520037182 1.0 0.0565052502939
0.193352003718 1.0 0.0620087639209
0.205635200372 1.0 0.0656273672395
0.236563520037 1.0 0.0642488226097
0.231556352004 1.0 0.0621362884199
0.2319556352 1.0 0.059734875585
0.21219556352 1.0 0.0571109580194
0.220119556352 1.0 0.0542959896117
0.194811955635 1.0 0.0579593503155
0.194081195564 1.0 0.0637297458981
0.197608119556 1.0 0.0714256700042
0.216860811956 1.0 0.0784044703863
0.203486081196 1.0 0.0823417949448
0.21834860812 1.0 0.0857013570886
0.190134860812 1.0 0.0887001914808
0.235013486081 1.0 0.0913349093092
0.194501348608 1.0 0.0935842805289
0.198550134861 1.0 0.102545411462
0.217855013486 1.0 0.107829848922
0.208985501349 1.0 0.11607372663
0.199098550135 1.0 0.121184692555
0.233209855013 1.0 0.118486632616
0.208720985501 1.0 0.114575687645
0.23777209855 1.0 0.110146128222
0.217277209855 1.0 0.105307694565
0.192727720986 1.0 0.100117120173
0.198372772099 1.0 0.104999856325
0.21153727721 1.0 0.113915934687
0.207453727721 1.0 0.125304644179
0.198945372772 1.0 0.135740434353
0.225994537277 1.0 0.142384928347
0.243099453728 1.0 0.148177219824
0.215109945373 1.0 0.153360495799
0.203310994537 1.0 0.157915691081
0.191331099454 1.0 0.161804778873
0.196433109945 1.0 0.174281201763
0.182543310995 1.0 0.180918854201
0.217154331099 1.0 0.19126452927
0.22421543311 1.0 0.19715281934
0.226721543311 1.0 0.192527846102
0.211672154331 1.0 0.186149720048
0.206567215433 1.0 0.178950757405
0.212356721543 1.0 0.171089685146
0.218335672154 1.0 0.162656719765
0.183833567215 1.0 0.167804201883
0.191183356722 1.0 0.179793065013
0.200018335672 1.0 0.194363548465
0.219801833567 1.0 0.207984978314
0.215480183357 1.0 0.217918219965
0.233048018336 1.0 0.226758697778
0.206004801834 1.0 0.234688333609
0.237500480183 1.0 0.241658929127
0.190250048018 1.0 0.247610389521
0.199025004802 1.0 0.262518770074
0.19630250048 1.0 0.269305247944
0.188830250048 1.0 0.280029105041
0.224083025005 1.0 0.285293598597
0.2168083025 1.0 0.278284856428
0.21518083025 1.0 0.269034483521
0.239318083025 1.0 0.258627014824
0.223731808303 1.0 0.247265560284
0.18257318083 1.0 0.235077875465
0.194657318083 1.0 0.238910277699
0.198565731808 1.0 0.253085705192
0.222356573181 1.0 0.269327481633
0.197735657318 1.0 0.285023811917
0.216873565732 1.0 0.298325824274
0.234987356573 1.0 0.310397446981
0.255698735657 1.0 0.321248823466
0.207369873566 1.0 0.330790090723
0.191736987357 1.0 0.338936600388
0.196473698736 1.0 0.354271732545
0.206847369874 1.0 0.359579578342
0.214184736987 1.0 0.368401623971
0.214018473699 1.0 0.371426102862
0.22570184737 1.0 0.361929637462
0.197170184737 1.0 0.349862052371
0.211417018474 1.0 0.336324151009
0.211941701847 1.0 0.321549106852
0.226394170185 1.0 0.305699960307
0.198139417018 1.0 0.306576801288
0.216013941702 1.0 0.321505410419
0.21600139417 1.0 0.337414307946
0.216000139417 1.0 0.353596477377
0.210600013942 1.0 0.369754758909
0.221760001394 1.0 0.38468254686
0.226476000139 1.0 0.398127504634
0.200847600014 1.0 0.409951773289
0.217184760001 1.0 0.420047798118
0.207118476 1.0 0.433599626613
0.2025118476 1.0 0.435992420654
0.21915118476 1.0 0.440925990664
