0.0018 0.9 0.344052672479
0.00108 0.99 0.410633049311
0.003708 0.999 0.442613387124
0.0030708 0.9999 0.472136837818
0.00570708 0.99999 0.498603933169
0.004170708 0.999999 0.521319450624
0.0013170708 0.9999999 0.539652407274
0.00463170708 0.99999999 0.55307811111
0.004063170708 0.999999999 0.561204392264
0.0031063170708 0.9999999999 0.563790760648
0.00841063170708 0.99999999999 0.560760241734
0.00714106317071 0.999999999999 0.552203183424
0.00431410631707 1.0 0.591775688672
0.00493141063171 1.0 0.650091139025
0.00499314106317 1.0 0.709312533328
0.00409931410632 1.0 0.766458205844
0.00400993141063 1.0 0.81999787689
0.00310099314106 1.0 0.868560382633
0.00571009931411 1.0 0.910855406597
0.00147100993141 1.0 0.945716512023
0.00554710099314 1.0 0.972153093988
0.00865471009931 1.0 0.989396966518
0.00446547100993 1.0 0.996939422782
0.010346547101 1.0 0.994556163204
0.0055346547101 1.0 0.982318375869
0.00415346547101 1.0 0.960589204318
0.0067153465471 1.0 0.930005847166
0.00607153465471 1.0 0.891448520756
0.00420715346547 1.0 0.845998394229
0.00312071534655 1.0 0.794887300835
0.00391207153465 1.0 0.739442484384
0.00309120715347 1.0 0.681029824635
0.00210912071535 1.0 0.650277210212
0.000210912071535 1.0 0.675766760103
0.00272109120715 1.0 0.691963298186
0.00747210912072 1.0 0.717701361918
0.00794721091207 1.0 0.768341161991
0.00889472109121 1.0 0.817588988032
0.0134894721091 1.0 0.861662062854
0.00584894721091 1.0 0.899116333336
0.00958489472109 1.0 0.92887728274
0.00815848947211 1.0 0.950086442239
0.00531584894721 1.0 0.962122043573
0.00323158489472 1.0 0.964627249796
0.00302315848947 1.0 0.957527525328
0.00480231584895 1.0 0.941034299319
0.00768023158489 1.0 0.915634504453
0.00346802315849 1.0 0.882066696778
0.00754680231585 1.0 0.841285389042
0.00615468023158 1.0 0.794416000317
0.00871546802316 1.0 0.742703386292
0.00627154680232 1.0 0.687457226301
0.00872715468023 1.0 0.638914412009
0.00627271546802 1.0 0.654074208094
0.0060272715468 1.0 0.670228249548
0.00780272715468 1.0 0.680677445929
0.00528027271547 1.0 0.684490033945
0.00592802727155 1.0 0.681490276473
0.00239280272715 1.0 0.671761423564
0.00653928027272 1.0 0.655591014117
0.00515392802727 1.0 0.633451671307
0.00591539280273 1.0 0.605977649821
0.00599153928027 1.0 0.575509121882
0.00689915392803 1.0 0.543933126165
0.0042899153928 1.0 0.509255625143
0.00042899153928 1.0 0.472077962471
0.000942899153928 1.0 0.476782115582
0.00279428991539 1.0 0.514615406923
0.00117942899154 1.0 0.556580903491
0.00371794289915 1.0 0.599247806104
0.00757179428992 1.0 0.64002145134
0.00435717942899 1.0 0.676897838198
0.0067357179429 1.0 0.708795753983
0.00877357179429 1.0 0.738575096789
0.0107773571794 1.0 0.764299710671
0.00647773571794 1.0 0.783289714363
0.00604777357179 1.0 0.794796024698
0.00600477735718 1.0 0.798458683903
0.0105004777357 1.0 0.794166741372
0.00915004777357 1.0 0.78204795704
0.00451500477736 1.0 0.762460896096
0.00405150047774 1.0 0.735977147101
0.00130515004777 1.0 0.703353601698
0.00373051500478 1.0 0.695909444659
0.00127305150048 1.0 0.738180106105
0.01002730515 1.0 0.781269996908
0.008202730515 1.0 0.819252341569
0.0053202730515 1.0 0.85060139481
0.00773202730515 1.0 0.874378519816
0.00887320273052 1.0 0.889888024955
0.0107873202731 1.0 0.896671890142
0.00377873202731 1.0 0.894528327147
0.00577787320273 1.0 0.883521359521
0.00417778732027 1.0 0.86397760704
0.00581777873203 1.0 0.836470181796
0.0068817778732 1.0 0.801790772059
0.00878817778732 1.0 0.760911808003
0.00807881777873 1.0 0.714941230814
0.00800788177787 1.0 0.66507279629
0.00260078817779 1.0 0.612535010352
0.000260078817779 1.0 0.572458030421
0.00362600788178 1.0 0.5850206483
0.00396260078818 1.0 0.585275089913
0.00939626007882 1.0 0.596964113356
0.00723962600788 1.0 0.638040941086
0.00522396260079 1.0 0.678833304546
0.00772239626008 1.0 0.715416334209
0.00617223962601 1.0 0.746512657948
0.0042172239626 1.0 0.771222291594
0.00762172239626 1.0 0.788831687017
0.00256217223963 1.0 0.798824528036
0.00835621722396 1.0 0.800904534516
0.0044356217224 1.0 0.795009820749
0.00404356217224 1.0 0.781315930697
0.00580435621722 1.0 0.760227151702
0.00508043562172 1.0 0.732356687348
0.00500804356217 1.0 0.698497044366
0.00230080435622 1.0 0.702825550364
0.00653008043562 1.0 0.745430782714
0.00515300804356 1.0 0.787508030128
0.00591530080436 1.0 0.824159208399
0.00689153008044 1.0 0.853989673223
0.00788915300804 1.0 0.876109747995
0.0025889153008 1.0 0.889870588487
0.00835889153008 1.0 0.894864975875
0.00353588915301 1.0 0.890944252657
0.0075535889153 1.0 0.878225364745
0.00885535889153 1.0 0.857085036213
0.00628553588915 1.0 0.832655900383
0.00782855358892 1.0 0.803080970658
0.00348285535889 1.0 0.767074880307
0.00754828553589 1.0 0.725423318518
0.00525482855359 1.0 0.679218263555
0.00232548285536 1.0 0.629636915947
0.00113254828554 1.0 0.622324525208
0.00551325482855 1.0 0.660593759232
0.00415132548286 1.0 0.697999572073
0.00401513254829 1.0 0.739074774076
0.00670151325483 1.0 0.788130138022
0.00697015132548 1.0 0.833418262663
0.00969701513255 1.0 0.872679939808
0.00546970151325 1.0 0.904722101271
0.00774697015133 1.0 0.928620266667
0.00347469701513 1.0 0.945924055527
0.00844746970151 1.0 0.959248858073
0.00624474697015 1.0 0.963612938116
0.00332447469702 1.0 0.95842766404
0.0048324474697 1.0 0.943801747544
0.00588324474697 1.0 0.92016336979
0.0068883244747 1.0 0.888201888276
0.0114888324475 1.0 0.848830699734
0.00834888324475 1.0 0.803143531695
0.00893488832447 1.0 0.752364031128
0.00629348883245 1.0 0.697791580837
0.00692934888324 1.0 0.651175248298
0.00789293488832 1.0 0.654261010731
0.00708929348883 1.0 0.670390591818
0.00520892934888 1.0 0.682068269619
0.00952089293489 1.0 0.687246747955
0.00635208929349 1.0 0.685601743265
0.00603520892935 1.0 0.677165363188
0.00420352089293 1.0 0.662186245647
0.00852035208929 1.0 0.641103476549
0.00535203520893 1.0 0.614523819798
0.00503520352089 1.0 0.583192582233
0.00590352035209 1.0 0.54795893316
0.00329035203521 1.0 0.509737813713
0.00212903520352 1.0 0.469470798898
0.000212903520352 1.0 0.42946280481
0.00272129035204 1.0 0.431592614615
0.0029721290352 1.0 0.421868891325
0.00479721290352 1.0 0.423137510236
0.00497972129035 1.0 0.451499727672
0.00589797212904 1.0 0.480290819087
0.0059897972129 1.0 0.506166767879
0.00959897972129 1.0 0.528167105076
0.0126598979721 1.0 0.563440075341
0.00486598979721 1.0 0.605362576024
0.00498659897972 1.0 0.644963481603
0.010398659898 1.0 0.680425696883
0.0037398659898 1.0 0.710713141738
0.00487398659898 1.0 0.734971797227
0.0067873986599 1.0 0.75250474095
0.00787873986599 1.0 0.762798899027
0.0070878739866 1.0 0.765549336277
0.00970878739866 1.0 0.781720247668
0.00367087873987 1.0 0.830319385613
0.00306708787399 1.0 0.877308935716
0.0039067087874 1.0 0.918151446984
0.00849067087874 1.0 0.951385143941
0.00444906708787 1.0 0.976028076856
0.00494490670879 1.0 0.991358321529
0.00769449067088 1.0 0.996922308672
0.00796944906709 1.0 0.993056812196
0.00619694490671 1.0 0.98643854693
0.00331969449067 1.0 0.970822929048
0.00213196944907 1.0 0.946027599551
0.00561319694491 1.0 0.912711092186
0.00506131969449 1.0 0.871817958864
0.00770613196945 1.0 0.824481720924
0.00797061319694 1.0 0.771967523934
0.000797061319694 1.0 0.715615724129
0.000979706131969 1.0 0.692228607852
0.0045979706132 1.0 0.722626300395
0.00225979706132 1.0 0.745969269627
0.00292597970613 1.0 0.776780425169
0.00749259797061 1.0 0.827019499401
0.000749259797061 1.0 0.874411633398
0.00457492597971 1.0 0.915591549197
0.00945749259797 1.0 0.949208016363
0.0099457492598 1.0 0.974281147375
0.00549457492598 1.0 0.990078290202
0.0059494574926 1.0 0.996132432109
0.00689494574926 1.0 0.992263418675
0.00608949457493 1.0 0.985771676695
0.00690894945749 1.0 0.97061452444
0.00339089494575 1.0 0.946293326486
0.00663908949457 1.0 0.913423117601
0.00516390894946 1.0 0.872933841291
0.00771639089495 1.0 0.853101979732
0.00977163908949 1.0 0.863081296709
0.00637716390895 1.0 0.868368754834
0.00513771639089 1.0 0.865386134333
0.00681377163909 1.0 0.853880358866
0.00878137716391 1.0 0.83415833769
0.00627813771639 1.0 0.806794091445
0.00512781377164 1.0 0.77257306225
0.00771278137716 1.0 0.732451888258
0.00707127813772 1.0 0.687513771351
0.00430712781377 1.0 0.638920066514
0.00403071278138 1.0 0.587860870974
0.00490307127814 1.0 0.535507491939
0.00769030712781 1.0 0.484308023725
0.00436903071278 1.0 0.466875511041
0.00223690307128 1.0 0.449127046405
0.00292369030713 1.0 0.428107997911
0.00119236903071 1.0 0.444526555561
0.00281923690307 1.0 0.478496157219
0.00298192369031 1.0 0.519739075761
0.00209819236903 1.0 0.556765049473
0.0056098192369 1.0 0.579494749874
0.00416098192369 1.0 0.596103474325
0.00761609819237 1.0 0.60699117055
0.00616160981924 1.0 0.641920814602
0.00781616098192 1.0 0.695398073971
0.00348161609819 1.0 0.748207949705
0.00394816160982 1.0 0.797259271902
0.010294816161 1.0 0.841105688972
0.0046294816161 1.0 0.878546437338
0.00766294816161 1.0 0.908533821763
0.00436629481616 1.0 0.930207142939
0.00493662948162 1.0 0.942932245662
0.00409366294816 1.0 0.946332192951
0.00850936629482 1.0 0.940305799216
0.00625093662948 1.0 0.925032631222
0.00152509366295 1.0 0.900964119982
0.00555250936629 1.0 0.878438614972
0.00505525093663 1.0 0.90385847485
0.00500552509366 1.0 0.92663973763
0.00410055250937 1.0 0.944159940406
0.00941005525094 1.0 0.957053672464
0.00364100552509 1.0 0.96093484446
0.00216410055251 1.0 0.955287504065
0.00381641005525 1.0 0.940239924671
0.00578164100553 1.0 0.916233109779
0.00327816410055 1.0 0.883966615598
0.00752781641006 1.0 0.844361423062
0.00705278164101 1.0 0.798515972672
0.0034052781641 1.0 0.747655627996
0.00124052781641 1.0 0.693078539049
0.000124052781641 1.0 0.65617282627
0.00451240527816 1.0 0.673629370613
0.00405124052782 1.0 0.699524350991
0.00940512405278 1.0 0.737055639594
0.00364051240528 1.0 0.765953903443
0.00486405124053 1.0 0.787789045846
0.00858640512405 1.0 0.819182001407
0.00715864051241 1.0 0.848694239666
0.00701586405124 1.0 0.871056491348
0.00430158640512 1.0 0.885174412465
0.00673015864051 1.0 0.8905865409
0.00877301586405 1.0 0.88712741742
0.00717730158641 1.0 0.874899809123
0.00611773015864 1.0 0.854266020437
0.00961177301586 1.0 0.871014430275
0.00636117730159 1.0 0.909259173875
0.00693611773016 1.0 0.942794495018
0.00699361177302 1.0 0.96815000891
0.0060993611773 1.0 0.984336072144
0.00600993611773 1.0 0.990849492759
0.00870099361177 1.0 0.987493985508
0.00537009936118 1.0 0.974369447985
0.00953700993612 1.0 0.951864965407
0.00725370099361 1.0 0.920639444352
0.00252537009936 1.0 0.881589548042
0.0110525370099 1.0 0.835806943101
0.00650525370099 1.0 0.784527684094
0.0096505253701 1.0 0.736018521219
0.00726505253701 1.0 0.731825499576
0.0052265052537 1.0 0.725508762848
0.00412265052537 1.0 0.712599893823
0.00851226505254 1.0 0.693014143085
0.00715122650525 1.0 0.667273912546
0.00341512265053 1.0 0.636105520155
0.00214151226505 1.0 0.646352676441
0.00291415122651 1.0 0.684279046893
0.00659141512265 1.0 0.726125183801
0.00875914151227 1.0 0.764999321377
0.00627591415123 1.0 0.794984885328
0.0114275914151 1.0 0.817646796211
0.00474275914151 1.0 0.832568777958
0.00947427591415 1.0 0.839335042518
0.00274742759142 1.0 0.837746833432
0.00567474275914 1.0 0.827851861343
0.00596747427591 1.0 0.843784353192
0.00509674742759 1.0 0.886397407221
0.00500967474276 1.0 0.92547921352
0.00320096747428 1.0 0.957031459874
0.00392009674743 1.0 0.979858036962
0.00399200967474 1.0 0.993261994122
0.00309920096747 1.0 0.996843380385
0.00930992009675 1.0 0.990495319836
0.00993099200967 1.0 0.974406934802
0.00549309920097 1.0 0.949053748868
0.0104493099201 1.0 0.915174315894
0.00554493099201 1.0 0.87373448452
0.0050544930992 1.0 0.825881691157
0.00590544930992 1.0 0.814269269135
0.00599054493099 1.0 0.843730421556
0.0068990544931 1.0 0.870678046442
0.00878990544931 1.0 0.890059814334
0.00807899054493 1.0 0.900879662868
0.00620789905449 1.0 0.902773927475
0.00512078990545 1.0 0.895681995547
0.00411207899054 1.0 0.879814574077
0.0103112078991 1.0 0.855639796603
0.00643112078991 1.0 0.823859931764
0.000643112078991 1.0 0.785377466902
6.43112078991e-05 1.0 0.783500354843
0.00090643112079 1.0 0.817828206634
0.00189064311208 1.0 0.850824189223
0.00558906431121 1.0 0.883749958338
0.00325890643112 1.0 0.917146727456
0.00392589064311 1.0 0.943168065654
0.00669258906431 1.0 0.960368642341
0.00696925890643 1.0 0.968172330726
0.00789692589064 1.0 0.966340213853
0.00798969258906 1.0 0.954926360749
0.00709896925891 1.0 0.934269539445
0.00340989692589 1.0 0.904975950848
0.00574098969259 1.0 0.867889622816
0.00327409896926 1.0 0.824052023245
0.00572740989693 1.0 0.846301667597
0.00867274098969 1.0 0.884086779912
0.00626727409897 1.0 0.916755772923
0.0060267274099 1.0 0.941417143351
0.00420267274099 1.0 0.957156879312
0.0085202672741 1.0 0.963490513384
0.00445202672741 1.0 0.960227663132
0.00314520267274 1.0 0.947465516121
0.00751452026727 1.0 0.925582419121
0.00525145202673 1.0 0.895219085706
0.00592514520267 1.0 0.871279543949
0.0104925145203 1.0 0.893499622841
0.00824925145203 1.0 0.912834491917
0.0026249251452 1.0 0.923876312644
0.00566249251452 1.0 0.925813504016
0.00596624925145 1.0 0.918540043012
0.00959662492515 1.0 0.902267627556
0.00725966249251 1.0 0.877475899413
0.00522596624925 1.0 0.844885005396
0.00142259662493 1.0 0.805420460125
0.00194225966249 1.0 0.800897490667
0.00289422596625 1.0 0.833903078246
0.00298942259662 1.0 0.864522787191
0.00389894225966 1.0 0.895732116736
0.00218989422597 1.0 0.929357251489
0.0047189894226 1.0 0.955702808929
0.00947189894226 1.0 0.973129784417
0.00544718989423 1.0 0.981036948953
0.00504471898942 1.0 0.979180466279
0.00770447189894 1.0 0.967614949396
0.00707044718989 1.0 0.946683650268
0.00880704471899 1.0 0.917000822956
0.0044807044719 1.0 0.879421710168
0.00134807044719 1.0 0.863926451854
0.00643480704472 1.0 0.880034474844
0.00874348070447 1.0 0.891628062438
0.00447434807045 1.0 0.894798996155
0.00674743480704 1.0 0.88909642008
0.0060747434807 1.0 0.874654603518
0.00690747434807 1.0 0.860236079383
0.00429074743481 1.0 0.881532689057
0.00582907474348 1.0 0.898921525691
0.00598290747435 1.0 0.90799025851
0.00329829074743 1.0 0.908079442599
0.00752982907474 1.0 0.933283597287
0.00525298290747 1.0 0.962329783203
0.00862529829075 1.0 0.983676394877
0.00356252982907 1.0 0.99562682136
0.00305625298291 1.0 0.997719571969
0.00390562529829 1.0 0.989881701495
0.00489056252983 1.0 0.972345481386
0.00588905625298 1.0 0.945628219636
0.0041889056253 1.0 0.910506037161
0.00131889056253 1.0 0.867976336133
0.000131889056253 1.0 0.84742590399
0.000913188905625 1.0 0.869947537899
0.00729131889056 1.0 0.8842259847
0.00792913188906 1.0 0.903224292418
0.00349291318891 1.0 0.935836460419
0.00844929131889 1.0 0.962237538458
0.00354492913189 1.0 0.979770997236
0.00305449291319 1.0 0.987730871323
0.00570544929132 1.0 0.985861597308
0.00507054492913 1.0 0.974217154484
0.00320705449291 1.0 0.95314303625
0.00482070544929 1.0 0.962265134453
0.00768207054493 1.0 0.971015118831
0.00706820705449 1.0 0.971015765912
0.00610682070545 1.0 0.961455452307
0.00871068207054 1.0 0.942537252431
0.00627106820705 1.0 0.914809810627
0.00602710682071 1.0 0.879074614571
0.00510271068207 1.0 0.836340892427
0.00411027106821 1.0 0.802685072179
0.00491102710682 1.0 0.796091030214
0.00769110271068 1.0 0.803430565598
0.00256911027107 1.0 0.849692103198
0.00655691102711 1.0 0.894572825023
0.00515569110271 1.0 0.932944513138
0.00591556911027 1.0 0.963339302428
0.00959155691103 1.0 0.984842918114
0.0072591556911 1.0 0.996820830987
0.00432591556911 1.0 0.998917408132
0.00673259155691 1.0 0.99107025794
0.000673259155691 1.0 0.973512994873
0.00276732591557 1.0 0.946763654478
0.00387673259156 1.0 0.911599300218
0.000387673259156 1.0 0.869018532928
0.00273876732592 1.0 0.845706804679
0.00297387673259 1.0 0.866015675325
0.00659738767326 1.0 0.877164103832
0.00425973876733 1.0 0.893765594663
0.00582597387673 1.0 0.925808172446
0.00958259738767 1.0 0.951903725633
0.00455825973877 1.0 0.969246649198
0.00585582597388 1.0 0.977120799924
0.00328558259739 1.0 0.975271583516
0.00842855825974 1.0 0.963752221816
0.00534285582597 1.0 0.94290447921
0.0068342855826 1.0 0.913340145916
0.00788342855826 1.0 0.875911049332
0.00258834285583 1.0 0.831668282933
0.00925883428558 1.0 0.781813238498
0.00632588342856 1.0 0.762197976512
0.00693258834286 1.0 0.809100006975
0.00339325883429 1.0 0.858331181176
0.00843932588343 1.0 0.902296662953
0.0107439325883 1.0 0.939164361191
0.00647439325883 1.0 0.967830690148
0.00784743932588 1.0 0.987460439186
0.00528474393259 1.0 0.997475691316
0.00412847439326 1.0 0.997578936097
0.00941284743933 1.0 0.987767235714
0.00814128474393 1.0 0.968332312075
0.00621412847439 1.0 0.939846133693
0.00242141284744 1.0 0.948508762537
0.00834214128474 1.0 0.957100455051
0.00623421412847 1.0 0.957097805705
0.00692342141285 1.0 0.947674198807
0.00519234214128 1.0 0.929027135357
0.00411923421413 1.0 0.901697129291
0.00131192342141 1.0 0.86647415331
0.00103119234214 1.0 0.860162184148
0.00280311923421 1.0 0.888366091386
0.00838031192342 1.0 0.912650598471
0.00443803119234 1.0 0.937286551666
0.00674380311923 1.0 0.964643986299
0.0123743803119 1.0 0.98408532162
0.00933743803119 1.0 0.994054100195
0.00543374380312 1.0 0.994155780158
0.00504337438031 1.0 0.984377628539
0.00950433743803 1.0 0.965009385651
0.0072504337438 1.0 0.959127834085
0.00522504337438 1.0 0.975086284926
0.00772250433744 1.0 0.984630405111
0.00347225043374 1.0 0.984698138766
0.00304722504337 1.0 0.975009747217
0.00390472250434 1.0 0.955825500651
0.00759047225043 1.0 0.927707211726
0.00795904722504 1.0 0.891468211183
0.0079959047225 1.0 0.848132010083
0.00439959047225 1.0 0.798884105432
0.00763995904723 1.0 0.745018246291
0.00346399590472 1.0 0.740005901155
0.00574639959047 1.0 0.781364150442
0.00507463995905 1.0 0.82251128345
0.0068074639959 1.0 0.857779652308
0.00788074639959 1.0 0.88572439555
0.00618807463996 1.0 0.905495374325
0.005118807464 1.0 0.916508230043
0.0068118807464 1.0 0.918435887424
0.00428118807464 1.0 0.911220972149
0.00762811880746 1.0 0.895078275702
0.00436281188075 1.0 0.895305160834
0.00223628118807 1.0 0.890107152327
0.00112362811881 1.0 0.876486218556
0.00101236281188 1.0 0.888625646506
0.00190123628119 1.0 0.913490472103
0.00379012362812 1.0 0.938884154837
0.00577901236281 1.0 0.957767027277
0.00597790123628 1.0 0.96355152818
0.00599779012363 1.0 0.959370317795
0.00779977901236 1.0 0.945678597839
0.00707997790124 1.0 0.922914954716
0.00610799779012 1.0 0.891748108624
0.00421079977901 1.0 0.853071276135
0.0067210799779 1.0 0.807962368601
0.00967210799779 1.0 0.775958133557
0.00906721079978 1.0 0.743499312142
0.00630672107998 1.0 0.729904969384
0.008730672108 1.0 0.764572867944
0.0035730672108 1.0 0.798787406081
0.00395730672108 1.0 0.826816800585
0.00579573067211 1.0 0.847380657865
0.00417957306721 1.0 0.859830477623
0.00671795730672 1.0 0.880697017422
0.00607179573067 1.0 0.906167807683
0.00510717957307 1.0 0.924407357112
0.00681071795731 1.0 0.933769297294
0.00428107179573 1.0 0.933864583275
0.00852810717957 1.0 0.92467941125
0.00535281071796 1.0 0.936799080875
0.0032352810718 1.0 0.962855149228
0.00482352810718 1.0 0.982132970126
0.00678235281072 1.0 0.992069364007
0.00697823528107 1.0 0.992169594107
0.00339782352811 1.0 0.982410854578
0.00753978235281 1.0 0.963081296998
0.00345397823528 1.0 0.934749589402
0.00124539782353 1.0 0.898235495718
0.00192453978235 1.0 0.87267641212
0.00289245397824 1.0 0.88641452494
0.00208924539782 1.0 0.889708592129
0.00380892453978 1.0 0.898574473916
0.00398089245398 1.0 0.923283320143
0.0057980892454 1.0 0.941740687005
0.00687980892454 1.0 0.951265639523
0.0105879808925 1.0 0.951361471607
0.00465879808925 1.0 0.942004083623
0.00676587980892 1.0 0.923469552232
0.00697658798089 1.0 0.89630313371
0.00879765879809 1.0 0.861290872684
0.00537976587981 1.0 0.871834762512
0.00953797658798 1.0 0.900469014402
0.0054537976588 1.0 0.923504028248
0.00864537976588 1.0 0.937980700174
0.00536453797659 1.0 0.943242278569
0.00683645379766 1.0 0.939109317583
0.00518364537977 1.0 0.925702810116
0.00771836453798 1.0 0.903419618676
0.0061718364538 1.0 0.872911091683
0.00241718364538 1.0 0.835051253075
0.0101417183645 1.0 0.790895212264
0.00641417183645 1.0 0.741630402358
0.0105414171836 1.0 0.784210820079
0.00375414171836 1.0 0.835019229192
0.00757541417184 1.0 0.881680428249
0.00885754141718 1.0 0.921833559962
0.00628575414172 1.0 0.954249726225
0.00782857541417 1.0 0.977989816266
0.00888285754142 1.0 0.992359237512
0.00898828575414 1.0 0.996932626112
0.00269882857541 1.0 0.991573859227
0.00116988285754 1.0 0.976442694947
0.00101698828575 1.0 0.968810024782
0.00190169882858 1.0 0.979534107019
0.00469016988286 1.0 0.98361264332
0.00586901698829 1.0 0.986770300564
0.00688690169883 1.0 0.991092915601
0.00788869016988 1.0 0.986630362813
0.00618886901699 1.0 0.97253359569
0.0069188869017 1.0 0.9491219372
0.00699188869017 1.0 0.917069924568
0.00609918886902 1.0 0.877294820688
0.0024099188869 1.0 0.830905013224
0.00474099188869 1.0 0.779147995378
0.00947409918887 1.0 0.782762860574
0.00544740991889 1.0 0.829333823543
0.00954474099189 1.0 0.875266782745
0.00815447409919 1.0 0.915087217139
0.00531544740992 1.0 0.947262132667
0.00683154474099 1.0 0.97082798619
0.0060831544741 1.0 0.985092140723
0.00780831544741 1.0 0.989632034282
0.00708083154474 1.0 0.984312509555
0.0106080831545 1.0 0.969292151581
0.00466080831545 1.0 0.945015399685
0.00496608083154 1.0 0.912190699102
0.00589660808315 1.0 0.871756162781
0.00598966080832 1.0 0.833040724163
0.00779896608083 1.0 0.851115958634
0.00527989660808 1.0 0.867651379887
0.00412798966081 1.0 0.876379568222
0.00851279896608 1.0 0.876463167301
0.00715127989661 1.0 0.867841999312
0.00611512798966 1.0 0.85076660839
0.00691151279897 1.0 0.8257389441
0.0024911512799 1.0 0.793483129337
0.00114911512799 1.0 0.754504980017
0.0028149115128 1.0 0.753720039877
0.00298149115128 1.0 0.73914801737
0.00479814911513 1.0 0.734116085104
0.00677981491151 1.0 0.753039046913
0.00607798149115 1.0 0.767967717808
0.00510779814912 1.0 0.775722696448
0.00861077981491 1.0 0.775799617734
0.0134610779815 1.0 0.78862250468
0.00584610779815 1.0 0.830859196884
0.00688461077981 1.0 0.870482679398
0.00428846107798 1.0 0.903307722401
0.0058288461078 1.0 0.928091274932
0.00958288461078 1.0 0.952938028858
0.00275828846108 1.0 0.976756129691
0.00747582884611 1.0 0.992012256743
0.00524758288461 1.0 0.997571453102
0.00682475828846 1.0 0.99319989946
0.0105824758288 1.0 0.979021153848
0.00825824758288 1.0 0.955454496758
0.00622582475829 1.0 0.923188748733
0.00692258247583 1.0 0.883148271059
0.00609225824758 1.0 0.83644894457
0.00780922582476 1.0 0.784346595722
0.00618092258248 1.0 0.752503513815
0.00871809225825 1.0 0.793510813103
0.00267180922582 1.0 0.837084977313
0.00476718092258 1.0 0.875131238441
0.00587671809226 1.0 0.905897614236
0.00508767180923 1.0 0.928434044355
0.00590876718092 1.0 0.942075278478
0.00419087671809 1.0 0.946416921068
0.00311908767181 1.0 0.941329688252
0.00211190876718 1.0 0.926965237139
0.00381119087672 1.0 0.900107064313
0.00308111908767 1.0 0.895083148345
0.00480811190877 1.0 0.878165917765
0.00948081119088 1.0 0.866365850626
0.00634808111909 1.0 0.868697210226
0.00603480811191 1.0 0.864640819758
0.00780348081119 1.0 0.852272677579
0.00528034808112 1.0 0.831754624756
0.00412803480811 1.0 0.803665986439
0.00221280348081 1.0 0.768809417758
0.00562128034808 1.0 0.728156126267
0.00326212803481 1.0 0.712184939234
0.00392621280348 1.0 0.759351583463
0.00759262128035 1.0 0.8091818994
0.00795926212803 1.0 0.854461966105
0.0052959262128 1.0 0.893381724664
0.00412959262128 1.0 0.924797998656
0.00671295926213 1.0 0.947805441064
0.00877129592621 1.0 0.961731374934
0.00627712959262 1.0 0.97741512626
0.00332771295926 1.0 0.989622109242
0.00933277129593 1.0 0.992628353685
0.00633327712959 1.0 0.985808170196
0.00423332771296 1.0 0.969311098306
0.0085233327713 1.0 0.943619105976
0.00535233327713 1.0 0.909479401384
0.00503523332771 1.0 0.867863961044
0.00500352333277 1.0 0.819923158395
0.00770035233328 1.0 0.766933014574
0.00707003523333 1.0 0.710239082079
0.00610700352333 1.0 0.658329194399
0.00511070035233 1.0 0.64093339367
0.00231107003523 1.0 0.621639201198
0.000231107003523 1.0 0.597312679587
2.31107003523e-05 1.0 0.555914244654
0.00180231107004 1.0 0.546150035025
0.003780231107 1.0 0.52330650061
0.0075780231107 1.0 0.536644072096
0.00345780231107 1.0 0.592134664914
0.00754578023111 1.0 0.651939483351
0.00795457802311 1.0 0.711150512459
0.00439545780231 1.0 0.768078008467
0.00493954578023 1.0 0.821322252626
0.00409395457802 1.0 0.869528984972
0.0022093954578 1.0 0.91141589686
0.00652093954578 1.0 0.945825977154
0.00965209395458 1.0 0.971780182595
0.00546520939546 1.0 0.988523647024
0.00234652093955 1.0 0.995562143598
0.00473465209395 1.0 0.992686318262
0.0049734652094 1.0 0.979982033992
0.00409734652094 1.0 0.957826112326
0.00400973465209 1.0 0.926867766893
0.00220097346521 1.0 0.887997005396
0.00742009734652 1.0 0.842302145845
0.00434200973465 1.0 0.826625820965
0.00673420097347 1.0 0.823204517515
0.00607342009735 1.0 0.813663227505
0.00330734200973 1.0 0.796437626556
0.00393073420097 1.0 0.77184883797
0.0012930734201 1.0 0.740587628163
0.00372930734201 1.0 0.714291820902
0.0057729307342 1.0 0.733473343854
0.00507729307342 1.0 0.751133781335
0.00770772930734 1.0 0.762111984282
0.00437077293073 1.0 0.765618512478
0.00133707729307 1.0 0.761502549982
0.00103370772931 1.0 0.749882159058
0.00280337077293 1.0 0.712665456801
0.00118033707729 1.0 0.697004864922
0.00101803370773 1.0 0.668144073539
0.00550180337077 1.0 0.648210497568
0.00505018033708 1.0 0.648839317852
0.00770501803371 1.0 0.64569891651
0.00707050180337 1.0 0.684236907978
0.00880705018034 1.0 0.733354017522
0.00808070501803 1.0 0.779735835506
0.0071080705018 1.0 0.820963344046
0.00791080705018 1.0 0.855794834797
0.00529108070502 1.0 0.88323934136
0.0086291080705 1.0 0.902504578597
0.00626291080705 1.0 0.913025038295
0.00872629108071 1.0 0.914488574419
0.00627262910807 1.0 0.906851689281
0.00782726291081 1.0 0.890341671219
0.00618272629108 1.0 0.896041103361
0.00421827262911 1.0 0.922852898905
0.00402182726291 1.0 0.944068684923
0.00400218272629 1.0 0.956473238721
0.00490021827263 1.0 0.959439552124
0.00409002182726 1.0 0.952853413426
0.00490900218273 1.0 0.93690841946
0.0112909002183 1.0 0.912075332338
0.00922909002183 1.0 0.879076872759
0.00722290900218 1.0 0.83885257458
0.00432229090022 1.0 0.79251436089
0.00313222909002 1.0 0.741295597852
0.008413222909 1.0 0.686496858217
0.0098413222909 1.0 0.62943169991
0.00368413222909 1.0 0.571375568309
0.00126841322291 1.0 0.513520508481
0.00192684132229 1.0 0.45693777846
0.00199268413223 1.0 0.424275614776
0.00469926841322 1.0 0.444339201421
0.00406992684132 1.0 0.455573292836
0.00580699268413 1.0 0.477689833235
0.00238069926841 1.0 0.528223354766
0.0101380699268 1.0 0.581686839678
0.00911380699268 1.0 0.634528567462
0.00721138069927 1.0 0.685323600282
0.00432113806993 1.0 0.732831302897
0.00853211380699 1.0 0.775844153577
0.0071532113807 1.0 0.813218084977
0.00701532113807 1.0 0.843920752984
0.00520153211381 1.0 0.867078599288
0.00412015321138 1.0 0.882018088635
0.00491201532114 1.0 0.8882982432
0.00679120153211 1.0 0.885732265165
0.00427912015321 1.0 0.9035378971
0.00492791201532 1.0 0.927622252658
0.00499279120153 1.0 0.944385925883
0.00769927912015 1.0 0.952044572661
0.010669927912 1.0 0.966849485506
0.0028669927912 1.0 0.974891890922
0.00568669927912 1.0 0.973503356219
0.00956866992791 1.0 0.962482479994
0.00725686699279 1.0 0.942132272495
0.00702568669928 1.0 0.913047952915
0.00790256866993 1.0 0.876068189207
0.00439025686699 1.0 0.832232956243
0.0013390256867 1.0 0.782734815938
0.00733390256867 1.0 0.728865186032
0.00523339025687 1.0 0.671958801424
0.00772333902569 1.0 0.613339654087
0.00257233390257 1.0 0.554271402395
0.00205723339026 1.0 0.519867086627
0.00200572333903 1.0 0.481147761632
0.0020005723339 1.0 0.506716561451
0.00110005723339 1.0 0.533172303924
0.00281000572334 1.0 0.569098233765
0.00388100057233 1.0 0.627221072747
0.00128810005723 1.0 0.687054098011
0.00642881000572 1.0 0.745374431242
0.00514288100057 1.0 0.800633461884
0.00321428810006 1.0 0.851444229243
0.00752142881001 1.0 0.896480416174
0.005252142881 1.0 0.934517614077
0.0050252142881 1.0 0.964486851631
0.00320252142881 1.0 0.9855242781
0.00302025214288 1.0 0.997012496752
0.00570202521429 1.0 0.998610660978
0.00147020252143 1.0 0.992823723805
0.00464702025214 1.0 0.993138439375
0.00136470202521 1.0 0.98516129914
0.00643647020252 1.0 0.967691371054
0.00514364702025 1.0 0.941100276856
0.00861436470203 1.0 0.906146100095
0.0098614364702 1.0 0.863820034792
0.00998614364702 1.0 0.815287991371
0.0081986143647 1.0 0.774738299843
0.00621986143647 1.0 0.751542684227
0.00332198614365 1.0 0.724089077454
0.00843219861436 1.0 0.690930599843
0.00534321986144 1.0 0.652761022221
0.00593432198614 1.0 0.610574009033
0.00599343219861 1.0 0.565438566572
0.00599934321986 1.0 0.518436395133
0.00329993432199 1.0 0.470618003175
0.0030299934322 1.0 0.422965225817
0.00120299934322 1.0 0.376360412988
0.00102029993432 1.0 0.342063328127
0.00370202999343 1.0 0.352263858028
0.00217020299934 1.0 0.352870704878
0.00381702029993 1.0 0.363851274005
0.00128170202999 1.0 0.401689996708
0.005528170203 1.0 0.442281645682
0.0032528170203 1.0 0.482453070883
0.00482528170203 1.0 0.521073580065
0.0040825281702 1.0 0.557195151832
0.00400825281702 1.0 0.589899196016
0.0058008252817 1.0 0.646060330657
0.0104800825282 1.0 0.705039195246
0.00554800825282 1.0 0.762198681797
0.00595480082528 1.0 0.815845949754
0.00599548008253 1.0 0.864594043755
0.00419954800825 1.0 0.907148840958
0.00311995480083 1.0 0.942338584713
0.00841199548008 1.0 0.969164628556
0.00444119954801 1.0 0.986848203006
0.0031441199548 1.0 0.994867936923
0.00391441199548 1.0 0.992985389759
0.00399144119955 1.0 0.984559314599
0.000399144119955 1.0 0.98150631928
0.007239914412 1.0 0.970231591656
0.0052239914412 1.0 0.949701396473
0.00682239914412 1.0 0.920381815843
0.00608223991441 1.0 0.88310486218
0.00510822399144 1.0 0.838917524345
0.00591082239914 1.0 0.78902180909
0.00419108223991 1.0 0.734719493545
0.00491910822399 1.0 0.677356031974
0.0049919108224 1.0 0.618266050632
0.00409919108224 1.0 0.558723357691
0.00220991910822 1.0 0.499897955704
0.000220991910822 1.0 0.467990142845
0.000922099191082 1.0 0.490957861889
0.000992209919108 1.0 0.505319031756
0.000999220991911 1.0 0.530482062286
9.99220991911e-05 1.0 0.583740443997
0.000909992209919 1.0 0.639334251023
9.09992209919e-05 1.0 0.693594855792
0.000909099922099 1.0 0.745014264361
0.00279090999221 1.0 0.792295170557
0.00387909099922 1.0 0.834202725658
0.00128790909992 1.0 0.86959751267
0.000128790909992 1.0 0.897484814056
1.28790909992e-05 1.0 0.917060789345
0.0018012879091 1.0 0.927750931738
0.00018012879091 1.0 0.944739511411
0.00271801287909 1.0 0.955861711341
0.00117180128791 1.0 0.957835749931
0.00281718012879 1.0 0.950307724161
0.00118171801288 1.0 0.933472232118
0.000118171801288 1.0 0.907823061658
1.18171801288e-05 1.0 0.874105021374
0.000901181718013 1.0 0.833275610022
0.000990118171801 1.0 0.786459647084
0.00099901181718 1.0 0.734897900267
0.00279990118172 1.0 0.679892778977
0.00207999011817 1.0 0.622754368142
0.00110799901182 1.0 0.564749871969
0.00191079990118 1.0 0.507059097215
0.00199107999012 1.0 0.450737997495
0.00199910799901 1.0 0.399086313938
0.000199910799901 1.0 0.364099441758
0.00181999107999 1.0 0.330337187
0.000181999107999 1.0 0.296870923202
1.81999107999e-05 1.0 0.264158174494
1.81999107999e-06 1.0 0.264026195055
0.000900181999108 1.0 0.292864784446
0.000990018199911 1.0 0.325219237547
0.00549900181999 1.0 0.361086127272
0.005949900182 1.0 0.401413482034
0.0041949900182 1.0 0.442253994215
0.00221949900182 1.0 0.482450305736
0.00382194990018 1.0 0.52107330355
0.00398219499002 1.0 0.55719512418
0.006698219499 1.0 0.589899193251
0.0087698219499 1.0 0.64606033038
0.00537698219499 1.0 0.705039195219
0.0041376982195 1.0 0.762198681794
0.00311376982195 1.0 0.815845949754
0.00481137698219 1.0 0.864594043755
0.00768113769822 1.0 0.907148840958
0.00436811376982 1.0 0.942338584713
0.00853681137698 1.0 0.969164628556
0.0053536811377 1.0 0.986848203006
0.00683536811377 1.0 0.994867936923
0.00518353681138 1.0 0.992985389759
0.00231835368114 1.0 0.984559314599
0.00473183536811 1.0 0.98150631928
0.00587318353681 1.0 0.970231591656
0.00328731835368 1.0 0.949701396473
0.00302873183537 1.0 0.920381815843
0.00480287318354 1.0 0.88310486218
0.00408028731835 1.0 0.838917524345
0.00220802873184 1.0 0.78902180909
0.00382080287318 1.0 0.734719493545
0.00308208028732 1.0 0.677356031974
0.00840820802873 1.0 0.618266050632
0.00264082080287 1.0 0.558723357691
0.00116408208029 1.0 0.499897955704
0.00101640820803 1.0 0.477117167355
0.000101640820803 1.0 0.508151582875
0.00181016408208 1.0 0.534088425033
0.00378101640821 1.0 0.569189845876
0.00667810164082 1.0 0.627230233958
0.00606781016408 1.0 0.687055014132
0.00330678101641 1.0 0.745374522855
0.00753067810164 1.0 0.800633471045
0.00615306781016 1.0 0.85144423016
0.00961530678102 1.0 0.896480416265
0.0072615306781 1.0 0.934517614086
0.00522615306781 1.0 0.964486851632
0.00502261530678 1.0 0.9855242781
0.00320226153068 1.0 0.997012496752
0.00572022615307 1.0 0.998610660978
0.00507202261531 1.0 0.992823723805
0.00590720226153 1.0 0.993138439375
0.00509072022615 1.0 0.98516129914
0.00320907202262 1.0 0.967691371054
0.00572090720226 1.0 0.941100276856
0.00507209072023 1.0 0.906146100095
0.00770720907202 1.0 0.863820034792
0.0079707209072 1.0 0.815287991371
0.00799707209072 1.0 0.774738299843
0.00709970720907 1.0 0.751542684227
0.00520997072091 1.0 0.724089077454
0.00412099707209 1.0 0.690930599843
0.00491209970721 1.0 0.652761022221
0.00319120997072 1.0 0.610574009033
0.0111191209971 1.0 0.565438566572
0.00651191209971 1.0 0.518436395133
0.00875119120997 1.0 0.470618003175
0.001775119121 1.0 0.422965225817
0.0019775119121 1.0 0.376360412988
0.00289775119121 1.0 0.36814450354
0.00208977511912 1.0 0.40157177312
0.00290897751191 1.0 0.435649851184
0.00119089775119 1.0 0.47569748907
0.00731908977512 1.0 0.52802412035
0.00613190897751 1.0 0.581666916236
0.00961319089775 1.0 0.634526575118
0.00276131908978 1.0 0.685323401048
0.011076131909 1.0 0.732831282974
0.0065076131909 1.0 0.775844151584
0.00515076131909 1.0 0.813218084778
0.00591507613191 1.0 0.843920752965
0.00959150761319 1.0 0.867078599286
0.00725915076132 1.0 0.882018088635
0.00702591507613 1.0 0.8882982432
0.00610259150761 1.0 0.885732265165
0.00691025915076 1.0 0.9035378971
0.00789102591508 1.0 0.927622252658
0.00438910259151 1.0 0.944385925883
0.00403891025915 1.0 0.952044572661
0.00670389102592 1.0 0.966849485506
0.00607038910259 1.0 0.974891890922
0.00600703891026 1.0 0.973503356219
0.00510070389103 1.0 0.962482479994
0.0050100703891 1.0 0.942132272495
0.00590100703891 1.0 0.913047952915
0.00419010070389 1.0 0.876068189207
0.00491901007039 1.0 0.832232956243
0.00769190100704 1.0 0.782734815938
0.0025691901007 1.0 0.728865186032
0.00295691901007 1.0 0.671958801424
0.00839569190101 1.0 0.613339654087
0.0053395691901 1.0 0.554271402395
0.00323395691901 1.0 0.519867086627
0.0021233956919 1.0 0.543472122996
0.00201233956919 1.0 0.573881216134
0.00110123395692 1.0 0.612923482672
0.00281012339569 1.0 0.642688438481
0.00748101233957 1.0 0.648287111944
0.00704810123396 1.0 0.645643695919
0.0097048101234 1.0 0.684231385919
0.00367048101234 1.0 0.733353465317
0.00486704810123 1.0 0.779735780286
0.0112867048101 1.0 0.820963338524
0.00832867048101 1.0 0.855794834244
0.0035328670481 1.0 0.883239341305
0.0111532867048 1.0 0.902504578592
0.00471532867048 1.0 0.913025038295
0.00317153286705 1.0 0.914488574419
0.0057171532867 1.0 0.906851689281
