0.1566 0.9 0.586002253544
0.17406 0.99 0.66445935877
0.165906 0.999 0.694742972391
0.1902906 0.9999 0.717763415098
0.19632906 0.99999 0.737277653684
0.178032906 0.999999 0.754189432125
0.1861032906 0.9999999 0.771274481226
0.16261032906 0.99999999 0.784864813086
0.192661032906 0.999999999 0.781633399872
0.165066103291 0.9999999999 0.78023084297
0.183906610329 0.99999999999 0.77507720231
0.203790661033 0.999999999999 0.760570855646
0.201279066103 1.0 0.742933989986
0.19832790661 1.0 0.721150189269
0.195332790661 1.0 0.698185447858
0.180633279066 1.0 0.676500781224
0.171963327907 1.0 0.673637936022
0.167496332791 1.0 0.689565134382
0.158049633279 1.0 0.704529569511
0.173304963328 1.0 0.721236543906
0.191930496333 1.0 0.741490113133
0.208193049633 1.0 0.759824778317
0.208919304963 1.0 0.774742889589
0.181091930496 1.0 0.790330007944
0.20980919305 1.0 0.804904933485
0.184780919305 1.0 0.812202809529
0.18407809193 1.0 0.807261908483
0.202007809193 1.0 0.804548345784
0.194800780919 1.0 0.798173780553
0.202180078092 1.0 0.784942252976
0.193918007809 1.0 0.769506340437
0.181391800781 1.0 0.754349465351
0.191839180078 1.0 0.73615245429
0.164983918008 1.0 0.715568847437
0.156898391801 1.0 0.709748387702
0.17588983918 1.0 0.721824461396
0.177788983918 1.0 0.733162103186
0.162678898392 1.0 0.745039397699
0.189067889839 1.0 0.760204914033
0.185406788984 1.0 0.777088744308
0.207540678898 1.0 0.790192029562
0.18185406789 1.0 0.802111231645
0.171185406789 1.0 0.810360241265
0.187218540679 1.0 0.814644695863
0.197821854068 1.0 0.810792142367
0.201582185407 1.0 0.805017948354
0.189358218541 1.0 0.801910046888
0.197135821854 1.0 0.793991056937
0.182613582185 1.0 0.783359129537
0.191061358219 1.0 0.768964942935
0.178406135822 1.0 0.752107517133
0.176240613582 1.0 0.737465584633
0.147224061358 1.0 0.735767345279
0.188422406136 1.0 0.745559922046
0.172742240614 1.0 0.755855076043
0.201774224061 1.0 0.765797182613
0.201977422406 1.0 0.779202760424
0.194797742241 1.0 0.790116598991
0.198579774224 1.0 0.798711093513
0.188157977422 1.0 0.805688494093
0.191615797742 1.0 0.812927198923
0.195561579774 1.0 0.814435704495
0.203156157977 1.0 0.814071218609
0.198515615798 1.0 0.812195656892
0.18455156158 1.0 0.805839667449
0.207455156158 1.0 0.801296232882
0.204345515616 1.0 0.796968214776
0.179734551562 1.0 0.787205885254
0.174573455156 1.0 0.773451751983
0.153357345516 1.0 0.757843752116
0.162035734552 1.0 0.75501803026
0.181803573455 1.0 0.761619917253
0.184680357346 1.0 0.769098974452
0.174168035735 1.0 0.778530099435
0.180316803573 1.0 0.788450472865
0.193531680357 1.0 0.793344382617
0.190353168036 1.0 0.79983990054
0.190935316804 1.0 0.80387752667
0.18469353168 1.0 0.810780097758
0.186769353168 1.0 0.810137803035
0.191476935317 1.0 0.804483276498
0.199147693532 1.0 0.80007584531
0.202614769353 1.0 0.79650256471
0.195761476935 1.0 0.794739993624
0.189676147694 1.0 0.791992308262
0.189967614769 1.0 0.78564262747
0.176496761477 1.0 0.777822011739
0.182349676148 1.0 0.766922903283
0.146034967615 1.0 0.760712456293
0.164003496761 1.0 0.763288480579
0.171200349676 1.0 0.764328378984
0.190820034968 1.0 0.768714365749
0.201782003497 1.0 0.77805353443
0.20377820035 1.0 0.783328114637
0.206677820035 1.0 0.783794300371
0.205167782003 1.0 0.782708567404
0.1825167782 1.0 0.785445829412
0.19375167782 1.0 0.7820672074
0.175975167782 1.0 0.776939537567
0.184997516778 1.0 0.768450019491
0.205699751678 1.0 0.76223218027
0.207769975168 1.0 0.763357819031
0.216976997517 1.0 0.763399087156
0.189997699752 1.0 0.761520500621
0.206199769975 1.0 0.755307568199
0.152919976998 1.0 0.748505100276
0.1691919977 1.0 0.74164515513
0.18701919977 1.0 0.738545945469
0.176201919977 1.0 0.73328463909
0.168820191998 1.0 0.731490491541
0.1698820192 1.0 0.737096284368
0.15828820192 1.0 0.739411353917
0.181428820192 1.0 0.736547483594
0.169342882019 1.0 0.732605568348
0.178034288202 1.0 0.733569475306
0.17350342882 1.0 0.742040060673
0.187450342882 1.0 0.748135844064
0.207745034288 1.0 0.754900822534
0.180074503429 1.0 0.760877260574
0.187207450343 1.0 0.763222327062
0.185220745034 1.0 0.76338553796
0.209322074503 1.0 0.761519145701
0.16223220745 1.0 0.755307432707
0.141323220745 1.0 0.748505086727
0.176132322075 1.0 0.750157780956
0.171513232207 1.0 0.75558906845
0.172851323221 1.0 0.761473431072
0.194585132322 1.0 0.768428870958
0.184158513232 1.0 0.778024984951
0.191215851323 1.0 0.783325259689
0.197321585132 1.0 0.783794014876
0.193432158513 1.0 0.782708538854
0.187643215851 1.0 0.785445826557
0.183464321585 1.0 0.79221375808
0.190246432159 1.0 0.79442644597
0.180124643216 1.0 0.796638446509
0.193512464322 1.0 0.79615882483
0.203851246432 1.0 0.794705619636
0.192285124643 1.0 0.791988870863
0.191128512464 1.0 0.78564228373
0.193712851246 1.0 0.777821977365
0.162471285125 1.0 0.766922899846
0.168347128512 1.0 0.762647782467
0.175234712851 1.0 0.766175270623
0.165123471285 1.0 0.771481236622
0.182112347129 1.0 0.778768325652
0.193711234713 1.0 0.788474295487
0.184071123471 1.0 0.793346764879
0.202907112347 1.0 0.799840138766
0.175090711235 1.0 0.803877550493
0.200209071123 1.0 0.81078010014
0.203620907112 1.0 0.814277723785
0.189562090711 1.0 0.811476632678
0.195356209071 1.0 0.809665204556
0.193235620907 1.0 0.805586622215
0.183123562091 1.0 0.801270928358
0.180312356209 1.0 0.796965684324
0.193531235621 1.0 0.787205632209
0.177753123562 1.0 0.773451726678
0.168975312356 1.0 0.757843749585
0.152797531236 1.0 0.751674203601
0.178179753124 1.0 0.758032578898
0.188817975312 1.0 0.760649771744
0.196181797531 1.0 0.766276652183
0.185218179753 1.0 0.779250707381
0.216521817975 1.0 0.790121393687
0.204352181798 1.0 0.798711572982
0.20223521818 1.0 0.80568854204
0.212823521818 1.0 0.812927203718
0.195882352182 1.0 0.817347783536
0.186088235218 1.0 0.813929517618
0.181508823522 1.0 0.808237465218
0.182850882352 1.0 0.802231998574
0.192885088235 1.0 0.794023252106
0.181288508824 1.0 0.783362349054
0.211628850882 1.0 0.768965264887
0.164262885088 1.0 0.752107549328
0.166726288509 1.0 0.737465587853
0.145372628851 1.0 0.725652358724
0.154937262885 1.0 0.732296309557
0.158593726289 1.0 0.738337791246
0.193159372629 1.0 0.745556966505
0.175015937263 1.0 0.760256670914
0.197501593726 1.0 0.777093919996
0.208750159373 1.0 0.790192547131
0.175675015937 1.0 0.802111283402
0.196667501594 1.0 0.810360246441
0.184366750159 1.0 0.812424817388
0.184036675016 1.0 0.808704910944
0.193903667502 1.0 0.80558647166
0.19579036675 1.0 0.79827759314
0.196879036675 1.0 0.784952634235
0.206887903668 1.0 0.769507378563
0.194388790367 1.0 0.754349569163
0.186838879037 1.0 0.736152464671
0.151883887904 1.0 0.715568848475
0.16998838879 1.0 0.701997702878
0.166398838879 1.0 0.707847910482
0.162439883888 1.0 0.711430667931
0.172843988389 1.0 0.721926653748
0.188284398839 1.0 0.741559124118
0.196128439884 1.0 0.759831679415
0.205912843988 1.0 0.774743579699
0.193391284399 1.0 0.790330076955
0.18673912844 1.0 0.804904940386
0.186973912844 1.0 0.80722661271
0.194197391284 1.0 0.79816997441
0.192219739128 1.0 0.7872845037
0.192921973913 1.0 0.775782568383
0.201092197391 1.0 0.760641392254
0.174009219739 1.0 0.742941043647
0.174900921974 1.0 0.721150894635
0.183990092197 1.0 0.698185518395
0.16419900922 1.0 0.676500788278
0.164919900922 1.0 0.658735943927
0.171291990092 1.0 0.66382906363
0.166529199009 1.0 0.664464297178
0.175052919901 1.0 0.672305563134
0.19840529199 1.0 0.695527592827
0.186340529199 1.0 0.717841877142
0.19413405292 1.0 0.737285499889
0.192213405292 1.0 0.754190216745
0.180321340529 1.0 0.771274559688
0.192632134053 1.0 0.774047102988
0.177663213405 1.0 0.761414694488
0.196866321341 1.0 0.758326074331
0.177186632134 1.0 0.753669885686
0.195918663213 1.0 0.73760369052
0.185191866321 1.0 0.718248470755
0.181419186632 1.0 0.695872437811
0.163941918663 1.0 0.67095219052
0.160394191866 1.0 0.646381772592
0.163639419187 1.0 0.644722596269
0.151363941919 1.0 0.662427728864
0.168136394192 1.0 0.680134829408
0.177913639419 1.0 0.698141998453
0.189691363942 1.0 0.721023218049
0.183669136394 1.0 0.742443577889
0.194766913639 1.0 0.760441142627
0.203976691364 1.0 0.775687761586
0.207597669136 1.0 0.78953390499
0.196259766914 1.0 0.798963817631
0.181625976691 1.0 0.797343694902
0.189162597669 1.0 0.796650689517
0.200716259767 1.0 0.78933513776
0.191971625977 1.0 0.775162030107
0.194697162598 1.0 0.760321515812
0.20216971626 1.0 0.741906642798
0.182216971626 1.0 0.720771121704
0.172121697163 1.0 0.69729944455
0.144112169716 1.0 0.692561565725
0.156611216972 1.0 0.706904296767
0.176761121697 1.0 0.721044272926
0.18057611217 1.0 0.736523936861
0.190857611217 1.0 0.753864980549
0.187385761122 1.0 0.768625008882
0.206838576112 1.0 0.784897039391
0.170983857611 1.0 0.798445019811
0.185398385761 1.0 0.811188325192
0.171539838576 1.0 0.815570761732
0.185453983858 1.0 0.809019505378
0.184145398386 1.0 0.805854504232
0.205614539839 1.0 0.801900543716
0.197861453984 1.0 0.790787125514
0.190786145398 1.0 0.777307738821
0.20447861454 1.0 0.760770326916
0.197747861454 1.0 0.745120709695
0.169174786145 1.0 0.728925953504
0.164517478615 1.0 0.722025949322
0.142451747861 1.0 0.731933668617
0.181645174786 1.0 0.739590157091
0.162164517479 1.0 0.752022618762
0.183616451748 1.0 0.768730019348
0.209161645175 1.0 0.783111215204
0.199116164517 1.0 0.793630434638
0.180111616452 1.0 0.801779345934
0.180011161645 1.0 0.809658468375
0.182701116165 1.0 0.815827936878
0.191070111616 1.0 0.813777532952
0.181107011162 1.0 0.810665085062
0.197210701116 1.0 0.805411136376
0.197021070112 1.0 0.798822274287
0.193402107011 1.0 0.790210618036
0.177740210701 1.0 0.779313026712
0.17527402107 1.0 0.765623198423
0.156127402107 1.0 0.751227833615
0.158712740211 1.0 0.74864868389
0.153571274021 1.0 0.757730026927
0.163857127402 1.0 0.765266871195
0.18648571274 1.0 0.773927414243
0.174348571274 1.0 0.787194657634
0.197434857127 1.0 0.796774642035
0.192543485713 1.0 0.800807744124
0.184854348571 1.0 0.806767753286
0.184985434857 1.0 0.814623441628
0.191298543486 1.0 0.816753064822
0.190129854349 1.0 0.811724166782
0.181912985435 1.0 0.808530031895
0.186491298543 1.0 0.803960528415
0.198649129854 1.0 0.799693298799
0.201664912985 1.0 0.794095635315
0.211866491299 1.0 0.788588693605
0.20928664913 1.0 0.778138360397
0.174828664913 1.0 0.765217772741
0.184882866491 1.0 0.760458203288
0.172388286649 1.0 0.765956312705
0.155838828665 1.0 0.771781546461
0.185683882866 1.0 0.778291980751
0.185968388287 1.0 0.785190387445
0.206696838829 1.0 0.791933473538
0.195269683883 1.0 0.794192963298
0.184226968388 1.0 0.796406366451
0.184022696839 1.0 0.80034887071
0.162402269684 1.0 0.798693354263
0.191740226968 1.0 0.795074405588
0.201874022697 1.0 0.787586941262
0.19028740227 1.0 0.783170159126
0.204428740227 1.0 0.784078703901
0.198642874023 1.0 0.783486772216
0.195364287402 1.0 0.778031477864
0.17793642874 1.0 0.768357759754
0.153693642874 1.0 0.759683370112
0.178269364287 1.0 0.756030768755
0.160026936429 1.0 0.75617636723
0.162702693643 1.0 0.755490225285
0.199870269364 1.0 0.756000944129
0.210787026936 1.0 0.761467658236
0.201078702694 1.0 0.763474404102
0.210907870269 1.0 0.763371594232
0.190290787027 1.0 0.761481151452
0.183729078703 1.0 0.762099789239
0.18217290787 1.0 0.754000842243
0.201817290787 1.0 0.749331922221
0.163281729079 1.0 0.740451674336
0.172928172908 1.0 0.732850555984
0.181092817291 1.0 0.736897667509
0.190009281729 1.0 0.739428298662
0.196300928173 1.0 0.736960206209
0.188830092817 1.0 0.730535959717
0.165583009282 1.0 0.722622832273
0.147058300928 1.0 0.729714218428
0.183905830093 1.0 0.737352851799
0.160590583009 1.0 0.746586164559
0.178059058301 1.0 0.755110538056
0.18700590583 1.0 0.761378617628
0.218500590583 1.0 0.763465500041
0.204550059058 1.0 0.763370703826
0.163555005906 1.0 0.761481062412
0.184655500591 1.0 0.762099780335
0.182265550059 1.0 0.77115043963
0.195526555006 1.0 0.77584786079
0.172552655501 1.0 0.779968660528
0.18915526555 1.0 0.782408331053
0.195315526555 1.0 0.784002521094
0.215731552656 1.0 0.783479153935
0.160173155266 1.0 0.778030716036
0.162717315527 1.0 0.768357683572
0.153071731553 1.0 0.759683362494
0.135907173155 1.0 0.757502427365
0.186390717316 1.0 0.762967477686
0.162639071732 1.0 0.770757472388
0.162963907173 1.0 0.778189573343
0.166596390717 1.0 0.785180146705
0.168759639072 1.0 0.791932449464
0.205875963907 1.0 0.794192860891
0.189787596391 1.0 0.79640635621
0.184578759639 1.0 0.800348869686
0.200257875964 1.0 0.802730102422
0.195525787596 1.0 0.803742506437
0.19055257876 1.0 0.805503747177
0.203555257876 1.0 0.803657899944
0.198555525788 1.0 0.799663035952
0.189055552579 1.0 0.794092609031
0.197105555258 1.0 0.788588390977
0.169110555526 1.0 0.778138330134
0.159111055553 1.0 0.765217769714
0.153611105555 1.0 0.759892731632
0.169261110556 1.0 0.76210738739
0.185226111056 1.0 0.765088457983
0.167922611106 1.0 0.773909572922
0.209392261111 1.0 0.787192873502
0.210839226111 1.0 0.796774463621
0.198383922611 1.0 0.800807726283
0.188138392261 1.0 0.806767751502
0.182613839226 1.0 0.814623441449
0.183861383923 1.0 0.817522001017
0.183086138392 1.0 0.814379848261
0.196508613839 1.0 0.810327116989
0.178950861384 1.0 0.805377339569
0.205095086138 1.0 0.798818894607
0.170809508614 1.0 0.790210280068
0.189880950861 1.0 0.779312992915
0.195388095086 1.0 0.765623195043
0.156338809509 1.0 0.751227833277
0.162333880951 1.0 0.74077884255
0.169233388095 1.0 0.746061071773
0.16902333881 1.0 0.74771025485
0.184302333881 1.0 0.752834628538
0.185830233388 1.0 0.768811220326
0.188683023339 1.0 0.783119335302
0.197968302334 1.0 0.793631246647
0.203396830233 1.0 0.801779427135
0.181439683023 1.0 0.809658476495
0.195443968302 1.0 0.814450283163
0.18154439683 1.0 0.810772701097
0.189154439683 1.0 0.80788373265
0.179115443968 1.0 0.802103466558
0.181711544397 1.0 0.790807417798
0.19367115444 1.0 0.777309768049
0.191267115444 1.0 0.760770529839
0.173026711544 1.0 0.745120729987
0.174802671154 1.0 0.728925955533
0.169580267115 1.0 0.717562601483
0.181658026712 1.0 0.722605882774
0.172965802671 1.0 0.727357454442
0.191896580267 1.0 0.737155255012
0.174889658027 1.0 0.753928112364
0.184888965803 1.0 0.768631322064
0.20028889658 1.0 0.784897670709
0.171228889658 1.0 0.798445082943
0.194422888966 1.0 0.811188331505
0.198542288897 1.0 0.814702316991
0.18905422889 1.0 0.807511859229
0.194405422889 1.0 0.800034395312
0.185940542289 1.0 0.78967350834
0.183294054229 1.0 0.775195867165
0.199229405423 1.0 0.760324899517
0.174722940542 1.0 0.741906981169
0.181272294054 1.0 0.720771155541
0.183727229405 1.0 0.697299447934
0.155172722941 1.0 0.682861957231
0.189217272294 1.0 0.690487536503
0.171921727229 1.0 0.692091038448
0.174692172723 1.0 0.699337619357
0.191169217272 1.0 0.721142780139
0.187416921727 1.0 0.742455534098
0.208641692173 1.0 0.760442338248
0.193664169217 1.0 0.775687881148
0.197566416922 1.0 0.789533916947
0.175456641692 1.0 0.792885109943
0.186745664169 1.0 0.782435429557
0.191474566417 1.0 0.769523155876
0.190147456642 1.0 0.75478959384
0.199014745664 1.0 0.737715661336
0.190001474566 1.0 0.718259667837
0.176500147457 1.0 0.695873557519
0.170650014746 1.0 0.670952302491
0.160165001475 1.0 0.646381783789
0.147416500147 1.0 0.625565598024
0.148841650015 1.0 0.631388216178
0.161584165001 1.0 0.649141075162
0.1853584165 1.0 0.670773240932
0.19403584165 1.0 0.695374360607
0.189503584165 1.0 0.71782655392
0.184550358417 1.0 0.737283967566
0.219155035842 1.0 0.754190063513
0.193815503584 1.0 0.771274544365
0.203881550358 1.0 0.7848648194
0.204888155036 1.0 0.781633400503
0.204088815504 1.0 0.780230843034
0.19590888155 1.0 0.775077202316
0.179790888155 1.0 0.760570855647
0.179979088816 1.0 0.742933989986
0.189897908882 1.0 0.721150189269
0.182789790888 1.0 0.698185447858
0.166778979089 1.0 0.676500781224
0.166077897909 1.0 0.673637936022
0.142607789791 1.0 0.689565134382
0.173560778979 1.0 0.704529569511
0.166756077898 1.0 0.721236543906
0.19847560779 1.0 0.741490113133
0.187247560779 1.0 0.759824778317
0.189724756078 1.0 0.774742889589
0.208872475608 1.0 0.790330007944
0.179287247561 1.0 0.804904933485
0.178128724756 1.0 0.812202809529
0.186112872476 1.0 0.807261908483
0.193211287248 1.0 0.804548345784
0.194821128725 1.0 0.798173780553
0.203082112872 1.0 0.784942252976
0.195808211287 1.0 0.769506340437
0.183380821129 1.0 0.754349465351
0.175838082113 1.0 0.73615245429
0.162483808211 1.0 0.715568847437
0.149448380821 1.0 0.709748387702
0.170644838082 1.0 0.721824461396
0.194364483808 1.0 0.733162103186
0.194936448381 1.0 0.745039397699
0.177893644838 1.0 0.760204914033
0.194189364484 1.0 0.777088744308
0.203918936448 1.0 0.790192029562
0.224691893645 1.0 0.802111231645
0.185369189364 1.0 0.810360241265
0.198536918936 1.0 0.814644695863
0.193553691894 1.0 0.810792142367
0.171455369189 1.0 0.805017948354
0.177345536919 1.0 0.801910046888
0.191434553692 1.0 0.793991056937
0.191943455369 1.0 0.783359129537
0.198294345537 1.0 0.768964942935
0.188129434554 1.0 0.752107517133
0.154712943455 1.0 0.737465584633
0.176571294346 1.0 0.735767345279
0.186857129435 1.0 0.745559922046
0.187885712943 1.0 0.755855076043
0.181688571294 1.0 0.765797182613
0.197268857129 1.0 0.779202760424
0.194326885713 1.0 0.790116598991
0.187732688571 1.0 0.798711093513
0.191573268857 1.0 0.805688494093
0.173957326886 1.0 0.812927198923
0.169495732689 1.0 0.814435704495
0.191549573269 1.0 0.814071218609
0.193754957327 1.0 0.812195656892
0.189475495733 1.0 0.805839667449
0.184547549573 1.0 0.801296232882
0.196654754957 1.0 0.796968214776
0.196965475496 1.0 0.787205885254
0.21229654755 1.0 0.773451751983
0.180529654755 1.0 0.757843752116
0.169252965475 1.0 0.75501803026
0.165425296548 1.0 0.761619917253
0.173142529655 1.0 0.769098974452
0.172114252965 1.0 0.778530099435
0.203511425297 1.0 0.788450472865
0.20215114253 1.0 0.793344382617
0.178615114253 1.0 0.79983990054
0.186161511425 1.0 0.80387752667
0.177916151143 1.0 0.810780097758
0.184291615114 1.0 0.810137803035
0.200229161511 1.0 0.804483276498
0.184722916151 1.0 0.80007584531
0.206572291615 1.0 0.79650256471
0.203357229162 1.0 0.794739993624
0.180535722916 1.0 0.791992308262
0.180953572292 1.0 0.78564262747
0.162995357229 1.0 0.777822011739
0.160299535723 1.0 0.766922903283
0.167229953572 1.0 0.760712456293
0.167922995357 1.0 0.763288480579
0.156292299536 1.0 0.764328378984
0.180329229954 1.0 0.768714365749
0.193532922995 1.0 0.77805353443
0.1723532923 1.0 0.783328114637
0.18553532923 1.0 0.783794300371
0.184153532923 1.0 0.782708567404
0.183115353292 1.0 0.785445829412
0.201911535329 1.0 0.7820672074
0.200191153533 1.0 0.776939537567
0.201819115353 1.0 0.768450019491
0.200181911535 1.0 0.76223218027
0.215318191154 1.0 0.763357819031
0.199731819115 1.0 0.763399087156
0.203573181912 1.0 0.761520500621
0.180557318191 1.0 0.755307568199
0.164755731819 1.0 0.748505100276
0.169475573182 1.0 0.74164515513
0.173547557318 1.0 0.738545945469
0.172154755732 1.0 0.73328463909
0.181915475573 1.0 0.731490491541
0.169391547557 1.0 0.737096284368
0.169939154756 1.0 0.739411353917
0.165493915476 1.0 0.736547483594
0.172249391548 1.0 0.732605568348
0.163024939155 1.0 0.733569475306
0.189102493915 1.0 0.742040060673
0.210610249392 1.0 0.748135844064
0.184861024939 1.0 0.754900822534
0.193086102494 1.0 0.760877260574
0.201108610249 1.0 0.763222327062
0.197410861025 1.0 0.76338553796
0.204241086102 1.0 0.761519145701
0.19052410861 1.0 0.755307432707
0.175652410861 1.0 0.748505086727
0.148065241086 1.0 0.750157780956
0.158806524109 1.0 0.75558906845
0.158080652411 1.0 0.761473431072
0.157108065241 1.0 0.768428870958
0.186710806524 1.0 0.778024984951
0.189671080652 1.0 0.783325259689
0.176467108065 1.0 0.783794014876
0.177846710807 1.0 0.782708538854
0.174384671081 1.0 0.785445826557
0.185738467108 1.0 0.79221375808
0.196773846711 1.0 0.79442644597
0.203277384671 1.0 0.796638446509
0.196727738467 1.0 0.79615882483
0.223972773847 1.0 0.794705619636
0.187997277385 1.0 0.791988870863
0.178099727738 1.0 0.78564228373
0.185209972774 1.0 0.777821977365
0.161620997277 1.0 0.766922899846
0.152062099728 1.0 0.762647782467
0.160106209973 1.0 0.766175270623
0.180710620997 1.0 0.771481236622
0.1764710621 1.0 0.778768325652
0.18504710621 1.0 0.788474295487
0.207504710621 1.0 0.793346764879
0.193550471062 1.0 0.799840138766
0.200255047106 1.0 0.803877550493
0.175725504711 1.0 0.81078010014
0.199372550471 1.0 0.814277723785
0.185537255047 1.0 0.811476632678
0.196753725505 1.0 0.809665204556
0.18077537255 1.0 0.805586622215
0.197177537255 1.0 0.801270928358
0.187117753726 1.0 0.796965684324
0.202311775373 1.0 0.787205632209
0.187631177537 1.0 0.773451726678
0.174463117754 1.0 0.757843749585
0.148846311775 1.0 0.751674203601
0.173284631178 1.0 0.758032578898
0.173028463118 1.0 0.760649771744
0.189202846312 1.0 0.766276652183
0.196220284631 1.0 0.779250707381
0.199622028463 1.0 0.790121393687
0.185562202846 1.0 0.798711572982
0.197656220285 1.0 0.80568854204
0.195265622028 1.0 0.812927203718
0.192326562203 1.0 0.817347783536
0.18483265622 1.0 0.813929517618
0.184983265622 1.0 0.808237465218
0.193098326562 1.0 0.802231998574
0.191209832656 1.0 0.794023252106
0.209920983266 1.0 0.783362349054
0.214492098327 1.0 0.768965264887
0.181649209833 1.0 0.752107549328
0.157664920983 1.0 0.737465587853
0.153466492098 1.0 0.725652358724
0.16654664921 1.0 0.732296309557
0.171454664921 1.0 0.738337791246
0.183645466492 1.0 0.745556966505
0.184864546649 1.0 0.760256670914
0.187686454665 1.0 0.777093919996
0.200568645466 1.0 0.790192547131
0.205456864547 1.0 0.802111283402
0.187945686455 1.0 0.810360246441
0.189794568645 1.0 0.812424817388
0.186379456865 1.0 0.808704910944
0.189637945686 1.0 0.80558647166
0.189963794569 1.0 0.79827759314
0.207096379457 1.0 0.784952634235
0.184509637946 1.0 0.769507378563
0.186750963795 1.0 0.754349569163
0.181575096379 1.0 0.736152464671
0.178357509638 1.0 0.715568848475
0.166335750964 1.0 0.701997702878
0.175033575096 1.0 0.707847910482
0.17590335751 1.0 0.711430667931
0.204790335751 1.0 0.721926653748
0.194179033575 1.0 0.741559124118
0.188617903358 1.0 0.759831679415
0.179061790336 1.0 0.774743579699
0.180806179034 1.0 0.790330076955
0.192680617903 1.0 0.804904940386
0.19836806179 1.0 0.80722661271
0.206136806179 1.0 0.79816997441
0.194313680618 1.0 0.7872845037
0.207531368062 1.0 0.775782568383
0.198053136806 1.0 0.760641392254
0.190805313681 1.0 0.742941043647
0.185580531368 1.0 0.721150894635
0.182358053137 1.0 0.698185518395
0.172135805314 1.0 0.676500788278
0.154013580531 1.0 0.658735943927
0.181001358053 1.0 0.66382906363
0.162100135805 1.0 0.664464297178
0.160210013581 1.0 0.672305563134
0.160921001358 1.0 0.695527592827
0.192492100136 1.0 0.717841877142
0.165049210014 1.0 0.737285499889
0.182104921001 1.0 0.754190216745
0.1775104921 1.0 0.771274559688
0.18695104921 1.0 0.774047102988
0.171695104921 1.0 0.761414694488
0.157569510492 1.0 0.758326074331
0.173256951049 1.0 0.753669885686
0.206325695105 1.0 0.73760369052
0.19253256951 1.0 0.718248470755
0.195653256951 1.0 0.695872437811
0.179765325695 1.0 0.67095219052
0.15207653257 1.0 0.646381772592
0.146607653257 1.0 0.644722596269
0.162260765326 1.0 0.662427728864
0.171026076533 1.0 0.680134829408
0.175502607653 1.0 0.698141998453
0.164250260765 1.0 0.721023218049
0.197325026077 1.0 0.742443577889
0.210532502608 1.0 0.760441142627
0.175853250261 1.0 0.775687761586
0.198485325026 1.0 0.78953390499
0.209748532503 1.0 0.798963817631
0.18387485325 1.0 0.797343694902
0.207387485325 1.0 0.796650689517
0.179138748533 1.0 0.78933513776
0.187113874853 1.0 0.775162030107
0.203211387485 1.0 0.760321515812
0.209321138749 1.0 0.741906642798
0.181132113875 1.0 0.720771121704
0.148613211387 1.0 0.69729944455
0.159761321139 1.0 0.692561565725
0.168076132114 1.0 0.706904296767
0.171607613211 1.0 0.721044272926
0.181860761321 1.0 0.736523936861
0.195486076132 1.0 0.753864980549
0.207648607613 1.0 0.768625008882
0.180964860761 1.0 0.784897039391
0.162996486076 1.0 0.798445019811
0.173799648608 1.0 0.811188325192
0.200979964861 1.0 0.815570761732
0.184797996486 1.0 0.809019505378
0.204779799649 1.0 0.805854504232
0.187877979965 1.0 0.801900543716
0.194287797996 1.0 0.790787125514
0.1868287798 1.0 0.777307738821
0.18428287798 1.0 0.760770326916
0.202028287798 1.0 0.745120709695
0.16240282878 1.0 0.728925953504
0.151240282878 1.0 0.722025949322
0.161824028288 1.0 0.731933668617
0.170082402829 1.0 0.739590157091
0.193408240283 1.0 0.752022618762
0.210140824028 1.0 0.768730019348
0.196514082403 1.0 0.783111215204
0.20505140824 1.0 0.793630434638
0.193305140824 1.0 0.801779345934
0.181330514082 1.0 0.809658468375
0.187333051408 1.0 0.815827936878
0.194233305141 1.0 0.813777532952
0.193123330514 1.0 0.810665085062
0.194812333051 1.0 0.805411136376
0.187781233305 1.0 0.798822274287
0.201478123331 1.0 0.790210618036
0.203747812333 1.0 0.779313026712
0.189574781233 1.0 0.765623198423
0.154857478123 1.0 0.751227833615
0.155885747812 1.0 0.74864868389
0.173988574781 1.0 0.757730026927
0.179398857478 1.0 0.765266871195
0.183539885748 1.0 0.773927414243
0.172253988575 1.0 0.787194657634
0.211625398857 1.0 0.796774642035
0.223662539886 1.0 0.800807744124
0.205066253989 1.0 0.806767753286
0.160906625399 1.0 0.814623441628
0.19339066254 1.0 0.816753064822
0.181339066254 1.0 0.811724166782
0.187333906625 1.0 0.808530031895
0.187933390663 1.0 0.803960528415
0.195193339066 1.0 0.799693298799
0.202219333907 1.0 0.794095635315
0.200221933391 1.0 0.788588693605
0.164922193339 1.0 0.778138360397
0.176692219334 1.0 0.765217772741
0.170669221933 1.0 0.760458203288
0.177266922193 1.0 0.765956312705
0.171626692219 1.0 0.771781546461
0.183662669222 1.0 0.778291980751
0.201966266922 1.0 0.785190387445
0.210996626692 1.0 0.791933473538
0.180399662669 1.0 0.794192963298
0.180939966267 1.0 0.796406366451
0.180993996627 1.0 0.80034887071
0.161199399663 1.0 0.798693354263
0.183519939966 1.0 0.795074405588
0.222651993997 1.0 0.787586941262
0.1941651994 1.0 0.783170159126
0.18771651994 1.0 0.784078703901
0.194271651994 1.0 0.783486772216
0.198527165199 1.0 0.778031477864
0.18635271652 1.0 0.768357759754
0.169835271652 1.0 0.759683370112
0.159183527165 1.0 0.756030768755
0.147318352717 1.0 0.75617636723
0.173131835272 1.0 0.755490225285
0.189213183527 1.0 0.756000944129
0.189921318353 1.0 0.761467658236
0.207092131835 1.0 0.763474404102
0.205209213184 1.0 0.763371594232
0.182520921318 1.0 0.761481151452
0.195552092132 1.0 0.762099789239
0.185155209213 1.0 0.754000842243
0.208415520921 1.0 0.749331922221
0.189141552092 1.0 0.740451674336
0.189914155209 1.0 0.732850555984
0.163891415521 1.0 0.736897667509
0.189189141552 1.0 0.739428298662
0.188118914155 1.0 0.736960206209
0.174511891416 1.0 0.730535959717
0.165951189142 1.0 0.722622832273
0.155195118914 1.0 0.729714218428
0.159519511891 1.0 0.737352851799
0.164451951189 1.0 0.746586164559
0.178445195119 1.0 0.755110538056
0.197844519512 1.0 0.761378617628
0.197084451951 1.0 0.763465500041
0.211408445195 1.0 0.763370703826
0.19574084452 1.0 0.761481062412
0.211274084452 1.0 0.762099780335
0.193027408445 1.0 0.77115043963
0.175002740845 1.0 0.77584786079
0.186700274084 1.0 0.779968660528
0.184270027408 1.0 0.782408331053
0.195727002741 1.0 0.784002521094
0.192372700274 1.0 0.783479153935
0.197437270027 1.0 0.778030716036
0.179043727003 1.0 0.768357683572
0.1646043727 1.0 0.759683362494
0.14966043727 1.0 0.757502427365
0.153566043727 1.0 0.762967477686
0.175556604373 1.0 0.770757472388
0.180455660437 1.0 0.778189573343
0.197145566044 1.0 0.785180146705
0.180814556604 1.0 0.791932449464
0.17198145566 1.0 0.794192860891
0.199898145566 1.0 0.79640635621
0.193689814557 1.0 0.800348869686
0.175968981456 1.0 0.802730102422
0.194896898146 1.0 0.803742506437
0.171589689815 1.0 0.805503747177
0.191758968981 1.0 0.803657899944
0.198275896898 1.0 0.799663035952
0.20432758969 1.0 0.794092609031
0.186032758969 1.0 0.788588390977
0.166203275897 1.0 0.778138330134
0.20112032759 1.0 0.765217769714
0.153312032759 1.0 0.759892731632
0.143131203276 1.0 0.76210738739
0.159213120328 1.0 0.765088457983
0.172521312033 1.0 0.773909572922
0.184652131203 1.0 0.787192873502
0.19666521312 1.0 0.796774463621
0.184366521312 1.0 0.800807726283
0.193036652131 1.0 0.806767751502
0.181303665213 1.0 0.814623441449
0.217030366521 1.0 0.817522001017
0.189103036652 1.0 0.814379848261
0.211510303665 1.0 0.810327116989
0.170551030367 1.0 0.805377339569
0.179955103037 1.0 0.798818894607
0.183595510304 1.0 0.790210280068
0.18215955103 1.0 0.779312992915
0.193715955103 1.0 0.765623195043
0.17507159551 1.0 0.751227833277
0.166007159551 1.0 0.74077884255
0.170500715955 1.0 0.746061071773
0.183550071596 1.0 0.74771025485
0.16955500716 1.0 0.752834628538
0.209555500716 1.0 0.768811220326
0.186555550072 1.0 0.783119335302
0.195955555007 1.0 0.793631246647
0.202295555501 1.0 0.801779427135
0.21012955555 1.0 0.809658476495
0.178512955555 1.0 0.814450283163
0.206851295556 1.0 0.810772701097
0.198885129556 1.0 0.80788373265
0.189088512956 1.0 0.802103466558
0.214208851296 1.0 0.790807417798
0.19872088513 1.0 0.777309768049
0.187272088513 1.0 0.760770529839
0.196927208851 1.0 0.745120729987
0.171792720885 1.0 0.728925955533
0.165679272089 1.0 0.717562601483
0.174967927209 1.0 0.722605882774
0.159696792721 1.0 0.727357454442
0.177069679272 1.0 0.737155255012
0.204906967927 1.0 0.753928112364
0.209490696793 1.0 0.768631322064
0.192849069679 1.0 0.784897670709
0.201084906968 1.0 0.798445082943
0.183908490697 1.0 0.811188331505
0.18039084907 1.0 0.814702316991
0.178239084907 1.0 0.807511859229
0.180723908491 1.0 0.800034395312
0.186372390849 1.0 0.78967350834
0.167137239085 1.0 0.775195867165
0.201213723908 1.0 0.760324899517
0.201021372391 1.0 0.741906981169
0.195602137239 1.0 0.720771155541
0.148260213724 1.0 0.697299447934
0.147126021372 1.0 0.682861957231
0.189312602137 1.0 0.690487536503
0.157531260214 1.0 0.692091038448
0.190353126021 1.0 0.699337619357
0.176535312602 1.0 0.721142780139
0.20125353126 1.0 0.742455534098
0.190225353126 1.0 0.760442338248
0.211622535313 1.0 0.775687881148
0.195762253531 1.0 0.789533916947
0.180676225353 1.0 0.792885109943
0.184567622535 1.0 0.782435429557
0.182256762254 1.0 0.769523155876
0.208125676225 1.0 0.75478959384
0.199012567623 1.0 0.737715661336
0.187301256762 1.0 0.718259667837
0.193330125676 1.0 0.695873557519
0.180433012568 1.0 0.670952302491
0.164743301257 1.0 0.646381783789
0.170374330126 1.0 0.625565598024
0.151137433013 1.0 0.631388216178
0.166313743301 1.0 0.649141075162
0.18763137433 1.0 0.670773240932
0.153763137433 1.0 0.695374360607
0.185476313743 1.0 0.71782655392
0.177847631374 1.0 0.737283967566
0.202284763137 1.0 0.754190063513
0.180428476314 1.0 0.771274544365
0.180942847631 1.0 0.7848648194
0.204394284763 1.0 0.781633400503
0.168039428476 1.0 0.780230843034
0.197703942848 1.0 0.775077202316
0.191670394285 1.0 0.760570855647
0.183867039428 1.0 0.742933989986
0.199286703943 1.0 0.721150189269
0.177428670394 1.0 0.698185447858
0.174342867039 1.0 0.676500781224
0.159634286704 1.0 0.673637936022
0.13476342867 1.0 0.689565134382
0.161076342867 1.0 0.704529569511
0.176307634287 1.0 0.721236543906
0.188630763429 1.0 0.741490113133
0.202463076343 1.0 0.759824778317
0.198446307634 1.0 0.774742889589
0.190844630763 1.0 0.790330007944
0.180184463076 1.0 0.804904933485
0.171018446308 1.0 0.812202809529
0.186301844631 1.0 0.807261908483
0.196830184463 1.0 0.804548345784
0.210483018446 1.0 0.798173780553
0.201048301845 1.0 0.784942252976
0.199204830184 1.0 0.769506340437
0.212520483018 1.0 0.754349465351
0.192252048302 1.0 0.73615245429
0.16952520483 1.0 0.715568847437
0.164552520483 1.0 0.709748387702
0.164055252048 1.0 0.721824461396
0.156805525205 1.0 0.733162103186
0.19658055252 1.0 0.745039397699
0.218558055252 1.0 0.760204914033
0.191955805525 1.0 0.777088744308
0.169495580553 1.0 0.790192029562
0.186149558055 1.0 0.802111231645
0.191414955806 1.0 0.810360241265
0.180241495581 1.0 0.814644695863
0.182724149558 1.0 0.810792142367
0.179372414956 1.0 0.805017948354
0.215037241496 1.0 0.801910046888
0.18890372415 1.0 0.793991056937
0.181790372415 1.0 0.783359129537
0.191879037241 1.0 0.768964942935
0.163187903724 1.0 0.752107517133
0.187318790372 1.0 0.737465584633
0.161831879037 1.0 0.735767345279
0.157483187904 1.0 0.745559922046
0.17144831879 1.0 0.755855076043
0.180944831879 1.0 0.765797182613
0.189994483188 1.0 0.779202760424
0.195399448319 1.0 0.790116598991
0.198639944832 1.0 0.798711093513
0.190863994483 1.0 0.805688494093
0.189186399448 1.0 0.812927198923
0.176418639945 1.0 0.814435704495
0.182341863994 1.0 0.814071218609
0.172134186399 1.0 0.812195656892
0.19631341864 1.0 0.805839667449
0.191531341864 1.0 0.801296232882
0.176653134186 1.0 0.796968214776
0.216565313419 1.0 0.787205885254
0.172856531342 1.0 0.773451751983
0.163985653134 1.0 0.757843752116
0.171198565313 1.0 0.75501803026
0.188119856531 1.0 0.761619917253
0.203311985653 1.0 0.769098974452
0.181431198565 1.0 0.778530099435
0.231443119857 1.0 0.788450472865
0.198644311986 1.0 0.793344382617
0.185464431199 1.0 0.79983990054
0.19944644312 1.0 0.80387752667
0.191844644312 1.0 0.810780097758
0.185684464431 1.0 0.810137803035
0.187768446443 1.0 0.804483276498
0.189776844644 1.0 0.80007584531
0.197177684464 1.0 0.79650256471
0.199717768446 1.0 0.794739993624
0.198171776845 1.0 0.791992308262
0.194417177684 1.0 0.78564262747
0.175141717768 1.0 0.777822011739
0.164214171777 1.0 0.766922903283
0.164921417178 1.0 0.760712456293
0.164992141718 1.0 0.763288480579
0.173999214172 1.0 0.764328378984
0.191099921417 1.0 0.768714365749
0.182909992142 1.0 0.77805353443
0.195590999214 1.0 0.783328114637
0.189659099921 1.0 0.783794300371
0.176465909992 1.0 0.782708567404
0.179646590999 1.0 0.785445829412
0.1907646591 1.0 0.7820672074
0.19097646591 1.0 0.776939537567
0.189197646591 1.0 0.768450019491
