0.023 0.999998587334 0.00582531031222 0.9576 0.0576 0.0576 0 0 0.920259972093 1430868181.94
0.022 0.999996667324 7.01511363064e-06 1.9024 0.0684 0.0684 0 0 0.877242240724 1430868182.05
0.022 0.999991658573 4.08764242718e-91 2.822 0.0872 0.0872 0 0 0.904667152503 1430868182.16
0.025 0.99997990504 0.0 3.7288 0.104 0.104 0 0 0.905476948331 1430868182.28
0.022 0.99995117553 0.0 4.6184 0.1208 0.1208 0 0 0.913297088192 1430868182.44
0.028 0.999894224632 0.0 5.492 0.1368 0.1368 0 0 0.913825553634 1430868182.62
0.022 0.999817832498 0.0 6.3508 0.1512 0.1512 0 0 0.914136066337 1430868182.79
0.031 0.999721123546 0.0 7.222 0.1596 0.1596 0 0 0.898813585276 1430868182.97
0.028 0.999574085847 0.0 8.046 0.1704 0.1704 0 0 0.904314653278 1430868183.14
0.019 0.999383905077 0.0 8.8828 0.1788 0.1788 0 0 0.93094186024 1430868183.25
0.022 0.999071802414 0.0 9.7548 0.1852 0.1852 0 0 0.915434994474 1430868183.37
0.022 0.99855719174 0.0 10.6304 0.19 0.19 0 0 0.92312006514 1430868183.5
0.027 0.99810253997 0.0 11.5072 0.1948 0.1948 0 0 0.926552637937 1430868183.65
0.02 0.997643027598 0.0 12.374 0.2004 0.2004 0 0 0.906731490574 1430868183.8
0.025 0.997069746208 0.0 13.2236 0.2072 0.2072 0 0 0.916734668721 1430868183.91
0.022 0.996181009864 0.0 14.0056 0.2172 0.2172 0 0 0.920913974891 1430868184.05
0.025 0.995160024625 0.0 14.8988 0.2208 0.2208 0 0 0.896990226189 1430868184.22
0.018 0.99375261222 0.0 15.7108 0.228 0.228 0 0 0.926102586376 1430868184.4
0.026 0.992302741654 0.0 16.524 0.2344 0.2344 0 0 0.933629864714 1430868184.56
0.023 0.99091920766 2.53913253159e-12 17.3588 0.24 0.24 0 0 0.93141535914 1430868184.7
0.015 0.989239593456 0.0111239868103 18.188 0.2448 0.2448 0 0 0.917751903179 1430868184.8
0.014 0.987175458286 0.0343845269275 18.9808 0.2496 0.2496 0 0 0.9615829091 1430868184.91
0.012 0.984852693979 0.029370638799 19.808 0.2544 0.2544 0 0 0.939882289828 1430868185.02
0.02 0.985913559591 0.00134917555725 20.6112 0.2588 0.2588 0 0 0.945775581102 1430868185.14
0.016 0.987391901122 6.75793076459e-55 21.372 0.2656 0.2656 0 0 0.937872938955 1430868185.26
0.016 0.986083513209 1.71709602752e-273 22.176 0.2704 0.2704 0 0 0.905186011242 1430868185.36
0.016 0.984835058359 0.0 22.978 0.276 0.276 0 0 0.921237483741 1430868185.47
0.015 0.984127905106 0.0 23.7432 0.2824 0.2824 0 0 0.941928773988 1430868185.6
0.017 0.983363384225 0.0 24.6236 0.284 0.284 0 0 0.924037987716 1430868185.72
0.02 0.985267920452 0.0 25.3964 0.2888 0.2888 0 0 0.932645440731 1430868185.85
0.016 0.987047471305 0.0 26.1348 0.2956 0.2956 0 0 0.919232375085 1430868185.98
0.021 0.986527510201 0.0 26.9496 0.2992 0.2992 0 0 0.946377194261 1430868186.16
0.014 0.988162034555 0.0 27.7036 0.3032 0.3032 0 0 0.909939509589 1430868186.28
0.014 0.987084039543 0.0 28.3476 0.31 0.31 0 0 0.909612399759 1430868186.39
0.018 0.986052045245 0.0 29.1624 0.312 0.312 0 0 0.934459066627 1430868186.57
0.007 0.985649905543 0.0 29.9008 0.3164 0.3164 0 0 0.940537599699 1430868186.72
0.018 0.98544514084 0.0 30.6456 0.3208 0.3208 0 0 0.943866176005 1430868186.82
0.014 0.98544775156 0.0 31.3876 0.3248 0.3248 0 0 0.925537356763 1430868186.93
0.006 0.985091794582 0.0 32.1312 0.3292 0.3292 0 0 0.941064009832 1430868187.04
0.018 0.983885964426 0.0 32.952 0.3332 0.3332 0 0 0.965765634642 1430868187.15
0.014 0.982632515791 0.0 33.7964 0.336 0.336 0 0 0.989530385549 1430868187.3
0.019 0.983855089467 0.0 34.5656 0.3408 0.3408 0 0 0.966905129626 1430868187.48
0.011 0.982821491303 0.0 35.3092 0.3452 0.3452 0 0 0.979158229732 1430868187.64
0.015 0.981993058122 0.0 36.12 0.3476 0.3476 0 0 0.956262032689 1430868187.82
0.016 0.983339760488 0.0 36.8692 0.35 0.35 0 0 0.940208653873 1430868188.0
0.009 0.982101488937 0.0 37.596 0.3528 0.3528 0 0 0.951208779754 1430868188.18
0.014 0.982519091503 0.0 38.316 0.3572 0.3572 0 0 0.961221312719 1430868188.35
0.021 0.987700767531 0.0 38.7468 0.3656 0.3656 0 0 0.920740400031 1430868188.53
0.022 0.988378591012 0.0 39.3916 0.37 0.37 0 0 0.906938327611 1430868188.7
0.03 0.987228061845 2.64670872224e-78 39.9616 0.3756 0.3756 0 0 0.922360373221 1430868188.87
0.022 0.987173132732 0.00012551798353 40.6476 0.3788 0.3788 0 0 0.913349626807 1430868189.06
0.031 0.987414729547 0.0193174866742 41.2924 0.3832 0.3832 0 0 0.9029197297 1430868189.23
0.02 0.987029325821 0.0185096551371 41.9136 0.3868 0.3868 0 0 0.93240039273 1430868189.4
0.014 0.986396749626 0.000224635878882 42.5944 0.3892 0.3892 0 0 0.936737152854 1430868189.53
0.02 0.985955899382 0.000732438771661 43.366 0.3908 0.3908 0 0 0.945840954149 1430868189.64
0.019 0.987270122937 3.13523114251e-11 44.0084 0.3944 0.3944 0 0 0.919995870066 1430868189.78
0.013 0.985395610404 0.0 44.714 0.3972 0.3972 0 0 0.95450903948 1430868189.89
0.024 0.983213274589 0.0 45.3816 0.4008 0.4008 0 0 0.944685810812 1430868189.99
0.021 0.985059369172 0.0 46.164 0.4024 0.4024 0 0 0.925233858875 1430868190.12
0.017 0.984054290237 0.0 46.7632 0.4052 0.4052 0 0 0.91027105269 1430868190.26
0.021 0.9830816952 0.0 47.4596 0.4068 0.4068 0 0 0.927342766215 1430868190.38
0.019 0.982167436155 0.0 47.994 0.4092 0.4092 0 0 0.909869494223 1430868190.52
0.022 0.981280625892 0.0 48.6244 0.4116 0.4116 0 0 0.940163916052 1430868190.63
0.025 0.983161384867 1.10039867546e-25 49.0872 0.416 0.416 0 0 0.911025631725 1430868190.74
0.023 0.982470100434 0.00508125865249 49.6364 0.42 0.42 0 0 0.917646041514 1430868190.86
0.017 0.981695860849 0.0448560972245 50.0992 0.424 0.424 0 0 0.893765797256 1430868190.97
0.023 0.981313998351 0.0373142300856 50.6944 0.428 0.428 0 0 0.907808080899 1430868191.09
0.022 0.981233422333 0.00106698809627 51.2 0.4324 0.4324 0 0 0.906601887216 1430868191.22
0.014 0.981282168215 3.97814909938e-94 51.8288 0.4356 0.4356 0 0 0.928642806582 1430868191.33
0.03 0.980787488294 0.0 52.4564 0.4384 0.4384 0 0 0.91684569633 1430868191.46
0.031 0.984986358525 0.0 52.996 0.4412 0.4412 0 0 0.922746935702 1430868191.58
0.028 0.983539490627 0.0 53.486 0.4444 0.4444 0 0 0.900157361557 1430868191.7
0.022 0.982112757066 0.0 54.0044 0.448 0.448 0 0 0.906770458116 1430868191.81
0.02 0.981305654423 0.0 54.598 0.4504 0.4504 0 0 0.893897616689 1430868191.93
0.019 0.980684471497 0.0 55.0856 0.4548 0.4548 0 0 0.89629299639 1430868192.05
0.029 0.982950504227 0.0 55.5036 0.4596 0.4596 0 0 0.905802410336 1430868192.17
0.019 0.982341731926 0.0 56.0536 0.4632 0.4632 0 0 0.922875382087 1430868192.3
0.032 0.984512639442 0.0 56.4712 0.468 0.468 0 0 0.916567961192 1430868192.47
0.025 0.984123588478 0.0 57.1992 0.4696 0.4696 0 0 0.901556363028 1430868192.58
0.021 0.983771504213 1.11381000976e-27 57.7484 0.4724 0.4724 0 0 0.880780696615 1430868192.72
0.017 0.983303721659 0.000569581192503 58.3668 0.4748 0.4748 0 0 0.900538686777 1430868192.84
0.012 0.984940171115 0.00326827333036 58.9532 0.4776 0.4776 0 0 0.880376976539 1430868192.95
0.024 0.9843168022 1.08765364869e-05 59.334 0.4832 0.4832 0 0 0.930753893341 1430868193.06
0.029 0.986437133052 9.67303103348e-76 59.7108 0.4888 0.4888 0 0 0.880513380131 1430868193.19
0.026 0.986141672915 0.0 60.0932 0.4944 0.4944 0 0 0.915051757944 1430868193.3
0.027 0.985544239525 0.0 60.4852 0.4992 0.4992 0 0 0.899719316721 1430868193.41
0.031 0.984875755058 2.93107019935e-311 60.7316 0.506 0.506 0 0 0.931267322133 1430868193.54
0.022 0.984063136734 8.84978131544e-05 61.104 0.5116 0.5116 0 0 0.897615971453 1430868193.65
0.025 0.987557513491 0.0290104294242 61.4388 0.5168 0.5168 0 0 0.88983027643 1430868193.75
0.024 0.985941378554 0.0506665534502 61.8996 0.5208 0.5208 0 0 0.899792808582 1430868193.85
0.024 0.987632826753 0.0263832899743 62.3288 0.5252 0.5252 0 0 0.912966987922 1430868194.02
0.028 0.986819146578 0.000307159078875 62.8672 0.5284 0.5284 0 0 0.894642397819 1430868194.16
0.022 0.985702199098 1.11822275031e-160 63.5456 0.5312 0.5312 0 0 0.885299567694 1430868194.28
0.018 0.986724820669 0.0 64.0928 0.5348 0.5348 0 0 0.89044880938 1430868194.4
0.025 0.987398750383 0.0 64.8184 0.5364 0.5364 0 0 0.911644541642 1430868194.56
0.027 0.986364847718 0.0 65.3184 0.5404 0.5404 0 0 0.909156875039 1430868194.68
0.024 0.986010261464 0.0 65.8112 0.544 0.544 0 0 0.898267562683 1430868194.85
0.027 0.986175796051 0.0 66.4192 0.546 0.546 0 0 0.918010499538 1430868195.02
0.031 0.986340227361 0.0 67.038 0.5468 0.5468 0 0 0.933752769888 1430868195.19
0.018 0.986407259553 0.0 67.49 0.5488 0.5488 0 0 0.901281622488 1430868195.36
0.015 0.986271617947 0.0 68.1276 0.55 0.55 0 0 0.931771521892 1430868195.53
0.018 0.988462517665 0.0 68.5916 0.5512 0.5512 0 0 0.917593724388 1430868195.7
0.021 0.988215314843 0.0 69.1132 0.5532 0.5532 0 0 0.936471436001 1430868195.84
0.018 0.987827711229 0.0 69.45 0.556 0.556 0 0 0.923162880399 1430868195.98
0.027 0.987408717428 0.0 69.9312 0.558 0.558 0 0 0.928370139991 1430868196.12
0.024 0.986851849818 6.38094831314e-145 70.3232 0.5604 0.5604 0 0 0.90474188959 1430868196.22
0.021 0.985915018891 3.82883592763e-29 70.7636 0.562 0.562 0 0 0.924964582474 1430868196.33
0.016 0.987389437999 3.41123324423e-29 71.076 0.566 0.566 0 0 0.946330435232 1430868196.43
0.021 0.988933297131 1.40126062192e-210 71.3144 0.5704 0.5704 0 0 0.920655553865 1430868196.54
0.017 0.988080311982 0.0 71.6224 0.5736 0.5736 0 0 0.918769207607 1430868196.65
0.012 0.98733585738 0.0 72.1844 0.574 0.574 0 0 0.930838621223 1430868196.78
0.02 0.991054730823 0.0 72.6052 0.5764 0.5764 0 0 0.93766040684 1430868196.89
0.017 0.989647906709 0.0 73.1876 0.5772 0.5772 0 0 0.918346007119 1430868196.98
0.015 0.988093036797 0.0 73.7248 0.5776 0.5776 0 0 0.92901555793 1430868197.11
0.026 0.986946417391 0.0 74.3872 0.578 0.578 0 0 0.912117736597 1430868197.21
0.021 0.98874977341 0.0 74.6872 0.5796 0.5796 0 0 0.925033419494 1430868197.31
0.03 0.987818987468 0.0 75.1492 0.5804 0.5804 0 0 0.901144824468 1430868197.42
0.017 0.986992117702 0.0 75.694 0.5812 0.5812 0 0 0.91004872615 1430868197.54
0.023 0.988897151717 0.0 75.9324 0.5836 0.5836 0 0 0.898569844919 1430868197.66
0.028 0.988253110735 0.0 76.4388 0.5852 0.5852 0 0 0.903342665962 1430868197.8
0.021 0.987916994653 0.0 76.8436 0.5868 0.5868 0 0 0.909527035603 1430868197.93
0.024 0.987480941134 0.0 77.3212 0.5872 0.5872 0 0 0.947303674409 1430868198.07
0.021 0.989206168628 0.0 77.8716 0.5872 0.5872 0 0 0.945271749992 1430868198.2
0.016 0.988268282347 0.0 78.5188 0.5876 0.5876 0 0 0.934256231503 1430868198.37
0.015 0.987606198533 0.0 78.9532 0.5892 0.5892 0 0 0.949862029757 1430868198.52
0.015 0.987021621969 0.0 79.6232 0.5896 0.5896 0 0 0.950724096098 1430868198.63
0.024 0.98886255608 0.0 80.1368 0.5912 0.5912 0 0 0.920325357758 1430868198.74
0.016 0.988014758309 0.0 80.7544 0.592 0.592 0 0 0.930522727574 1430868198.85
0.011 0.98724895897 0.0 81.3348 0.5936 0.5936 0 0 0.923431324312 1430868199.01
0.019 0.986672032135 0.0 81.6796 0.5964 0.5964 0 0 0.95812468463 1430868199.18
0.022 0.985526778099 0.0 82.1768 0.598 0.598 0 0 0.951121648001 1430868199.31
0.008 0.98430043718 0.0 82.8008 0.5988 0.5988 0 0 0.945999799155 1430868199.42
0.015 0.983006298748 0.0 83.278 0.6 0.6 0 0 0.955133288574 1430868199.58
0.012 0.986914458034 0.0 83.4688 0.6044 0.6044 0 0 0.964707704384 1430868199.75
0.015 0.9854926369 0.0 83.9312 0.6064 0.6064 0 0 0.954251957218 1430868199.88
0.017 0.984058890262 0.0 84.408 0.608 0.608 0 0 0.932796747319 1430868200.0
0.026 0.98836287757 0.0 84.7604 0.61 0.61 0 0 0.913916554163 1430868200.18
0.011 0.98702791499 0.0 85.2096 0.612 0.612 0 0 0.915080016202 1430868200.32
0.019 0.988202964129 0.0 85.638 0.6148 0.6148 0 0 0.919452198667 1430868200.43
0.027 0.987125806878 0.0 86.1268 0.6168 0.6168 0 0 0.917457929713 1430868200.57
0.019 0.986151026748 0.0 86.5488 0.6192 0.6192 0 0 0.911574596824 1430868200.71
0.023 0.984816799809 0.0 87.1024 0.6208 0.6208 0 0 0.904505455857 1430868200.84
0.021 0.983815980855 0.0 87.3512 0.6232 0.6232 0 0 0.918931721985 1430868200.99
0.019 0.983220827851 0.0 87.674 0.6244 0.6244 0 0 0.920761426313 1430868201.13
0.013 0.982634003015 0.0 88.1032 0.626 0.626 0 0 0.938079606655 1430868201.25
0.02 0.981349496775 0.0 88.6048 0.6268 0.6268 0 0 0.948691325154 1430868201.38
0.011 0.981837220225 0.0 88.8528 0.6292 0.6292 0 0 0.886686808645 1430868201.5
0.031 0.980239018516 0.0 89.4168 0.6308 0.6308 0 0 0.825214633276 1430868201.64
0.025 0.978624184313 0.0 89.8924 0.6332 0.6332 0 0 0.842813547278 1430868201.77
0.014 0.980272125912 0.0 90.2632 0.6356 0.6356 0 0 0.905809395315 1430868201.88
0.011 0.978248077898 0.0 90.6924 0.638 0.638 0 0 0.882779162047 1430868201.98
0.029 0.976654910348 0.0 91.1048 0.6408 0.6408 0 0 0.86603326095 1430868202.1
0.027 0.978330931414 0.0 91.5904 0.6428 0.6428 0 0 0.836350564516 1430868202.2
0.026 0.982637770147 0.0 91.5248 0.6484 0.6484 0 0 0.891123608954 1430868202.32
0.033 0.980773454603 0.0 91.7964 0.6516 0.6516 0 0 0.859673860161 1430868202.42
0.032 0.980679234953 0.0 92.046 0.6548 0.6548 0 0 0.853385247525 1430868202.53
0.034 0.977490382931 0.0 92.2244 0.6576 0.6576 0 0 0.84618807384 1430868202.66
0.04 0.975880270021 0.0 92.748 0.658 0.658 0 0 0.831905894702 1430868202.77
0.03 0.982007095448 8.19749088441e-31 92.6052 0.6604 0.6604 0 0 0.860672329871 1430868202.88
0.043 0.981420407091 0.0100109409338 92.5988 0.6636 0.6636 0 0 0.848956392793 1430868203.04
0.029 0.979867609756 0.0523806451874 92.6152 0.6668 0.6668 0 0 0.847190448166 1430868203.18
0.03 0.980377308649 0.055267588276 92.7288 0.6696 0.6696 0 0 0.843170017946 1430868203.28
0.029 0.981890625202 0.0119457043301 92.7236 0.6732 0.6732 0 0 0.872080363175 1430868203.4
0.034 0.983723383074 3.60887915784e-16 93.054 0.6748 0.6748 0 0 0.854645454258 1430868203.52
0.024 0.985224136566 0.0 93.2032 0.6764 0.6764 0 0 0.852245942885 1430868203.63
0.027 0.986017125946 0.0 93.6364 0.6772 0.6772 0 0 0.904087621707 1430868203.75
0.025 0.988798452412 0.0 93.8552 0.6804 0.6804 0 0 0.904784382911 1430868203.88
0.022 0.988567977744 0.0 93.992 0.6836 0.6836 0 0 0.909245812724 1430868203.97
0.024 0.987211947047 0.0 94.2292 0.6856 0.6856 0 0 0.935087619868 1430868204.08
0.019 0.987934432822 0.0 94.648 0.6864 0.6864 0 0 0.94291366032 1430868204.19
0.02 0.988842802612 0.0 94.964 0.6888 0.6888 0 0 0.912151368127 1430868204.31
0.032 0.989515518881 0.0 94.9672 0.6928 0.6928 0 0 0.899583911414 1430868204.44
0.02 0.988056827478 0.0 95.1532 0.6948 0.6948 0 0 0.877064444758 1430868204.59
0.024 0.987043953361 0.0 95.5884 0.6956 0.6956 0 0 0.903303437263 1430868204.7
0.026 0.986058414657 0.0 95.8896 0.6968 0.6968 0 0 0.898281175085 1430868204.84
0.021 0.985623918307 0.0 96.2204 0.6972 0.6972 0 0 0.916933143711 1430868204.96
0.021 0.98773287218 0.0 96.186 0.6984 0.6984 0 0 0.9243686843 1430868205.06
0.022 0.989516758338 0.0 96.3556 0.702 0.702 0 0 0.919583732317 1430868205.2
0.025 0.988662669791 0.0 96.7188 0.7036 0.7036 0 0 0.905923149394 1430868205.33
0.023 0.987796911435 0.0 97.0936 0.7052 0.7052 0 0 0.881288553178 1430868205.47
0.022 0.986977688265 0.0 97.5092 0.706 0.706 0 0 0.909678319748 1430868205.56
0.024 0.98661329852 0.0 97.734 0.7076 0.7076 0 0 0.896824628936 1430868205.67
0.018 0.986461503869 5.35851244899e-09 98.0608 0.7088 0.7088 0 0 0.912677737701 1430868205.77
0.029 0.986306805468 0.0164432951766 98.3544 0.7104 0.7104 0 0 0.91206085551 1430868205.87
0.025 0.985788108368 0.0412877977483 98.7624 0.712 0.712 0 0 0.909342835265 1430868205.96
0.015 0.985388862721 0.0282414320624 99.286 0.7124 0.7124 0 0 0.908196373809 1430868206.05
0.02 0.984837452692 0.00090725381424 99.8436 0.7128 0.7128 0 0 0.91001268817 1430868206.16
0.015 0.984266946317 2.19127309459e-74 100.2592 0.7136 0.7136 0 0 0.909590266247 1430868206.29
0.019 0.98353144997 8.76878617254e-261 100.6104 0.7148 0.7148 0 0 0.904123693013 1430868206.41
0.02 0.983179333973 1.1843988304e-08 101.0844 0.7156 0.7156 0 0 0.872701015942 1430868206.53
0.017 0.982989906704 0.000978943649686 101.2888 0.7168 0.7168 0 0 0.903587087791 1430868206.65
0.015 0.98268726003 0.000930953449968 101.5812 0.7176 0.7176 0 0 0.914863308876 1430868206.79
0.012 0.982419939803 5.00904140767e-19 102.0484 0.718 0.718 0 0 0.91560267779 1430868206.9
0.021 0.982135401725 0.0 102.434 0.7188 0.7188 0 0 0.907413223561 1430868207.0
0.024 0.983667946338 0.0 102.5328 0.72 0.72 0 0 0.940412503024 1430868207.12
0.024 0.984506206705 0.0 102.7556 0.7208 0.7208 0 0 0.901584404282 1430868207.27
0.023 0.982006618355 0.0 103.1248 0.7212 0.7212 0 0 0.908107326164 1430868207.4
0.031 0.984794386424 0.0 103.178 0.7232 0.7232 0 0 0.878385160523 1430868207.54
0.027 0.988177061546 0.0 103.11 0.7252 0.7252 0 0 0.889303251252 1430868207.7
0.03 0.987142975786 0.0 103.5564 0.726 0.726 0 0 0.884044668644 1430868207.87
0.038 0.986034033599 2.20715402922e-119 104.1156 0.7268 0.7268 0 0 0.896288157897 1430868208.04
0.027 0.984113101862 2.43791453213e-07 104.6624 0.728 0.728 0 0 0.888024415288 1430868208.21
0.022 0.984316705277 0.000963553366061 104.6572 0.73 0.73 0 0 0.903180615952 1430868208.36
0.039 0.98426984123 3.1569039142e-05 105.282 0.7304 0.7304 0 0 0.89445400211 1430868208.52
0.024 0.984811109888 9.46046119548e-41 105.5416 0.7308 0.7308 0 0 0.900529991827 1430868208.68
0.035 0.983182035463 0.0 105.7892 0.7312 0.7312 0 0 0.8832334891 1430868208.86
0.03 0.982104238128 0.0 106.0412 0.732 0.732 0 0 0.878492627736 1430868209.03
0.042 0.981743545344 0.0 105.81 0.7332 0.7332 0 0 0.881119335261 1430868209.2
0.027 0.984163857743 0.0 105.7524 0.7352 0.7352 0 0 0.877530303903 1430868209.34
0.044 0.984557315042 0.0 105.7872 0.7372 0.7372 0 0 0.877484031374 1430868209.46
0.032 0.98521273896 0.0 105.6892 0.7388 0.7388 0 0 0.878757748891 1430868209.57
0.037 0.985519007902 0.0 106.044 0.7392 0.7392 0 0 0.900289065533 1430868209.66
0.019 0.985140873845 0.0 106.3288 0.74 0.74 0 0 0.908251817633 1430868209.78
0.027 0.986937760447 0.0 106.5508 0.74 0.74 0 0 0.892133043951 1430868209.88
0.019 0.985905434075 0.0 106.9556 0.74 0.74 0 0 0.913928120844 1430868210.02
0.038 0.985044144245 0.0 106.9464 0.7412 0.7412 0 0 0.908417512292 1430868210.13
0.028 0.984498114765 0.0 107.0104 0.742 0.742 0 0 0.890679323036 1430868210.25
0.025 0.98428665961 0.0 107.0912 0.7424 0.7424 0 0 0.893483412275 1430868210.37
0.032 0.984092979318 0.0 107.0856 0.7432 0.7432 0 0 0.913163224089 1430868210.47
0.026 0.983909616806 0.0 107.2288 0.7436 0.7436 0 0 0.911394515376 1430868210.57
0.026 0.986670183446 0.0 107.184 0.7452 0.7452 0 0 0.907955238162 1430868210.7
0.025 0.986747978029 0.0 107.6256 0.746 0.746 0 0 0.883938523412 1430868210.82
0.024 0.987090253918 0.0 107.6388 0.7468 0.7468 0 0 0.909420294414 1430868210.92
0.021 0.987301769498 0.0 107.7816 0.7472 0.7472 0 0 0.879185804253 1430868211.03
0.031 0.987243657941 0.0 107.9264 0.7476 0.7476 0 0 0.88497844651 1430868211.12
0.02 0.987072788605 0.0 108.0392 0.7488 0.7488 0 0 0.888519429656 1430868211.29
0.026 0.985664553803 0.0 107.818 0.75 0.75 0 0 0.911198251004 1430868211.46
0.029 0.984202871104 0.0 107.4796 0.752 0.752 0 0 0.905877701591 1430868211.63
0.027 0.986759106662 2.37813206508e-195 107.65 0.7536 0.7536 0 0 0.90682023365 1430868211.75
0.017 0.986259386343 1.13953660489e-25 107.4188 0.7556 0.7556 0 0 0.890230620938 1430868211.88
0.026 0.984127079929 4.5699009429e-24 107.7432 0.7568 0.7568 0 0 0.898373722806 1430868212.0
0.025 0.982228341486 1.15226005619e-166 107.8904 0.7584 0.7584 0 0 0.863789263849 1430868212.09
0.027 0.984254883004 0.0 107.85 0.7604 0.7604 0 0 0.883846630086 1430868212.21
0.017 0.983770613101 0.0 107.8236 0.7628 0.7628 0 0 0.907243292113 1430868212.34
0.024 0.983130538857 0.0 108.0368 0.764 0.764 0 0 0.886750827472 1430868212.45
0.038 0.982490762265 0.0 108.1904 0.7648 0.7648 0 0 0.905127704757 1430868212.56
0.024 0.982030050262 0.0 108.3168 0.7656 0.7656 0 0 0.91214618581 1430868212.67
0.021 0.983890678652 0.0 108.0468 0.7684 0.7684 0 0 0.899298613909 1430868212.79
0.04 0.988216980598 0.0 107.5532 0.7704 0.7704 0 0 0.881774216299 1430868212.91
0.032 0.986601473418 0.0 107.8052 0.7712 0.7712 0 0 0.894905151905 1430868213.02
0.03 0.985080808065 0.0 107.534 0.7728 0.7728 0 0 0.889773211488 1430868213.14
0.032 0.984362619167 0.0 107.1228 0.7752 0.7752 0 0 0.890974691768 1430868213.29
0.031 0.986319725788 1.59353774312e-122 106.4388 0.7784 0.7784 0 0 0.899514892343 1430868213.4
0.03 0.98796445275 5.66116665681e-17 106.4468 0.7804 0.7804 0 0 0.887794006611 1430868213.51
0.026 0.987178026421 1.65492947341e-13 105.9888 0.7836 0.7836 0 0 0.895254291569 1430868213.64
0.037 0.986268897243 1.88523468156e-36 106.104 0.7856 0.7856 0 0 0.876244439652 1430868213.81
0.025 0.985184509076 0.0 105.7944 0.7888 0.7888 0 0 0.869644271877 1430868213.99
0.044 0.984140217344 2.38974750897e-212 105.8176 0.79 0.79 0 0 0.86944890072 1430868214.15
0.035 0.983710230126 2.86244902227e-51 105.6404 0.7924 0.7924 0 0 0.87973581573 1430868214.33
0.024 0.981371642985 4.70476882591e-85 105.6536 0.7928 0.7928 0 0 0.867823678624 1430868214.5
0.03 0.980718312588 0.0 105.8996 0.7928 0.7928 0 0 0.837554308422 1430868214.68
0.027 0.981043935273 0.0 105.746 0.7948 0.7948 0 0 0.87300149386 1430868214.82
0.024 0.981702337168 0.0 105.9064 0.7956 0.7956 0 0 0.868088795171 1430868214.96
0.036 0.982479099039 0.0 106.2884 0.7956 0.7956 0 0 0.896610812953 1430868215.09
0.024 0.985461751064 0.0 105.9056 0.798 0.798 0 0 0.880620219533 1430868215.2
0.037 0.985383636539 0.0 106.2596 0.7984 0.7984 0 0 0.885926860653 1430868215.32
0.036 0.984479197105 0.0 106.6464 0.7984 0.7984 0 0 0.886491988606 1430868215.44
0.038 0.983306891859 0.0 106.9172 0.7984 0.7984 0 0 0.87711135953 1430868215.55
0.03 0.982148349744 0.0 107.2448 0.7984 0.7984 0 0 0.898412948928 1430868215.65
0.024 0.98100420414 0.0 107.5828 0.7984 0.7984 0 0 0.901139053963 1430868215.76
0.018 0.979285456952 0.0 108.024 0.7984 0.7984 0 0 0.905879646221 1430868215.87
0.026 0.97951119312 0.0 108.2596 0.7988 0.7988 0 0 0.873959783911 1430868215.99
0.025 0.980607153338 0.0 108.7904 0.7988 0.7988 0 0 0.89637600189 1430868216.1
0.032 0.979127721204 0.0 109.1244 0.7992 0.7992 0 0 0.895335501289 1430868216.21
0.027 0.983167624971 0.0 109.0036 0.8008 0.8008 0 0 0.869220801712 1430868216.36
0.041 0.986880941884 0.0 109.324 0.8012 0.8012 0 0 0.902969127143 1430868216.48
0.042 0.986012005724 0.0 109.8788 0.8016 0.8016 0 0 0.896567936306 1430868216.61
0.035 0.98569324005 0.0 110.3368 0.8016 0.8016 0 0 0.878997681219 1430868216.73
0.043 0.985809747253 0.0 110.1732 0.8028 0.8028 0 0 0.884041528207 1430868216.86
0.043 0.98638704038 0.0 110.6084 0.8028 0.8028 0 0 0.882912723795 1430868216.97
0.035 0.986338155284 0.0 111.1648 0.8028 0.8028 0 0 0.883700616547 1430868217.13
0.031 0.985838156607 0.0 111.862 0.8028 0.8028 0 0 0.899027611513 1430868217.3
0.028 0.987716950004 0.0 111.8984 0.804 0.804 0 0 0.900514859632 1430868217.48
0.024 0.98716509198 0.0 112.1044 0.8044 0.8044 0 0 0.911855100684 1430868217.65
0.028 0.986922127824 0.0 112.3644 0.8044 0.8044 0 0 0.903111191941 1430868217.82
0.033 0.986799075313 0.0 112.8656 0.8044 0.8044 0 0 0.934127070903 1430868217.99
0.016 0.986243209526 0.0 113.2404 0.8048 0.8048 0 0 0.916762190959 1430868218.16
0.019 0.988265926876 0.0 113.6496 0.8052 0.8052 0 0 0.921474644374 1430868218.34
0.02 0.987285715321 0.0 113.9764 0.8052 0.8052 0 0 0.899989917424 1430868218.52
0.029 0.98661479271 0.0 114.5472 0.8052 0.8052 0 0 0.918011127234 1430868218.64
0.024 0.991517129251 0.0 115.0048 0.8056 0.8056 0 0 0.92023933189 1430868218.74
0.022 0.9910154223 0.0 115.6976 0.8056 0.8056 0 0 0.917741965722 1430868218.85
0.029 0.990496211219 0.0 116.1452 0.8056 0.8056 0 0 0.910972773084 1430868218.96
0.015 0.990249755726 0.0 116.5196 0.8056 0.8056 0 0 0.946761544739 1430868219.1
0.031 0.989763430689 0.0 116.358 0.8076 0.8076 0 0 0.898592314105 1430868219.21
0.019 0.991882351875 0.0 116.2228 0.8088 0.8088 0 0 0.911422502041 1430868219.31
0.025 0.993547978585 0.0 115.9636 0.81 0.81 0 0 0.917910904558 1430868219.48
0.019 0.992398840984 0.0 115.9192 0.8116 0.8116 0 0 0.921540050979 1430868219.67
0.025 0.991178896767 0.0 116.0196 0.8124 0.8124 0 0 0.905681048323 1430868219.84
0.02 0.990373387647 0.0 116.0948 0.8132 0.8132 0 0 0.925774807443 1430868220.01
0.032 0.990173886273 2.78033019303e-83 116.2144 0.814 0.814 0 0 0.921543881643 1430868220.13
0.03 0.990251345368 0.000834373973172 116.4124 0.8144 0.8144 0 0 0.902586564225 1430868220.24
0.019 0.990144133817 0.0360439358457 116.6904 0.8148 0.8148 0 0 0.90518653198 1430868220.35
0.016 0.989423575835 0.0409172395222 117.1508 0.8148 0.8148 0 0 0.932512860084 1430868220.47
0.017 0.988669026601 0.00608443692322 117.4616 0.8152 0.8152 0 0 0.912883376755 1430868220.59
0.016 0.988036392066 7.46836049219e-26 117.7464 0.8156 0.8156 0 0 0.925496452077 1430868220.71
0.017 0.987652288784 0.0 118.1384 0.816 0.816 0 0 0.955337608338 1430868220.81
0.021 0.989681495802 0.0 118.1696 0.8184 0.8184 0 0 0.941335542236 1430868220.94
0.018 0.988971810578 0.0 118.0952 0.82 0.82 0 0 0.940094657701 1430868221.07
0.021 0.989980319001 0.0 118.6704 0.82 0.82 0 0 0.932021176189 1430868221.19
0.021 0.988853350437 0.0 119.0776 0.82 0.82 0 0 0.909863032445 1430868221.29
0.015 0.987742881936 0.0 119.524 0.8208 0.8208 0 0 0.920596095272 1430868221.46
0.023 0.986919734116 0.0 120.0876 0.8212 0.8212 0 0 0.929282740239 1430868221.63
0.019 0.988686927075 8.55578515179e-13 120.1052 0.8224 0.8224 0 0 0.923459688379 1430868221.8
0.028 0.987743123585 0.000165486601221 120.3648 0.8224 0.8224 0 0 0.936401882466 1430868221.97
0.016 0.989215853288 0.000136360315077 120.8536 0.8224 0.8224 0 0 0.939380488725 1430868222.1
0.025 0.988472097946 9.71066959901e-23 121.1428 0.8232 0.8232 0 0 0.94476496185 1430868222.22
0.019 0.987818702734 0.0 121.5364 0.8232 0.8232 0 0 0.945445566299 1430868222.33
0.017 0.986978059974 0.0 122.0192 0.8232 0.8232 0 0 0.937578122952 1430868222.49
0.022 0.985685314765 0.0 122.5936 0.8232 0.8232 0 0 0.940968157875 1430868222.6
0.017 0.986305038638 0.0 122.5416 0.824 0.824 0 0 0.953826155569 1430868222.72
0.019 0.984663862039 0.0 122.9356 0.824 0.824 0 0 0.929449446636 1430868222.84
0.008 0.98534819158 0.0 123.4712 0.8244 0.8244 0 0 0.90497868332 1430868222.95
0.022 0.983527328249 0.0 123.8088 0.8252 0.8252 0 0 0.943122107721 1430868223.06
0.017 0.983955930234 0.0 124.1576 0.8252 0.8252 0 0 0.939762842619 1430868223.2
0.014 0.981131692042 0.0 124.648 0.826 0.826 0 0 0.92473028239 1430868223.31
0.009 0.983360077051 0.0 124.494 0.826 0.826 0 0 0.902516462167 1430868223.44
0.031 0.982885387058 0.0 124.3568 0.8268 0.8268 0 0 0.927088541605 1430868223.58
0.021 0.98493562701 0.0 124.2824 0.8276 0.8276 0 0 0.897021419099 1430868223.75
0.026 0.982428808366 0.0 124.0036 0.8292 0.8292 0 0 0.881710576121 1430868223.93
0.039 0.980687969188 0.0 123.9796 0.8312 0.8312 0 0 0.863261287444 1430868224.1
0.034 0.982672320738 0.0 123.6832 0.8328 0.8328 0 0 0.865744126758 1430868224.27
0.036 0.982408425912 0.0 123.5504 0.8348 0.8348 0 0 0.863803054819 1430868224.43
0.025 0.982449558237 0.0 123.644 0.836 0.836 0 0 0.884526822166 1430868224.54
0.032 0.982436626459 0.0 123.4552 0.8376 0.8376 0 0 0.893479751464 1430868224.68
0.032 0.982401565497 0.0 123.2396 0.8388 0.8388 0 0 0.903143086513 1430868224.79
0.035 0.98443159962 0.0 123.03 0.8396 0.8396 0 0 0.908775435921 1430868224.91
0.02 0.983334777069 0.0 123.1776 0.8408 0.8408 0 0 0.879152739665 1430868225.03
0.036 0.984310038269 0.0 123.334 0.8412 0.8412 0 0 0.900334786185 1430868225.15
0.023 0.982619903899 0.0 123.494 0.8424 0.8424 0 0 0.889249252564 1430868225.26
0.022 0.980353930637 0.0 123.53 0.8424 0.8424 0 0 0.897027335415 1430868225.38
0.025 0.982022625177 0.0 123.93 0.8424 0.8424 0 0 0.877905509207 1430868225.5
0.027 0.9813517744 3.55305118787e-215 124.0908 0.8424 0.8424 0 0 0.894130136233 1430868225.62
0.032 0.979963143432 0.000237465884843 124.5944 0.8424 0.8424 0 0 0.871591119265 1430868225.74
0.027 0.979166286811 0.0310552803024 124.8044 0.8424 0.8424 0 0 0.866196523817 1430868225.85
0.038 0.978763853147 0.0361319110648 125.0424 0.8428 0.8428 0 0 0.846462350175 1430868225.97
0.026 0.977105465043 0.00363285399235 125.43 0.8428 0.8428 0 0 0.858687468342 1430868226.07
0.032 0.975873287502 2.43519652364e-32 125.8568 0.8428 0.8428 0 0 0.849724360665 1430868226.19
0.028 0.975274238475 0.0 126.3688 0.8428 0.8428 0 0 0.812223408121 1430868226.33
0.022 0.975197388175 0.0 126.9172 0.8432 0.8432 0 0 0.838332612353 1430868226.44
0.033 0.97760937868 0.0 127.3852 0.8432 0.8432 0 0 0.809369314882 1430868226.55
0.024 0.977413087067 0.0 127.7108 0.8436 0.8436 0 0 0.8401616619 1430868226.65
0.041 0.977195365015 7.66516695537e-58 127.7996 0.8444 0.8444 0 0 0.859341631686 1430868226.76
0.033 0.977185563017 7.83686000958e-05 127.9624 0.8452 0.8452 0 0 0.841726603438 1430868226.88
0.03 0.977163355239 0.00416800943621 128.1592 0.846 0.846 0 0 0.828064000679 1430868226.99
0.043 0.979611785895 0.000711008370741 127.4188 0.8492 0.8492 0 0 0.853461562853 1430868227.13
0.031 0.979833290087 0.019117062521 127.5604 0.85 0.85 0 0 0.835299367102 1430868227.24
0.028 0.98233395044 0.036993719034 127.6716 0.8504 0.8504 0 0 0.853318100484 1430868227.34
0.03 0.984704020657 0.00617436494614 127.148 0.8528 0.8528 0 0 0.849325978014 1430868227.46
0.028 0.984253702381 5.23965552136e-16 126.738 0.8536 0.8536 0 0 0.863474204292 1430868227.58
0.024 0.983490628947 4.7837400352e-71 126.4152 0.854 0.854 0 0 0.869515017214 1430868227.68
0.034 0.983307601385 0.0 126.68 0.854 0.854 0 0 0.856457174997 1430868227.79
0.04 0.983897556997 0.0 126.8448 0.8544 0.8544 0 0 0.893197623492 1430868227.91
0.028 0.984787592292 0.0 126.9208 0.8552 0.8552 0 0 0.887955660019 1430868228.04
0.03 0.985853305446 0.0 126.86 0.856 0.856 0 0 0.92092785131 1430868228.14
0.026 0.986937506061 0.0 126.7392 0.8564 0.8564 0 0 0.901434038572 1430868228.28
0.024 0.989909241861 0.0 126.32 0.8568 0.8568 0 0 0.913829406133 1430868228.45
0.016 0.989740108865 0.0 126.4192 0.8576 0.8576 0 0 0.886789959219 1430868228.59
0.026 0.98829420443 0.0 126.0956 0.8576 0.8576 0 0 0.900505567183 1430868228.71
0.019 0.989249254085 0.0 126.5008 0.8576 0.8576 0 0 0.900378272561 1430868228.83
0.027 0.986892073178 0.0 126.2812 0.8588 0.8588 0 0 0.915303167313 1430868228.95
0.02 0.984115956714 0.0 126.5756 0.8592 0.8592 0 0 0.852629434947 1430868229.09
0.022 0.980771367835 0.0 126.9444 0.8592 0.8592 0 0 0.843878107381 1430868229.21
0.036 0.979853294522 0.0 127.5936 0.8592 0.8592 0 0 0.848727176975 1430868229.36
0.037 0.97755788604 0.0 127.8008 0.86 0.86 0 0 0.865276399785 1430868229.54
0.022 0.975953968094 0.0 128.0244 0.8604 0.8604 0 0 0.816540940563 1430868229.72
0.027 0.974815327944 0.0 128.0828 0.8612 0.8612 0 0 0.848656643021 1430868229.89
0.023 0.974109565017 0.0 128.3692 0.8612 0.8612 0 0 0.849587616334 1430868230.07
0.031 0.973787798257 0.0 128.694 0.8616 0.8616 0 0 0.821358568324 1430868230.25
0.028 0.975872172184 0.0 128.6952 0.8624 0.8624 0 0 0.854057630947 1430868230.42
0.041 0.975466488282 0.0 128.8516 0.8632 0.8632 0 0 0.859479167635 1430868230.6
0.032 0.978060452857 0.0 128.9912 0.8644 0.8644 0 0 0.841936460085 1430868230.77
0.034 0.978148661128 0.0 129.0208 0.8652 0.8652 0 0 0.857176872506 1430868230.94
0.023 0.978542694413 0.0 128.9408 0.8664 0.8664 0 0 0.865035696681 1430868231.11
0.028 0.978239351525 0.0 129.3908 0.8664 0.8664 0 0 0.882160492 1430868231.21
0.036 0.978503434457 0.0 129.4808 0.8672 0.8672 0 0 0.863714690235 1430868231.31
0.031 0.975342452145 0.0 129.644 0.8684 0.8684 0 0 0.859302208345 1430868231.42
0.038 0.976668916633 0.0 130.02 0.8688 0.8688 0 0 0.906961923086 1430868231.55
0.026 0.98362105076 0.0 130.0316 0.8688 0.8688 0 0 0.889862632598 1430868231.71
0.024 0.982855929864 0.0 130.2456 0.8688 0.8688 0 0 0.870948908931 1430868231.88
0.04 0.986896196205 0.0 129.872 0.87 0.87 0 0 0.882741288696 1430868232.06
0.058 0.986454342118 0.0 130.1168 0.87 0.87 0 0 0.891134886924 1430868232.24
0.044 0.986224526494 0.0 130.4296 0.87 0.87 0 0 0.892544124585 1430868232.41
0.029 0.98657932875 0.0 130.8808 0.87 0.87 0 0 0.897855551131 1430868232.59
0.03 0.986823136512 0.0 131.2252 0.8704 0.8704 0 0 0.897714093869 1430868232.77
0.026 0.987030456742 0.0 131.5832 0.8708 0.8708 0 0 0.900010740566 1430868232.95
0.029 0.987503608011 1.27647069428e-83 131.4024 0.8716 0.8716 0 0 0.887643517884 1430868233.1
0.029 0.987854861938 2.08057254411e-40 131.424 0.8716 0.8716 0 0 0.898975081822 1430868233.27
0.031 0.987844801189 8.10997693848e-131 131.6572 0.8716 0.8716 0 0 0.902547316961 1430868233.43
0.026 0.987922861924 0.0 131.6092 0.872 0.872 0 0 0.918199830862 1430868233.61
0.01 0.988107492687 0.0 131.9804 0.872 0.872 0 0 0.914279037103 1430868233.78
0.018 0.988155768126 0.0 132.1916 0.872 0.872 0 0 0.924558557825 1430868233.95
0.022 0.987992811456 0.0 132.5008 0.8724 0.8724 0 0 0.923246397099 1430868234.11
0.024 0.98788987523 0.0 132.8768 0.8724 0.8724 0 0 0.929548173506 1430868234.27
0.029 0.987904621787 0.0 132.9052 0.8724 0.8724 0 0 0.919578258189 1430868234.44
0.017 0.987424576564 0.0 133.1152 0.8724 0.8724 0 0 0.927713435518 1430868234.59
0.019 0.992284569417 0.0 132.9768 0.8724 0.8724 0 0 0.92721610793 1430868234.7
0.024 0.991338042812 0.0 133.018 0.8732 0.8732 0 0 0.92869509322 1430868234.82
0.023 0.989904009227 0.0 133.6256 0.8732 0.8732 0 0 0.925077940711 1430868234.94
0.026 0.988767663052 0.0 134.0456 0.8732 0.8732 0 0 0.89988739628 1430868235.05
0.02 0.99065424492 0.0 134.3712 0.8732 0.8732 0 0 0.911869278975 1430868235.17
0.026 0.990169996245 0.0 134.7616 0.8732 0.8732 0 0 0.905151244552 1430868235.31
0.021 0.989627795723 0.0 135.114 0.8732 0.8732 0 0 0.905295638301 1430868235.41
0.018 0.989280192791 0.0 135.236 0.8736 0.8736 0 0 0.901276896397 1430868235.52
0.025 0.988735395243 8.36674574119e-105 135.5072 0.8736 0.8736 0 0 0.912880530408 1430868235.64
0.015 0.987890540497 1.08864271314e-12 135.9684 0.8736 0.8736 0 0 0.921342967771 1430868235.74
0.023 0.986262806469 3.91479096411e-06 136.4424 0.8736 0.8736 0 0 0.916420507128 1430868235.89
0.025 0.986336033034 2.0539661306e-08 137.0336 0.8736 0.8736 0 0 0.913057512938 1430868236.06
0.028 0.983593429051 5.54578474683e-60 137.6036 0.8736 0.8736 0 0 0.883219129487 1430868236.24
0.023 0.984580146805 0.0 138.1256 0.8736 0.8736 0 0 0.901432910385 1430868236.41
0.022 0.982774627749 0.0 138.6756 0.874 0.874 0 0 0.866702914199 1430868236.6
0.032 0.983783867486 0.0 138.4952 0.8756 0.8756 0 0 0.87928175038 1430868236.72
0.027 0.982991705695 0.0 138.4724 0.8764 0.8764 0 0 0.886216736863 1430868236.85
0.038 0.985065078994 0.0 138.2624 0.8764 0.8764 0 0 0.865154639623 1430868237.02
0.028 0.984844824213 0.0 138.1828 0.8772 0.8772 0 0 0.856506310947 1430868237.21
0.021 0.984377413595 0.0 137.7712 0.878 0.878 0 0 0.882697972992 1430868237.38
0.018 0.984206705044 0.0 138.2172 0.878 0.878 0 0 0.861483096016 1430868237.56
0.026 0.986520619147 0.0 137.7972 0.8804 0.8804 0 0 0.880616160677 1430868237.72
0.027 0.98575253634 0.0 137.9864 0.8808 0.8808 0 0 0.86355786632 1430868237.81
0.029 0.986453489653 0.0 138.1948 0.8808 0.8808 0 0 0.852341729498 1430868237.93
0.025 0.984754634721 0.0 138.4728 0.8808 0.8808 0 0 0.874347254221 1430868238.05
0.027 0.983269900707 0.0 137.9848 0.8808 0.8808 0 0 0.868185443377 1430868238.22
0.025 0.982317724132 0.0 137.4428 0.8808 0.8808 0 0 0.814799361177 1430868238.38
0.021 0.980610687372 0.0 137.3468 0.8808 0.8808 0 0 0.824690898796 1430868238.57
0.018 0.979342094206 0.0 137.0548 0.8812 0.8812 0 0 0.832676556915 1430868238.75
0.021 0.978403507074 0.0 137.2188 0.8812 0.8812 0 0 0.840008869903 1430868238.92
0.018 0.980215794625 0.0 137.0976 0.8816 0.8816 0 0 0.837386707697 1430868239.09
0.018 0.982069850733 0.0 137.1288 0.882 0.882 0 0 0.857751584793 1430868239.26
0.014 0.981313757048 0.0 137.5692 0.882 0.882 0 0 0.923145917543 1430868239.44
0.03 0.983380767065 0.0 137.5436 0.882 0.882 0 0 0.912426587479 1430868239.62
0.021 0.982841040121 0.0 137.9484 0.882 0.882 0 0 0.895379251531 1430868239.79
0.016 0.982365433476 0.0 138.0096 0.882 0.882 0 0 0.912402416094 1430868239.96
0.022 0.98442846551 0.0 138.0588 0.882 0.882 0 0 0.881270341354 1430868240.14
0.024 0.984047939523 0.0 138.0896 0.8824 0.8824 0 0 0.927057530682 1430868240.3
0.029 0.988031959517 0.0 137.3828 0.8836 0.8836 0 0 0.901990811473 1430868240.48
0.024 0.986662059438 0.0 137.224 0.8848 0.8848 0 0 0.890073500067 1430868240.66
0.022 0.986045920326 0.0 136.976 0.886 0.886 0 0 0.908427793008 1430868240.83
0.024 0.986046644773 0.0 137.3304 0.886 0.886 0 0 0.894678503001 1430868241.0
0.028 0.98622618536 0.0 137.576 0.8864 0.8864 0 0 0.910961339386 1430868241.16
0.03 0.986376597779 0.0 137.5648 0.8872 0.8872 0 0 0.903239399246 1430868241.33
0.02 0.986694589254 0.0 137.6868 0.8876 0.8876 0 0 0.897432005528 1430868241.5
0.022 0.986922226065 1.97360072335e-11 137.2424 0.8888 0.8888 0 0 0.923939186192 1430868241.67
0.018 0.986843203332 0.00896816700941 137.0832 0.8896 0.8896 0 0 0.904509286918 1430868241.85
0.029 0.986822993383 0.0269048547218 137.1896 0.8896 0.8896 0 0 0.890964530812 1430868242.02
0.021 0.988799452299 0.0114592858331 136.6224 0.89 0.89 0 0 0.929587608151 1430868242.2
0.028 0.987816037313 1.13975644455e-06 136.4656 0.8912 0.8912 0 0 0.912722441742 1430868242.37
0.03 0.986540436259 0.0 136.8288 0.8912 0.8912 0 0 0.90580265368 1430868242.55
0.024 0.988085640229 2.01371590315e-08 137.4188 0.8912 0.8912 0 0 0.90404549353 1430868242.74
0.035 0.98747470851 0.0191291464339 138.0364 0.8912 0.8912 0 0 0.889243626112 1430868242.9
0.018 0.987211569672 0.0552319190461 138.8128 0.8912 0.8912 0 0 0.910657233424 1430868243.07
0.023 0.98725909874 0.043977327323 139.4576 0.8912 0.8912 0 0 0.889931581083 1430868243.24
0.03 0.98704504548 0.00664635559705 139.9308 0.8912 0.8912 0 0 0.897588645105 1430868243.37
0.021 0.986700474154 1.26762896872e-28 140.4552 0.8916 0.8916 0 0 0.901306082786 1430868243.48
0.025 0.986409574167 0.0 140.6404 0.892 0.892 0 0 0.924342545347 1430868243.66
0.017 0.985750198501 0.0 141.1476 0.8924 0.8924 0 0 0.935812982746 1430868243.82
0.023 0.984968509594 0.0 141.3792 0.8928 0.8928 0 0 0.934262674748 1430868243.99
0.026 0.984132666883 0.0 141.5948 0.8932 0.8932 0 0 0.924234439036 1430868244.16
0.013 0.985993661951 0.0 141.6124 0.8936 0.8936 0 0 0.957076452281 1430868244.32
0.029 0.987207761338 0.0 141.4456 0.894 0.894 0 0 0.915631405012 1430868244.49
0.021 0.986041297504 0.0 141.57 0.8944 0.8944 0 0 0.923544086666 1430868244.67
0.027 0.987614022886 0.0 140.522 0.8972 0.8972 0 0 0.920883869845 1430868244.85
0.027 0.988909694244 0.0 139.7808 0.8988 0.8988 0 0 0.901286847513 1430868245.02
0.026 0.98700001094 0.0 140.028 0.8988 0.8988 0 0 0.90908636204 1430868245.12
0.028 0.985280843727 0.0 139.9392 0.8992 0.8992 0 0 0.879293865687 1430868245.25
0.021 0.986341479425 0.0 138.8856 0.9 0.0076 464 63.4333879948 0.888238078682 1430868245.36
0.029 0.987980271856 0.0 137.7136 0.9008 0.0264 464 63.4333879948 0.901651368995 1430868245.46
0.023 0.987246752176 0.0 137.4012 0.902 0.0352 464 63.4333879948 0.889993072549 1430868245.57
0.026 0.98687569417 0.0 137.222 0.9028 0.0456 464 63.4333879948 0.873161651532 1430868245.66
0.02 0.986517105727 0.0 136.272 0.9036 0.0588 464 63.4333879948 0.87670032453 1430868245.78
0.022 0.98849308189 0.0 135.5632 0.9044 0.0708 464 63.4333879948 0.904015347679 1430868245.89
0.02 0.988077932228 0.0 135.1188 0.9056 0.0804 464 63.4333879948 0.906430075005 1430868246.02
0.026 0.990150478348 0.0 134.5804 0.9068 0.0912 464 63.4333879948 0.903096522826 1430868246.19
0.022 0.989781590948 0.0 134.3576 0.9076 0.098 464 63.4333879948 0.897689479505 1430868246.36
0.028 0.988805175126 0.0 134.3732 0.9084 0.1036 464 63.4333879948 0.893485074219 1430868246.54
0.021 0.987687826738 0.0 134.4824 0.9092 0.1096 464 63.4333879948 0.913006509911 1430868246.72
0.024 0.986582366657 0.0 134.268 0.91 0.1168 464 63.4333879948 0.917495199549 1430868246.88
0.019 0.985779292321 0.0 133.9888 0.9112 0.1248 464 63.4333879948 0.901598961834 1430868247.06
0.023 0.98493276317 0.0 133.9684 0.912 0.1328 464 63.4333879948 0.944133757197 1430868247.19
0.019 0.984012439819 0.0 133.8008 0.9136 0.1396 464 63.4333879948 0.925093880697 1430868247.31
0.027 0.985356609055 0.0 132.8456 0.916 0.148 464 63.4333879948 0.907699105805 1430868247.42
0.019 0.986045356526 0.0 132.524 0.9168 0.158 464 63.4333879948 0.904706187947 1430868247.54
0.028 0.987684806273 0.0 131.9108 0.918 0.1696 464 63.4333879948 0.912653135802 1430868247.71
0.022 0.986455567044 0.0 131.0276 0.9204 0.1772 464 63.4333879948 0.921556166699 1430868247.88
0.021 0.985343680385 0.0 130.5432 0.9216 0.1856 464 63.4333879948 0.910629181681 1430868248.04
0.023 0.986656722584 0.0 129.4656 0.924 0.1956 464 63.4333879948 0.911984513772 1430868248.22
0.029 0.988574794464 0.0 129.0756 0.9248 0.2056 464 63.4333879948 0.911493997175 1430868248.39
0.021 0.988295810989 0.0 129.3284 0.9248 0.2124 464 63.4333879948 0.90895700177 1430868248.56
0.026 0.987601477416 0.0 129.7756 0.9248 0.2184 464 63.4333879948 0.918561747518 1430868248.74
0.027 0.986569779686 0.0 129.944 0.9252 0.2252 464 63.4333879948 0.922979356184 1430868248.9
0.025 0.988074279921 3.70946977106e-47 130.3056 0.9252 0.2308 464 63.4333879948 0.887194454077 1430868249.09
0.029 0.987141324954 0.001590558704 130.5944 0.9252 0.2364 464 63.4333879948 0.902978167771 1430868249.19
0.023 0.986061636479 0.0303059077601 130.7848 0.9252 0.242 464 63.4333879948 0.898853116744 1430868249.35
0.014 0.985379936011 0.0376561436342 131.3312 0.9252 0.2472 464 63.4333879948 0.905997640889 1430868249.53
0.03 0.985090405557 0.00974355384683 131.5324 0.9252 0.2532 464 63.4333879948 0.883728573984 1430868249.71
0.019 0.985032307685 2.57696906026e-18 131.798 0.9252 0.2596 464 63.4333879948 0.903294159364 1430868249.87
0.026 0.985064925092 0.0 131.8568 0.9252 0.2652 464 63.4333879948 0.894923568091 1430868250.02
0.031 0.984498059953 0.0 132.0132 0.9252 0.2704 464 63.4333879948 0.915143316004 1430868250.14
0.03 0.983954548277 0.0 131.4252 0.9268 0.2768 464 63.4333879948 0.90159940097 1430868250.24
0.023 0.983719667587 0.0 131.2992 0.9272 0.2828 464 63.4333879948 0.918753374237 1430868250.37
0.026 0.985721461313 0.0 130.6716 0.9292 0.29 464 63.4333879948 0.930362500345 1430868250.54
0.025 0.984669777426 0.0 130.7064 0.93 0.2952 464 63.4333879948 0.890642005934 1430868250.67
0.018 0.983331742424 0.0 131.2392 0.93 0.2984 464 63.4333879948 0.915959554391 1430868250.8
0.014 0.98202688261 0.0 131.8912 0.93 0.302 464 63.4333879948 0.932616652197 1430868250.91
0.016 0.980442682182 0.0 132.5088 0.93 0.3064 464 63.4333879948 0.908854922076 1430868251.02
0.032 0.984233690321 1.4950146959e-26 132.7656 0.93 0.3124 464 63.4333879948 0.899344571389 1430868251.13
0.028 0.985972127583 4.66291721406e-13 132.8548 0.9308 0.3164 464 63.4333879948 0.915553280635 1430868251.24
0.029 0.985655004876 6.90860678631e-29 133.1904 0.9308 0.3212 464 63.4333879948 0.907106427654 1430868251.35
0.022 0.985408897101 0.0 133.2716 0.9312 0.3268 464 63.4333879948 0.885560002212 1430868251.48
0.024 0.986986921535 0.0 133.572 0.9312 0.3336 464 63.4333879948 0.889986969927 1430868251.63
0.024 0.985873070651 0.0 134.0112 0.9312 0.3384 464 63.4333879948 0.929905797363 1430868251.78
0.027 0.987228219668 0.0 133.9604 0.9312 0.3464 464 63.4333879948 0.893076723429 1430868251.91
0.028 0.986686270737 0.0 134.1532 0.9312 0.3516 464 63.4333879948 0.924087272916 1430868252.01
0.03 0.986546724829 0.0 134.014 0.9316 0.3584 464 63.4333879948 0.907809802031 1430868252.14
0.031 0.986668745371 0.0 133.416 0.9328 0.366 464 63.4333879948 0.909747481056 1430868252.26
0.029 0.98634688811 0.0 133.4224 0.9328 0.3728 464 63.4333879948 0.907669618001 1430868252.37
0.019 0.986301147211 8.57853428014e-83 133.0192 0.9336 0.3808 464 63.4333879948 0.902376830841 1430868252.47
0.014 0.988806608714 0.000424778395986 132.1424 0.9344 0.3892 464 63.4333879948 0.904113293264 1430868252.62
0.025 0.9885598935 0.0139000351333 132.1012 0.9344 0.3956 464 63.4333879948 0.912142975888 1430868252.8
0.021 0.987998434765 0.0177961275712 131.8 0.9344 0.4024 464 63.4333879948 0.906930449381 1430868252.97
0.026 0.987419093629 0.00761250983029 131.5964 0.9348 0.4096 464 63.4333879948 0.905707858819 1430868253.1
0.027 0.986786087112 0.031799007242 131.3912 0.9348 0.4176 464 63.4333879948 0.906247559135 1430868253.22
0.021 0.986463598312 0.0596866604885 131.204 0.9348 0.424 464 63.4333879948 0.886539178735 1430868253.34
0.022 0.988341695695 0.0483595892309 130.972 0.9348 0.4312 464 63.4333879948 0.899635921974 1430868253.45
0.023 0.987607134236 0.0107394959675 130.3148 0.9356 0.4384 464 63.4333879948 0.922994249198 1430868253.55
0.021 0.986736779073 1.44253847383e-19 129.8904 0.9364 0.4436 464 63.4333879948 0.890729891179 1430868253.7
0.028 0.988312116488 0.0 129.6472 0.9372 0.4488 464 63.4333879948 0.893074819336 1430868253.82
0.017 0.986876620431 0.0 129.8708 0.9372 0.4532 464 63.4333879948 0.872614695453 1430868253.93
0.024 0.988090958961 0.0 130.2264 0.9372 0.4568 464 63.4333879948 0.893941313156 1430868254.03
0.019 0.986876260174 0.0 130.4528 0.9372 0.4596 464 63.4333879948 0.906925122473 1430868254.21
0.023 0.985662755727 0.0 130.7836 0.9372 0.4624 464 63.4333879948 0.880795955547 1430868254.38
0.027 0.984834056939 0.0 130.9792 0.9372 0.4672 464 63.4333879948 0.885484125139 1430868254.54
0.017 0.983720806062 0.0 131.1404 0.9376 0.4708 464 63.4333879948 0.894831047147 1430868254.72
0.026 0.988194495548 0.0 130.4124 0.9392 0.4768 464 63.4333879948 0.883131486552 1430868254.89
0.027 0.987624730062 0.0 130.8644 0.9392 0.4812 464 63.4333879948 0.924455398722 1430868255.06
0.018 0.987437374969 0.0 131.1364 0.9392 0.4868 464 63.4333879948 0.908715573342 1430868255.24
0.032 0.9897721358 0.0 130.6932 0.94 0.4936 464 63.4333879948 0.906941955646 1430868255.42
0.027 0.988658128044 0.0 130.9404 0.94 0.4976 464 63.4333879948 0.919640749862 1430868255.59
0.024 0.986452543672 0.0 131.1152 0.94 0.502 464 63.4333879948 0.928682456008 1430868255.75
0.023 0.989892595062 0.0 130.2264 0.94 0.5096 464 63.4333879948 0.923736961407 1430868255.88
0.027 0.991262898671 0.0 130.3484 0.94 0.5124 464 63.4333879948 0.898639701184 1430868256.05
0.025 0.99101517281 0.0 130.5784 0.94 0.5164 464 63.4333879948 0.895237728138 1430868256.22
0.028 0.991350583895 0.0 131.0348 0.94 0.5188 464 63.4333879948 0.914975550681 1430868256.4
0.024 0.991491936114 0.0 131.4752 0.94 0.5224 464 63.4333879948 0.912968309138 1430868256.58
0.027 0.991288690597 0.0 131.7364 0.94 0.5268 464 63.4333879948 0.905418007414 1430868256.75
0.022 0.991144623375 0.0 132.3452 0.94 0.5292 464 63.4333879948 0.913105968431 1430868256.88
0.017 0.9909204235 0.0 132.8124 0.94 0.532 464 63.4333879948 0.929083639292 1430868256.99
0.024 0.990384779549 0.0 133.0944 0.94 0.5368 464 63.4333879948 0.92625770551 1430868257.09
0.016 0.989448246182 0.0 133.5004 0.94 0.54 464 63.4333879948 0.940135085115 1430868257.18
0.014 0.988458304252 0.0 133.8056 0.94 0.5436 464 63.4333879948 0.935542438663 1430868257.3
0.021 0.987181813139 0.0 134.366 0.94 0.5456 464 63.4333879948 0.961521222078 1430868257.45
0.02 0.988721068196 0.0 134.4428 0.94 0.5488 464 63.4333879948 0.942217254107 1430868257.58
0.019 0.987623309796 2.45122257023e-80 135.0472 0.94 0.5508 464 63.4333879948 0.92610370577 1430868257.68
0.026 0.99227673349 2.4416764154e-05 134.7476 0.9404 0.5564 464 63.4333879948 0.934129778893 1430868257.83
0.024 0.991765441531 0.00531930828266 135.3052 0.9404 0.5584 464 63.4333879948 0.947369313045 1430868258.0
0.016 0.991405901228 0.0018283105011 135.9092 0.9404 0.56 464 63.4333879948 0.939942437273 1430868258.17
0.017 0.991518517975 4.56372836082e-14 136.0532 0.9404 0.564 464 63.4333879948 0.954196817822 1430868258.28
0.015 0.991548350747 9.63747131147e-06 136.3784 0.9404 0.5664 464 63.4333879948 0.969934046094 1430868258.41
0.018 0.991152837814 0.022458348205 136.5516 0.9404 0.57 464 63.4333879948 0.952522744951 1430868258.52
0.027 0.990668550305 0.0508975812177 137.0448 0.9404 0.572 464 63.4333879948 0.963941237161 1430868258.61
0.028 0.989683257806 0.0259627870129 137.3404 0.9404 0.574 464 63.4333879948 0.953415817444 1430868258.74
0.022 0.989023753633 0.00425144159489 137.8692 0.9404 0.5756 464 63.4333879948 0.975875049098 1430868258.86
0.016 0.98852414605 0.0398723301288 138.2024 0.9404 0.5772 464 63.4333879948 0.953842841134 1430868258.97
0.011 0.988054066124 0.0449075419353 138.5452 0.9404 0.58 464 63.4333879948 0.959312926981 1430868259.08
0.015 0.987566321232 0.00981334951849 138.8836 0.9404 0.582 464 63.4333879948 0.967910756752 1430868259.2
0.017 0.987028375897 3.7046120936e-13 139.3432 0.9404 0.5836 464 63.4333879948 0.949637527211 1430868259.35
0.007 0.986144585457 0.0 139.7928 0.9404 0.5852 464 63.4333879948 0.954751529508 1430868259.53
0.024 0.98499246805 0.0 140.0036 0.9404 0.5888 464 63.4333879948 0.955782622953 1430868259.69
0.017 0.98330527038 0.0 140.23 0.9404 0.5908 464 63.4333879948 0.944066884789 1430868259.87
0.011 0.984183889178 0.0 140.3316 0.9404 0.5932 464 63.4333879948 0.936438268319 1430868260.05
0.022 0.985286821494 0.0 140.842 0.9404 0.5948 464 63.4333879948 0.92215039982 1430868260.19
0.018 0.988746932063 0.0 140.8936 0.9404 0.5988 464 63.4333879948 0.910552855836 1430868260.33
0.028 0.988908547741 0.0 141.2172 0.9404 0.6012 464 63.4333879948 0.916431053414 1430868260.44
0.024 0.989794302118 0.0 141.35 0.9404 0.6044 464 63.4333879948 0.897392337318 1430868260.56
0.036 0.99137915394 0.0 141.7644 0.9404 0.6064 464 63.4333879948 0.905131336246 1430868260.65
0.028 0.990643028009 0.0 142.254 0.9404 0.608 464 63.4333879948 0.907693051419 1430868260.79
0.026 0.989819681064 0.0 142.5708 0.9404 0.6112 464 63.4333879948 0.897510012583 1430868260.93
0.026 0.988641991317 0.0 143.0884 0.9404 0.6124 464 63.4333879948 0.909349455401 1430868261.03
0.022 0.989798814828 5.31280051911e-182 142.852 0.9416 0.6152 464 63.4333879948 0.91504451222 1430868261.13
0.016 0.988440277718 0.000289196845456 143.3204 0.9416 0.616 464 63.4333879948 0.896167107412 1430868261.25
0.031 0.986928973083 0.0340349756752 143.3792 0.9416 0.6184 464 63.4333879948 0.896938109671 1430868261.4
0.025 0.98542854173 0.0733652354708 143.3532 0.942 0.6204 464 63.4333879948 0.91161005718 1430868261.51
0.025 0.98681386147 0.0657717529811 143.2752 0.9424 0.6228 464 63.4333879948 0.887929027164 1430868261.63
0.022 0.985586756893 0.0420181293925 143.0684 0.9432 0.6248 464 63.4333879948 0.890908735809 1430868261.75
0.025 0.983889275556 0.0393777356289 143.0588 0.9436 0.6272 464 63.4333879948 0.887963158612 1430868261.92
0.02 0.982166386407 0.0200420036983 142.9848 0.9436 0.6296 464 63.4333879948 0.911125077164 1430868262.09
0.017 0.980787315803 0.0231378493264 143.2568 0.9436 0.6308 464 63.4333879948 0.902202024569 1430868262.27
0.025 0.985886598323 0.0134848259655 142.9276 0.9436 0.634 464 63.4333879948 0.887042211219 1430868262.44
0.027 0.982152507156 0.0185520050639 142.9984 0.944 0.6356 464 63.4333879948 0.872655656614 1430868262.61
0.04 0.98293845129 0.0123587547325 142.8172 0.9448 0.6376 464 63.4333879948 0.862679458244 1430868262.78
0.03 0.981648834588 8.95586081697e-06 142.5112 0.9452 0.6404 464 63.4333879948 0.845312260125 1430868262.96
0.018 0.980758389961 5.41068996975e-96 142.1028 0.9452 0.6436 464 63.4333879948 0.849664189972 1430868263.14
0.029 0.982733430807 0.0 141.2684 0.9452 0.6484 464 63.4333879948 0.866110783019 1430868263.29
0.043 0.982261680192 0.0 140.476 0.9456 0.6532 464 63.4333879948 0.854777708321 1430868263.41
0.043 0.981719412685 0.0 139.9864 0.9456 0.6568 464 63.4333879948 0.849523592534 1430868263.54
0.041 0.983914358028 0.0 139.7344 0.9456 0.66 464 63.4333879948 0.842227534326 1430868263.64
0.041 0.983179238193 0.0 139.6272 0.9456 0.6628 464 63.4333879948 0.84182574204 1430868263.75
0.034 0.982430384418 0.0 139.8308 0.9456 0.6652 464 63.4333879948 0.846811473758 1430868263.86
0.034 0.982303051973 0.0 139.9564 0.9456 0.6672 464 63.4333879948 0.864282581703 1430868263.97
0.035 0.982352664029 0.0 139.5564 0.9456 0.6704 464 63.4333879948 0.856834449742 1430868264.09
0.026 0.982551643321 0.0 139.3936 0.946 0.6736 464 63.4333879948 0.864549305935 1430868264.24
0.038 0.982735396704 0.0 139.2864 0.9464 0.6756 464 63.4333879948 0.863148433283 1430868264.39
0.035 0.982274136028 0.0 138.8984 0.9472 0.6776 464 63.4333879948 0.86810749563 1430868264.55
0.029 0.983985603973 0.0 138.712 0.9472 0.68 464 63.4333879948 0.877665630304 1430868264.72
0.039 0.985035636425 0.0 138.6492 0.9476 0.6828 464 63.4333879948 0.853241233961 1430868264.9
0.028 0.982406478198 0.0 138.9612 0.9476 0.684 464 63.4333879948 0.836275429898 1430868265.06
0.034 0.980207195549 0.0 139.0908 0.948 0.6856 464 63.4333879948 0.837755239205 1430868265.22
0.036 0.983888422485 0.0 138.948 0.9484 0.6876 464 63.4333879948 0.83119393847 1430868265.4
0.038 0.983331891553 0.0 139.1608 0.9484 0.6892 464 63.4333879948 0.82874105535 1430868265.55
0.036 0.983116819648 0.0 139.5612 0.9484 0.69 464 63.4333879948 0.810007258428 1430868265.65
0.031 0.982860058251 0.0 139.6124 0.9488 0.692 464 63.4333879948 0.821677558119 1430868265.77
0.047 0.982473660049 0.0 139.5284 0.9496 0.6944 464 63.4333879948 0.844101532042 1430868265.9
0.036 0.981975728279 0.0 139.1812 0.9508 0.6972 464 63.4333879948 0.843539093222 1430868266.04
0.028 0.981306807633 0.0 139.6288 0.9508 0.6984 464 63.4333879948 0.825755445329 1430868266.15
0.029 0.980744935581 0.0 140.17 0.9508 0.6996 464 63.4333879948 0.86269415514 1430868266.24
0.037 0.979497798132 0.0 140.5596 0.9508 0.7 464 63.4333879948 0.844808526329 1430868266.35
0.03 0.979019634528 0.0 141.1108 0.9508 0.7 464 63.4333879948 0.859546083429 1430868266.48
0.031 0.978770770387 0.0 141.6104 0.9508 0.7008 464 63.4333879948 0.885829374636 1430868266.59
0.021 0.97739755482 0.0 141.9516 0.9508 0.702 464 63.4333879948 0.871830978291 1430868266.7
0.034 0.978523337796 0.0 142.456 0.9508 0.7028 464 63.4333879948 0.857594449441 1430868266.84
0.028 0.979843354258 0.0 142.6836 0.9508 0.7036 464 63.4333879948 0.841952598435 1430868266.98
0.023 0.981181768553 0.0 143.0036 0.9508 0.706 464 63.4333879948 0.847981975469 1430868267.14
0.034 0.983519676528 0.0 143.4424 0.9508 0.7072 464 63.4333879948 0.863188887446 1430868267.24
0.034 0.983249822902 0.0 143.5084 0.9508 0.7096 464 63.4333879948 0.848785636827 1430868267.35
0.019 0.983087368109 0.0 143.594 0.9508 0.7112 464 63.4333879948 0.867089420094 1430868267.47
0.03 0.982724937825 0.0 143.7156 0.9508 0.7128 464 63.4333879948 0.842321530544 1430868267.6
0.028 0.982732073743 0.0 143.7668 0.9508 0.7152 464 63.4333879948 0.834938046427 1430868267.71
0.029 0.982863438706 0.0 143.9 0.9508 0.7164 464 63.4333879948 0.892729859355 1430868267.85
0.027 0.983164948515 0.0 144.2648 0.9508 0.7172 464 63.4333879948 0.884616915353 1430868267.97
0.023 0.985817231023 0.0 143.3552 0.9508 0.7208 464 63.4333879948 0.893842683999 1430868268.07
0.026 0.988691286029 0.0 142.8408 0.9512 0.7232 464 63.4333879948 0.892042909748 1430868268.18
0.032 0.989037730227 0.0 142.24 0.9512 0.726 464 63.4333879948 0.884035189398 1430868268.29
0.023 0.989144399058 0.0 141.6408 0.9512 0.7284 464 63.4333879948 0.913266534802 1430868268.4
0.03 0.990394685427 0.0 141.7512 0.9512 0.7288 464 63.4333879948 0.934821142919 1430868268.52
0.029 0.988131766276 0.0 141.8668 0.9512 0.73 464 63.4333879948 0.914258629841 1430868268.63
0.025 0.987130812323 0.0 142.5508 0.9512 0.73 464 63.4333879948 0.952085407818 1430868268.73
0.028 0.986999335634 0.0 143.1632 0.9512 0.73 464 63.4333879948 0.917496608194 1430868268.87
0.016 0.986807658628 0.0 143.7512 0.9512 0.7308 464 63.4333879948 0.934549310647 1430868269.0
0.013 0.986524706497 0.0 144.3324 0.9512 0.7316 464 63.4333879948 0.961031301444 1430868269.12
0.013 0.986093725723 0.0 144.8492 0.9512 0.7324 464 63.4333879948 0.960809910267 1430868269.22
0.017 0.985072796293 0.0 145.3584 0.9512 0.7336 464 63.4333879948 0.946218719931 1430868269.33
0.012 0.985901949575 0.0 145.6272 0.9512 0.7348 464 63.4333879948 0.943813244651 1430868269.42
0.02 0.984424716502 0.0 146.0852 0.9512 0.7356 464 63.4333879948 0.936136857353 1430868269.54
0.02 0.985502075005 0.0 146.0612 0.9512 0.7376 464 63.4333879948 0.938470148382 1430868269.65
0.019 0.98383677041 0.0 146.334 0.9512 0.7388 464 63.4333879948 0.944758079738 1430868269.78
0.016 0.985062616312 0.0 146.3416 0.9512 0.74 464 63.4333879948 0.935437954996 1430868269.91
0.018 0.983599795899 0.0 146.4296 0.9512 0.742 464 63.4333879948 0.91028408961 1430868270.03
0.023 0.982112009005 0.0 146.6956 0.9512 0.7432 464 63.4333879948 0.897822792159 1430868270.12
0.023 0.980811530988 0.0 146.6204 0.9512 0.7448 464 63.4333879948 0.904096243691 1430868270.21
0.025 0.984755434478 0.0 146.1332 0.9516 0.7468 464 63.4333879948 0.928137693835 1430868270.35
0.024 0.983637408283 0.0 146.2212 0.9516 0.7484 464 63.4333879948 0.890468598195 1430868270.46
0.024 0.982535487047 5.51285562699e-251 145.9252 0.9516 0.7512 464 63.4333879948 0.913073357349 1430868270.59
0.024 0.98211211846 9.23463746534e-42 145.5244 0.9516 0.754 464 63.4333879948 0.895226474612 1430868270.69
0.025 0.981592188231 6.01449931112e-53 145.3604 0.952 0.7556 464 63.4333879948 0.909691258241 1430868270.8
0.023 0.985312919241 0.0 145.3852 0.952 0.7572 464 63.4333879948 0.891849369994 1430868270.91
0.022 0.98634084471 0.0 144.7292 0.9524 0.7592 464 63.4333879948 0.878265543068 1430868271.02
0.035 0.987378934301 0.0 144.9264 0.9524 0.7596 464 63.4333879948 0.901388686079 1430868271.12
0.037 0.9865071825 0.0 144.2808 0.9524 0.7624 464 63.4333879948 0.913081851541 1430868271.23
0.031 0.986400305403 0.0 143.766 0.9528 0.7652 464 63.4333879948 0.887716145412 1430868271.35
0.023 0.988939543196 0.0 142.772 0.9532 0.7696 464 63.4333879948 0.91731311717 1430868271.47
0.027 0.988318877267 0.0 141.7768 0.9536 0.7736 464 63.4333879948 0.892559255944 1430868271.58
0.028 0.987037721452 0.0 141.9864 0.954 0.7748 464 63.4333879948 0.915306132364 1430868271.68
0.029 0.986155490677 0.0 142.1648 0.9544 0.776 464 63.4333879948 0.90579126079 1430868271.78
0.022 0.988502099758 0.0 141.4344 0.9556 0.7788 464 63.4333879948 0.930461865675 1430868271.92
0.024 0.988169789976 0.0 141.57 0.956 0.7796 464 63.4333879948 0.922334183962 1430868272.05
0.026 0.987851402942 0.0 141.3908 0.9568 0.7816 464 63.4333879948 0.910078468752 1430868272.15
0.025 0.987678805755 0.0 141.6724 0.9568 0.7836 464 63.4333879948 0.876697575863 1430868272.25
0.022 0.989313456035 0.0 141.2464 0.9568 0.7876 464 63.4333879948 0.893741571659 1430868272.36
0.025 0.991052815037 0.0 141.5832 0.9568 0.7888 464 63.4333879948 0.880044319522 1430868272.47
0.027 0.99065440324 0.0 140.7604 0.9576 0.7932 464 63.4333879948 0.902829374341 1430868272.6
0.018 0.990753934995 0.0 140.6648 0.958 0.7956 464 63.4333879948 0.90200135744 1430868272.77
0.021 0.993399632904 0.0 140.8028 0.9584 0.7968 464 63.4333879948 0.925663139004 1430868272.92
0.015 0.993010412038 0.0 140.7496 0.9588 0.7992 464 63.4333879948 0.917851358183 1430868273.02
0.02 0.992640788928 0.0 141.0664 0.9588 0.8004 464 63.4333879948 0.927210856498 1430868273.16
0.023 0.992260421975 0.0 141.4852 0.9588 0.8008 464 63.4333879948 0.952026134764 1430868273.25
0.018 0.991745706634 1.05829870836e-14 141.9404 0.9588 0.8008 464 63.4333879948 0.950208661899 1430868273.36
0.017 0.991284125449 0.00903804239437 142.4088 0.9588 0.8008 464 63.4333879948 0.966181369922 1430868273.48
0.019 0.990904257843 0.032328864743 142.692 0.9588 0.8012 464 63.4333879948 0.96180998434 1430868273.61
0.014 0.990608224302 0.0207473524774 143.2016 0.9588 0.8016 464 63.4333879948 0.967247400718 1430868273.74
0.013 0.99027578718 7.86562537007e-05 143.76 0.9588 0.8016 464 63.4333879948 0.980459946452 1430868273.84
0.019 0.989919300319 1.41396562435e-09 144.1428 0.9588 0.8028 464 63.4333879948 0.965249178715 1430868273.95
0.013 0.989476629723 0.0185903270779 144.5492 0.9592 0.8036 464 63.4333879948 0.974778146953 1430868274.07
0.016 0.988991152311 0.0585473238373 144.8744 0.9596 0.8044 464 63.4333879948 0.995343249592 1430868274.18
0.014 0.990924804025 0.0460673293696 144.3104 0.9604 0.8072 464 63.4333879948 0.991370059999 1430868274.28
0.014 0.990419649494 0.00414132506949 144.1624 0.9604 0.8092 464 63.4333879948 0.984323896594 1430868274.4
0.013 0.990107034421 7.63640764569e-05 144.4664 0.9604 0.8104 464 63.4333879948 0.991189145776 1430868274.5
0.024 0.989754435654 0.00600513803459 145.0376 0.9604 0.8116 464 63.4333879948 0.991667307604 1430868274.62
0.014 0.989106132537 0.0274758622096 145.4552 0.9604 0.8128 464 63.4333879948 0.991881270494 1430868274.74
0.011 0.988172731586 0.0440323780016 145.2672 0.9604 0.8148 464 63.4333879948 0.976784275918 1430868274.85
0.021 0.987356813132 0.0349885699113 145.7652 0.9604 0.8152 464 63.4333879948 0.995916115581 1430868275.01
0.009 0.988732483888 0.00630392826026 146.3072 0.9604 0.8152 464 63.4333879948 0.980410670509 1430868275.16
0.01 0.990394971076 1.86571175001e-08 146.7896 0.9604 0.816 464 63.4333879948 0.972031197307 1430868275.26
0.016 0.989083085898 1.48426031428e-05 147.3084 0.9604 0.8164 464 63.4333879948 0.944162073599 1430868275.36
0.009 0.988197883188 0.00676874509506 147.786 0.9604 0.8164 464 63.4333879948 0.94264223368 1430868275.48
0.016 0.987241336196 0.00210530828849 148.4908 0.9604 0.8164 464 63.4333879948 0.950096726422 1430868275.63
0.02 0.986143969065 9.30536855286e-11 149.1184 0.9604 0.8164 464 63.4333879948 0.963107458934 1430868275.76
0.016 0.984676573861 0.0 149.6512 0.9604 0.8164 464 63.4333879948 0.969275181345 1430868275.88
0.01 0.983246981517 0.0 150.1176 0.9604 0.8164 464 63.4333879948 0.954798619741 1430868276.0
0.018 0.984080972074 0.0 150.3324 0.9604 0.8172 464 63.4333879948 0.96058746134 1430868276.11
0.013 0.985194558911 0.0 150.4668 0.9604 0.818 464 63.4333879948 0.935389611987 1430868276.23
0.022 0.983812444804 0.0 150.6156 0.9604 0.8192 464 63.4333879948 0.934503457172 1430868276.35
0.022 0.984677071113 0.0 150.7624 0.9604 0.8204 464 63.4333879948 0.903312506992 1430868276.48
0.017 0.982978214648 0.0 150.7132 0.9604 0.8216 464 63.4333879948 0.945060295964 1430868276.59
0.026 0.985710476462 0.0 150.038 0.9604 0.824 464 63.4333879948 0.898071610965 1430868276.74
0.025 0.983410814407 0.0 149.5628 0.9604 0.8256 464 63.4333879948 0.930643231931 1430868276.9
0.02 0.984080095367 0.0 149.1964 0.9604 0.8268 464 63.4333879948 0.892434814733 1430868277.02
0.024 0.982857042652 0.0 149.4096 0.9604 0.8268 464 63.4333879948 0.910243901907 1430868277.13
0.029 0.986321984626 0.0 149.508 0.9604 0.8276 464 63.4333879948 0.902228576662 1430868277.24
0.022 0.989651570122 0.0 149.2252 0.9604 0.8292 464 63.4333879948 0.879029599432 1430868277.39
0.029 0.990116870811 0.0 149.2276 0.9604 0.8296 464 63.4333879948 0.911394851652 1430868277.54
0.024 0.990404133869 4.14349461663e-13 149.5968 0.9604 0.83 464 63.4333879948 0.888548288401 1430868277.72
0.038 0.988064608696 0.00601893580031 149.5896 0.9604 0.83 464 63.4333879948 0.881887647712 1430868277.88
0.043 0.986341077111 0.0144503980465 149.1532 0.9604 0.8312 464 63.4333879948 0.884461863189 1430868278.04
0.038 0.98554280183 0.0024875538874 149.1172 0.9604 0.8312 464 63.4333879948 0.877820291544 1430868278.21
0.03 0.985387859471 8.5653752312e-16 148.878 0.9604 0.8316 464 63.4333879948 0.879488938154 1430868278.39
0.03 0.985592816748 0.000462415742012 148.3832 0.9604 0.8324 464 63.4333879948 0.859974108163 1430868278.56
0.039 0.985839028736 0.00294397992824 148.3804 0.9604 0.8328 464 63.4333879948 0.872131601945 1430868278.69
0.026 0.986187893977 2.36945428829e-06 148.1584 0.9604 0.8328 464 63.4333879948 0.858102759648 1430868278.8
0.04 0.986368884217 2.84857520184e-161 148.3592 0.9604 0.8328 464 63.4333879948 0.87232327072 1430868278.91
0.033 0.986081160098 0.0 148.6584 0.9604 0.8328 464 63.4333879948 0.889164800577 1430868279.02
0.02 0.985992896906 3.15454325315e-15 148.8864 0.9604 0.8328 464 63.4333879948 0.890528535303 1430868279.19
0.024 0.985880618836 0.000693789690796 148.8084 0.9604 0.8332 464 63.4333879948 0.904107782158 1430868279.37
0.036 0.985491822212 0.00194985192682 148.6956 0.9604 0.8344 464 63.4333879948 0.876509204982 1430868279.51
0.031 0.985312001582 2.70855698706e-07 148.4616 0.9604 0.8352 464 63.4333879948 0.90898810783 1430868279.65
0.027 0.985362530389 1.71095498113e-98 148.1852 0.9604 0.836 464 63.4333879948 0.885611630701 1430868279.83
0.028 0.985249224491 9.11800992382e-12 148.38 0.9604 0.8364 464 63.4333879948 0.907071791721 1430868280.01
0.027 0.98495868388 0.00286141250992 148.586 0.9604 0.8368 464 63.4333879948 0.907002954849 1430868280.18
0.037 0.987376732526 0.000972971875438 149.1032 0.9604 0.8368 464 63.4333879948 0.885661951228 1430868280.34
0.021 0.98737295883 0.000966513691931 149.238 0.9604 0.8368 464 63.4333879948 0.895022605154 1430868280.51
0.023 0.987444052761 0.00047343113813 149.5284 0.9604 0.8372 464 63.4333879948 0.906871865224 1430868280.69
0.027 0.987223737825 0.0173391793466 149.2456 0.9604 0.838 464 63.4333879948 0.905469949927 1430868280.87
0.018 0.989430888344 0.0291659536787 149.3776 0.9604 0.8388 464 63.4333879948 0.915469734553 1430868281.05
0.025 0.988710913087 0.0306531251152 149.6312 0.9604 0.8392 464 63.4333879948 0.916918070454 1430868281.22
0.021 0.988047368527 0.0210429678672 150.032 0.9604 0.8392 464 63.4333879948 0.879053753923 1430868281.39
0.024 0.989732632875 0.0181687304334 150.558 0.9604 0.8392 464 63.4333879948 0.916366853209 1430868281.56
0.02 0.988897990988 0.012267918463 150.8284 0.9604 0.8396 464 63.4333879948 0.902276441672 1430868281.66
0.031 0.990458883062 0.025593097757 150.9932 0.9604 0.8396 464 63.4333879948 0.906281475285 1430868281.75
0.029 0.989792534391 0.029064149615 151.1204 0.9604 0.84 464 63.4333879948 0.904230474828 1430868281.85
0.028 0.989260520697 0.00708280474233 150.9032 0.9604 0.84 464 63.4333879948 0.899640130286 1430868281.97
0.02 0.989025397964 6.0279947361e-11 151.094 0.9604 0.8404 464 63.4333879948 0.914615290892 1430868282.09
0.011 0.988928622127 0.0 151.2408 0.9608 0.8408 464 63.4333879948 0.905390880541 1430868282.26
0.027 0.988748476817 0.0 151.346 0.9608 0.8412 464 63.4333879948 0.927576725095 1430868282.43
0.023 0.990782111908 0.0 151.3764 0.9608 0.8424 464 63.4333879948 0.904535944021 1430868282.56
0.015 0.990341311372 0.0 151.4464 0.9608 0.8432 464 63.4333879948 0.924836111009 1430868282.67
0.016 0.990060508904 0.0 151.8872 0.9608 0.8432 464 63.4333879948 0.946118601111 1430868282.78
0.026 0.989664709644 0.0 152.4668 0.9608 0.8432 464 63.4333879948 0.951850635223 1430868282.88
0.019 0.988762750415 0.0 153.0136 0.9608 0.8436 464 63.4333879948 0.935090903557 1430868283.03
0.012 0.987292383388 0.0 153.5792 0.9608 0.8436 464 63.4333879948 0.943646136301 1430868283.16
0.022 0.985220822893 0.0 153.8628 0.9608 0.844 464 63.4333879948 0.92606367321 1430868283.27
0.018 0.984409512747 0.0 153.7624 0.9608 0.8452 464 63.4333879948 0.912026963221 1430868283.36
0.027 0.980620952326 0.0 152.9844 0.9612 0.8472 464 63.4333879948 0.85127774696 1430868283.47
