0.0855 0.899685064112 0.284392049935 -220.047156053 1.0 0.696845777689 24.1572204417 63.2864393734 -3.93005519353 1408571407.44
0.11925 0.930925797201 0.141722441672 -207.025508307 1.0 0.701478452344 24.1572204417 63.2864393734 -1.69312864007 1408571408.08
0.162225 0.871695836633 0.0707504499963 -197.542308902 1.0 0.703337241557 24.1572204417 63.2864393734 -0.973077267516 1408571409.38
0.2079225 0.835769389446 0.048776635188 -188.509822986 1.0 0.704109353999 24.1572204417 63.2864393734 -1.15236832087 1408571410.82
0.21519225 0.825011570895 0.0308413572972 -180.910749521 1.0 0.705481998341 24.1572204417 63.2864393734 -0.736249159068 1408571412.5
0.214119225 0.826611372877 0.0235989039078 -176.091738397 1.0 0.705910949698 24.1572204417 63.2864393734 -0.0989267036374 1408571414.4
0.2239119225 0.834663265718 0.0134297159549 -172.467271011 1.0 0.705910949698 24.1572204417 63.2864393734 0.00456348476631 1408571416.1
0.19609119225 0.843948877105 0.0175958162879 -170.134061597 1.0 0.705968143213 24.1572204417 63.2864393734 0.0367685541766 1408571418.2
0.195109119225 0.859750987757 0.0153230412831 -166.92610598 1.0 0.706597271869 24.1572204417 63.2864393734 -0.149051407524 1408571420.38
0.200410911922 0.877118979593 0.00942683133419 -162.175469702 1.0 0.709514141096 24.1572204417 63.2864393734 -0.171149961634 1408571422.34
0.204541091192 0.890802311206 0.0081615036105 -157.899396608 1.0 0.710000285968 24.1572204417 63.2864393734 -0.437305021766 1408571423.78
0.210354109119 0.897864180797 0.00529111561573 -153.061683205 1.0 0.710000285968 24.1572204417 63.2864393734 -0.130510201719 1408571425.24
0.210935410912 0.908769271482 0.00433331267851 -148.493151077 1.0 0.710629414624 24.1572204417 63.2864393734 -0.0818596510459 1408571426.55
0.208293541091 0.919731362873 0.00228305185688 -145.435500014 1.0 0.711744688152 24.1572204417 63.2864393734 0.0254211731045 1408571428.02
0.164829354109 0.932666788749 0.00159404244239 -142.453287197 1.0 0.711744688152 24.1572204417 63.2864393734 -0.461827487687 1408571429.66
0.165882935411 0.945100414598 0.00058501165159 -138.340758958 1.0 0.711744688152 24.1572204417 63.2864393734 -0.320465979194 1408571430.77
0.163288293541 0.957036885967 0.000101378126416 -135.495067059 1.0 0.711744688152 24.1572204417 63.2864393734 -0.0915325329173 1408571431.89
0.131528829354 0.967085994604 0.000122014373647 -132.9673711 1.0 0.711744688152 24.1572204417 63.2864393734 -0.043037113728 1408571432.95
0.131052882935 0.974649435405 0.000875749591284 -130.171265978 1.0 0.711744688152 24.1572204417 63.2864393734 -0.271757988412 1408571434.22
0.105805288294 0.980551304176 0.000922468866959 -128.61314307 1.0 0.711744688152 24.1572204417 63.2864393734 -0.0168262971893 1408571435.17
0.105980528829 0.982856079597 0.000567357231987 -125.46375361 1.0 0.711744688152 24.1572204417 63.2864393734 -0.0300642982678 1408571436.31
0.104198052883 0.983394203488 0.000124843191816 -123.03897738 1.0 0.711744688152 24.1572204417 63.2864393734 0.00992792059148 1408571437.11
0.118419805288 0.983112059557 0.000171753044028 -118.736623867 1.0 0.711744688152 24.1572204417 63.2864393734 -0.670223215993 1408571437.89
0.145041980529 0.98440552489 0.000232331490077 -114.864394178 1.0 0.711744688152 24.1572204417 63.2864393734 -1.107118392 1408571438.65
0.132404198053 0.987015883889 0.000704806010767 -112.415310704 1.0 0.711744688152 24.1572204417 63.2864393734 -0.360245734593 1408571439.47
0.114940419805 0.98810765688 0.000836120292701 -110.227258429 1.0 0.711744688152 24.1572204417 63.2864393734 -0.144264679268 1408571440.22
0.123994041981 0.989582675358 0.000722685910399 -107.463238869 1.0 0.711744688152 24.1572204417 63.2864393734 -0.35993105199 1408571441.41
0.146499404198 0.991285656846 0.000766618086598 -104.883096457 1.0 0.711744688152 24.1572204417 63.2864393734 -0.175553725628 1408571442.53
0.14874994042 0.993240884828 0.000440122584886 -102.495896365 1.0 0.711744688152 24.1572204417 63.2864393734 -0.357064630721 1408571443.45
0.133674994042 0.994400131579 0.000138470544745 -101.238068003 1.0 0.711744688152 24.1572204417 63.2864393734 -0.0717665393092 1408571444.22
0.136667499404 0.995234531804 0.000118757292995 -99.2701249678 1.0 0.711744688152 24.1572204417 63.2864393734 -0.700228369412 1408571445.07
0.14686674994 0.995925943628 6.11777898761e-05 -98.2210243358 1.0 0.711744688152 24.1572204417 63.2864393734 -0.0102225168994 1408571445.82
0.143386674994 0.995905723162 2.55348926801e-05 -96.7253281478 1.0 0.711744688152 24.1572204417 63.2864393734 -0.291671213427 1408571446.83
0.131338667499 0.996924393177 2.3162708645e-05 -95.7128313649 1.0 0.711744688152 24.1572204417 63.2864393734 0.0486450709457 1408571447.9
0.13283386675 0.997308260052 0.000167270493276 -94.592724985 1.0 0.711744688152 24.1572204417 63.2864393734 -0.0213931152048 1408571448.9
0.124883386675 0.997329123117 0.000131297373919 -94.0213903743 1.0 0.711744688152 24.1572204417 63.2864393734 0.244560141082 1408571450.01
0.150188338667 0.997226915837 0.00010848742721 -93.3925190883 1.0 0.711744688152 24.1572204417 63.2864393734 0.225392605649 1408571451.06
0.158118833867 0.997128069764 6.29317277389e-05 -92.8688266751 1.0 0.711744688152 24.1572204417 63.2864393734 0.277962990319 1408571451.94
0.158011883387 0.997875539348 0.000128451801529 -92.2383539707 1.0 0.711744688152 24.1572204417 63.2864393734 0.209066136364 1408571452.66
0.164301188339 0.99904759907 0.000631116647342 -91.5610969716 1.0 0.711744688152 24.1572204417 63.2864393734 0.250320755236 1408571453.59
0.154130118834 0.999416632675 0.00117406607229 -90.6969601647 1.0 0.711744688152 24.1572204417 63.2864393734 0.127433715859 1408571454.39
0.176513011883 0.999394638875 0.00187102764845 -90.4886041923 1.0 0.711744688152 24.1572204417 63.2864393734 0.455307706109 1408571455.19
0.200351301188 0.999295406847 0.00234457693116 -89.7823500815 1.0 0.711744688152 24.1572204417 63.2864393734 0.298496718864 1408571456.1
0.191935130119 0.999351272296 0.00498850186023 -86.7799193571 1.0 0.713918041694 24.1572204417 63.2864393734 -0.401095603948 1408571456.98
0.191993513012 0.998504730617 0.00891088799047 -85.1364351283 1.0 0.71534787955 24.1572204417 63.2864393734 0.101905245405 1408571457.71
0.215399351301 0.996946485882 0.0175234403834 -83.4371014327 1.0 0.719208441763 24.1572204417 63.2864393734 -0.043720351375 1408571458.44
0.20963993513 0.994274352207 0.0244052812747 -81.4751065229 1.0 0.723669535875 24.1572204417 63.2864393734 0.02767506715 1408571459.25
0.223463993513 0.990789646379 0.0239769948366 -81.510537905 1.0 0.723669535875 24.1572204417 63.2864393734 0.357324673105 1408571460.38
0.233846399351 0.986868431522 0.0193324838327 -80.6853212846 1.0 0.723669535875 24.1572204417 63.2864393734 -0.32133033646 1408571461.23
0.242984639935 0.985016233977 0.0127666620613 -76.428350825 1.0 0.728445194315 24.1572204417 63.2864393734 -1.69071779442 1408571462.16
0.265498463994 0.986299866193 0.00677427146062 -72.4348708856 1.0 0.740198461494 24.1572204417 63.2864393734 -0.87880774504 1408571463.16
0.249749846399 0.990637593494 0.00743661157401 -69.5778546713 1.0 0.742514798822 24.1572204417 63.2864393734 -0.735912732413 1408571464.29
0.24547498464 0.994365097128 0.0144071423621 -67.8765477995 1.0 0.74651834482 24.1572204417 63.2864393734 -0.241905212288 1408571465.48
0.240547498464 0.995247717677 0.00983924425623 -67.3385570076 1.0 0.74651834482 24.1572204417 63.2864393734 0.192374887247 1408571466.25
0.229254749846 0.995115088805 0.00276161477746 -66.3094741056 1.0 0.746632731848 24.1572204417 63.2864393734 0.0552878317313 1408571467.02
0.202925474985 0.996114187639 0.00159833470046 -65.2399553891 1.0 0.746632731848 24.1572204417 63.2864393734 0.052957994219 1408571467.77
0.202992547498 0.997745027283 0.0033143057188 -64.4979267351 1.0 0.746632731848 24.1572204417 63.2864393734 0.149361584796 1408571468.83
0.19039925475 0.998506816729 0.0018427340885 -63.9513283194 1.0 0.746661328605 24.1572204417 63.2864393734 0.227807130749 1408571469.63
0.185539925475 0.998985018775 0.0033752916641 -63.3364122509 1.0 0.746661328605 24.1572204417 63.2864393734 0.216225222219 1408571470.4
0.181453992547 0.998384997369 0.00553061689781 -62.7348222712 1.0 0.746661328605 24.1572204417 63.2864393734 0.223357422512 1408571471.22
0.208045399255 0.997249517967 0.00239647441066 -62.1799307958 1.0 0.746661328605 24.1572204417 63.2864393734 0.210603288565 1408571472.1
0.192704539925 0.997125038016 0.0013985089947 -61.3055277532 1.0 0.746890102662 24.1572204417 63.2864393734 0.165655363374 1408571472.95
0.198370453993 0.997805417905 0.000476226801227 -60.8404014985 1.0 0.746918699419 24.1572204417 63.2864393734 0.26130158961 1408571473.79
0.179137045399 0.9985074433 0.00108729034785 -59.66384512 1.0 0.747176070234 24.1572204417 63.2864393734 0.0307237884058 1408571474.56
0.16551370454 0.99930555918 0.001477924133 -58.5739369156 1.0 0.747176070234 24.1572204417 63.2864393734 0.0230288883255 1408571475.31
0.155151370454 0.999662291534 0.0019663932976 -56.3020961423 1.0 0.752952615173 24.1572204417 63.2864393734 -0.38774265761 1408571476.1
0.168515137045 0.999477600522 0.00315320931089 -54.5802853956 1.0 0.758786353627 24.1572204417 63.2864393734 -0.0511923309879 1408571476.97
0.162651513705 0.999458388168 0.00165676160213 -52.5499442363 1.0 0.766021333181 24.1572204417 63.2864393734 -0.187548037442 1408571477.69
0.18816515137 0.99940518495 0.000440935708877 -51.6237524665 1.0 0.767336784009 24.1572204417 63.2864393734 0.124915172866 1408571478.38
0.160116515137 0.999799911356 9.8267167539e-05 -50.954788527 1.0 0.767336784009 24.1572204417 63.2864393734 0.179194060858 1408571479.35
0.167211651514 0.999931154802 0.000145690279798 -50.2977208385 1.0 0.767336784009 24.1572204417 63.2864393734 0.198594366042 1408571480.43
0.158021165151 0.999934819028 0.000751951443681 -49.6313878006 1.0 0.767336784009 24.1572204417 63.2864393734 0.199635817894 1408571481.5
0.167002116515 0.999952051191 0.000485552727918 -48.9311104121 1.0 0.767336784009 24.1572204417 63.2864393734 0.151034914303 1408571482.59
0.135500211652 0.99979027797 7.68650487252e-05 -48.1231948297 1.0 0.767336784009 24.1572204417 63.2864393734 0.124004620463 1408571483.63
0.134150021165 0.99989010845 2.37620459651e-05 -47.5565214905 1.0 0.767336784009 24.1572204417 63.2864393734 0.254171749136 1408571484.6
0.152915002117 0.999938492863 5.39560935642e-05 -47.0131259115 1.0 0.767336784009 24.1572204417 63.2864393734 0.27284105912 1408571485.32
0.178191500212 0.999948166642 0.000378550362967 -46.578826961 1.0 0.767336784009 24.1572204417 63.2864393734 0.27153534264 1408571486.03
0.174419150021 0.999883679097 0.00219937484518 -46.2644056164 1.0 0.767336784009 24.1572204417 63.2864393734 0.26456631266 1408571487.1
0.174041915002 0.999530704212 0.00121724671527 -45.6622722983 1.0 0.767336784009 24.1572204417 63.2864393734 0.206975738143 1408571487.83
0.1821041915 0.999311675969 0.00103367949182 -44.5966713375 1.0 0.76762275158 24.1572204417 63.2864393734 0.132701221747 1408571488.71
0.17751041915 0.999429149137 0.000555961526131 -43.596728531 1.0 0.76762275158 24.1572204417 63.2864393734 0.0966720724002 1408571489.71
0.173451041915 0.999713401013 0.000563838605464 -42.3437330207 1.0 0.76762275158 24.1572204417 63.2864393734 0.0131622390883 1408571490.74
0.181145104192 0.999910168816 0.00113012942471 -41.2482770454 1.0 0.76762275158 24.1572204417 63.2864393734 0.114832910845 1408571491.48
0.150414510419 0.999776673796 0.00136663793228 -39.4292659212 1.0 0.768480654294 24.1572204417 63.2864393734 -0.132245427061 1408571492.23
0.191441451042 0.999459604089 0.00299414418932 -38.8879007121 1.0 0.768509251051 24.1572204417 63.2864393734 0.270372406283 1408571493.05
0.209044145104 0.99914513843 0.00412488828195 -38.1451857359 1.0 0.771082959192 24.1572204417 63.2864393734 0.16565869722 1408571493.87
0.21170441451 0.998217665004 0.00111266372666 -37.0798707427 1.0 0.774857731133 24.1572204417 63.2864393734 -0.0191319900629 1408571494.74
0.194870441451 0.998484514021 0.000549143440319 -36.6324172839 1.0 0.774943521405 24.1572204417 63.2864393734 0.318039313608 1408571495.56
0.187787044145 0.999213142116 0.000284147718119 -36.276702222 1.0 0.774943521405 24.1572204417 63.2864393734 0.348019895057 1408571496.4
0.175378704415 0.999831459171 0.000243975052796 -35.9327976207 1.0 0.774943521405 24.1572204417 63.2864393734 0.329416113509 1408571497.39
0.160637870441 0.999969237495 0.000634884650078 -35.3682690383 1.0 0.774943521405 24.1572204417 63.2864393734 0.310038950897 1408571498.08
0.175363787044 0.999898911366 0.00233366960007 -35.2309188138 1.0 0.774943521405 24.1572204417 63.2864393734 0.418280363626 1408571498.8
0.192136378704 0.999481661747 0.0057007580785 -35.5717921588 1.0 0.774943521405 24.1572204417 63.2864393734 0.558937437421 1408571499.57
0.20281363787 0.9985479949 0.0042679685114 -35.4838571306 1.0 0.774943521405 24.1572204417 63.2864393734 0.392277818886 1408571500.38
0.218281363787 0.998138775994 0.00834664316781 -36.013183105 1.0 0.774943521405 24.1572204417 63.2864393734 0.482256457538 1408571501.14
0.227028136379 0.996521018922 0.00866108907944 -36.3537704824 1.0 0.774943521405 24.1572204417 63.2864393734 0.31927510936 1408571502.0
0.233302813638 0.994986819276 0.0152253796532 -35.835511453 1.0 0.775515456547 24.1572204417 63.2864393734 0.0258062385297 1408571502.83
0.242030281364 0.992879111891 0.0267737798455 -36.0436100546 1.0 0.775572650061 24.1572204417 63.2864393734 0.166246826081 1408571503.71
0.264503028136 0.99024335604 0.0250940182685 -35.8368840973 1.0 0.779090051188 24.1572204417 63.2864393734 0.0489068728456 1408571504.49
0.246050302814 0.987920938855 0.0195484071878 -35.5326431983 1.0 0.782750436101 24.1572204417 63.2864393734 0.0463221203633 1408571505.45
0.240605030281 0.987661903494 0.0179910730333 -35.7266150019 1.0 0.782807629615 24.1572204417 63.2864393734 0.278711993195 1408571506.31
0.243660503028 0.988543242726 0.0133853025398 -35.8993108182 1.0 0.782836226372 24.1572204417 63.2864393734 0.261166625109 1408571507.27
0.249366050303 0.99035162363 0.00823465037236 -35.3856272699 1.0 0.782836226372 24.1572204417 63.2864393734 0.168957511487 1408571508.07
0.22653660503 0.992515897911 0.00965870309009 -35.0096943007 1.0 0.782836226372 24.1572204417 63.2864393734 0.182965204223 1408571508.98
0.182853660503 0.994070749654 0.00680267180681 -34.6031628013 1.0 0.782836226372 24.1572204417 63.2864393734 0.18450623172 1408571509.91
0.16228536605 0.99564318608 0.00142273813148 -33.7431439275 1.0 0.7835511453 24.1572204417 63.2864393734 0.111096571321 1408571510.7
0.177328536605 0.997511217087 0.0022004898646 -33.0879636249 1.0 0.7835511453 24.1572204417 63.2864393734 0.137505579517 1408571511.5
0.167132853661 0.998894906172 0.00937963932506 -32.4085332723 1.0 0.7835511453 24.1572204417 63.2864393734 0.161178234494 1408571512.43
0.152613285366 0.998942375875 0.00812686554533 -31.9418055992 1.0 0.7835511453 24.1572204417 63.2864393734 0.221394711231 1408571513.26
0.152961328537 0.998193483458 0.00143805746115 -31.4144528011 1.0 0.7835511453 24.1572204417 63.2864393734 0.191609066665 1408571514.21
0.154796132854 0.998541930044 0.000275862214463 -30.8997111728 1.0 0.7835511453 24.1572204417 63.2864393734 0.20887194459 1408571515.01
0.153179613285 0.99925580759 4.69773872038e-05 -30.4916640453 1.0 0.7835511453 24.1572204417 63.2864393734 0.255667669204 1408571515.89
0.181817961329 0.999807861987 0.000893941761284 -30.0844748206 1.0 0.7835511453 24.1572204417 63.2864393734 0.266838254228 1408571516.95
0.160381796133 0.999974680226 0.00149255485413 -29.304841431 1.0 0.784323257743 24.1572204417 63.2864393734 0.153322735343 1408571517.83
0.188838179613 0.999971362578 0.00344233713875 -28.6233235151 1.0 0.786553804799 24.1572204417 63.2864393734 0.213107252361 1408571518.69
0.218683817961 0.999722076757 0.00167796371559 -27.7153192828 1.0 0.787669078327 24.1572204417 63.2864393734 0.238925952156 1408571519.85
0.200068381796 0.999333842469 0.000986129857471 -25.982927736 1.0 0.792473333524 24.1572204417 63.2864393734 0.0107275281763 1408571520.97
0.21080683818 0.999395936282 0.00137012037536 -23.9436643885 1.0 0.798850410363 24.1572204417 63.2864393734 -0.160011128907 1408571522.11
0.228080683818 0.999723667302 0.00314620100934 -23.3124195716 1.0 0.801424118505 24.1572204417 63.2864393734 0.244644467702 1408571522.98
0.228008068382 0.999577576106 0.00307579351937 -22.9527581572 1.0 0.80316852069 24.1572204417 63.2864393734 0.36752744147 1408571523.75
0.229800806838 0.998893449865 0.00165837518837 -22.6452858246 1.0 0.80316852069 24.1572204417 63.2864393734 0.388582657258 1408571524.52
0.222780080684 0.998748879531 0.00259071935022 -22.4137092854 1.0 0.804569761789 24.1572204417 63.2864393734 0.361513187636 1408571525.26
0.235578008068 0.998592078635 0.00135165953365 -22.320026309 1.0 0.804712745575 24.1572204417 63.2864393734 0.460605755836 1408571525.99
0.209857800807 0.999239297898 0.00264733162888 -21.8407732563 1.0 0.807372243988 24.1572204417 63.2864393734 0.351138176904 1408571526.76
0.215385780081 0.999721703061 0.00421360878957 -20.8610197604 1.0 0.813835111098 24.1572204417 63.2864393734 0.151080820992 1408571527.59
0.236638578008 0.999305558499 0.00481814241742 -20.3785638709 1.0 0.816237238697 24.1572204417 63.2864393734 0.248575999631 1408571528.49
0.225263857801 0.998395235898 0.00435946625709 -19.132231405 1.0 0.825902942606 24.1572204417 63.2864393734 -0.0550433665203 1408571529.24
0.21512638578 0.997885454386 0.00338102168795 -17.4989276216 1.0 0.8371128714 24.1572204417 63.2864393734 -0.120565393429 1408571530.26
0.205112638578 0.997662092921 0.00654011025087 -15.936886957 1.0 0.847064542881 24.1572204417 63.2864393734 -0.0329601155137 1408571531.01
0.216711263858 0.99658226829 0.00360378702332 -15.3996682776 1.0 0.847350510452 24.1572204417 63.2864393734 0.214690443297 1408571531.93
0.199871126386 0.996815973985 0.000847038897606 -14.8656810318 1.0 0.847350510452 24.1572204417 63.2864393734 0.212257315914 1408571532.71
0.211687112639 0.997814575772 0.000446194667096 -14.3374417341 1.0 0.847350510452 24.1572204417 63.2864393734 0.212036331935 1408571533.41
0.178668711264 0.999033796076 0.000522412225091 -13.8441476737 1.0 0.847350510452 24.1572204417 63.2864393734 0.255701304929 1408571534.19
0.193366871126 0.999783893885 0.000503923098396 -13.3141639738 1.0 0.847350510452 24.1572204417 63.2864393734 0.236583699158 1408571534.87
0.150736687113 0.999932739792 0.00147783405964 -12.7769166976 1.0 0.847350510452 24.1572204417 63.2864393734 0.226043471004 1408571535.68
0.159073668711 0.999802576375 0.00101304853882 -12.4035288398 1.0 0.847350510452 24.1572204417 63.2864393734 0.302623110009 1408571536.45
0.170707366871 0.999636761717 0.00308616110015 -11.9951099545 1.0 0.847350510452 24.1572204417 63.2864393734 0.291050015151 1408571537.19
0.179070736687 0.998943735904 0.00422314357251 -11.4212016357 1.0 0.847350510452 24.1572204417 63.2864393734 0.199750951504 1408571537.92
0.202407073669 0.997985217918 0.00404375165787 -10.9357430867 1.0 0.847350510452 24.1572204417 63.2864393734 0.222881288323 1408571538.68
0.198440707367 0.997296598985 0.00216400166135 -10.408104321 1.0 0.847350510452 24.1572204417 63.2864393734 0.191345243 1408571539.66
0.189944070737 0.997719479345 0.00152930024524 -9.89759501273 1.0 0.847350510452 24.1572204417 63.2864393734 0.174625746759 1408571540.54
0.190894407074 0.998740564438 0.000327871828998 -9.43893162515 1.0 0.847350510452 24.1572204417 63.2864393734 0.224592652392 1408571541.26
0.205389440707 0.999573182317 0.000210270641196 -9.1077239841 1.0 0.847350510452 24.1572204417 63.2864393734 0.266176217562 1408571542.02
0.195138944071 0.999920926103 0.000840704788583 -8.88083731305 1.0 0.847379107209 24.1572204417 63.2864393734 0.321791079125 1408571542.81
0.199513894407 0.999814509317 0.00259367220442 -8.32960622265 1.0 0.849952815351 24.1572204417 63.2864393734 0.263185236011 1408571543.59
0.199051389441 0.999636161513 0.00485632158063 -7.37661929137 1.0 0.855900940833 24.1572204417 63.2864393734 0.175123742929 1408571544.49
0.219705138944 0.999123537476 0.00699130539943 -6.18053132775 1.0 0.865223483657 24.1572204417 63.2864393734 0.128219142394 1408571545.37
0.195670513894 0.998097870873 0.003439225522 -5.50244502273 1.0 0.867911578827 24.1572204417 63.2864393734 0.257903746474 1408571546.3
0.183367051389 0.997705860036 0.00204464563568 -4.24204295233 1.0 0.873573736738 24.1572204417 63.2864393734 0.109245429033 1408571547.19
0.183936705139 0.998192030737 0.00118006568502 -3.55497726558 1.0 0.877148331379 24.1572204417 63.2864393734 0.261153200442 1408571548.09
0.190293670514 0.999235938607 0.00303916704978 -3.11407246418 1.0 0.879150104378 24.1572204417 63.2864393734 0.322249132454 1408571549.18
0.200829367051 0.999585149933 0.00600253884443 -2.57159198147 1.0 0.88172381252 24.1572204417 63.2864393734 0.246215729252 1408571550.23
0.228882936705 0.999077393415 0.00561067781236 -2.52137607595 1.0 0.88172381252 24.1572204417 63.2864393734 0.451123140488 1408571551.04
0.226288293671 0.997815180654 0.00404016559129 -2.4533729875 1.0 0.88172381252 24.1572204417 63.2864393734 0.421285713055 1408571551.94
0.234128829367 0.997298135021 0.00105093006595 -2.31327747433 1.0 0.88172381252 24.1572204417 63.2864393734 0.419368219609 1408571552.72
0.194412882937 0.998299635754 0.00149739554702 -1.94766793446 1.0 0.88172381252 24.1572204417 63.2864393734 0.358029809859 1408571553.54
0.181441288294 0.999222904195 0.00260564534166 -1.59103777632 1.0 0.88172381252 24.1572204417 63.2864393734 0.338925996336 1408571554.62
0.183744128829 0.999175126395 0.00206976651615 -1.11207069118 1.0 0.88172381252 24.1572204417 63.2864393734 0.267573615307 1408571555.39
0.183974412883 0.998824950099 0.00333975181091 -0.800909376877 1.0 0.88172381252 24.1572204417 63.2864393734 0.328982215327 1408571556.48
0.211897441288 0.998900384743 0.00457282027405 -0.958077154051 1.0 0.88172381252 24.1572204417 63.2864393734 0.477409829833 1408571557.63
0.198489744129 0.999081262164 0.0113791559279 -1.36060510738 1.0 0.881781006034 24.1572204417 63.2864393734 0.505104191801 1408571558.78
0.203448974413 0.997920359215 0.0175392082114 -0.53444479396 1.0 0.895650433241 24.1572204417 63.2864393734 0.126832878095 1408571559.99
0.195844897441 0.996563089441 0.0141050820156 0.203494523721 1.0 0.164002402128 -24.9213897791 123.503030158 0.153229977077 1408571561.2
0.208584489744 0.995314333072 0.00987333893231 0.484028711144 1.0 0.245588950213 -24.9213897791 123.503030158 0.198511581939 1408571562.08
0.213458448974 0.994036821119 0.00528803284946 0.464640109812 1.0 0.302753867711 -24.9213897791 123.503030158 0.304406711124 1408571562.87
0.196845844897 0.994692035475 0.0150194271346 0.245274385885 1.0 0.347936743973 -24.9213897791 123.503030158 0.364462903746 1408571563.76
0.19158458449 0.996059206703 0.0135027177107 0.188910177586 1.0 0.386170608253 -24.9213897791 123.503030158 0.318365987247 1408571564.58
0.210858458449 0.997106734959 0.0100052995456 0.491063513398 1.0 0.417083702708 -24.9213897791 123.503030158 0.30614273801 1408571565.38
0.197485845845 0.996283756145 0.0104005171788 0.318024536018 1.0 0.454030712917 -24.9213897791 123.503030158 0.454624883139 1408571566.13
0.206948584584 0.994341773221 0.0110006441753 0.441505333295 1.0 0.487631902542 -24.9213897791 123.503030158 0.314013370904 1408571566.91
0.206094858458 0.993279100046 0.00623960792369 0.661728959936 1.0 0.519803254311 -24.9213897791 123.503030158 0.288799009253 1408571567.97
0.222209485846 0.993961036032 0.00362311942549 0.772484200292 1.0 0.561554519717 -24.9213897791 123.503030158 0.354212522211 1408571569.07
0.215720948585 0.99581335545 0.00202057167747 0.90720352312 1.0 0.594412193657 -24.9213897791 123.503030158 0.369580786102 1408571570.2
0.210572094858 0.997812315239 0.00303469298614 1.33049272213 1.0 0.613829391747 -24.9213897791 123.503030158 0.236938934504 1408571571.21
0.195657209486 0.99880366147 0.00196020263025 1.75609825846 1.0 0.628613915182 -24.9213897791 123.503030158 0.233617650576 1408571571.97
0.165365720949 0.999313426805 0.000548102396833 2.28265034745 1.0 0.638508393148 -24.9213897791 123.503030158 0.214411213834 1408571572.86
0.151536572095 0.99982626553 0.000170400242182 2.91901398381 1.0 0.643026680774 -24.9213897791 123.503030158 0.191622154296 1408571573.76
0.152853657209 0.999947933164 0.000726322726309 3.52918299065 1.0 0.649289370585 -24.9213897791 123.503030158 0.208239743088 1408571574.51
0.132285365721 0.999980363206 0.00139966418891 4.15130544196 1.0 0.654408190111 -24.9213897791 123.503030158 0.180625062637 1408571575.26
0.135628536572 0.999867508879 0.00241827294209 4.69335697332 1.0 0.661042637765 -24.9213897791 123.503030158 0.212483444823 1408571576.07
0.175562853657 0.999256996696 0.00516848047755 5.19851868798 1.0 0.674139952529 -24.9213897791 123.503030158 0.24580167919 1408571577.16
0.186756285366 0.997708603055 0.00730751986418 5.83625496869 1.0 0.688752895422 -24.9213897791 123.503030158 0.195056506207 1408571578.0
0.197775628537 0.995434033114 0.00582701036133 6.02599445223 1.0 0.706597271869 -24.9213897791 123.503030158 0.347035645412 1408571578.81
0.196177562854 0.994900087167 0.00373884544533 6.36678200692 1.0 0.715519460093 -24.9213897791 123.503030158 0.260566038005 1408571579.79
0.216717756285 0.996333802377 0.00366505530931 6.5995882067 1.0 0.722868826675 -24.9213897791 123.503030158 0.300783840949 1408571580.56
0.209771775629 0.998032177781 0.00161975049579 6.79310246218 1.0 0.730618547857 -24.9213897791 123.503030158 0.314301352371 1408571581.46
0.216277177563 0.999130402346 0.00441890311499 6.72727272727 1.0 0.743973233435 -24.9213897791 123.503030158 0.437253193792 1408571582.63
0.225027717756 0.999345551493 0.00652722322873 6.31948297063 1.0 0.75975864337 -24.9213897791 123.503030158 0.61866760632 1408571583.48
0.221402771776 0.998299586389 0.007874907589 6.21167319626 1.0 0.774571763562 -24.9213897791 123.503030158 0.466283511049 1408571584.3
0.233640277178 0.996830167762 0.00886637321827 6.34787955046 1.0 0.790957705396 -24.9213897791 123.503030158 0.384427126429 1408571585.09
0.205164027718 0.995455951438 0.0141282874508 6.52426434842 1.0 0.809574194286 -24.9213897791 123.503030158 0.335262599157 1408571586.04
0.170816402772 0.994016524036 0.00984440080893 6.89053161372 1.0 0.823615202036 -24.9213897791 123.503030158 0.287026255051 1408571586.85
0.213281640277 0.992973885886 0.00678527757292 7.13443335526 1.0 0.834567760016 -24.9213897791 123.503030158 0.294519702442 1408571587.79
0.213928164028 0.994206856793 0.00778060080311 7.39106065372 1.0 0.84288941634 -24.9213897791 123.503030158 0.324958721139 1408571588.73
0.228392816403 0.995566659955 0.00741599741318 7.67968772341 1.0 0.848580171009 -24.9213897791 123.503030158 0.31559895738 1408571589.65
0.23883928164 0.995995619693 0.00628285565126 7.8108324516 1.0 0.853355829449 -24.9213897791 123.503030158 0.375220299038 1408571590.52
0.203883928164 0.996146462355 0.00734684272543 7.8880722926 1.0 0.854814264062 -24.9213897791 123.503030158 0.389981757083 1408571591.38
0.203088392816 0.99628115358 0.00364445157428 7.61974892047 1.0 0.859075180874 -24.9213897791 123.503030158 0.55965235263 1408571592.13
0.211108839282 0.997182086717 0.00366432753619 7.50965140553 1.0 0.86210643713 -24.9213897791 123.503030158 0.43780709336 1408571592.89
0.197510883928 0.997991828239 0.00430681157502 7.35248362836 1.0 0.867368240442 -24.9213897791 123.503030158 0.518668578775 1408571593.7
0.240251088393 0.998023641446 0.00716709781928 7.9997998227 1.0 0.875718493523 -24.9213897791 123.503030158 0.181153055893 1408571594.58
0.208525108839 0.997849517964 0.0171756992725 7.77457176356 1.0 0.881294861163 -24.9213897791 123.503030158 0.384931906989 1408571595.53
0.201752510884 0.996373494277 0.0278328968867 6.98847550688 1.0 0.889931081815 -24.9213897791 123.503030158 0.369152063094 1408571596.33
0.225375251088 0.994145858934 0.0328011510481 7.20832737568 1.0 0.891189339129 -24.9213897791 123.503030158 0.297377725449 1408571597.12
0.258337525109 0.990716254913 0.0416655956206 7.19480110955 1.0 0.893133918614 -24.9213897791 123.503030158 0.380639081221 1408571597.99
0.281433752511 0.987309177801 0.036324962982 6.62549686866 1.0 0.895135691613 -24.9213897791 123.503030158 0.520259387556 1408571598.81
0.269343375251 0.984583355489 0.0267986552833 6.66578969945 1.0 0.214189710887 9.53930511044 81.190268088 0.379254088854 1408571600.04
0.266334337525 0.984160283252 0.0184827259062 6.66081386371 1.0 0.325373902599 9.53930511044 81.190268088 0.362254765575 1408571601.23
0.273233433753 0.986883193102 0.0126662729306 6.66064228317 1.0 0.380394063313 9.53930511044 81.190268088 0.362920643301 1408571602.09
0.237023343375 0.989628744719 0.0122524384002 6.81360633704 1.0 0.412794189139 9.53930511044 81.190268088 0.356699965282 1408571603.12
0.287402334338 0.991538311422 0.0100986250889 7.09928794075 1.0 0.441533930052 9.53930511044 81.190268088 0.313978683314 1408571603.9
0.266340233434 0.993469757009 0.0127997408192 7.21936572393 1.0 0.481969744631 9.53930511044 81.190268088 0.393088295713 1408571604.87
0.257034023343 0.993742349893 0.0137411847895 7.4124224313 1.0 0.514083902885 9.53930511044 81.190268088 0.364675717351 1408571606.13
0.259703402334 0.993379858033 0.0155779750871 7.27956189768 1.0 0.5671022906 9.53930511044 81.190268088 0.434639711537 1408571607.42
0.258170340233 0.993490825805 0.0121982879786 7.08930767251 1.0 0.617232405845 9.53930511044 81.190268088 0.366585855284 1408571608.71
0.249917034023 0.994313706425 0.00490249480779 7.1049215019 1.0 0.642140181303 9.53930511044 81.190268088 0.330459679577 1408571609.69
0.190591703402 0.996005740132 0.00428090732064 7.17895850611 1.0 0.66696216649 9.53930511044 81.190268088 0.367692688529 1408571610.57
0.17925917034 0.99724483684 0.00263998550639 7.3978094884 1.0 0.684034430496 9.53930511044 81.190268088 0.314054305346 1408571611.75
0.190725917034 0.998138311351 0.00195779748817 7.32171351769 1.0 0.710686608139 9.53930511044 81.190268088 0.498454244852 1408571612.69
0.179272591703 0.999111300938 0.0018194821761 7.59824415911 1.0 0.723898309932 9.53930511044 81.190268088 0.341394021431 1408571613.57
0.17272725917 0.999531324741 0.00220927824251 8.12353799079 1.0 0.732362950041 9.53930511044 81.190268088 0.212230757772 1408571614.72
0.171172725917 0.999506296668 0.00412745202587 8.33910034602 1.0 0.746890102662 9.53930511044 81.190268088 0.360794429365 1408571615.5
0.192617272592 0.999358243849 0.0106478642168 8.41865652435 1.0 0.766107123452 9.53930511044 81.190268088 0.368901905975 1408571616.22
0.176761727259 0.998813194438 0.00908736999226 8.86121993766 1.0 0.781034630673 9.53930511044 81.190268088 0.267818646017 1408571617.18
0.169776172726 0.997716276752 0.00945863371027 9.24207154909 1.0 0.79739197575 9.53930511044 81.190268088 0.261473510074 1408571618.13
0.187077617273 0.996146094473 0.0120475647054 9.27166919271 1.0 0.825245217192 9.53930511044 81.190268088 0.382778053656 1408571619.0
0.194207761727 0.994887245268 0.0147449680533 9.89150390346 1.0 0.833309502702 9.53930511044 81.190268088 0.179760003599 1408571619.92
0.186820776173 0.994259644601 0.0125871939204 10.4981555092 1.0 0.838971660614 9.53930511044 81.190268088 0.176762532086 1408571621.04
0.180682077617 0.99398722552 0.0101930480265 10.775458263 1.0 0.848294203437 9.53930511044 81.190268088 0.304631417039 1408571621.99
0.207068207762 0.994572928567 0.00877114488143 11.0402928308 1.0 0.859504132231 9.53930511044 81.190268088 0.323894608758 1408571622.87
0.234006820776 0.996298725503 0.0117952666209 11.0122394121 1.0 0.871743544282 9.53930511044 81.190268088 0.463499466533 1408571623.62
0.204300682078 0.996837094735 0.0101235193173 11.1288283909 1.0 0.879922216821 9.53930511044 81.190268088 0.427488076556 1408571624.47
0.195930068208 0.997305326675 0.00941631083967 11.3849695445 1.0 0.883696988761 9.53930511044 81.190268088 0.344425802917 1408571625.44
0.227493006821 0.997922148279 0.0079212058899 11.4159684292 1.0 0.88998827533 9.53930511044 81.190268088 0.447129329978 1408571626.18
0.237849300682 0.998697936598 0.00352918935392 11.3179387457 1.0 0.899453801939 9.53930511044 81.190268088 0.510269622737 1408571627.28
0.215484930068 0.99930109329 0.00148885853965 11.6581257685 1.0 0.899453801939 9.53930511044 81.190268088 0.26056070769 1408571628.18
0.206048493007 0.999642288896 0.00116606524804 11.9771511911 1.0 0.89953959221 9.53930511044 81.190268088 0.349829234386 1408571629.01
0.177204849301 0.999845367103 0.00232271843592 12.1737824931 1.0 0.89953959221 9.53930511044 81.190268088 0.404860004443 1408571629.75
0.21572048493 0.999523163888 0.00294256443433 12.1864508565 1.0 0.0576224656124 20.7696525552 56.1548700574 0.499888035357 1408571630.55
0.208772048493 0.998748797491 0.00359167665094 12.2834510567 1.0 0.225885784552 20.7696525552 56.1548700574 0.407153450251 1408571631.6
0.236877204849 0.997905696403 0.00756921893674 12.3176813749 1.0 0.276959592782 20.7696525552 56.1548700574 0.428823537794 1408571632.5
0.279287720485 0.996593231128 0.00761665560029 12.1882524522 1.0 0.331236237811 20.7696525552 56.1548700574 0.433375122684 1408571633.36
0.270928772048 0.994652415527 0.00905937350863 12.1392090137 1.0 0.376075952987 20.7696525552 56.1548700574 0.398612480718 1408571634.15
0.256592877205 0.993913141716 0.0105505536938 11.8979095771 1.0 0.431868226143 20.7696525552 56.1548700574 0.439456435383 1408571635.07
0.26505928772 0.993980144652 0.0110032554179 12.013898024 1.0 0.460779547599 20.7696525552 56.1548700574 0.335629198152 1408571635.97
0.279405928772 0.993456652496 0.0134521428524 12.0388057994 1.0 0.494266350196 20.7696525552 56.1548700574 0.315535474691 1408571636.73
0.225040592877 0.993403257338 0.0135952325426 12.5409362578 1.0 0.507106294146 20.7696525552 56.1548700574 0.194201857268 1408571637.52
0.226804059288 0.993098060509 0.00787104739273 13.0041465298 1.0 0.526952443593 20.7696525552 56.1548700574 0.230010898837 1408571638.47
0.207180405929 0.994067169045 0.00851432407684 13.2783036404 1.0 0.554548314221 20.7696525552 56.1548700574 0.226491049044 1408571639.23
0.202518040593 0.995542292959 0.00531925971508 13.249849867 1.0 0.585747376248 20.7696525552 56.1548700574 0.30136026675 1408571640.0
