0.1107 0.899685064112 0.133821904058 -207.137178644 1.0 0.874317252424 -103.225585938 66.687195366 -10.605515833 1408557857.67
0.15867 0.930210247108 0.0596253797648 -192.380394063 1.0 0.874317252424 -103.225585938 66.687195366 -2.57289498898 1408557859.15
0.234567 0.86936598521 0.0319684876325 -178.067516944 1.0 0.874317252424 -103.225585938 66.687195366 -1.90290283275 1408557860.92
0.2745567 0.834122399296 0.0225454051531 -167.075409649 1.0 0.874317252424 -103.225585938 66.687195366 -1.72456178644 1408557864.66
0.30015567 0.821522209592 0.0216686834256 -161.475707055 1.0 0.874317252424 -103.225585938 66.687195366 -0.709881942353 1408557868.15
0.292815567 0.823406063136 0.0261391334466 -158.567731419 1.0 0.874317252424 -103.225585938 66.687195366 -0.262127459827 1408557871.37
0.3199815567 0.834027730408 0.0334461327079 -154.102519374 1.0 0.874317252424 -103.225585938 66.687195366 -0.258552801879 1408557874.91
0.35509815567 0.849946723969 0.03197764191 -146.527753153 1.0 0.874317252424 -103.225585938 66.687195366 -0.444254949835 1408557878.87
0.336109815567 0.865934686683 0.035108758146 -141.645028454 1.0 0.874317252424 -103.225585938 66.687195366 0.0137408882697 1408557882.5
0.319810981557 0.879449149894 0.0407301650392 -138.5899511 1.0 0.874317252424 -103.225585938 66.687195366 0.0330853531821 1408557885.94
0.319081098156 0.891117754838 0.0365281431954 -135.285481426 1.0 0.874317252424 -103.225585938 66.687195366 -0.017766779869 1408557888.58
0.297408109816 0.899778970987 0.030000252566 -133.62998656 1.0 0.874317252424 -103.225585938 66.687195366 -0.0469921588742 1408557891.07
0.272740810982 0.908109512908 0.0229401954716 -132.421115845 1.0 0.874317252424 -103.225585938 66.687195366 0.0162815742396 1408557894.03
0.292774081098 0.912677337289 0.0212688272331 -130.164488547 1.0 0.874317252424 -103.225585938 66.687195366 -0.197687893259 1408557896.62
0.30467740811 0.916269377014 0.0202105625324 -127.441819898 1.0 0.874317252424 -103.225585938 66.687195366 -0.0780892747336 1408557899.39
0.320267740811 0.922877080749 0.0195731201174 -124.116703366 1.0 0.874317252424 -103.225585938 66.687195366 -0.132571264761 1408557902.35
0.320926774081 0.929661371361 0.0184755570398 -118.45528897 1.0 0.874317252424 -103.225585938 66.687195366 -0.746042458694 1408557905.16
0.320992677408 0.935921466295 0.01573654572 -113.910177586 1.0 0.874317252424 -103.225585938 66.687195366 -0.369658149954 1408557907.67
0.310199267741 0.943049156352 0.0144362370717 -111.546169464 1.0 0.874317252424 -103.225585938 66.687195366 -0.845471586786 1408557910.3
0.317219926774 0.950265913617 0.0177031862286 -109.413594898 1.0 0.874317252424 -103.225585938 66.687195366 -0.634809218893 1408557912.94
0.268421992677 0.955973157722 0.0184651138225 -108.26234665 1.0 0.874317252424 -103.225585938 66.687195366 -0.0650614557105 1408557915.41
0.297742199268 0.960252907762 0.0187798370744 -107.111870514 1.0 0.874317252424 -103.225585938 66.687195366 -0.0871268448706 1408557917.77
0.282674219927 0.963579780503 0.0208630728725 -105.441819898 1.0 0.874317252424 -103.225585938 66.687195366 -0.223216840877 1408557919.77
0.318967421993 0.964853208167 0.0231385173565 -103.285795991 1.0 0.874317252424 -103.225585938 66.687195366 -0.271888218325 1408557922.06
0.345996742199 0.964917555957 0.0195751795309 -100.78412308 1.0 0.874317252424 -103.225585938 66.687195366 -0.0724355166707 1408557924.53
0.31269967422 0.967224124856 0.0168025619494 -99.2284880895 1.0 0.874317252424 -103.225585938 66.687195366 0.0557229227321 1408557926.37
0.290469967422 0.971042405103 0.0175528271146 -97.2734993852 1.0 0.874317252424 -103.225585938 66.687195366 -0.0582694294864 1408557928.6
0.300846996742 0.974633332935 0.0141678691969 -95.8633075009 1.0 0.874317252424 -103.225585938 66.687195366 0.0642539308842 1408557930.89
0.241584699674 0.979053171465 0.0121735362616 -94.1650890789 1.0 0.874317252424 -103.225585938 66.687195366 -0.0219316432727 1408557933.15
0.256358469967 0.983279958511 0.0139147607306 -92.6109125225 1.0 0.874317252424 -103.225585938 66.687195366 -0.0635202280348 1408557934.88
0.245235846997 0.985047443266 0.0158557409861 -91.2457605308 1.0 0.874317252424 -103.225585938 66.687195366 -0.0936725919618 1408557936.59
0.2648235847 0.985751449667 0.0211136748272 -90.1199633962 1.0 0.874317252424 -103.225585938 66.687195366 -0.00738695069386 1408557938.22
0.21728235847 0.986252227543 0.023097867467 -89.0879064314 1.0 0.874317252424 -103.225585938 66.687195366 -0.0703706887508 1408557940.27
0.226028235847 0.986909229837 0.0254797532683 -87.9160399211 1.0 0.874317252424 -103.225585938 66.687195366 -0.131931120322 1408557942.4
0.259302823585 0.986882322212 0.0270967094218 -85.801481312 1.0 0.874317252424 -103.225585938 66.687195366 -0.589640519651 1408557944.37
0.265330282358 0.98746055534 0.0358622618702 -83.9581057508 1.0 0.874317252424 -103.225585938 66.687195366 -0.566691035143 1408557946.43
0.251533028236 0.989046124339 0.0349225612376 -83.1069232749 1.0 0.874317252424 -103.225585938 66.687195366 0.0788063888223 1408557948.26
0.219553302824 0.989159588863 0.0278524803513 -82.4265206326 1.0 0.874317252424 -103.225585938 66.687195366 0.12198618734 1408557950.26
0.247855330282 0.988421892395 0.0266184854668 -81.9770082073 1.0 0.874317252424 -103.225585938 66.687195366 0.182258207198 1408557952.12
0.293885533028 0.989004016343 0.0246777417004 -81.6050215906 1.0 0.874317252424 -103.225585938 66.687195366 0.2016229058 1408557954.19
0.284988553303 0.990071667111 0.0256311509982 -80.9885327004 1.0 0.874317252424 -103.225585938 66.687195366 0.155786998543 1408557955.88
0.27779885533 0.990921665707 0.0225631283368 -78.5368469216 1.0 0.874317252424 -103.225585938 66.687195366 0.00398821492855 1408557957.52
0.272579885533 0.991074892451 0.0169526197869 -76.9408619063 1.0 0.874317252424 -103.225585938 66.687195366 0.0979095885043 1408557959.44
0.288257988553 0.99115430367 0.0140242393048 -76.2913151649 1.0 0.874317252424 -103.225585938 66.687195366 0.147571088105 1408557961.51
0.295225798855 0.9920388507 0.00952800906427 -73.4980125254 1.0 0.874317252424 -103.225585938 66.687195366 -0.267264962961 1408557963.44
0.272522579886 0.993160789507 0.0144673204344 -72.7664502845 1.0 0.874317252424 -103.225585938 66.687195366 0.175513388147 1408557965.32
0.236952257989 0.993529651921 0.013010341192 -71.9822986073 1.0 0.874317252424 -103.225585938 66.687195366 0.1244713896 1408557967.26
0.239695225799 0.993246658487 0.0129503169776 -71.1692642054 1.0 0.874317252424 -103.225585938 66.687195366 0.113381916992 1408557969.25
0.22916952258 0.993749898 0.0118195538838 -69.7641339472 1.0 0.874317252424 -103.225585938 66.687195366 -0.134765405358 1408557971.22
0.210116952258 0.99354060936 0.00880376381191 -68.8495524608 1.0 0.874317252424 -103.225585938 66.687195366 0.0854055727143 1408557973.06
0.207311695226 0.99357445094 0.0071122514389 -68.1056078241 1.0 0.874317252424 -103.225585938 66.687195366 0.123872164052 1408557974.84
0.220531169523 0.993277172445 0.00804328293371 -67.2718979668 1.0 0.874317252424 -103.225585938 66.687195366 0.0810716930875 1408557976.38
0.224553116952 0.994219194241 0.00662319442823 -66.5374188567 1.0 0.874317252424 -103.225585938 66.687195366 0.128442761779 1408557978.07
0.235755311695 0.994521676146 0.00792935371201 -66.0050902228 1.0 0.874317252424 -103.225585938 66.687195366 0.209398693437 1408557979.89
0.25397553117 0.994840093604 0.00854235750133 -64.8146930138 1.0 0.874317252424 -103.225585938 66.687195366 -0.0208455396208 1408557981.78
0.252197553117 0.995344720579 0.00837484857346 -62.5491435271 1.0 0.874317252424 -103.225585938 66.687195366 -0.420563762556 1408557983.68
0.249319755312 0.99614172824 0.00913105990972 -60.1832480197 1.0 0.874317252424 -103.225585938 66.687195366 -0.408266316334 1408557985.24
0.262531975531 0.995907277037 0.0119200581346 -56.6577540107 1.0 0.874317252424 -103.225585938 66.687195366 -0.524434813012 1408557986.93
0.257553197553 0.994764448266 0.0102434804131 -53.7636478023 1.0 0.874317252424 -103.225585938 66.687195366 -0.415104831509 1408557988.79
0.252555319755 0.99414130372 0.0149157547369 -53.4035574366 1.0 0.874317252424 -103.225585938 66.687195366 0.204204758617 1408557990.49
0.273655531976 0.994280453532 0.01725049897 -51.1336612428 1.0 0.874317252424 -103.225585938 66.687195366 0.103396342382 1408557992.32
0.239765553198 0.993822421053 0.0156700218489 -50.3266893534 1.0 0.874317252424 -103.225585938 66.687195366 0.189777701164 1408557993.75
0.25347655532 0.992658501155 0.0165877752076 -50.1830478424 1.0 0.874317252424 -103.225585938 66.687195366 0.206931911157 1408557995.55
0.281847655532 0.99203323619 0.0217653723068 -49.8502387829 1.0 0.874317252424 -103.225585938 66.687195366 0.155885939869 1408557997.24
0.281084765553 0.99067909231 0.0220806134599 -49.8153507392 1.0 0.874317252424 -103.225585938 66.687195366 0.204714315533 1408557999.03
0.283708476555 0.98976613231 0.0216928375016 -48.8497240413 1.0 0.874317252424 -103.225585938 66.687195366 -0.0792159783431 1408558000.84
0.327170847656 0.989791315525 0.0219700991666 -48.1827904716 1.0 0.874317252424 -103.225585938 66.687195366 0.00613338356773 1408558002.67
0.276617084766 0.99000210886 0.0237718851011 -47.7250993737 1.0 0.874317252424 -103.225585938 66.687195366 0.165907668953 1408558004.35
0.267961708477 0.990192094939 0.0226347171687 -46.6278703995 1.0 0.874317252424 -103.225585938 66.687195366 -0.0188373402535 1408558005.98
0.279696170848 0.989232574722 0.0163669949152 -45.9088907318 1.0 0.874317252424 -103.225585938 66.687195366 0.073078085664 1408558007.85
0.272769617085 0.987360606219 0.0166101592976 -45.8482370099 1.0 0.874317252424 -103.225585938 66.687195366 0.227465262314 1408558009.72
0.281076961708 0.987035287707 0.0164208134977 -45.6536646744 1.0 0.874317252424 -103.225585938 66.687195366 0.204127259131 1408558011.81
0.286407696171 0.986807926245 0.0146008942678 -45.511481598 1.0 0.874317252424 -103.225585938 66.687195366 0.19503068407 1408558013.79
0.294140769617 0.986951433753 0.0142328515791 -45.3013526266 1.0 0.874317252424 -103.225585938 66.687195366 0.232669150183 1408558015.77
0.301214076962 0.988704672563 0.0142746549003 -44.7821213074 1.0 0.874317252424 -103.225585938 66.687195366 0.179174581094 1408558017.39
0.261421407696 0.991364428278 0.0138110177923 -44.2865966999 1.0 0.874317252424 -103.225585938 66.687195366 0.164522498696 1408558018.9
0.27004214077 0.993568236226 0.0121453526935 -43.5752523664 1.0 0.874317252424 -103.225585938 66.687195366 0.155662546718 1408558020.35
0.252004214077 0.994905708655 0.0101701696161 -42.9403757614 1.0 0.874317252424 -103.225585938 66.687195366 0.131100135715 1408558021.75
0.233100421408 0.995498430796 0.00967206173283 -42.3562012068 1.0 0.874317252424 -103.225585938 66.687195366 0.165470928759 1408558023.18
0.241110042141 0.995360912573 0.0107288860251 -41.7478337956 1.0 0.874317252424 -103.225585938 66.687195366 0.175099443242 1408558024.69
0.198711004214 0.995846169105 0.00972379802684 -41.1392090137 1.0 0.874317252424 -103.225585938 66.687195366 0.178785570511 1408558026.15
0.230471100421 0.99590261967 0.0118481375646 -40.6738825817 1.0 0.874317252424 -103.225585938 66.687195366 0.246829059557 1408558027.55
0.261547110042 0.996181709427 0.00900114326097 -40.2143040979 1.0 0.874317252424 -103.225585938 66.687195366 0.2725225572 1408558029.44
0.279954711004 0.996290004765 0.00801376268586 -38.8906745975 1.0 0.874317252424 -103.225585938 66.687195366 0.0365787344216 1408558031.3
0.2718954711 0.996983388593 0.00900990887841 -37.9487546112 1.0 0.874317252424 -103.225585938 66.687195366 0.103435700843 1408558033.14
0.27288954711 0.996955981226 0.0107471476246 -37.6902399268 1.0 0.874317252424 -103.225585938 66.687195366 0.297806475962 1408558034.97
0.270288954711 0.997507513971 0.0123428622589 -37.3238582745 1.0 0.874317252424 -103.225585938 66.687195366 0.241879471158 1408558036.93
0.246628895471 0.997718256406 0.0121372677196 -37.0817295319 1.0 0.874317252424 -103.225585938 66.687195366 0.298351187329 1408558038.74
0.265862889547 0.997507669061 0.0114090473816 -36.8751465584 1.0 0.874317252424 -103.225585938 66.687195366 0.236052071254 1408558040.63
0.319086288955 0.996648370543 0.0251044741167 -36.5189739484 1.0 0.874317252424 -103.225585938 66.687195366 -0.0328725287326 1408558042.5
0.341508628895 0.995100683786 0.030008298593 -35.373244874 1.0 0.874317252424 -103.225585938 66.687195366 -0.139987347447 1408558044.46
0.36535086289 0.992577750934 0.0279139022236 -33.9546455432 1.0 0.874317252424 -103.225585938 66.687195366 -0.0877284094872 1408558046.61
0.379435086289 0.990362346081 0.0290547576147 -31.0553919186 1.0 0.874317252424 -103.225585938 66.687195366 -0.317744057794 1408558048.57
0.384443508629 0.988662054499 0.0269313662669 -29.2817066545 1.0 0.875089364866 -103.225585938 66.687195366 0.0594328991593 1408558050.38
0.393044350863 0.987239387198 0.0251617761517 -27.9580199605 1.0 0.876290428665 -103.225585938 66.687195366 0.134064407309 1408558052.01
0.409204435086 0.986101875115 0.0252437484527 -25.3287769167 1.0 0.881266264406 -103.225585938 66.687195366 0.063178794713 1408558053.6
0.390120443509 0.985571622121 0.0248745267708 -24.2584860877 1.0 0.881266264406 -103.225585938 66.687195366 0.112348435579 1408558055.69
0.374712044351 0.985140042964 0.0219889154777 -23.9269066888 1.0 0.881266264406 -103.225585938 66.687195366 0.174157696436 1408558057.87
0.352471204435 0.984854992667 0.0138182009451 -23.7581000315 1.0 0.881266264406 -103.225585938 66.687195366 0.181074818437 1408558059.48
0.346647120444 0.986251305766 0.0113640822786 -23.5127684521 1.0 0.881266264406 -103.225585938 66.687195366 0.197764597709 1408558061.12
0.300164712044 0.988679511171 0.00791489656599 -22.9530727216 1.0 0.881266264406 -103.225585938 66.687195366 0.178533058844 1408558063.17
0.298216471204 0.991336902793 0.0108871009965 -22.3576882382 1.0 0.881266264406 -103.225585938 66.687195366 0.171250346504 1408558064.99
0.26832164712 0.993148837118 0.0130141803867 -21.157539535 1.0 0.881266264406 -103.225585938 66.687195366 0.0263115196397 1408558066.54
0.249132164712 0.994711657285 0.0129707806766 -19.7420572507 1.0 0.881266264406 -103.225585938 66.687195366 0.0139551362921 1408558068.16
0.242713216471 0.995644439047 0.0169066912047 -19.0014298379 1.0 0.881266264406 -103.225585938 66.687195366 0.156071611624 1408558069.96
0.230371321647 0.996052124174 0.019667354018 -17.5337012783 1.0 0.881266264406 -103.225585938 66.687195366 0.0688382703324 1408558071.53
0.221937132165 0.99570786777 0.0163180022302 -17.0298264177 1.0 0.881266264406 -103.225585938 66.687195366 0.240153333971 1408558073.31
0.222893713216 0.9948110167 0.0104093187398 -16.4603505962 1.0 0.881266264406 -103.225585938 66.687195366 0.195208418279 1408558075.2
0.212189371322 0.994807873707 0.00595410328591 -15.9665703909 1.0 0.881266264406 -103.225585938 66.687195366 0.229121614239 1408558076.9
0.227318937132 0.995261788728 0.00786108030502 -15.112328062 1.0 0.881266264406 -103.225585938 66.687195366 0.120635393272 1408558078.74
0.237831893713 0.995838617197 0.0113307406422 -14.1295433098 1.0 0.881266264406 -103.225585938 66.687195366 0.0656324834279 1408558080.18
0.217283189371 0.995669874678 0.00948775921409 -13.4928651091 1.0 0.881266264406 -103.225585938 66.687195366 0.167555949076 1408558081.71
0.208028318937 0.995268863268 0.00588818352454 -12.8668820956 1.0 0.881266264406 -103.225585938 66.687195366 0.163468039634 1408558083.5
0.225102831894 0.995821556413 0.00590989048258 -12.135405645 1.0 0.881266264406 -103.225585938 66.687195366 0.153627171852 1408558085.3
0.221410283189 0.996748828359 0.00532162464565 -11.4657839801 1.0 0.881266264406 -103.225585938 66.687195366 0.159850518301 1408558087.18
0.235441028319 0.997368686365 0.00445581705266 -10.8070862764 1.0 0.881266264406 -103.225585938 66.687195366 0.161367739292 1408558089.05
0.208944102832 0.997779487655 0.00545632497169 -10.1185049615 1.0 0.881266264406 -103.225585938 66.687195366 0.148434826322 1408558090.56
0.187394410283 0.998004123417 0.00601491466544 -9.51005176013 1.0 0.881266264406 -103.225585938 66.687195366 0.187736944268 1408558092.21
0.232039441028 0.998405319255 0.0111693344234 -8.96162315193 1.0 0.881266264406 -103.225585938 66.687195366 0.214283065167 1408558094.0
0.232003944103 0.99882603019 0.0110636324352 -8.4365009008 1.0 0.881266264406 -103.225585938 66.687195366 0.236875546955 1408558095.79
0.21130039441 0.998597194553 0.00611026343067 -8.04624095628 1.0 0.881266264406 -103.225585938 66.687195366 0.298594074687 1408558097.56
0.229030039441 0.99831260492 0.00852828488275 -7.81861076954 1.0 0.881266264406 -103.225585938 66.687195366 0.356551908598 1408558099.0
0.275803003944 0.997488308004 0.0138754143725 -7.64791672624 1.0 0.881266264406 -103.225585938 66.687195366 0.348179437894 1408558100.36
0.265180300394 0.996586742457 0.0112366069351 -7.44487975064 1.0 0.881266264406 -103.225585938 66.687195366 0.329313288998 1408558101.75
0.298318030039 0.9956656264 0.0141343838207 -7.20566787726 1.0 0.881266264406 -103.225585938 66.687195366 0.301621605884 1408558103.42
0.288131803004 0.995203352324 0.0142179294982 -7.11341473877 1.0 0.881266264406 -103.225585938 66.687195366 0.297273853976 1408558105.2
0.2880131803 0.994774915782 0.0117781498877 -6.98524407332 1.0 0.881266264406 -103.225585938 66.687195366 0.268207916731 1408558107.21
0.27450131803 0.993924434963 0.00937693945693 -7.00491864223 1.0 0.881266264406 -103.225585938 66.687195366 0.290878848879 1408558108.7
0.291150131803 0.993354143661 0.00972649183281 -6.94952672367 1.0 0.881266264406 -103.225585938 66.687195366 0.269745671006 1408558110.29
0.29461501318 0.992729875096 0.00893415845334 -6.70742657783 1.0 0.881266264406 -103.225585938 66.687195366 0.226933299059 1408558111.92
0.274261501318 0.992240299411 0.00909664423151 -6.889673711 1.0 0.881266264406 -103.225585938 66.687195366 0.309660586149 1408558113.8
0.291126150132 0.992177939971 0.0153452074364 -6.64677285596 1.0 0.881266264406 -103.225585938 66.687195366 0.180039598094 1408558115.83
0.300012615013 0.992231718268 0.0140592842804 -6.42646343905 1.0 0.881609425491 -103.225585938 66.687195366 0.193260622975 1408558117.81
0.312601261501 0.991625230702 0.00975527928145 -6.50939403472 1.0 0.88172381252 -103.225585938 66.687195366 0.293778669517 1408558119.87
0.30576012615 0.992294632528 0.0114114130808 -5.75704195144 1.0 0.884983842832 -103.225585938 66.687195366 0.284309598008 1408558121.85
0.287076012615 0.993767416887 0.0118841364142 -5.23898309932 1.0 0.885727358518 -103.225585938 66.687195366 0.232808754589 1408558123.65
0.311307601262 0.994248299487 0.0135280681111 -4.68995395922 1.0 0.886556664474 -103.225585938 66.687195366 0.222284341473 1408558125.12
0.302030760126 0.993762177565 0.0105217410633 -4.32614601504 1.0 0.887957905574 -103.225585938 66.687195366 0.281990248926 1408558126.77
0.300203076013 0.993948275715 0.0126426324855 -4.38528410878 1.0 0.887957905574 -103.225585938 66.687195366 0.334639011174 1408558128.62
0.263120307601 0.994546114185 0.00774510219928 -4.24984986703 1.0 0.887957905574 -103.225585938 66.687195366 0.278889045042 1408558130.4
0.32511203076 0.994760049231 0.0107765895276 -4.24490262804 1.0 0.889301953159 -103.225585938 66.687195366 0.281924587538 1408558132.35
0.299811203076 0.995861640946 0.0162198764525 -4.90116960737 1.0 0.889301953159 -103.225585938 66.687195366 0.505874518602 1408558134.17
0.330581120308 0.996421271713 0.0255474497861 -5.63582029798 1.0 0.889301953159 -103.225585938 66.687195366 0.462704487538 1408558135.59
0.346258112031 0.995498882019 0.0342566231097 -6.02676656467 1.0 0.890960565072 -103.225585938 66.687195366 0.383255008178 1408558137.1
0.338825811203 0.993084855228 0.0340544115196 -6.06348480082 1.0 0.890960565072 -103.225585938 66.687195366 0.275754843462 1408558139.01
0.32818258112 0.98862520087 0.0243042315771 -6.3163659241 1.0 0.890960565072 -103.225585938 66.687195366 0.297972489048 1408558141.04
0.373018258112 0.985498628391 0.0144097227998 -6.67205238926 1.0 0.890960565072 -103.225585938 66.687195366 0.363392854491 1408558142.91
0.360401825811 0.985143566439 0.0112178527706 -6.8716005605 1.0 0.890960565072 -103.225585938 66.687195366 0.354739861386 1408558144.53
0.347440182581 0.987175757212 0.020504395513 -7.09945952129 1.0 0.890960565072 -103.225585938 66.687195366 0.38939519286 1408558146.15
0.324544018258 0.988486586091 0.0256800549811 -6.83339529297 1.0 0.890960565072 -103.225585938 66.687195366 0.254863120493 1408558148.04
0.332154401826 0.987884808929 0.0269149011095 -6.51248248449 1.0 0.890960565072 -103.225585938 66.687195366 0.261647974376 1408558150.15
0.345515440183 0.987397665336 0.0254357454262 -6.39432068403 1.0 0.890960565072 -103.225585938 66.687195366 0.307588598004 1408558151.97
0.327951544018 0.988501651517 0.0233975842856 -6.11095541766 1.0 0.890960565072 -103.225585938 66.687195366 0.246088856413 1408558154.2
0.315395154402 0.988553668681 0.0201386023495 -5.65177728846 1.0 0.890960565072 -103.225585938 66.687195366 0.196147515881 1408558155.88
0.30963951544 0.988216677346 0.0163906567057 -5.33080728645 1.0 0.890960565072 -103.225585938 66.687195366 0.214510840844 1408558157.65
0.321663951544 0.989082076864 0.0121016947681 -4.93128199262 1.0 0.890960565072 -103.225585938 66.687195366 0.216522705415 1408558159.79
0.293166395154 0.989906567694 0.00889543803658 -4.22591438131 1.0 0.890960565072 -103.225585938 66.687195366 0.138698426241 1408558161.8
0.284916639515 0.990572453485 0.00593626209336 -3.4407046241 1.0 0.890960565072 -103.225585938 66.687195366 0.110968460772 1408558163.81
0.264291663952 0.992006558509 0.00389134161935 -2.79487546112 1.0 0.891017758586 -103.225585938 66.687195366 0.139737042933 1408558165.67
0.231629166395 0.994267618478 0.00440108423176 -1.99425205182 1.0 0.891017758586 -103.225585938 66.687195366 0.0848399038358 1408558167.48
0.21036291664 0.995934436118 0.00386489328313 -1.37962195087 1.0 0.891017758586 -103.225585938 66.687195366 0.146550216555 1408558169.36
0.230736291664 0.99715226147 0.00290301000041 -0.824816265835 1.0 0.891017758586 -103.225585938 66.687195366 0.184183760929 1408558171.3
0.257073629166 0.997620339189 0.00638857414433 -0.290342875118 1.0 0.891017758586 -103.225585938 66.687195366 0.192045535351 1408558173.2
0.264207362917 0.997379144839 0.00969542028599 0.0863622065258 1.0 0.891017758586 -103.225585938 66.687195366 0.220191375793 1408558174.83
0.264020736292 0.996781571301 0.00817675791446 0.367639909634 1.0 0.891017758586 -103.225585938 66.687195366 0.242043412841 1408558176.24
0.262202073629 0.996537499211 0.00597217060418 0.690239926792 1.0 0.891017758586 -103.225585938 66.687195366 0.233891896379 1408558177.64
0.233220207363 0.996307006192 0.00304223709504 1.28024821985 1.0 0.891017758586 -103.225585938 66.687195366 0.194260767544 1408558179.36
0.226722020736 0.996828834624 0.00225905583358 1.93534273213 1.0 0.891017758586 -103.225585938 66.687195366 0.181833709284 1408558181.36
0.226072202074 0.99714482441 0.00312709780015 2.59772941748 1.0 0.891017758586 -103.225585938 66.687195366 0.188469014113 1408558182.83
0.228707220207 0.997791672554 0.00466355064027 3.09116646172 1.0 0.891017758586 -103.225585938 66.687195366 0.25494840064 1408558184.33
0.228070722021 0.998292245247 0.00622753762997 3.58088592754 1.0 0.891017758586 -103.225585938 66.687195366 0.238975696055 1408558186.27
0.241507072202 0.998391738317 0.0100249537044 4.08467499786 1.0 0.891017758586 -103.225585938 66.687195366 0.215421726611 1408558188.03
0.22125070722 0.998181155196 0.0120738962146 4.47522090995 1.0 0.891017758586 -103.225585938 66.687195366 0.261395262434 1408558189.82
0.257025070722 0.997706251216 0.0133905288466 4.89976836627 1.0 0.891017758586 -103.225585938 66.687195366 0.218938854628 1408558191.43
0.255202507072 0.997280563872 0.0157041392839 5.21576253253 1.0 0.891017758586 -103.225585938 66.687195366 0.263055288212 1408558193.15
0.226220250707 0.996467586092 0.0179138275388 5.75375332437 1.0 0.891017758586 -103.225585938 66.687195366 0.177018226324 1408558195.13
0.253022025071 0.995842003829 0.0161010231383 6.17578426606 1.0 0.891017758586 -103.225585938 66.687195366 0.201882239747 1408558196.96
0.242202202507 0.994751212865 0.00987076048802 6.42391832766 1.0 0.891017758586 -103.225585938 66.687195366 0.254206228266 1408558199.02
0.241120220251 0.993919081896 0.0124941174224 6.57636763991 1.0 0.891017758586 -103.225585938 66.687195366 0.273132543039 1408558200.86
0.250912022025 0.993691429905 0.0139319004649 6.62137893563 1.0 0.891017758586 -103.225585938 66.687195366 0.256917596743 1408558202.7
0.269891202203 0.992904632454 0.00982257115551 6.61980611399 1.0 0.891017758586 -103.225585938 66.687195366 0.306369970853 1408558204.7
0.28528912022 0.992357943311 0.0089411575964 6.75469701736 1.0 0.891017758586 -103.225585938 66.687195366 0.284553416042 1408558206.68
0.303028912022 0.99239850992 0.00889162363749 6.57968486374 1.0 0.891017758586 -103.225585938 66.687195366 0.35988351382 1408558208.73
0.317402891202 0.992693744733 0.00865554453312 6.11427264148 1.0 0.891017758586 -103.225585938 66.687195366 0.500911501612 1408558210.7
0.35304028912 0.993697144794 0.019318998599 5.27375675598 1.0 0.891017758586 -103.225585938 66.687195366 0.543002206743 1408558212.67
0.344904028912 0.993157615441 0.0239468217916 4.66879235895 1.0 0.892447596443 -103.225585938 66.687195366 0.43677500741 1408558214.79
0.346790402891 0.991101708383 0.0200531572188 4.36123423604 1.0 0.897166061369 -103.225585938 66.687195366 0.322714105554 1408558216.75
0.310979040289 0.988749563793 0.018570002815 5.0072063828 1.0 0.173324944951 41.3872070312 341.928020748 0.159313515732 1408558219.14
0.329897904029 0.986889420531 0.0174597730067 4.88298206983 1.0 0.355572078126 41.3872070312 341.928020748 0.286934079947 1408558221.42
0.344389790403 0.986171716065 0.0143969567307 4.13918041694 1.0 0.435013869427 41.3872070312 341.928020748 0.414156308589 1408558223.54
0.38183897904 0.988175148518 0.0120684676412 3.53407303612 1.0 0.521175898653 41.3872070312 341.928020748 0.421573967236 1408558225.57
0.355883897904 0.990675394358 0.0119970158777 3.44553747605 1.0 0.569504418199 41.3872070312 341.928020748 0.277225755121 1408558227.58
0.38838838979 0.992331040548 0.0144582948299 3.00417512654 1.0 0.634247476336 41.3872070312 341.928020748 0.390742407591 1408558229.52
0.325038838979 0.993089229417 0.0152647659076 3.22534244617 1.0 0.657754010695 41.3872070312 341.928020748 0.246229950781 1408558231.54
0.342103883898 0.992589678908 0.01663266081 3.58571877949 1.0 0.674626097401 41.3872070312 341.928020748 0.206624709132 1408558233.62
0.36091038839 0.991192486671 0.0149135242216 3.89244759644 1.0 0.695787697675 41.3872070312 341.928020748 0.209869043034 1408558235.64
0.349291038839 0.989889460321 0.0121144875586 3.86276416254 1.0 0.724270067774 41.3872070312 341.928020748 0.297310272441 1408558237.67
0.300429103884 0.990836731848 0.0110301918544 3.69839000257 1.0 0.749435214047 41.3872070312 341.928020748 0.37576065842 1408558239.53
0.273942910388 0.992394619363 0.0116261306251 3.57974205725 1.0 0.77239841002 41.3872070312 341.928020748 0.304828966257 1408558241.4
0.298294291039 0.993485932114 0.00962608042025 3.76993908891 1.0 0.791729817839 41.3872070312 341.928020748 0.30516631179 1408558243.43
0.290829429104 0.99428146252 0.0083468925218 3.87792044382 1.0 0.809688581315 41.3872070312 341.928020748 0.253670766291 1408558245.24
0.28648294291 0.994656703999 0.0076942913555 4.01752981212 1.0 0.824730475564 41.3872070312 341.928020748 0.22547286384 1408558247.23
0.273448294291 0.995015676085 0.00659516158614 4.5751093826 1.0 0.825674168549 41.3872070312 341.928020748 0.193310977824 1408558248.74
0.250544829429 0.995574215806 0.00741489856175 5.09122365524 1.0 0.827046812891 41.3872070312 341.928020748 0.202573844142 1408558250.44
0.258154482943 0.99587665427 0.00793163158033 5.63810803855 1.0 0.83024964969 41.3872070312 341.928020748 0.196667476368 1408558252.18
0.264315448294 0.995459108468 0.0103152673384 6.09273928337 1.0 0.832451599989 41.3872070312 341.928020748 0.228725853625 1408558254.01
0.315331544829 0.995234170924 0.00940403033232 6.38065143413 1.0 0.836569533015 41.3872070312 341.928020748 0.287501156532 1408558255.71
0.324933154483 0.995559078707 0.00631547626087 6.73931196202 1.0 0.841145014155 41.3872070312 341.928020748 0.270268957419 1408558257.29
0.299793315448 0.995263629093 0.00603769056192 7.1614858875 1.0 0.841774142812 41.3872070312 341.928020748 0.250476184742 1408558258.96
0.281079331545 0.995294303102 0.0067750986719 7.65838313935 1.0 0.841945723355 41.3872070312 341.928020748 0.196384329335 1408558260.66
0.297207933154 0.995287636643 0.00731524396512 8.10789556464 1.0 0.841945723355 41.3872070312 341.928020748 0.216230169354 1408558262.44
0.261020793315 0.995715105066 0.0054113072355 8.67905859476 1.0 0.841945723355 41.3872070312 341.928020748 0.178920685964 1408558263.88
0.266402079332 0.996659888843 0.00700670470615 9.20283679831 1.0 0.843518544997 41.3872070312 341.928020748 0.189142315031 1408558265.49
0.237240207933 0.996604595487 0.00811065000855 9.64825988733 1.0 0.849666847779 41.3872070312 341.928020748 0.22638386526 1408558267.02
0.246024020793 0.996104946816 0.00835860205885 9.9783236581 1.0 0.859589922503 41.3872070312 341.928020748 0.249944229386 1408558268.82
0.255002402079 0.996032425044 0.0143658841419 10.2759587063 1.0 0.866939289085 41.3872070312 341.928020748 0.243792732431 1408558270.7
0.262200240208 0.995699759572 0.0181260990864 10.5157711116 1.0 0.874288655666 41.3872070312 341.928020748 0.256359138763 1408558272.35
0.263820024021 0.994135526785 0.0157309958429 10.8611055506 1.0 0.884497697961 41.3872070312 341.928020748 0.229279624913 1408558274.26
0.280182002402 0.992073902086 0.0143057666026 10.693986102 1.0 0.893534273213 41.3872070312 341.928020748 0.400426456029 1408558276.2
0.28181820024 0.991714179323 0.0154324787631 10.6755983871 1.0 0.895736223512 41.3872070312 341.928020748 0.327221328757 1408558278.11
0.290981820024 0.992418801476 0.0155001446949 10.6573250593 1.0 0.899024850582 41.3872070312 341.928020748 0.251998221433 1408558279.83
0.279298182002 0.992686238643 0.0105604857393 10.7214961823 1.0 0.19911921988 37.6936035156 202.208459394 0.255807792913 1408558282.23
0.2934298182 0.992657114918 0.00832724396945 10.5441962881 1.0 0.33034973834 37.6936035156 202.208459394 0.331170097513 1408558284.44
0.31014298182 0.993419678498 0.0090487950997 10.389259058 1.0 0.390460121822 37.6936035156 202.208459394 0.408302420974 1408558285.99
0.283014298182 0.993931442815 0.0150618304547 10.5810289113 1.0 0.428579599073 37.6936035156 202.208459394 0.299509962282 1408558287.84
0.296501429818 0.993430924805 0.0214893567918 10.6278703995 1.0 0.465841173611 37.6936035156 202.208459394 0.280489399507 1408558289.69
0.301450142982 0.992269450835 0.0195052946688 10.7053104178 1.0 0.491521061512 37.6936035156 202.208459394 0.272034793585 1408558291.58
0.312745014298 0.991206318674 0.0144910990053 10.5599531013 1.0 0.521547656496 37.6936035156 202.208459394 0.311040053535 1408558293.6
0.34267450143 0.990242466261 0.013926883863 9.56215505162 1.0 0.578426606423 37.6936035156 202.208459394 0.442126675382 1408558295.49
0.364567450143 0.990392259846 0.0170160226806 9.21350338872 1.0 0.609883039263 37.6936035156 202.208459394 0.331248152243 1408558297.15
0.358656745014 0.990925126736 0.02845266256 8.45551774429 1.0 0.654694157683 37.6936035156 202.208459394 0.356292933357 1408558299.19
0.396765674501 0.990160977677 0.0320420317081 8.14384168835 1.0 0.689696588407 37.6936035156 202.208459394 0.356965512941 1408558301.06
0.33127656745 0.989463586318 0.0272981605678 8.0722354085 1.0 0.718264748777 37.6936035156 202.208459394 0.299820805144 1408558303.08
0.364327656745 0.989231920098 0.0198187175828 7.82447310475 1.0 0.747519231319 37.6936035156 202.208459394 0.374251158716 1408558305.18
0.363132765675 0.98939587236 0.0178069575281 7.01775858618 1.0 0.787383110755 37.6936035156 202.208459394 0.423449232321 1408558307.23
0.320713276567 0.989273007292 0.0246253420167 6.35571506191 1.0 0.822785896079 37.6936035156 202.208459394 0.373955644869 1408558309.34
0.353371327657 0.988578486363 0.0263382996183 5.72941748406 1.0 0.855014441362 37.6936035156 202.208459394 0.394697866188 1408558311.16
0.317937132766 0.987423732741 0.0211915957667 5.55995310132 1.0 0.875489719466 37.6936035156 202.208459394 0.213758947213 1408558313.1
0.357593713277 0.986709247416 0.0180452118867 5.55137407418 1.0 0.886413680689 37.6936035156 202.208459394 0.208051841338 1408558315.23
0.330959371328 0.986638257474 0.0167649149336 6.06108267322 1.0 0.886642454746 37.6936035156 202.208459394 0.177971164448 1408558317.34
0.330095937133 0.987738038935 0.0142420355506 6.39943950356 1.0 0.888358260173 37.6936035156 202.208459394 0.201500676447 1408558319.43
0.317409593713 0.989838691582 0.0128198623079 6.64371300295 1.0 0.893162515371 37.6936035156 202.208459394 0.23477446621 1408558321.45
0.281040959371 0.991226285979 0.0129880336868 6.87772026652 1.0 0.894020418085 37.6936035156 202.208459394 0.237650620416 1408558323.39
0.311604095937 0.991226216299 0.0119559045814 7.06989047442 1.0 0.894049014842 37.6936035156 202.208459394 0.245159567738 1408558325.06
0.277760409594 0.991885633638 0.00844532604837 7.49718321942 1.0 0.89436357917 37.6936035156 202.208459394 0.201095819308 1408558326.75
0.301376040959 0.993785997181 0.00688031841695 7.93920329435 1.0 0.896422545683 37.6936035156 202.208459394 0.213586248442 1408558328.67
0.256937604096 0.996040443213 0.00806708391005 8.30055191741 1.0 0.0967428293632 31.3468017578 125.700087675 0.235518335306 1408558330.31
0.26509376041 0.997549498892 0.00781258459852 8.7363950928 1.0 0.278932769024 31.3468017578 125.700087675 0.215880704184 1408558331.97
0.280309376041 0.997830649625 0.00604580759362 8.9755211759 1.0 0.332151334039 31.3468017578 125.700087675 0.260182217665 1408558333.87
0.257530937604 0.997425409984 0.00366915488205 9.32646057937 1.0 0.366295862049 31.3468017578 125.700087675 0.270872403889 1408558335.73
