0.0369 0.0912202639795 0.0947376646905
0.04779 0.0992451056967 0.103677360993
0.074979 0.100022071685 0.104384036752
0.0668979 0.10132459946 0.105032685613
0.07688979 0.10402616777 0.105789866221
0.082388979 0.108105958233 0.106978411206
0.1036388979 0.112117997844 0.108133521083
0.11746388979 0.116545784968 0.108725242613
0.121546388979 0.119978189038 0.109958021441
0.149854638898 0.120592276827 0.110566316119
0.17158546389 0.118965541941 0.109019681818
0.174658546389 0.118584714552 0.108883445836
0.194765854639 0.118585847299 0.108542354015
0.199476585464 0.11879152001 0.109297247822
0.238647658546 0.119730969434 0.109893203561
0.250664765855 0.121693279283 0.110217883294
0.270766476585 0.12388971466 0.109761062926
0.285376647659 0.125691713257 0.11018192892
0.313837664766 0.128431254213 0.111002205672
0.344583766477 0.131276031824 0.113099827543
0.371958376648 0.131894181802 0.112908034989
0.405295837665 0.129720498462 0.112398877585
0.424829583766 0.126147754932 0.110116230789
0.493382958377 0.123902199767 0.110411794313
0.513738295838 0.122285746717 0.11114697505
0.511273829584 0.120852745172 0.109938124565
0.541627382958 0.120102186376 0.109731686211
0.587862738296 0.12048861635 0.11020146228
0.57808627383 0.12163328952 0.10962892087
0.595108627383 0.122049144837 0.109441760465
0.615710862738 0.122150277066 0.110168857818
0.630371086274 0.122759082403 0.109702140874
0.686737108627 0.122119287058 0.110038018278
0.706773710863 0.120989000061 0.109691815059
0.724977371086 0.120744095733 0.109853558612
0.728597737109 0.121328017889 0.109453374317
0.775759773711 0.120742277085 0.110336914963
0.784975977371 0.120306193857 0.109518751892
0.790397597737 0.121452833198 0.110424071206
0.807139759774 0.124389222893 0.110950455005
0.808813975977 0.128092477157 0.111321364605
0.832381397598 0.130072961726 0.113160225187
0.82663813976 0.13171561512 0.112196047192
0.854863813976 0.133903365583 0.11208029183
0.858586381398 0.135281918788 0.113453025909
0.85895863814 0.137079944804 0.113757472196
0.903095863814 0.137583407051 0.111997718258
0.927309586381 0.139821366021 0.112588502681
0.928830958638 0.14237745606 0.113194886723
0.941583095864 0.143029271323 0.112263150226
0.929358309586 0.143730918998 0.113951533377
0.952435830959 0.14402762798 0.113319962034
0.947543583096 0.14372926769 0.113629203182
0.96235435831 0.145228914678 0.113234457936
0.957535435831 0.145523455729 0.112479141878
0.982253543583 0.143990637979 0.11374858661
0.970325354358 0.145847212289 0.115155851297
0.976332535436 0.145719413678 0.114605194915
0.975133253544 0.144717846492 0.112953204073
0.974113325354 0.144055937532 0.114052671718
0.974911332535 0.143336759577 0.11305934653
0.969591133254 0.142335556174 0.113199886544
0.972659113325 0.14268936527 0.114444376311
0.974765911333 0.142025467717 0.112255026745
0.975876591133 0.140576775635 0.112424992133
0.975987659113 0.141036961231 0.112540303898
0.980498765911 0.142740586726 0.113832596169
0.980049876591 0.142816644693 0.113580320863
0.973704987659 0.141514956068 0.113032850753
0.966770498766 0.142836473686 0.115091018738
0.960677049877 0.144824990389 0.114533216296
0.969967704988 0.144354918778 0.114642261172
0.969996770499 0.144463652858 0.113411393652
0.96099967705 0.146451091051 0.114065942896
0.955599967705 0.147254177919 0.112184472564
0.97125999677 0.147763541363 0.114150726146
0.966525999677 0.146385554555 0.114061410051
0.948952599968 0.146591990499 0.113341924273
0.951695259997 0.149269999967 0.11443220696
0.954669526 0.15012024087 0.114311437363
0.9702669526 0.148553644124 0.114537621139
0.95652669526 0.147542351696 0.114463644107
0.977652669526 0.146857327343 0.114501760001
0.985165266953 0.145331151359 0.113904258253
0.972416526695 0.144003238467 0.114094894502
0.97114165267 0.144173071525 0.114272703409
0.975514165267 0.14570353936 0.113464226211
0.968751416527 0.147529837059 0.114284848762
0.971675141653 0.148143030717 0.115462052137
0.968367514165 0.147771458947 0.11384857021
0.945536751417 0.149062559155 0.114957525463
0.952253675142 0.147107210791 0.114990805623
0.959225367514 0.145627545645 0.114103035954
0.969822536751 0.145535933686 0.114494477958
0.973582253675 0.14627853658 0.113638308809
0.956858225368 0.146686073197 0.11462835156
0.970485822537 0.14718714143 0.113897573682
0.970048582254 0.150467911476 0.114556305145
0.968204858225 0.151470653369 0.114346004129
0.968020485823 0.149747186891 0.11456046293
0.972502048582 0.146811680309 0.113537113581
0.978350204858 0.145511098014 0.113763368403
0.977135020486 0.145398863177 0.113448768268
0.971613502049 0.146363253657 0.113654212144
0.962961350205 0.145991402815 0.114830299333
0.97469613502 0.148194275164 0.113711107753
0.975869613502 0.150826768992 0.113920372654
0.97778696135 0.149451880708 0.114235988361
0.979778696135 0.148354098981 0.115052837781
0.973677869614 0.148796569377 0.114648280101
0.976667786961 0.14836491259 0.11363496004
0.969766778696 0.146086731419 0.111905430556
0.96907667787 0.146391428912 0.113579677821
0.972607667787 0.148902304735 0.114681357541
0.968460766779 0.148688361714 0.114123633877
0.970746076678 0.14610117845 0.113071239288
0.970074607668 0.145191439695 0.114419384772
0.972707460767 0.146685196545 0.113832822532
0.979270746077 0.147636973344 0.115129481883
0.971827074608 0.1479912603 0.115284867513
0.962082707461 0.148635535671 0.114356028626
0.970108270746 0.149038295082 0.113711925837
0.961910827075 0.146947321957 0.113970065868
0.961091082707 0.142664624333 0.113253549931
0.974509108271 0.141779846981 0.114412489502
0.980350910827 0.142992133894 0.113404975734
0.984535091083 0.142860303818 0.112682014675
0.977753509108 0.143746877809 0.113970237834
0.978875350911 0.143976242285 0.11316490352
0.978087535091 0.14346856992 0.113196901978
0.973508753509 0.141946559984 0.113731861164
0.967650875351 0.142645901856 0.113544644916
0.958965087535 0.144103284794 0.113999231432
0.974296508754 0.142590534031 0.113249442772
0.976729650875 0.143311153463 0.112580793105
0.982372965088 0.143719284973 0.112594506419
0.984737296509 0.143146870769 0.112979074175
0.966973729651 0.143054469003 0.113638783534
0.972397372965 0.141346255368 0.111837260768
0.966639737297 0.141066944685 0.11262291922
0.97596397373 0.141328038449 0.112648786042
0.968796397373 0.140303321308 0.113069858815
0.968079639737 0.139561602318 0.112962300328
0.969807963974 0.139011379151 0.111630364935
0.970880796397 0.139139614345 0.113525848932
0.96918807964 0.138010659683 0.112168071842
0.964518807964 0.138726491111 0.113560064685
0.962251880796 0.140764391206 0.113056855553
0.95662518808 0.141857903885 0.113624892401
0.963262518808 0.141326131811 0.112836221427
0.965726251881 0.141552050512 0.113595047038
0.978572625188 0.140243951404 0.112604927776
0.965457262519 0.139571497736 0.113815322091
0.959645726252 0.140102071688 0.113459642072
0.950064572625 0.14141608101 0.112137228945
0.951806457263 0.140866775556 0.113199771104
0.960080645726 0.139726183045 0.11270893444
0.962708064573 0.138674085763 0.112737327869
0.967470806457 0.138260327388 0.113358027818
0.977847080646 0.14000191729 0.112878960173
0.977984708065 0.141403944078 0.113684865542
0.967198470806 0.141875815144 0.113843254619
0.961619847081 0.143047706279 0.113257057536
0.975461984708 0.141488704216 0.112142477323
0.975046198471 0.140833516273 0.113258411671
0.975004619847 0.139069134087 0.112803337837
0.972300461985 0.137759038374 0.112011988574
0.965730046198 0.138211950764 0.112581473403
0.95697300462 0.140621515935 0.113769500626
0.973197300462 0.142130946258 0.11185821668
0.968519730046 0.140895863803 0.113152043662
0.963551973005 0.138843458474 0.112721234278
0.9657551973 0.137569727152 0.11152763984
0.97317551973 0.137427370052 0.112271249144
0.984717551973 0.138198850151 0.111461813979
0.978671755197 0.139087297723 0.111843437483
0.98166717552 0.138324726971 0.11473241764
0.978366717552 0.136535801767 0.112615590635
0.973536671755 0.137349848104 0.112735210749
0.974853667176 0.139113657651 0.11295301196
0.976785366718 0.139872187965 0.113023635021
0.976978536672 0.139406765264 0.113980463444
0.985097853667 0.139437808562 0.112083908473
0.975109785367 0.140121926564 0.113517822356
0.975910978537 0.139448708212 0.112589758279
0.978691097854 0.138930965379 0.112708623807
0.975369109785 0.138628809823 0.112012743012
0.972336910979 0.138307192235 0.112938854287
0.978333691098 0.136690819505 0.112016326465
0.96633336911 0.136390995514 0.111466866436
0.963333336911 0.136475217203 0.112194557978
0.963033333691 0.136497314032 0.111834370531
0.974703333369 0.136074465352 0.11259875173
0.961470333337 0.135291915401 0.112739536346
0.958347033334 0.135918621605 0.112159538733
0.959834703333 0.136268735123 0.112025831969
0.961783470333 0.137000214609 0.113052292883
0.972778347033 0.138248222876 0.112989448558
0.971177834703 0.13971173034 0.112175043678
0.97281778347 0.140126277645 0.113241145511
0.965781778347 0.139957441849 0.113398371609
0.965078177835 0.139084215097 0.112195193283
0.974907817783 0.138616078395 0.113162094409
0.970490781778 0.138361545924 0.11279962593
0.982649078178 0.138603936518 0.11250458381
0.985664907818 0.141271760943 0.113104003629
0.961666490782 0.143894059885 0.113106443257
0.966466649078 0.144194519325 0.113059433973
0.962446664908 0.141884991475 0.11387405325
0.961144666491 0.142874498196 0.113864558399
0.974514466649 0.145582521798 0.11375519141
0.975851446665 0.145124939759 0.114106797821
0.971485144666 0.14410395057 0.112803439109
0.979148514467 0.144030161911 0.113076824803
0.976314851447 0.142857882041 0.1141236883
0.979631485145 0.143080026207 0.113486242396
0.970063148514 0.145555146363 0.114857166577
0.970906314851 0.145590456086 0.11393066846
0.961090631485 0.142882024438 0.113124228608
0.974509063149 0.140723920774 0.113556035645
0.970450906315 0.139131969987 0.11377554999
0.957445090631 0.139379729809 0.113569236368
0.960644509063 0.140363603015 0.112938827571
0.970864450906 0.139162411069 0.113424046916
0.963786445091 0.138876728455 0.112897472735
0.960378644509 0.140786694547 0.113943631692
0.953737864451 0.141524500185 0.114333105693
0.973773786445 0.143006558646 0.114993200253
0.963177378645 0.143849459337 0.113439111206
0.970217737864 0.14413296707 0.114830666049
0.971821773786 0.14215962317 0.113926103208
0.975582177379 0.140043438242 0.112278117548
0.975958217738 0.140252189058 0.113942333067
0.980495821774 0.138593936153 0.112309398492
0.980949582177 0.137435042248 0.112832161647
0.971094958218 0.138643139494 0.112445640625
0.979109495822 0.139443720697 0.112074429533
0.982610949582 0.139934572338 0.113479246383
0.974861094958 0.141056484436 0.113271622253
0.975886109496 0.141413129352 0.113462142196
0.96158861095 0.142625994641 0.112839716163
0.970958861095 0.143169577951 0.11250201603
0.969195886109 0.141252834873 0.113035334547
0.974419588611 0.14062170361 0.112441814813
0.964141958861 0.14185056933 0.111563565615
0.971214195886 0.142627989034 0.113208773169
0.969221419589 0.142122323173 0.11271951073
0.966322141959 0.142762471846 0.112908964871
0.971432214196 0.142254796205 0.113733101211
0.96654322142 0.141233246622 0.113502826684
0.964254322142 0.141336008829 0.114042762206
0.973025432214 0.141916273415 0.113444608633
0.975702543221 0.140563358136 0.112681081843
0.972370254322 0.139058765593 0.112458093765
0.976537025432 0.138490478959 0.112128396101
0.952653702543 0.139401813833 0.113003541409
0.969165370254 0.140395165404 0.113691308176
0.957316537025 0.139883553433 0.112740626688
0.972331653703 0.140043545563 0.1126141049
0.96303316537 0.141117239065 0.112237706022
0.962103316537 0.141121975495 0.113326358772
0.975510331654 0.139938416405 0.11287519805
0.983151033165 0.139176431649 0.112654708387
0.969515103317 0.137726231199 0.113136466552
0.969951510332 0.138757578749 0.113322519666
0.969995151033 0.13748707357 0.112575189545
0.979899515103 0.137016602559 0.11192246912
0.97278995151 0.139451068263 0.112737362749
0.973878995151 0.139851011997 0.112781716027
0.970387899515 0.140618710324 0.113526294054
0.962838789952 0.141162469647 0.113651111554
0.967483878995 0.143069313876 0.11317522463
0.9598483879 0.145369324666 0.113541426364
0.96808483879 0.14720867955 0.114121899103
0.965308483879 0.14649972461 0.113975968349
0.969530848388 0.146021272188 0.113536445151
0.969953084839 0.147164231456 0.113069889236
0.971795308484 0.145753422451 0.11376096958
0.980079530848 0.144154218583 0.112686785572
0.977307953085 0.143695167454 0.113209038785
0.976130795308 0.144156465636 0.114087387464
0.974213079531 0.140978111365 0.112392024958
0.961421307953 0.139995628272 0.113628513943
0.967342130795 0.142439054874 0.112793361849
0.96163421308 0.143900998979 0.11434477636
0.967363421308 0.142924500144 0.112801945291
0.969736342131 0.14268639187 0.112624575462
0.970873634213 0.143331636753 0.114164984512
0.973687363421 0.14326183617 0.113625750268
0.972168736342 0.144320364684 0.113795438076
0.967516873634 0.14479876326 0.113617800461
0.962551687363 0.146277914706 0.113938334469
0.967455168736 0.146581359161 0.112706329555
0.970645516874 0.14428142231 0.112536093093
0.980864551687 0.142390783118 0.113032617131
0.971086455169 0.143303589606 0.112882846781
0.979108645517 0.145252541052 0.113068719895
0.963710864552 0.145090752284 0.113642763205
0.965771086455 0.145091662606 0.113099992218
0.973177108646 0.145149790039 0.113981277984
0.965817710865 0.144197331449 0.114305797626
0.972281771086 0.143902110067 0.113499058787
0.959428177109 0.142054684781 0.11366239242
0.967142817711 0.139270147739 0.112264321439
0.970614281771 0.139961628674 0.112955370913
0.972761428177 0.140888969756 0.113483048512
0.967576142818 0.14221934315 0.11308506476
0.970657614282 0.143012212277 0.114892279328
0.979065761428 0.144119461064 0.113827577491
0.979906576143 0.145434052619 0.113914774894
0.974590657614 0.147440509315 0.114352348074
0.975859065761 0.148048609402 0.114176262262
0.979585906576 0.147687178638 0.114810446714
0.977258590658 0.148658702085 0.114549467706
0.982425859066 0.149074235225 0.113834735312
0.973942585907 0.148493664054 0.113646822508
0.959594258591 0.148998461474 0.11408250142
0.973459425859 0.146991095218 0.113952090314
0.990145942586 0.146118867333 0.112838473947
0.978314594259 0.14782898061 0.112675952407
0.971731459426 0.149865304562 0.114077281582
0.972873145943 0.14818527599 0.114225449533
0.976587314594 0.145594575455 0.113768839558
0.965258731459 0.144751264671 0.11408279632
0.964125873146 0.144792507166 0.11415675999
0.978412587315 0.144528075824 0.11316878492
0.970841258731 0.143539169732 0.113979422153
0.970984125873 0.143128104115 0.113521593124
0.961998412587 0.142115352229 0.113593054545
0.962899841259 0.143496239113 0.113211316774
0.966589984126 0.144975227796 0.113672287193
0.970558998413 0.144504412878 0.114324521353
0.975455899841 0.141943492224 0.112474314653
0.987645589984 0.140154533211 0.113444254505
0.969064558998 0.140006639433 0.112398415181
0.9654064559 0.140632890989 0.113405791625
0.97224064559 0.139648695042 0.111891412996
0.971124064559 0.140884486836 0.112382809997
0.968312406456 0.141736434568 0.112322774243
0.967131240646 0.14210429503 0.113886009159
0.966113124065 0.14137926194 0.113456544874
0.975911312406 0.141802521052 0.114071202089
0.978691131241 0.143906318627 0.114091058415
0.974469113124 0.144735240656 0.113415375716
0.970446911312 0.144383164287 0.114034824963
0.975444691131 0.143411929614 0.113054956033
0.974144469113 0.143531366845 0.112419342206
0.969514446911 0.14251078906 0.113811900823
0.965451444691 0.140815466377 0.112333654024
0.975845144469 0.139232072952 0.112373337242
0.970584514447 0.138935926575 0.111868858598
0.972758451445 0.13924437316 0.113383913103
0.972075845144 0.138882008324 0.112983635945
0.962107584514 0.138576378338 0.112798465619
0.971910758451 0.1389227383 0.112177590765
0.964791075845 0.138278523892 0.11307096705
0.974879107585 0.137318834028 0.111749368646
0.964187910758 0.138992811569 0.112229224803
0.963118791076 0.140827079651 0.11190913432
0.966611879108 0.140961209979 0.113195053003
0.981361187911 0.141085201022 0.1132789858
0.976536118791 0.142396195133 0.113422497299
0.972453611879 0.143379728393 0.112272003769
0.963045361188 0.143875652066 0.113086517583
0.963904536119 0.14428661304 0.11328380389
0.968490453612 0.144415382631 0.113101624574
0.970749045361 0.144342934529 0.112619443533
0.969174904536 0.145630902429 0.112915194803
0.971717490454 0.147295491823 0.113857637973
0.971071749045 0.147431172448 0.114838616339
0.978207174905 0.146492903386 0.114870439002
0.97442071749 0.145352589634 0.11361701548
0.963242071749 0.145637161167 0.114333759111
0.968424207175 0.145613397018 0.111930855313
0.976142420717 0.144898006855 0.113934893737
0.968814242072 0.145317729194 0.113426173652
0.961781424207 0.146370153396 0.114937629637
0.959278142421 0.145812718637 0.112803810874
0.953627814242 0.144747085345 0.114225772089
0.963862781424 0.144919712251 0.11367088317
0.973886278142 0.143749191894 0.112441127571
0.973988627814 0.142419845768 0.113833748783
0.973998862781 0.141094670348 0.112159845728
0.965899886278 0.142181048047 0.113222428893
0.965089988628 0.144673854001 0.113777754574
0.964108998863 0.145749464121 0.113300417207
0.968510899886 0.144191060154 0.113324487999
0.958151089989 0.144079061094 0.114378669078
0.961615108999 0.146611993518 0.114166280342
0.9781615109 0.145652173392 0.114169961581
0.96991615109 0.143083869784 0.113825851692
0.963691615109 0.142251582543 0.113108539019
0.954069161511 0.143338281248 0.113309932481
0.964806916151 0.143371063581 0.113811748413
0.955980691615 0.140973953804 0.11297163166
0.958698069162 0.139986215382 0.112570585993
0.976969806916 0.141551228776 0.112608533444
0.973396980692 0.143244559889 0.112857277538
0.973039698069 0.142496169121 0.112908715674
0.960403969807 0.141891851423 0.11252978485
0.976240396981 0.143279053246 0.113334269772
0.977824039698 0.14549994908 0.112802372078
0.96988240397 0.146987405575 0.113714923248
0.979888240397 0.145858044614 0.11402236983
0.97638882404 0.145818034556 0.114115966571
0.960738882404 0.145249689176 0.113746098223
0.97087388824 0.144312399447 0.113926474641
0.979087388824 0.146800137453 0.114710064176
0.978108738882 0.149121954002 0.114361589539
0.969010873888 0.149489402943 0.114642103982
0.972601087389 0.149171829056 0.113724878249
0.962160108739 0.149804947353 0.113196004637
0.965616010874 0.146403337628 0.113186010243
0.956061601087 0.146392431236 0.113658868903
0.958706160109 0.147472228136 0.112712500576
0.966170616011 0.146072380791 0.113067778713
0.967817061601 0.144107528898 0.112854826992
0.95268170616 0.144044868524 0.112730599593
0.963768170616 0.142933400576 0.113725774939
0.966676817062 0.143052426658 0.113281407445
0.957067681706 0.145678964362 0.11420281186
0.963306768171 0.146071072804 0.112855727281
0.969330676817 0.144637890709 0.113221107383
0.967233067682 0.14292827798 0.114259002227
0.976923306768 0.142287319876 0.113731355335
0.961692330677 0.144086126774 0.113527044035
0.968269233068 0.145169789802 0.114509276884
0.982426923307 0.144414060645 0.11382585555
0.974842692331 0.143635627232 0.114164587398
0.978584269233 0.143640371973 0.113475076182
0.966358426923 0.141883837682 0.114110047177
0.963335842692 0.141331045791 0.112350793568
0.967533584269 0.142796157899 0.113386647796
0.956253358427 0.142552986127 0.113408015155
0.972225335843 0.143210174527 0.112968989759
0.955822533584 0.145052015259 0.113421950983
0.966782253358 0.144710728718 0.114265024027
0.964278225336 0.143162311074 0.112901026853
0.974827822534 0.142619228549 0.114578571296
0.976782782253 0.142901183454 0.114511402809
0.967078278225 0.144815736275 0.113960794462
0.959807827823 0.147672015332 0.113632901639
0.963580782782 0.146621198029 0.114229582229
0.963958078278 0.144828407951 0.113989872734
0.978395807828 0.144169825291 0.114596280225
0.970839580783 0.145669961684 0.113957573277
0.966483958078 0.147812611211 0.11495277909
0.964248395808 0.147910649505 0.11505209588
0.974824839581 0.146392038182 0.113640464151
0.967782483958 0.146431928439 0.114531685788
0.958078248396 0.146691897729 0.114757098731
0.95890782484 0.143846297793 0.113445317212
0.963490782484 0.141664259572 0.113234643619
0.969349078248 0.142465814334 0.112084440457
0.963634907825 0.14377240392 0.114597309341
0.963063490782 0.1441867871 0.114402980783
0.969306349078 0.14513284475 0.114052661225
0.969930634908 0.146820390271 0.113406879911
0.974493063491 0.14690433295 0.112902811462
0.969549306349 0.146619978679 0.113455154463
0.970854930635 0.146714831263 0.113771933419
0.962885493063 0.147567372795 0.114094643285
0.955788549306 0.148221372808 0.114628532777
0.972178854931 0.148881064977 0.113863351997
0.968417885493 0.147396327617 0.113602958743
0.960841788549 0.146862970686 0.113464360027
0.959184178855 0.147644881182 0.114078320287
0.961718417885 0.148268330734 0.114114634598
0.972771841789 0.147678412831 0.114432907786
0.978377184179 0.145500095201 0.113682815463
0.975337718418 0.146480253884 0.113335364944
0.971433771842 0.147687412262 0.113946798288
0.971043377184 0.146826394973 0.115305509285
0.971904337718 0.146465224902 0.114927603826
0.977390433772 0.14744132576 0.114301451405
0.971639043377 0.148491494053 0.114605688856
0.966563904338 0.148127138615 0.114327502855
0.953456390434 0.146657096045 0.113638638954
0.962945639043 0.146677742041 0.113878806735
0.962094563904 0.146668761259 0.113591315618
0.96830945639 0.144535014023 0.112185770347
0.966230945639 0.143687985565 0.113609978615
0.974123094564 0.143999683829 0.113230142413
0.969512309456 0.146141231457 0.114486263124
0.971751230946 0.147781914133 0.113514209606
0.967475123095 0.146867383278 0.11350687784
0.974247512309 0.146379222378 0.114374835632
0.967724751231 0.146042925144 0.114496028538
0.981472475123 0.146032587771 0.115238682858
0.960347247512 0.148092371993 0.114928242059
0.971734724751 0.149871496424 0.114660601906
0.962073472475 0.148435333804 0.113881072193
0.976407347248 0.144959845082 0.113467169203
0.976940734725 0.143093732295 0.113374600754
0.975194073472 0.143246188548 0.113149927164
0.967819407347 0.142887033268 0.113951734778
0.973381940735 0.141549538572 0.112643516146
0.969438194073 0.14137523522 0.112700230793
0.978043819407 0.141574705274 0.113183007636
0.980704381941 0.142470880575 0.113788768565
0.980070438194 0.142683882965 0.113756464613
0.976407043819 0.143276376582 0.114124058169
0.961640704382 0.142598710954 0.113815743875
0.974564070438 0.141070261738 0.112926191342
0.974056407044 0.141411791943 0.112614368626
0.958705640704 0.142914307989 0.114069974204
0.96977056407 0.14178712187 0.113565519448
0.977177056407 0.138751701118 0.111545882258
0.960817705641 0.13854431926 0.112162825174
0.967281770564 0.139979063618 0.112502747287
0.974228177056 0.140398246956 0.112089247385
0.972222817706 0.139803178838 0.113301919427
0.965722281771 0.139053894292 0.112404661946
0.967772228177 0.139278320504 0.114078481414
0.958077222818 0.14015442731 0.11291037808
0.958907722282 0.141789707327 0.113465284932
0.963490772228 0.140443852053 0.112856211776
0.954949077223 0.138376160476 0.112668936945
0.967594907722 0.138762962947 0.112813158073
0.940059490772 0.140742417054 0.113216838174
0.953505949077 0.142321315692 0.114135904393
0.953050594908 0.141610376357 0.113227057874
0.957505059491 0.140838464427 0.113324301204
0.967850505949 0.141557435936 0.113421234523
0.969785050595 0.141394662031 0.112658230249
0.956478505059 0.140101596857 0.112885993067
0.967747850506 0.139976973345 0.112710023291
0.952674785051 0.142516155003 0.113227655514
0.958367478505 0.143100653589 0.113801326286
0.958036747851 0.141736153219 0.113993156981
0.945403674785 0.140926651024 0.114138081857
0.958540367479 0.141627387794 0.114510600336
0.974254036748 0.141668226434 0.11407699697
0.970425403675 0.140172325029 0.113325463602
0.968242540367 0.139265497067 0.113808073527
0.969824254037 0.140142419338 0.111733758618
0.978982425404 0.140488967427 0.113979854728
0.97989824254 0.139323267827 0.113220681791
0.974589824254 0.140289662077 0.113229602999
0.980358982425 0.140557544688 0.112869527121
0.973735898243 0.139593663114 0.112333116699
0.979373589824 0.139021095948 0.113349316671
0.974537358982 0.138184152568 0.112030036518
0.974953735898 0.137942298063 0.112444046623
0.97949537359 0.138891712643 0.11259602625
0.979949537359 0.141827655069 0.114180658509
0.978194953736 0.142873356411 0.113592587444
0.963619495374 0.14140182333 0.114878279628
0.971161949537 0.140279660612 0.113159051458
0.969216194954 0.141939418431 0.113405261694
0.974421619495 0.142371290686 0.113090873684
0.97674216195 0.141943435554 0.113575870879
0.967974216195 0.143634525396 0.112756814525
0.970697421619 0.145594570952 0.113121333887
0.975469742162 0.146980627285 0.115180005031
0.977746974216 0.146919451371 0.113630127381
0.971674697422 0.147952270062 0.113948520108
0.976467469742 0.146769610957 0.113857080204
0.969746746974 0.14678305762 0.114542188234
0.966374674697 0.147126386638 0.114884162678
0.96153746747 0.146644076557 0.113821858865
0.948453746747 0.145865625246 0.113264823734
0.967845374675 0.143765826521 0.113302723391
0.969784537467 0.142201165745 0.114568853052
0.969978453747 0.142354756345 0.114085226812
0.978097845375 0.141531257664 0.112549212927
0.982509784537 0.140381654307 0.113746795245
0.976650978454 0.141589227292 0.114366920334
0.984165097845 0.143419631032 0.114696049912
0.981316509785 0.145269895592 0.114584958322
0.971131650978 0.145860705054 0.114552630332
0.972813165098 0.144882313598 0.11421707553
0.97208131651 0.144736764109 0.115543038878
0.965708131651 0.143636926137 0.113079562108
0.965970813165 0.142612510025 0.113466679601
0.976797081317 0.143384449072 0.113379116169
0.973379708132 0.144019752878 0.113968977971
0.974837970813 0.143499950134 0.112902873194
0.968683797081 0.143380876646 0.112314591239
0.981568379708 0.144827366373 0.114097275241
0.968456837971 0.144456645776 0.113040018108
0.968945683797 0.143252975867 0.113138478945
0.97529456838 0.142033020868 0.113245547387
0.974129456838 0.142832773711 0.113315427908
0.967712945684 0.14481259115 0.11437193201
0.966171294568 0.144903124257 0.114471620623
0.970517129457 0.143598084766 0.113386115336
0.972751712946 0.143460716765 0.112434378849
0.962175171295 0.144393638474 0.11251190244
0.963817517129 0.144286392292 0.113313370854
0.968481751713 0.143701402437 0.112364506335
0.977048175171 0.143954921199 0.113003717681
0.973404817517 0.145645073164 0.112651494128
0.973940481752 0.14541458206 0.113272336902
0.975794048175 0.143843999456 0.113762934093
0.976879404818 0.143022823532 0.113908697033
0.980587940482 0.144170410265 0.114074017262
0.970158794048 0.145730305113 0.114404593411
0.975415879405 0.144313962435 0.113707412104
0.97054158794 0.144646647964 0.113408974618
0.967354158794 0.147412341873 0.114525446281
0.970635415879 0.149510720914 0.114876960272
0.960163541588 0.149886484907 0.114703009606
0.955516354159 0.149191762917 0.115422307832
0.964951635416 0.146981155884 0.114833267306
0.972195163542 0.144992308007 0.115260590547
0.972919516354 0.143295414723 0.112912635755
0.966691951635 0.143653451106 0.112819911729
0.965169195164 0.14653952463 0.115094691817
0.970416919516 0.146725992349 0.114386093014
0.979041691952 0.14557180679 0.11365947483
0.972704169195 0.144792908854 0.11371636769
0.97117041692 0.144794349536 0.114547179114
0.973717041692 0.144792089055 0.113041455843
0.970371704169 0.145504956722 0.113746270267
0.970937170417 0.146601063051 0.113986527107
0.965593717042 0.145870412789 0.114250645819
0.969559371704 0.144613456628 0.114750829855
0.97175593717 0.143569989053 0.113189723758
0.969275593717 0.144030985302 0.113382219137
0.960027559372 0.145064658202 0.114081296734
0.969902755937 0.146697588836 0.114310366847
0.970890275594 0.145553045582 0.114713003161
0.969189027559 0.144126717609 0.113387978621
0.969918902756 0.143462773505 0.112060459351
0.975391890276 0.144340308344 0.113444683903
0.969639189028 0.147178722937 0.115993935508
0.968163918903 0.148591964548 0.115839178587
0.96801639189 0.147311052572 0.114018673665
0.977001639189 0.142914745939 0.112695189162
0.972500163919 0.141145618606 0.114075689584
0.972050016392 0.141071082995 0.113086731253
0.981005001639 0.140058986031 0.113321523226
0.977400500164 0.139805405151 0.114028685323
0.968040050016 0.139633372178 0.112247325616
0.972504005002 0.140037412897 0.113881919786
0.9711504005 0.140057161822 0.113815893864
0.97281504005 0.13967707629 0.11254977237
0.949581504005 0.139958292214 0.11276364093
0.949058150401 0.140695813294 0.111932963649
0.96610581504 0.139575069418 0.111361775323
0.965110581504 0.138645648926 0.112283386865
0.97671105815 0.139372131369 0.111846931393
0.972471105815 0.140189542917 0.112809164028
0.962147110582 0.141195192375 0.113799730549
0.964714711058 0.140680562524 0.113036776422
0.966771471106 0.140104437103 0.112581573226
0.964277147111 0.142869305484 0.11268620723
0.976627714711 0.144894699224 0.114028781037
0.974262771471 0.143852912295 0.114150330434
0.959626277147 0.144731978789 0.114852951587
0.955462627715 0.146530995311 0.114453063418
0.962246262771 0.146131107272 0.113602649493
0.964724626277 0.145935846927 0.113995951441
0.978472462628 0.146551810715 0.113905489084
0.961847246263 0.145897184632 0.114390649981
0.962884724626 0.14475326926 0.114108157794
0.976488472463 0.143114381475 0.114107280822
0.976048847246 0.141874457243 0.11365826075
0.972404884725 0.141812736714 0.113505909254
0.976540488472 0.142628540205 0.112691525709
0.978754048847 0.142492983913 0.113528574921
0.977175404885 0.141248748748 0.113155441403
0.979717540488 0.142690851811 0.113103569249
0.970071754049 0.144267734508 0.114033908636
0.964607175405 0.142327937512 0.114337942107
0.97666071754 0.142283917089 0.113586376963
0.966166071754 0.145270120487 0.113524061855
0.979516607175 0.146897889031 0.114634435381
0.969151660718 0.147033005716 0.11383374936
0.964515166072 0.147087776813 0.11465436177
0.968551516607 0.145621671527 0.113634769867
0.977955151661 0.144230037951 0.113833301185
0.980695515166 0.144373252945 0.113749942189
0.977369551517 0.143997598575 0.113563243684
0.966236955152 0.142996111606 0.113448358001
0.978623695515 0.141622190422 0.114092807734
0.974462369552 0.1410076057 0.113477138752
0.977646236955 0.142021047949 0.113615906184
0.968064623696 0.141132224554 0.112592777356
0.97160646237 0.139268866304 0.113333213892
0.973760646237 0.13930558815 0.113134103989
0.973976064624 0.140988514342 0.113613384284
0.984797606462 0.141012057851 0.1133676669
0.967879760646 0.140820099739 0.112681824304
0.966187976065 0.142456018109 0.113782275462
0.976818797606 0.142425707687 0.11259213894
0.985081879761 0.142971927554 0.113966373303
0.976908187976 0.142544025004 0.113560244625
0.979690818798 0.139765331702 0.111998136408
0.97366908188 0.139372212415 0.114638506784
0.967666908188 0.142416101107 0.112721836673
0.965266690819 0.143637333361 0.112566191136
0.976726669082 0.141901028453 0.113166914476
0.977872666908 0.141155793387 0.112485084639
0.971687266691 0.142295558679 0.114003400105
0.971968726669 0.143471592465 0.113510805211
0.976496872667 0.143470119168 0.113894027641
0.968849687267 0.144271246456 0.113708171115
0.966284968727 0.143854852446 0.111710512948
0.979528496873 0.14437116602 0.112209397849
0.987152849687 0.144891320797 0.114534632787
0.979815284969 0.144266270338 0.113111077898
0.976381528497 0.144499596898 0.113206835301
0.97873815285 0.146563013265 0.113564179716
0.979873815285 0.146188024877 0.114062086996
0.966487381528 0.146117591795 0.113956715886
0.980448738153 0.146056897761 0.114531896943
0.972844873815 0.146059665296 0.113887892502
0.972984487382 0.146749118258 0.114043486069
0.975698448738 0.14692843698 0.113841240333
0.964269844874 0.144859370854 0.114161435421
0.966726984487 0.143346411307 0.11353022253
0.975972698449 0.14380862271 0.112804580344
0.979597269845 0.144682062333 0.11383398108
0.979959726984 0.145233234673 0.113465368303
0.976395972698 0.145058239732 0.113065819637
0.96523959727 0.145649373202 0.113650130606
0.973123959727 0.1462556531 0.11396479992
0.960412395973 0.146737524478 0.114570941245
0.967241239597 0.146369205421 0.113757226157
0.96342412396 0.146356632191 0.113791046989
0.973842412396 0.144925030374 0.114018988979
0.98298424124 0.142694242395 0.113200406474
0.982998424124 0.142780344358 0.113383286057
0.982099842412 0.145050680544 0.113837114765
0.976609984241 0.145713323655 0.113693482243
0.962560998424 0.144368209062 0.113407299829
0.962956099842 0.145460792145 0.113339425143
0.979195609984 0.146768970639 0.114479407636
0.967319560998 0.14604058661 0.115532477745
0.9625319561 0.14499280295 0.114470744883
0.97285319561 0.1465193758 0.114900840701
0.963085319561 0.147521809223 0.113620488662
0.978308531956 0.145758992756 0.113371639586
0.980730853196 0.142666024484 0.113500654733
0.96927308532 0.143200480231 0.11340671348
0.971727308532 0.146196949503 0.113975205488
0.960272730853 0.145745306266 0.114595681643
0.958227273085 0.142425972188 0.113041629127
0.942722727309 0.140160211827 0.112450225462
0.964572272731 0.139680175428 0.113209617214
0.972157227273 0.13883773029 0.11310333214
0.971115722727 0.13861237577 0.113642434284
0.968311572273 0.138319128703 0.112629843218
0.972531157227 0.139707251713 0.112718219238
0.975653115723 0.140776533521 0.113081652601
0.968765311572 0.141492975791 0.114638151814
0.978876531157 0.142576816248 0.113619910923
0.974487653116 0.142964813177 0.113421651298
0.972248765312 0.143063071895 0.113541809377
0.979224876531 0.144851627418 0.114167324633
0.967322487653 0.144983047878 0.114345059425
0.964332248765 0.142161290228 0.113402147268
0.973933224877 0.141132093966 0.112565234965
0.973993322488 0.143901920131 0.114009742363
0.968599332249 0.143686234108 0.114119861377
0.984259933225 0.141265682723 0.112522718303
0.973225993322 0.140427271836 0.112678209357
0.965822599332 0.140958318596 0.11361071647
0.962382259933 0.140913678124 0.114596083201
0.971938225993 0.141042806008 0.113932000705
0.974693822599 0.142667307269 0.113816429453
0.98126938226 0.143895139716 0.113659363549
0.974726938226 0.143989756664 0.114843258397
0.956972693823 0.145157185789 0.114386117329
0.967797269382 0.144987513413 0.112707832919
0.972479726938 0.144482541072 0.11379842609
0.975647972694 0.145131868047 0.11231838023
0.974164797269 0.144284584922 0.112925081709
0.978516479727 0.142791685051 0.11307042498
0.974451647973 0.14186301297 0.113101698502
0.965945164797 0.144340168813 0.114658646347
0.96509451648 0.146777817767 0.115473753834
0.974009451648 0.145734561868 0.114319857319
0.970400945165 0.143359572449 0.113195357799
0.964640094516 0.143219427812 0.113466729759
0.964964009452 0.144338961381 0.114645672453
0.968596400945 0.144213542096 0.113886230372
0.977059640095 0.143395492428 0.113045822887
0.977005964009 0.142741918851 0.113047400974
0.982400596401 0.141681195578 0.113475628192
0.97124005964 0.141399217495 0.113793743372
0.966524005964 0.141629291633 0.113019013041
0.975952400596 0.141633704886 0.112696332838
0.97869524006 0.141805715298 0.111942875345
0.985269524006 0.141402843211 0.112656027989
0.988626952401 0.142160728925 0.114664270099
0.96286269524 0.144235069911 0.113301900342
0.967486269524 0.144212617759 0.112890249555
0.968848626952 0.144025683953 0.11463869882
0.960884862695 0.145075936754 0.113248738483
0.96908848627 0.147062408087 0.11370989964
0.976208848627 0.146491638577 0.113101874296
0.981420884863 0.147612122835 0.113613444173
0.978342088486 0.147625080543 0.114325361674
0.966334208849 0.145873693131 0.114282994745
0.975033420885 0.143012539879 0.11333842088
0.971403342088 0.143095573892 0.114607951571
0.965640334209 0.145312909029 0.113197157666
0.968664033421 0.144332541346 0.113624150446
0.959066403342 0.141854699068 0.1131749233
0.959006640334 0.140002051547 0.112301632872
0.968900664033 0.140655936658 0.114625752473
0.976190066403 0.14105522873 0.112542699057
0.95531900664 0.14105028352 0.113859056897
0.972131900664 0.14095485966 0.112321117739
0.970213190066 0.141052279125 0.112283579919
0.975421319007 0.140482859904 0.112667523847
0.963342131901 0.141541520536 0.113541803731
0.96933421319 0.142363588088 0.113156132789
0.953733421319 0.143845605167 0.113787082039
0.963873342132 0.142960015466 0.113381780613
0.960387334213 0.141554560412 0.113505531491
0.964538733421 0.141732864666 0.113490011064
0.963153873342 0.142645379661 0.112759946044
0.963915387334 0.141616525656 0.114296607895
0.966691538733 0.139150622662 0.112288943491
0.968769153873 0.138752582016 0.112920313882
0.970776915387 0.139104824895 0.113084340045
0.976377691539 0.140236783831 0.112942531698
0.967937769154 0.141436606735 0.113061480976
0.970693776915 0.141350174987 0.1131390974
0.971869377692 0.14188941658 0.11286172383
0.958486937769 0.143276773388 0.113349021273
0.963448693777 0.140379130954 0.113085676961
0.972944869378 0.136300326395 0.111692094953
0.965794486938 0.135634728892 0.111265341333
0.974979448694 0.136698729351 0.112306625285
0.974097944869 0.13725039957 0.112562820008
0.973109794487 0.136545883491 0.110496057833
0.973910979449 0.136507893524 0.112462371154
0.970391097945 0.138354645536 0.113016613258
0.974539109794 0.137896406329 0.111529620264
0.974053910979 0.137582283242 0.112109025826
0.965905391098 0.138902580948 0.113498112284
0.96599053911 0.140773226199 0.113058108113
0.952499053911 0.142185868669 0.112941905936
0.968249905391 0.143111122024 0.11333416045
0.961724990539 0.143328219984 0.113609074764
0.961972499054 0.140963904618 0.112538475519
0.972797249905 0.140337864075 0.113309791458
0.970279724991 0.142709229976 0.113356822184
0.963727972499 0.145362049999 0.114336544601
0.95677279725 0.144184765103 0.113779695469
0.965977279725 0.141696585084 0.112538968722
0.955197727972 0.141226261628 0.113315828274
0.974819772797 0.141181861256 0.112443096231
0.97768197728 0.140970065386 0.11267771635
0.977068197728 0.141834099614 0.11368559229
0.972506819773 0.144123040398 0.113258452644
0.969350681977 0.147509088556 0.113756090911
0.959135068198 0.149152353593 0.113521589688
0.95451350682 0.148485400446 0.115082465124
0.953151350682 0.147509249343 0.114300827977
0.958415135068 0.145512051153 0.112347536031
0.969741513507 0.144054675857 0.113352180702
0.967274151351 0.14582006314 0.114130113874
0.963427415135 0.14659409236 0.114249268516
0.972042741514 0.145315074976 0.114219879732
0.973804274151 0.143174780229 0.113242740707
0.970380427415 0.141801173441 0.111724168264
0.973638042742 0.142066732174 0.112724627922
0.964063804274 0.143562401525 0.114467151905
0.980206380427 0.143786786023 0.113229219858
0.974620638043 0.143489240418 0.113282999733
0.966862063804 0.142880230697 0.113618023887
0.97688620638 0.143301578657 0.113881473047
0.966188620638 0.144827458628 0.113271650146
0.954318862064 0.145344680426 0.113478266813
0.967531886206 0.143137653775 0.114007657392
0.969753188621 0.142759486353 0.113542176331
0.969075318862 0.14403394289 0.113657265972
0.983407531886 0.143616459972 0.114174559105
0.959640753189 0.143636105249 0.114262473228
0.971664075319 0.145136811368 0.115420592987
0.977366407532 0.145542926751 0.114377596934
0.981536640753 0.14431666269 0.113291691873
0.986453664075 0.143396180047 0.114032933268
0.969845366408 0.143359760508 0.113855426601
0.970884536641 0.14346330956 0.114024126933
0.971888453664 0.14394233991 0.112718182106
0.970188845366 0.144443626481 0.113519812528
0.956518884537 0.143618809648 0.113904618776
0.955151888454 0.143733968239 0.113415828879
0.980215188845 0.143303545297 0.113984957106
0.971021518885 0.141378887574 0.112894049714
0.972802151888 0.142481970378 0.114276384152
0.976580215189 0.143644017854 0.113114506728
0.977858021519 0.143072861125 0.112690896449
0.968985802152 0.14381796765 0.111945843538
0.966298580215 0.14408865068 0.114326650493
0.968729858022 0.14401332241 0.114064816009
0.975272985802 0.143585824684 0.112926668452
0.97142729858 0.143127988384 0.113886481031
0.982742729858 0.143441715774 0.113794460598
0.970374272986 0.143145159113 0.113156128631
0.962837427299 0.142735072374 0.11408195739
0.96298374273 0.140563397924 0.112664873412
0.979198374273 0.139228273404 0.112367320767
0.978119837427 0.141164410754 0.113371122591
0.971711983743 0.142369758118 0.112938234972
0.968371198374 0.140478664705 0.112220569014
0.979737119837 0.140122530717 0.113094138497
0.979073711984 0.140784126596 0.113850547619
0.980807371198 0.14247851246 0.113442909183
0.98188073712 0.142278305717 0.112638726173
0.968488073712 0.142046093266 0.113956883362
0.965348807371 0.143038092472 0.113667437813
0.972234880737 0.143986214542 0.114424828735
0.975623488074 0.143454809131 0.11526613316
0.976862348807 0.142185162708 0.11270385339
0.967986234881 0.14329712867 0.112820831121
0.974298623488 0.142921009422 0.112692535189
0.978529862349 0.140713348882 0.113930765263
0.974452986235 0.141239353684 0.113561917748
0.965945298623 0.14328737458 0.112992736789
0.977694529862 0.143480960668 0.112323548497
0.976169452986 0.142974626432 0.112325501861
0.968816945299 0.142222532703 0.113258107408
0.97078169453 0.143639763845 0.113597743452
0.964678169453 0.143994336668 0.113125076319
0.961367816945 0.142458325588 0.112535542595
0.972736781695 0.141611916618 0.113474480769
0.971173678169 0.142861739577 0.113462503759
0.959317367817 0.146225702975 0.114416799783
0.963531736782 0.149655499318 0.114295750236
0.963053173678 0.149546353062 0.113152999369
0.967505317368 0.149537787283 0.114321852851
0.967050531737 0.148749670607 0.113016338679
0.976005053174 0.149651570186 0.113704620725
0.969700505317 0.149366084223 0.114661060872
0.956470050532 0.147056815614 0.114086654234
0.966847005053 0.145941907532 0.113733652738
0.981384700505 0.146999827761 0.114325524335
0.966638470051 0.147755048011 0.113878781808
0.960663847005 0.148483104115 0.11523586664
0.969966384701 0.147164705007 0.115266310629
0.97089663847 0.146109008921 0.114550414912
0.965589663847 0.146186743096 0.114503086609
0.967758966385 0.146963522242 0.114431389595
0.980575896638 0.146150215051 0.113982615897
0.970157589664 0.145659146369 0.114266850982
0.978115758966 0.146278972145 0.11497543994
0.976211575897 0.146658110086 0.11470201338
0.98322115759 0.146039757966 0.114047055921
0.965922115759 0.146121960285 0.113678615573
0.979492211576 0.144989064575 0.113593381507
0.977249221158 0.142951929774 0.113304160691
0.974324922116 0.144122593453 0.113659580779
0.963232492212 0.14604311609 0.113766525981
0.970223249221 0.144892925483 0.113072787717
0.982622324922 0.142988276775 0.113172080446
0.974862232492 0.142810948153 0.114047950549
0.970486223249 0.142424624439 0.113000605615
0.970048622325 0.142393598317 0.113161110374
0.979004862232 0.142386529206 0.113019865533
0.972700486223 0.144056356902 0.114837391957
0.972070048622 0.144880576809 0.114907929613
0.968407004862 0.142697532028 0.113466323165
0.974340700486 0.142943003176 0.114061958373
0.966834070049 0.142863271784 0.114466361323
0.963383407005 0.142219579228 0.113408083706
0.9666383407 0.142749517127 0.113815032835
0.96966383407 0.142380100096 0.11254899252
0.982566383407 0.140932877734 0.112082355578
0.977556638341 0.139499408388 0.112287897879
0.977955663834 0.140827176337 0.112798729788
0.958195566383 0.143313751721 0.113513526219
0.970619556638 0.144371120298 0.114178078526
0.980861955664 0.143992801166 0.113649116728
0.980086195566 0.145703273791 0.115076670569
0.977308619557 0.146183913791 0.114617876314
0.968930861956 0.145791174739 0.114160773678
0.975293086196 0.145204095001 0.112250905882
0.96692930862 0.144444603596 0.113857089066
0.964292930862 0.142303920748 0.113486005606
0.967629293086 0.140790691991 0.114408843893
0.968862929309 0.140974573777 0.112968689931
0.964486292931 0.143665477864 0.11361749552
0.955948629293 0.143768317746 0.11332214065
0.952394862929 0.141463011571 0.11240711655
0.962839486293 0.140578170834 0.112763532521
0.975583948629 0.141171623055 0.113169369477
0.975958394863 0.14082057179 0.114251967367
0.978695839486 0.139375944896 0.113127297179
0.983469583949 0.137196661362 0.1120338804
0.983046958395 0.137163107395 0.112168099568
0.969504695839 0.138900522095 0.112713314023
0.966350469584 0.140630673958 0.112875727813
0.957935046958 0.141059226716 0.112307313025
0.977793504696 0.140243529616 0.114096840525
0.97347935047 0.140714653692 0.113465778024
0.977547935047 0.141885453197 0.113005070718
0.983354793505 0.141194312373 0.111799368615
0.97043547935 0.140934897891 0.112961618703
0.972743547935 0.142077713227 0.113583776948
0.967574354794 0.142650366824 0.114440831274
0.973357435479 0.142143347676 0.11382955315
0.971235743548 0.142388608915 0.113600843726
