0.0378 0.0903234548724 0.0937839176929
0.04968 0.0986607261609 0.104430277002
0.059868 0.0996222169202 0.104133338503
0.0491868 0.101055525423 0.1032080171
0.07151868 0.104058794737 0.104736935161
0.074651868 0.108535319565 0.105879114642
0.0731651868 0.113565987176 0.107640583089
0.10361651868 0.11891540693 0.109184720203
0.114761651868 0.12500863495 0.112125212129
0.134776165187 0.132413026391 0.113741463036
0.128677616519 0.14166683788 0.11522434172
0.162267761652 0.153051294626 0.114878621624
0.163826776165 0.16587550648 0.118887487934
0.167582677617 0.176621051993 0.1195855742
0.187758267762 0.183841689002 0.121127111405
0.204175826776 0.186328469707 0.120448517618
0.208517582678 0.190526938858 0.120292055459
0.288151758268 0.196105528364 0.12073809007
0.261015175827 0.203718328469 0.120510515569
0.308701517583 0.211707855002 0.121195046182
0.326970151758 0.218840720283 0.119486011153
0.362997015176 0.228339897834 0.120439989123
0.368399701518 0.239067697931 0.120595735775
0.391439970152 0.24515190001 0.11990039731
0.424343997015 0.24856259192 0.119580937211
0.457334399702 0.253642471871 0.119249869639
0.44443343997 0.258183535892 0.118441670492
0.476443343997 0.267602708927 0.118796294606
0.5057443344 0.277724921291 0.118503893687
0.53297443344 0.290783098106 0.119481249763
0.558197443344 0.299216026865 0.119215455113
0.539119744334 0.304951673494 0.119725420517
0.559711974433 0.306179712406 0.12133103686
0.562671197443 0.307112809996 0.122156118612
0.570167119744 0.312415683236 0.121792669206
0.615016711974 0.320568825561 0.12030299528
0.632101671197 0.326303342921 0.119147558133
0.63201016712 0.331581428808 0.118080868255
0.650001016712 0.331503572575 0.117909644242
0.639200101671 0.330204432556 0.120408412967
0.652520010167 0.326987158191 0.121218461512
0.637652001017 0.330298372462 0.121884879966
0.616365200102 0.33497168495 0.121442620541
0.64663652001 0.338693707194 0.119762363155
0.624463652001 0.347822723431 0.120361935781
0.5997463652 0.352441693088 0.118641808051
0.59367463652 0.355835021274 0.118383928056
0.594867463652 0.364201299696 0.11699036945
0.580586746365 0.371896312922 0.117155850639
0.623258674637 0.372835322404 0.117442279027
0.586125867464 0.368499596526 0.117399487848
0.567112586746 0.360742985353 0.11985547962
0.565211258675 0.351875626235 0.120854008379
0.570421125867 0.352062064758 0.119458771735
0.550242112587 0.358807756724 0.119816847594
0.569824211259 0.363399751797 0.119820076571
0.564582421126 0.362140806759 0.118464787557
0.608158242113 0.358735220496 0.117813975232
0.577415824211 0.355788848602 0.118292325396
0.566241582421 0.35398801389 0.118973191207
0.569624158242 0.354157487742 0.118594029194
0.605062415824 0.359697720357 0.118246342521
0.596006241582 0.365280638387 0.11914051186
0.557300624158 0.368405524026 0.118089919034
0.549830062416 0.368476399285 0.119411711727
0.558983006242 0.365796951864 0.11939521066
0.571598300624 0.370023896517 0.119140317991
0.546759830062 0.371226114484 0.118249836481
0.607275983006 0.372475606088 0.117995601769
0.595327598301 0.377368948875 0.115853546101
0.57073275983 0.387958398973 0.116498980788
0.574573275983 0.399889289041 0.11570506618
0.532657327598 0.417703784166 0.117070499365
0.52936573276 0.428390596005 0.11540162736
0.528136573276 0.432981792608 0.116441659778
0.510013657328 0.42722701787 0.115251420586
0.526201365733 0.418414715563 0.117658659369
0.536820136573 0.408851845723 0.11771204073
0.516282013657 0.403800357104 0.117003389724
0.498928201366 0.404649646407 0.116841271258
0.532292820137 0.405611624224 0.116696462034
0.534729282014 0.406102811727 0.116406408185
0.541272928201 0.402193004997 0.116086523325
0.55992729282 0.396480604122 0.116786238639
0.550092729282 0.386280580001 0.11727315114
0.575209272928 0.380033904289 0.118564567833
0.575920927293 0.377157630869 0.119604856145
0.584092092729 0.376145538768 0.119196720525
0.558809209273 0.37335434843 0.119824527259
0.589580920927 0.370510863564 0.11893976363
0.547658092093 0.377849383277 0.119400551435
0.568665809209 0.38637931911 0.119002826462
0.552766580921 0.393050274736 0.117896052671
0.549376658092 0.402247663504 0.118199792159
0.531037665809 0.41222686598 0.116087239475
0.514803766581 0.424727790175 0.115804984263
0.480780376658 0.435163361785 0.115240727203
0.515178037666 0.438429943009 0.114213559949
0.539317803767 0.436109904327 0.115254957014
0.490431780377 0.429773564614 0.115546154118
0.501743178038 0.425796370669 0.116635725853
0.513674317804 0.423999447587 0.117555500783
0.51936743178 0.419393094225 0.118162418265
0.493836743178 0.416956522047 0.119084270118
0.520083674318 0.412682762297 0.118553548174
0.501108367432 0.40879473133 0.120136364176
0.504610836743 0.402736584581 0.119925015445
0.531961083674 0.3970645549 0.119894719235
0.515796108367 0.394388390336 0.117972098001
0.516879610837 0.395086526348 0.118019991827
0.555687961084 0.396349733993 0.117533676404
0.564068796108 0.39680367793 0.11779695423
0.567606879611 0.395864819844 0.118311799942
0.564360687961 0.391592630011 0.118640455438
0.562236068796 0.388459573241 0.119567170062
0.58722360688 0.383741528562 0.119402917589
0.581622360688 0.380344675962 0.118952264773
0.571162236069 0.377434892895 0.118738572734
0.559316223607 0.378000202362 0.11961280477
0.523031622361 0.379596750889 0.120401575383
0.551803162236 0.378018079144 0.119699531217
0.572680316224 0.374940753407 0.118979678681
0.542368031622 0.378064386071 0.119391750401
0.548336803162 0.380250208417 0.119325638907
0.564233680316 0.379560348919 0.11884564575
0.532523368032 0.376875422349 0.119951031731
0.542852336803 0.378455998951 0.1199782686
0.55828523368 0.37945823318 0.120446331995
0.528328523368 0.378650567953 0.119189178714
0.574832852337 0.376335864708 0.119219350043
0.574083285234 0.372378855261 0.118457413892
0.565008328523 0.368565359619 0.119009383923
0.592900832852 0.368536503667 0.119346625655
0.564190083285 0.370106915544 0.119063315307
0.540619008329 0.368679555207 0.119417147739
0.594061900833 0.367509912902 0.119023942509
0.566106190083 0.367361841869 0.119356026162
0.533610619008 0.371561676832 0.120323011124
0.569061061901 0.375047151503 0.121151267345
0.54470610619 0.3737978161 0.120087078208
0.588170610619 0.36966666676 0.119168216094
0.588017061062 0.368827845105 0.120357562521
0.565501706106 0.369913567379 0.118498064781
0.574050170611 0.377413742954 0.118209199325
0.555105017061 0.387934469474 0.118808552298
0.564010501706 0.392839766844 0.119981190237
0.562201050171 0.396872313176 0.120139249474
0.534120105017 0.402310153689 0.120407385242
0.552012010502 0.408916247087 0.118481302474
0.52410120105 0.414590774545 0.116836026921
0.536610120105 0.41869533061 0.11529718855
0.571161012011 0.41956081193 0.113310790456
0.574616101201 0.421199509582 0.112955868333
0.56596161012 0.416773109491 0.113075719027
0.575896161012 0.411185533457 0.113189045365
0.584989616101 0.41001658049 0.115651263152
0.55889896161 0.408585595066 0.116998004926
0.558989896161 0.41008306165 0.117633001058
0.533798989616 0.41772530582 0.118587945111
0.541179898962 0.429820303073 0.118477879136
0.547317989896 0.43798942179 0.117585378702
0.52453179899 0.437181506354 0.115778040632
0.523153179899 0.434808457867 0.115010358264
0.50591531799 0.43272993311 0.115671077603
0.523091531799 0.426947341645 0.114936549267
0.52750915318 0.420873701204 0.114278048841
0.541450915318 0.418438012625 0.114589951769
0.558145091532 0.415424914148 0.116516325661
0.550814509153 0.406669698301 0.117225664958
0.591481450915 0.393334489729 0.116215386677
0.576648145092 0.386193318156 0.115997354751
0.585064814509 0.380818318154 0.117629065407
0.596706481451 0.380277433957 0.117577108973
0.626670648145 0.382180649736 0.117940623315
0.623367064815 0.383807424936 0.117536021433
0.555536706481 0.390316586011 0.11781618987
0.569453670648 0.396924617725 0.117832590678
0.550145367065 0.400483177179 0.117059604234
0.544614536706 0.405901255916 0.117843540887
0.550361453671 0.411485129883 0.116596010713
0.560836145367 0.414936863469 0.117446932568
0.545683614537 0.415605122141 0.116973095344
0.524368361454 0.420962460028 0.117003866033
0.518636836145 0.428531626856 0.116221391429
0.512663683615 0.432145700636 0.116633914256
0.522866368361 0.430960456796 0.117190077575
0.546386636836 0.42885032716 0.116281710035
0.522638663684 0.430181490197 0.115064589525
0.528363866368 0.428927365103 0.115851817641
0.563136386637 0.413542572166 0.11507910075
0.542313638664 0.399335831727 0.117303842804
0.543831363866 0.386000780715 0.118277333695
0.525083136387 0.375446423125 0.118431050246
0.562808313639 0.365667871567 0.120367236193
0.587280831364 0.361105654164 0.121224827487
0.573528083136 0.360795927016 0.122025291793
0.567652808314 0.36184960908 0.121756753792
0.544565280831 0.362848441305 0.121416524299
0.514356528083 0.36735177692 0.120838409273
0.560835652808 0.376006076046 0.119372845183
0.591583565281 0.380431276319 0.117993054015
0.594658356528 0.386394999175 0.117900953414
0.585065835653 0.389347104882 0.116344085051
0.579606583565 0.394052641234 0.116390377934
0.559260658357 0.399344337037 0.116568640507
0.530226065836 0.40540902009 0.117342035908
0.515622606584 0.40998680906 0.116862728417
0.524062260658 0.413832817212 0.118249777334
0.533006226066 0.407938276965 0.118436242253
0.521300622607 0.403583419192 0.118656128452
0.483230062261 0.40166956919 0.118658925734
0.548723006226 0.399481067191 0.118508581274
0.545372300623 0.396792684527 0.12007251151
0.556737230062 0.393784918726 0.119463832818
0.513773723006 0.39309652072 0.119189081212
0.561677372301 0.395487109333 0.119213671034
0.54036773723 0.395385893379 0.1195445063
0.561636773723 0.394433600096 0.119002105474
0.558363677372 0.395855519574 0.118073900229
0.590436367737 0.400789644251 0.116993713196
0.571143636774 0.409464833579 0.115564582251
0.553014363677 0.415435096173 0.114945214267
0.536801436368 0.41394592468 0.116029908014
0.546880143637 0.417654718659 0.117493512774
0.538888014364 0.421855275896 0.11828940623
0.528188801436 0.424603037281 0.116934192758
0.515418880144 0.431399216149 0.116504014496
0.496141888014 0.434605159188 0.116649655389
0.500514188801 0.428315765719 0.116237463006
0.51715141888 0.421654882716 0.116628232816
0.504415141888 0.414589363097 0.117354694756
0.518441514189 0.40585170947 0.1198054617
0.504544151419 0.400492435221 0.121367796347
0.556254415142 0.400892791558 0.12042570537
0.546125441514 0.410368361117 0.119411897647
0.546012544151 0.420992815098 0.1188154494
0.519001254415 0.42841304604 0.115522580638
0.549600125442 0.436235842226 0.114928710392
0.515760012544 0.442866028114 0.113625885163
0.514176001254 0.443235699644 0.113341242123
0.516717600125 0.44163757186 0.112407177821
0.538571760013 0.4333243812 0.112129415024
0.540757176001 0.426819487637 0.113815768753
0.5166757176 0.419127984806 0.114036346951
0.57726757176 0.408902303275 0.115258976646
0.580626757176 0.399544093754 0.116305689163
0.586362675718 0.384938641559 0.11638785402
0.556336267572 0.370578259671 0.117771525756
0.513733626757 0.359848327091 0.119565111178
0.567073362676 0.35180858241 0.119743007971
0.578707336268 0.351216800036 0.121308071383
0.582570733627 0.354507449576 0.121212910685
0.564957073363 0.358435639071 0.122652606497
0.536195707336 0.360105990291 0.122452515959
0.570219570734 0.367047511611 0.121486046553
0.552021957073 0.376434931028 0.120344643223
0.570902195707 0.387569602288 0.11934218804
0.571890219571 0.398444555339 0.117114877283
0.562989021957 0.409455720953 0.116052119923
0.556698902196 0.418246204907 0.116065236962
0.55516989022 0.423758424882 0.115093220162
0.537916989022 0.429827680542 0.115497227611
0.575791698902 0.427904751631 0.115309411357
0.55707916989 0.422446816637 0.116196063709
0.547107916989 0.417118448961 0.11813403036
0.508310791699 0.405819434718 0.119608944749
0.52333107917 0.391724126891 0.119170198295
0.517633107917 0.385282291002 0.121273160468
0.530563310792 0.381576559479 0.121598515776
0.536356331079 0.377640800568 0.120309310933
0.561235633108 0.377064293235 0.121261673414
0.555623563311 0.37529964831 0.121615202137
0.567662356331 0.374451057922 0.121110947033
0.554466235633 0.380156629957 0.121486488598
0.569346623563 0.384196230491 0.120457500764
0.555534662356 0.389238200907 0.120653525102
0.551453466236 0.39447389905 0.119645886186
0.587045346624 0.394131422753 0.118862721351
0.553704534662 0.387618589295 0.117747962434
0.547670453466 0.390786315117 0.118127241666
0.538067045347 0.394790195709 0.116221222482
0.567706704535 0.402819154366 0.115525411085
0.535570670453 0.410608101659 0.11505533543
0.536857067045 0.411737508916 0.117011556101
0.522585706705 0.412076038677 0.116542213784
0.50135857067 0.407841842419 0.117487428559
0.510935857067 0.39797673813 0.119798267654
0.508293585707 0.386845881874 0.121020463434
0.543129358571 0.378145740243 0.122460028391
0.538512935857 0.366739441472 0.122877376725
0.564151293586 0.354613885208 0.122880669655
0.588315129359 0.345879904441 0.122071504053
0.589831512936 0.342154851991 0.120575837957
0.602583151294 0.343786974295 0.1196125372
0.598458315129 0.349027198488 0.120577886162
0.636745831513 0.352262594462 0.118223765002
0.631574583151 0.358387297354 0.118899750256
0.604057458315 0.368582617323 0.119735922803
0.583305745832 0.377203574412 0.118495749709
0.609130574583 0.387495645521 0.118036289475
0.560413057458 0.400362311351 0.11745362472
0.537541305746 0.414187753996 0.116767015112
0.557754130575 0.431281458311 0.115694649606
0.518375413057 0.447490387441 0.11528858052
0.498237541306 0.454673784943 0.11502594425
0.498023754131 0.456422665787 0.116610281355
0.512402375413 0.45448312471 0.115599011154
0.524640237541 0.44644594275 0.117186377416
0.497964023754 0.429656149041 0.119156875279
0.533996402375 0.407117875268 0.121145305692
0.534899640238 0.383853064793 0.121801093536
0.545789964024 0.366227286846 0.1212691461
0.521678996402 0.361928813205 0.120619664043
0.55976789964 0.366001447903 0.118465942542
0.542876789964 0.374277844427 0.117048946971
0.567287678996 0.384749237294 0.11642282523
0.5310287679 0.394191107558 0.114916348886
0.56520287679 0.402022135572 0.114969172237
0.571320287679 0.406662404941 0.115756731099
0.553932028768 0.401840936418 0.116640102074
0.545893202877 0.394969182774 0.118239415806
0.565789320288 0.389527014663 0.120347244582
0.556978932029 0.387664198476 0.120371605216
0.531797893203 0.387956251225 0.120756791676
0.58327978932 0.379679656151 0.12083676691
0.575827978932 0.366806953393 0.121792781643
0.581382797893 0.353316998063 0.122215735114
0.576538279789 0.346107384425 0.123051658837
0.582353827979 0.34039028682 0.123288097229
0.596435382798 0.340146768249 0.121972686203
0.59514353828 0.344643734689 0.120225259729
0.587814353828 0.352184532334 0.118902265317
0.619481435383 0.360466600502 0.117651304613
0.584848143538 0.370149856435 0.116595888869
0.591284814354 0.377565249303 0.115196895563
0.585628481435 0.385601471991 0.116132598848
0.579662848144 0.393958974739 0.116484445679
0.554766284814 0.400897780445 0.11616619393
0.543276628481 0.405085567102 0.115557244631
0.536727662848 0.401604210322 0.11704874723
0.554072766285 0.390362028196 0.118307205738
0.539607276628 0.376817626106 0.11960875665
0.575960727663 0.362835098312 0.120232163322
0.578696072766 0.348241916229 0.122346808386
0.572669607277 0.335868311171 0.123027346643
0.577466960728 0.329321653997 0.123480420131
0.611246696073 0.330736660737 0.124199812899
0.593924669607 0.342497416611 0.123901082189
0.561592466961 0.355721612443 0.122397022152
0.564659246696 0.370530866516 0.122359309752
0.53256592467 0.385101387568 0.120698639025
0.532056592467 0.40115868545 0.11903239815
0.537405659247 0.414789048055 0.115839287295
0.531640565925 0.427154488443 0.114451525504
0.521164056592 0.431153714254 0.113546517514
0.546216405659 0.429452318084 0.114618987436
0.549621640566 0.426598794432 0.115323478111
0.524762164057 0.4246038224 0.11728683639
0.509676216406 0.421561297362 0.117317441527
0.536967621641 0.414753934237 0.116711404375
0.517196762164 0.408169103417 0.11688303963
0.517919676216 0.403296494639 0.11662803271
0.527891967622 0.401822073958 0.115722167816
0.549589196762 0.399613081593 0.116539394811
0.542758919676 0.397128745105 0.118421960072
0.561875891968 0.396240362848 0.120088712363
0.565587589197 0.39293866668 0.119985526077
0.55695875892 0.387574049266 0.118162275765
0.529995875892 0.390547254051 0.119661259981
0.554299587589 0.393071910334 0.118626568398
0.563929958759 0.392366361934 0.118007371127
0.557692995876 0.391271018591 0.118377539202
0.552569299588 0.388310205361 0.118427483203
0.568256929959 0.380737608539 0.119209642869
0.566225692996 0.373638566473 0.120567105895
0.5750225693 0.364762761561 0.121550411273
0.55880225693 0.359900412086 0.122317030627
0.557180225693 0.356506817236 0.123371845331
0.556118022569 0.353111635862 0.122946120195
0.566811802257 0.35539195774 0.122179628172
0.571481180226 0.362785716195 0.122131488369
0.548548118023 0.371955997322 0.121662459071
0.524654811802 0.378404501175 0.120554043238
0.55466548118 0.393352697352 0.121761772813
0.545966548118 0.405649214063 0.118941064412
0.513596654812 0.420251816155 0.117202168032
0.535559665481 0.430309615236 0.114095025633
0.528755966548 0.437316486739 0.114052216649
0.508275596655 0.435386435404 0.112994583802
0.533227559665 0.427776246251 0.111747607672
0.560022755967 0.418914072179 0.112783259074
0.599602275597 0.411150458064 0.113408280327
0.58016022756 0.401252709649 0.114227782147
0.603416022756 0.392203606038 0.115992985991
0.572441602276 0.385207474988 0.117303236437
0.554944160228 0.382498846077 0.118301267794
0.568494416023 0.381915829375 0.119450939793
0.564449441602 0.375338347773 0.120366770539
0.57664494416 0.373358613525 0.121477739338
0.531064494416 0.373578342424 0.121565776716
0.554406449442 0.375544720331 0.120582374163
0.579240644944 0.383179659984 0.119226878544
0.567324064494 0.389037699141 0.118154553862
0.560732406449 0.392142070745 0.116564446808
0.556473240645 0.395141400874 0.115957557267
0.564147324064 0.394208467229 0.116779950346
0.579314732406 0.385451191995 0.11792207287
0.569131473241 0.37722270957 0.118886118821
0.542913147324 0.37105808984 0.120109965485
0.568191314732 0.363089515486 0.121648239386
0.578819131473 0.357464167399 0.12161961061
0.551081913147 0.356897251175 0.12325510536
0.549208191315 0.354993942219 0.121467214772
0.576020819131 0.354575541813 0.121843082857
0.578702081913 0.350959424917 0.121169457965
0.602370208191 0.343544733632 0.121971473301
0.590337020819 0.339260377485 0.12332331331
0.595433702082 0.339971434426 0.123408068449
0.581543370208 0.343143978774 0.123438907726
0.561254337021 0.347460436294 0.122711963146
0.577225433702 0.355225409202 0.121480795691
0.59142254337 0.361428777173 0.119934978436
0.585642254337 0.3672970498 0.117768174164
0.575164225434 0.373984838818 0.116570950003
0.566916422543 0.378204366738 0.116366513888
0.556191642254 0.382578784842 0.115209364198
0.553319164225 0.388438676723 0.11655446089
0.565631916423 0.392218358109 0.116825140556
0.554263191642 0.396463744347 0.118149955072
0.536026319164 0.400738919428 0.118141817911
0.527002631916 0.410887998847 0.119060978189
0.534200263192 0.417628000607 0.11856340709
0.499820026319 0.425477211023 0.117973554346
0.526082002632 0.433050116041 0.116969272954
0.527808200263 0.438589100704 0.115617121101
0.504580820026 0.44602792022 0.114232517702
0.493258082003 0.452995646538 0.112007563199
0.5164258082 0.458110079216 0.111693788227
0.52504258082 0.461476262938 0.111726819538
0.513304258082 0.45884624277 0.113200552512
0.521130425808 0.450418194192 0.114881538827
0.530013042581 0.441770104254 0.115544895178
0.534501304258 0.429991034156 0.116286649593
0.535850130426 0.42261496697 0.116249116486
0.516185013043 0.414239109623 0.117756820777
0.533118501304 0.401554685321 0.116968189085
0.55191185013 0.392805841517 0.117060527659
0.536691185013 0.389271285202 0.118223208729
0.552269118501 0.388861796813 0.1180652519
0.56012691185 0.388318395498 0.119107829388
0.531212691185 0.387182315759 0.120256496474
0.529221269119 0.380563811502 0.120464408745
0.545222126912 0.377707193114 0.120215061091
0.571122212691 0.378448839248 0.118901626252
0.555712221269 0.382026222368 0.118344243854
0.568571222127 0.38805572856 0.11893690441
0.588757122213 0.388063074618 0.118899953339
0.595275712221 0.387527338886 0.117866106305
0.568027571222 0.388290346807 0.117513306777
0.576102757122 0.388594750845 0.118244778327
0.566110275712 0.388726798985 0.119627964988
0.568711027571 0.385482618507 0.119741027363
0.559971102757 0.384952922051 0.119663945747
0.572597110276 0.384369617531 0.118723931008
0.559459711028 0.388087618772 0.118876207027
0.541945971103 0.39220521704 0.118640420355
0.56359459711 0.400358219895 0.118949943029
0.548659459711 0.411068828516 0.117427794702
0.530065945971 0.411737487789 0.117926254265
0.542606594597 0.409294884852 0.1178114363
0.54026065946 0.408258676508 0.118310514286
0.559826065946 0.409911845963 0.11705661832
0.523082606595 0.41457746502 0.114598904215
0.524808260659 0.420377661739 0.115126763142
0.535780826066 0.424460616925 0.114614894418
0.521578082607 0.428229793548 0.116098191287
0.540857808261 0.426047919329 0.115126126173
0.528385780826 0.427192204357 0.117447772576
0.529838578083 0.42166948183 0.117505162818
0.517383857808 0.407821953428 0.118832971303
0.522438385781 0.39460707599 0.120182403223
0.528343838578 0.386236793562 0.1213441556
0.544234383858 0.378590458951 0.11873536311
0.583623438386 0.37767535504 0.119183099133
0.593862343839 0.378736491306 0.119289313866
0.596686234384 0.381115010263 0.118420905155
0.575368623438 0.384347102725 0.118762606298
0.558836862344 0.386494255001 0.120277454546
0.542783686234 0.392778310735 0.119980335644
0.553778368623 0.402943464032 0.120630888202
0.515277836862 0.409780555071 0.120844959351
0.463727783686 0.414606085262 0.121904303163
0.452272778369 0.419588986068 0.122276956805
0.456527277837 0.417911594605 0.121503259763
0.426352727784 0.415574354224 0.120666038131
0.478235272778 0.416446203253 0.119130792792
0.490623527278 0.413341199735 0.11859600725
0.509862352728 0.403588724278 0.118277903729
0.519886235273 0.390688849838 0.119356400444
0.550588623527 0.378611273972 0.11985968184
0.577958862353 0.36326476314 0.119996839403
0.563595886235 0.350885386585 0.12006056018
0.555859588624 0.342282333867 0.119155435327
0.583885958862 0.338728198191 0.118473023529
0.588488595886 0.341114311987 0.120224390888
0.605148859589 0.34513395928 0.120385816875
0.571714885959 0.351422159258 0.120710954998
0.579171488596 0.360319015179 0.11992342134
0.60421714886 0.367711228956 0.11719654021
0.590521714886 0.376056819062 0.116944581003
0.592752171489 0.382020020075 0.115855162806
0.583075217149 0.388275253533 0.115307466316
0.570407521715 0.388688155507 0.115997383503
0.566440752171 0.38606938422 0.117554879679
0.551644075217 0.381419440125 0.118729614562
0.577164407522 0.381697750864 0.11897078346
0.565316440752 0.382000876156 0.11941936308
0.543431644075 0.382823229008 0.1193772481
0.561943164408 0.381999802951 0.119843544012
0.550294316441 0.383596329433 0.120984258363
0.548229431644 0.389779802479 0.120413394345
0.549822943164 0.394914288782 0.118806916359
0.554482294316 0.400978317518 0.118155967049
0.531548229432 0.407819576131 0.116665871777
0.551754822943 0.412022137314 0.11710669454
0.534875482294 0.415715354111 0.117218072245
0.537687548229 0.420125454985 0.115626680165
0.529868754823 0.419505125557 0.116085406592
0.554286875482 0.414541679733 0.116734400282
0.560328687548 0.406258565895 0.117362799998
0.590632868755 0.398964250036 0.116463308434
0.554963286875 0.390227583874 0.118857801652
0.570296328688 0.382196006993 0.117167436805
0.544829632869 0.383481741841 0.118507363185
0.548582963287 0.38212309107 0.119119105752
0.528258296329 0.379193153286 0.118784705775
0.564025829633 0.378333486664 0.117692287668
0.560402582963 0.375731732676 0.118167615372
0.578940258296 0.379522363205 0.118647909817
0.56189402583 0.388967176264 0.118677340083
0.540389402583 0.397758588314 0.118007472218
0.517538940258 0.402971337813 0.117663353301
0.485553894026 0.413855818841 0.117750092518
0.490455389403 0.426700599729 0.116637641039
0.50354553894 0.429861846631 0.115636536796
0.514754553894 0.426634081516 0.117296042641
0.478975455389 0.419670254229 0.117689385913
0.498797545539 0.411689203629 0.117152262516
0.523279754554 0.405620232714 0.117648086032
0.507727975455 0.397913618717 0.118218968387
0.565572797546 0.390640722976 0.118020555289
0.581257279755 0.385002095974 0.118643717507
0.565725727975 0.380163948195 0.118122995472
0.572272572798 0.372491082001 0.118695460012
0.56212725728 0.366067263303 0.120402925202
0.578212725728 0.361393370039 0.120167633661
0.568121272573 0.359183314058 0.119923055262
0.576112127257 0.361215026514 0.119776954183
0.568811212726 0.363087508276 0.119559848208
0.542881121273 0.365342277997 0.120003966592
0.572688112127 0.372448440698 0.119059403434
0.566668811213 0.381153026546 0.118774564605
0.583166881121 0.386965934009 0.119752037042
0.533516688112 0.385841321008 0.119077114129
0.552851668811 0.386330089527 0.119613373127
0.528685166881 0.389016305799 0.119952493967
0.553268516688 0.392444728963 0.11905766788
0.516126851669 0.400295872853 0.118529426602
0.519612685167 0.410321788155 0.118480752799
0.546061268517 0.414358003532 0.118819401816
0.518106126852 0.418145608495 0.118384905896
0.506310612685 0.417699067136 0.119290671509
0.503331061269 0.408818560591 0.119627709508
0.482333106127 0.398769521413 0.119292867911
0.510833310613 0.391194864903 0.118119334974
0.531683331061 0.387658687998 0.117640910612
0.542768333106 0.3857051385 0.117678246347
0.576276833311 0.385489358469 0.117223453261
0.597627683331 0.387872904273 0.116566144026
0.580862768333 0.391194160626 0.116383370601
0.548586276833 0.389802206118 0.1163449028
0.560658627683 0.392419706266 0.118524536211
0.567265862768 0.396201365792 0.117486819862
0.573326586277 0.391941859084 0.117671178288
0.549632658628 0.391227462683 0.117753426203
0.545463265863 0.398018221116 0.117841049957
0.530646326586 0.401251928339 0.117553142105
0.509364632659 0.401573919109 0.117457680141
0.544136463266 0.401624727661 0.119102428984
0.562913646327 0.401570293225 0.119109189566
0.564791364633 0.399653441762 0.118653228132
0.587479136463 0.398331082287 0.118345429559
0.594247913646 0.396773951187 0.117737478858
0.589524791365 0.397749683654 0.116995357409
0.583652479136 0.398235126607 0.116387282658
0.588465247914 0.396586291606 0.115269167688
0.606046524791 0.391617114824 0.114903025646
0.595204652479 0.383595661585 0.115556501527
0.597720465248 0.378113221733 0.116424591434
0.581772046525 0.375869048833 0.118282460386
0.608977204652 0.370785503749 0.117785776665
0.605397720465 0.369692463788 0.11912422297
0.614939772047 0.367731350751 0.117380466648
0.596093977205 0.373295425276 0.118783340681
0.59960939772 0.380633119331 0.118819161673
0.574760939772 0.390357076675 0.118381574039
0.541676093977 0.39960713399 0.118079875341
0.527567609398 0.406811720697 0.119605741039
0.52705676094 0.409821691947 0.119440264114
0.529705676094 0.414096780824 0.121198027518
0.558770567609 0.417006388475 0.120405812225
0.521177056761 0.41757253387 0.120654114199
0.506617705676 0.418798988227 0.119933747677
0.514161770568 0.422247782039 0.119317057969
0.508616177057 0.427855169746 0.118268936981
0.493661617706 0.432226185737 0.118426111615
0.505666161771 0.433970367347 0.117425240097
0.481666616177 0.428913048527 0.117305797695
0.526066661618 0.417401652971 0.117467875632
0.521506666162 0.4032374215 0.118566216621
0.546250666616 0.390637801929 0.120258890159
0.529825066662 0.38114973185 0.121110559357
0.530882506666 0.373014917167 0.1202570176
0.518388250667 0.3690535704 0.120345882572
0.560338825067 0.371235048139 0.119598436119
0.585233882507 0.373569505746 0.120217644446
0.583223388251 0.380976846314 0.119828139502
0.531722338825 0.389679475141 0.117940616823
0.540072233883 0.399580800442 0.118827461483
0.531907223388 0.402700327443 0.117954163248
0.507690722339 0.400976764048 0.119099915179
0.509769072234 0.399692432475 0.118037787968
0.535176907223 0.400189941145 0.119200727754
0.528717690722 0.402653824648 0.120754150684
0.517271769072 0.405935101761 0.121558392477
0.523327176907 0.412210070439 0.119805679742
0.514032717691 0.417917027148 0.118494893916
0.522103271769 0.423213680834 0.117590199872
0.553510327177 0.425767391999 0.116428622858
0.553951032718 0.426602530693 0.1147965406
0.535095103272 0.426412598222 0.113465235132
0.556609510327 0.424903728641 0.111993670935
0.548860951033 0.422298521568 0.111693474351
0.548086095103 0.420408325486 0.113011576555
0.57950860951 0.412623650672 0.114863763874
0.558350860951 0.403319831986 0.116477455346
0.547235086095 0.400057432413 0.117641030532
0.56592350861 0.400702386755 0.117754759998
0.555192350861 0.401435360123 0.117558631541
0.516319235086 0.407185960089 0.120698217455
0.481831923509 0.410341921865 0.120854215274
0.501783192351 0.406503281738 0.121913852435
0.521778319235 0.401553380232 0.121802730054
0.548077831924 0.399011980765 0.121295114834
0.533607783192 0.39957020595 0.120433247009
0.518660778319 0.40168741046 0.120163986004
0.545966077832 0.399957604281 0.119802651034
0.540596607783 0.398560101793 0.119628904237
0.549959660778 0.403432864487 0.118991486512
0.529295966078 0.410751542475 0.118404088285
0.515529596608 0.417791486144 0.117742568301
0.524952959661 0.417929790406 0.116185646992
0.527695295966 0.415122860525 0.115416688681
0.548669529597 0.412328864748 0.116772681921
0.55256695296 0.405972311979 0.116486293701
0.563756695296 0.401776380228 0.117678848637
0.58557566953 0.397131910173 0.11720597378
0.560757566953 0.39554974676 0.11760615643
0.594275756695 0.390237212346 0.11652916619
0.59312757567 0.387980180914 0.116358850351
0.584012757567 0.385055768199 0.11758769665
0.558801275757 0.383036558 0.119051289441
0.572480127576 0.381792209356 0.119723791668
0.540548012758 0.382612243654 0.119890917095
0.506754801276 0.385709952442 0.121060336604
0.496175480128 0.392445602537 0.121646796975
0.508617548013 0.398478336918 0.121457365311
0.531461754801 0.405482374216 0.120833487942
0.51304617548 0.409835874336 0.120088042424
0.549904617548 0.414664065439 0.119289618172
0.584190461755 0.416969073351 0.118822677636
0.565119046175 0.415671676209 0.116690339218
0.564111904618 0.418016552576 0.11573416313
0.584711190462 0.423554269001 0.114412911905
0.550771119046 0.430788510247 0.114346940395
0.555477111905 0.436613586672 0.113602686344
0.54784771119 0.441548733259 0.112861027312
0.555184771119 0.441251787633 0.113717280481
0.521718477112 0.435544417629 0.114675397366
0.507571847711 0.426484127055 0.115228888074
0.484557184771 0.420224444573 0.117784476966
0.519155718477 0.417093243527 0.118150205528
0.520815571848 0.416740821509 0.119588861056
0.525481557185 0.417994404222 0.119396174199
0.534048155718 0.417389035033 0.119843923568
0.524104815572 0.413416430949 0.119601431394
0.542910481557 0.408690149204 0.119228570293
0.537591048156 0.406682712001 0.11954578849
0.552359104816 0.402385224895 0.119689455758
0.549335910482 0.400277395373 0.119306656994
0.557133591048 0.40015330213 0.119365610824
0.556113359105 0.396695543964 0.118784049243
0.55151133591 0.393965766997 0.118255450486
0.551951133591 0.393209603032 0.117326184604
0.524095113359 0.390528232667 0.116287826271
0.552809511336 0.385881813195 0.1171647113
0.543980951134 0.383257671361 0.1175214741
0.507998095113 0.382307307818 0.11586141429
0.472899809511 0.380791629874 0.117887982839
0.511689980951 0.38067561401 0.1168052101
0.535368998095 0.38359175228 0.117476077661
0.51073689981 0.380184733678 0.117985358656
0.520873689981 0.373183200901 0.120439686798
0.544387368998 0.36923806537 0.119973461464
0.5503387369 0.364419241092 0.120378259965
0.56623387369 0.357445561656 0.122219506021
0.552523387369 0.350249118469 0.122139733202
0.591652338737 0.343716608106 0.122619354737
0.609965233874 0.341037172286 0.120662910488
0.636996523387 0.340132152897 0.119074285328
0.611799652339 0.344315235282 0.117788990852
0.620979965234 0.35631183605 0.115779182011
0.616497996523 0.374614690529 0.116077218311
0.589049799652 0.38688547135 0.114025865482
0.541304979965 0.399269347375 0.114530278222
0.547330497997 0.407320675846 0.115767681574
0.5254330498 0.408344275808 0.116259696509
0.53764330498 0.405890044781 0.117036257378
0.537964330498 0.404359471851 0.117086231785
0.54159643305 0.401687777528 0.118354271534
0.537459643305 0.394776809905 0.119267660498
0.55054596433 0.387220396835 0.119082430003
0.555454596433 0.382867771824 0.119814696458
0.534345459643 0.380646798475 0.119960927054
0.514234545964 0.378718620954 0.119619899706
0.532923454596 0.376088093408 0.118094900348
0.50779234546 0.374869443221 0.118987560141
0.517879234546 0.375042922381 0.119857866394
0.550387923455 0.375014895937 0.120114274289
0.552738792345 0.375111723403 0.121553625962
0.554773879235 0.378749164421 0.120436947063
0.604477387923 0.385367654253 0.119466511882
0.558147738792 0.388879913504 0.118617185541
0.571514773879 0.392578506962 0.117408875885
0.592651477388 0.396715549179 0.118050290302
0.540765147739 0.398379743819 0.117607520447
0.531076514774 0.401221131579 0.117439241584
0.572407651477 0.403551475617 0.116328993243
0.561240765148 0.403197689115 0.114891317986
0.540324076515 0.405947136523 0.112724790316
0.565232407651 0.406780309239 0.112770253676
0.558723240765 0.405500692379 0.112822377905
0.600372324077 0.403501729184 0.113671569285
0.580237232408 0.403967200057 0.113906142299
0.571023723241 0.403913146953 0.117361463802
0.558402372324 0.398627937473 0.118491288506
0.587740237232 0.394912796557 0.119936521836
0.565474023723 0.390195576938 0.120079214989
0.536247402372 0.387440000487 0.120537636965
0.572024740237 0.378650346652 0.12115200286
0.551302474024 0.371362831085 0.122722886906
0.539330247402 0.362172732776 0.121482433444
0.54893302474 0.353701360881 0.121365060716
0.533693302474 0.355311719056 0.12062658851
0.538469330247 0.359746647577 0.120372408394
0.581246933025 0.362932802442 0.118526902233
0.550424693302 0.365981965749 0.118734549993
0.57164246933 0.367993610539 0.118526224354
0.547664246933 0.373582679751 0.117780818267
0.570466424693 0.381644820605 0.11826136204
0.552946642469 0.391222035824 0.118899165173
0.557494664247 0.392608274549 0.118749878581
0.523749466425 0.393888526776 0.118268402896
0.523974946642 0.405700748134 0.119127991897
0.514097494664 0.414914277256 0.117402653614
0.506809749466 0.420071128988 0.116776223184
0.482680974947 0.421411353122 0.117999364951
0.505468097495 0.421537838077 0.116872308173
0.547346809749 0.41646787503 0.115650427727
0.586634680975 0.410539681451 0.114694210345
0.577963468097 0.405538655433 0.115769762019
0.56989634681 0.403725213533 0.115761077014
0.576289634681 0.401917155128 0.115118271455
0.570628963468 0.398034839255 0.115863593399
0.558362896347 0.395457377379 0.117728435617
0.578736289635 0.386632327776 0.1178213012
0.580773628963 0.375259736456 0.11971301199
0.562077362896 0.36268254427 0.120140120122
0.56110773629 0.355921245874 0.121970500713
0.577210773629 0.356054831647 0.121421899842
0.527521077363 0.359898332414 0.121572834034
0.527052107736 0.363011821674 0.122128342348
0.543205210774 0.364715025001 0.122718301474
0.540320521077 0.367079488145 0.12166841219
0.528332052108 0.374320229364 0.12035548096
0.556833205211 0.384983028219 0.118743159745
0.565083320521 0.395770822931 0.116963536767
0.541608332052 0.403638769991 0.116638368728
0.555460833205 0.410040097458 0.115200891478
0.582946083321 0.415865416323 0.11554680147
0.531694608332 0.41689550278 0.115797045302
0.550869460833 0.412792149334 0.116807523109
0.548286946083 0.407294841169 0.118322614122
0.560628694608 0.400314500151 0.119344558648
0.542062869461 0.392741870271 0.119457880789
0.562706286946 0.388281266148 0.119206692354
0.560270628695 0.387995261815 0.117765686609
0.560027062869 0.390256012217 0.117695825454
0.577102706287 0.395408874709 0.116955447617
0.531110270629 0.401986741537 0.116652821246
0.540011027063 0.404408833149 0.116970267421
0.540001102706 0.40268516697 0.116755292508
0.513900110271 0.402133395133 0.116245335345
0.554490011027 0.400097354203 0.116624939961
0.552249001103 0.392625580304 0.118672546456
0.57272490011 0.388963522749 0.122300164465
0.558572490011 0.386832956036 0.122817984054
0.555357249001 0.383707547334 0.122178152741
0.5559357249 0.385548646676 0.122471878989
0.56409357249 0.392152614189 0.120917093057
0.535209357249 0.404408011799 0.119510310529
0.530520935725 0.415257244642 0.117942903511
0.549852093572 0.417164569171 0.11650366412
0.547285209357 0.423045646515 0.116445969572
0.517328520936 0.430241430357 0.114398664733
0.549432852094 0.435108772681 0.113621342633
0.544543285209 0.43055260255 0.114409899247
0.550354328521 0.418456827274 0.11779593236
0.570735432852 0.403491176669 0.118906540539
0.547573543285 0.394538676465 0.120106562683
0.561457354329 0.388036565708 0.121183289368
0.558345735433 0.381818345272 0.121589412608
0.548134573543 0.375470192633 0.121159916356
0.556113457354 0.371110564177 0.121210600835
0.543411345735 0.366558606141 0.122017517655
0.553841134574 0.363348960272 0.12133633898
0.568384113457 0.363925661268 0.12046232701
0.568038411346 0.366336836651 0.119799497248
0.580603841135 0.365452358032 0.120672288087
0.578260384113 0.361089387771 0.120316696404
0.576226038411 0.359344807026 0.120423613549
0.548122603841 0.363294151889 0.12072605754
0.570512260384 0.369620871809 0.120162938676
0.595251226038 0.375745327611 0.119349294326
0.592325122604 0.380402990283 0.120015926886
0.58033251226 0.379437650324 0.118907862028
0.597133251226 0.374346558855 0.117717047704
0.598813325123 0.372589236775 0.116777969684
0.574681332512 0.375472284334 0.116351861281
0.601968133251 0.389632801884 0.114498919384
0.577696813325 0.403057354954 0.113612105558
0.589669681333 0.414713765541 0.1127149136
0.561166968133 0.426822750702 0.114018111813
0.534016696813 0.43380096157 0.115250709334
0.541201669681 0.441117481934 0.115998484898
0.497820166968 0.444265806138 0.116010240196
0.496182016697 0.443120357926 0.116377892506
0.47801820167 0.439175489239 0.116867257667
0.495101820167 0.432494187599 0.11577175019
0.487810182017 0.43039795395 0.116951236584
0.505981018202 0.425348247414 0.118361583966
0.52399810182 0.419601529193 0.118114771798
0.503299810182 0.412685506197 0.117148347079
0.503929981018 0.412358776441 0.116540735246
0.546292998102 0.410803521985 0.11638825982
0.55322929981 0.401408947957 0.117464742923
0.540422929981 0.394397270621 0.117663897334
0.549942292998 0.39534307821 0.116734540924
0.5418942293 0.398969106059 0.116476150713
0.54198942293 0.404569330143 0.116766237017
0.534798942293 0.407719874463 0.114584568353
0.520579894229 0.412695327478 0.114226364577
0.552457989423 0.413384455312 0.113615252849
0.560145798942 0.415838210468 0.11311213813
0.560014579894 0.413386594656 0.113380517711
0.576201457989 0.413775712906 0.113934063048
0.551720145799 0.410463140526 0.114077354811
0.56187201458 0.404969572719 0.114908324557
0.563787201458 0.397698959167 0.117501111729
0.586478720146 0.387374718941 0.117206642907
0.576147872015 0.38312137493 0.118446571786
0.561614787201 0.386809023994 0.119074326009
0.54126147872 0.392658360479 0.11900195422
0.558126147872 0.396229951201 0.119505006655
0.532812614787 0.399096783418 0.119994725177
0.493381261479 0.408752743729 0.121758506875
0.507438126148 0.411740710846 0.12098060661
0.485443812615 0.405853029175 0.121514946845
0.500344381261 0.397174407023 0.120470403401
0.524334438126 0.386570410227 0.121115473993
0.566333443813 0.381823940647 0.121058208576
0.584933344381 0.376063208621 0.119745738776
0.562493334438 0.373015650477 0.120822950064
0.564749333444 0.372500460918 0.119677462533
0.571274933344 0.377266877762 0.120701414451
0.558427493334 0.381589164967 0.118823669132
0.539142749333 0.391918688837 0.119372806542
0.531814274933 0.400546720414 0.117866825389
0.556281427493 0.410034099809 0.118382736001
0.552428142749 0.418606285335 0.117354740576
0.551142814275 0.423711149971 0.115970180369
0.548314281427 0.426904860262 0.114883467961
0.552531428143 0.426135459146 0.11479054666
0.562853142814 0.426412521546 0.113735882257
0.544085314281 0.430968297966 0.113917470061
0.556608531428 0.430839413367 0.114382280396
0.542560853143 0.425351227536 0.115567877642
0.560056085314 0.416265883607 0.116328217056
0.542005608531 0.410568713265 0.117866904364
0.537500560853 0.408412111094 0.11784083095
0.541550056085 0.405820974158 0.119352554601
0.559955005609 0.399322402229 0.117821526243
0.547395500561 0.395419822563 0.118087136566
0.529939550056 0.391609419705 0.118780110583
0.556093955006 0.386077954959 0.118665819833
0.533509395501 0.38164022902 0.120279161538
0.54295093955 0.384827608879 0.11899752119
0.511495093955 0.391724808198 0.119008151342
0.536249509396 0.390323723879 0.118724941574
0.54232495094 0.386633428339 0.119415663129
0.570832495094 0.383638417293 0.118957896342
0.581783249509 0.383347912412 0.117838055447
0.590978324951 0.386891347162 0.118167475509
0.574797832495 0.393760759304 0.117799418761
0.56507978325 0.400027336148 0.118100662213
0.547907978325 0.405016009441 0.118361659857
0.528190797832 0.402790901838 0.119157674732
0.551419079783 0.399475686047 0.120263197722
0.537541907978 0.397815068661 0.120460517941
0.516354190798 0.401749063727 0.121672878274
0.49893541908 0.40408792063 0.122215437021
0.489093541908 0.406218926632 0.121211657792
0.543009354191 0.410782834265 0.119643588887
0.524100935419 0.411611656624 0.118810852286
0.556410093542 0.405092638754 0.119514568835
0.534441009354 0.398754080527 0.117793364758
0.542144100935 0.39309604709 0.118288590907
0.540214410094 0.388960889066 0.118406530117
0.576021441009 0.386628352637 0.117599333444
0.549002144101 0.392176570713 0.116563031584
0.56160021441 0.40303513097 0.116727664332
0.530460021441 0.406876427618 0.115387242566
0.536346002144 0.407575814026 0.115448487906
0.545034600214 0.411163740986 0.11708346193
0.530603460021 0.419138416124 0.117914511115
0.491360346002 0.424565563806 0.118708417817
0.4937360346 0.421828799231 0.118669828091
0.52097360346 0.411998175886 0.119329158888
0.523697360346 0.39915236148 0.12024128867
0.511369736035 0.387353012745 0.120833603627
0.519136973603 0.380455333799 0.121528806658
0.58111369736 0.375209239617 0.118059382304
0.586411369736 0.372456439215 0.117837775986
0.575241136974 0.3709925068 0.116891069387
0.604724113697 0.369030432597 0.116918244579
0.64097241137 0.364983738289 0.116830002477
0.651797241137 0.368148967019 0.11691776625
0.620479724114 0.380995136456 0.118043397816
0.623647972411 0.393274382213 0.116902057324
0.581664797241 0.400506537788 0.115612095223
0.582866479724 0.406696736828 0.116929062
0.591986647972 0.405433680905 0.11520317346
0.572198664797 0.404409718262 0.116997421256
0.56571986648 0.404091351026 0.11688866528
0.558771986648 0.40306932836 0.116947335042
0.531977198665 0.396594866121 0.117945060056
0.564397719866 0.386484594163 0.118740613417
0.570339771987 0.377035073661 0.120951981591
0.598833977199 0.371174992638 0.119491156705
0.59088339772 0.368449673935 0.120041013187
0.600888339772 0.367494998866 0.11926426854
0.585688833977 0.369602346302 0.118391550612
0.589568883398 0.371213976042 0.118463500588
0.58815688834 0.369187766051 0.119761421305
0.565515688834 0.364926135461 0.118572941578
0.578551568883 0.367618676041 0.11812892267
0.623055156888 0.369502441791 0.117388526322
0.603205515689 0.371026334484 0.118039820034
0.598520551569 0.374016654445 0.11895698506
0.577352055157 0.377803544228 0.118047309537
0.588735205516 0.383645079598 0.118773369112
0.572773520552 0.38820349116 0.118588874946
0.594577352055 0.394309639235 0.11886195417
0.567057735206 0.394573430683 0.118418571182
0.559805773521 0.396137116662 0.120603118941
0.532080577352 0.391405371333 0.119389449937
0.529308057735 0.385670757015 0.119973300239
0.564130805774 0.380905349481 0.120329277964
0.515413080577 0.381876114906 0.120211439514
0.533941308058 0.386442480701 0.121125569452
0.576294130806 0.386196469239 0.119655181774
0.546329413081 0.391517915044 0.119083077884
0.540632941308 0.403263418383 0.119467180381
0.552663294131 0.410473526301 0.118977183818
0.540366329413 0.413916856141 0.116973852755
0.545436632941 0.41346532784 0.116622059685
0.545943663294 0.414582993706 0.116706206861
0.555894366329 0.417789015514 0.115646801183
0.573089436633 0.420588606405 0.115291908014
0.556808943663 0.416586292124 0.115013661193
