0.0126 0.9 0.000638806307558
0.01746 0.99 0.00119754449324
0.033246 0.999 0.002075388525
0.0384246 0.9999 0.00328017175362
0.03894246 0.99999 0.00481483817296
0.043494246 0.999999 0.0071722469992
0.0781494246 0.9999999 0.010847459534
0.07711494246 0.99999999 0.0161685626613
0.079711494246 0.997783304558 0.0234818314729
0.0844711494246 0.994301471124 0.0322742271254
0.104747114942 0.989773197928 0.0416256045072
0.128374711494 0.981385709266 0.05156033648
0.146937471149 0.968571744343 0.0620342626729
0.141593747115 0.955330587009 0.0704393602768
0.170759374711 0.941508246202 0.0780179720634
0.183575937471 0.925774382798 0.0863680004806
0.225357593747 0.908323735611 0.0973979308207
0.226835759375 0.896806370221 0.106728991336
0.246783575937 0.88792088512 0.111853430598
0.266778357594 0.87439707409 0.119776783952
0.299377835759 0.848890644271 0.134473795727
0.302637783576 0.822796229651 0.149472624773
0.318263778358 0.798480603569 0.161383080881
0.318026377836 0.774748530247 0.17367371966
0.355802637784 0.753058839179 0.182239147756
0.348780263778 0.742613778802 0.186029466164
0.345378026378 0.744875227487 0.18446436957
0.370237802638 0.747208824807 0.183041663191
0.338523780264 0.749770755544 0.183679601177
0.369552378026 0.746827400858 0.187165365457
0.387055237803 0.744225190312 0.188646711136
0.39510552378 0.740964845506 0.190030314044
0.376110552378 0.738237329941 0.191746055344
0.385911055238 0.738717751704 0.190450137521
0.380591105524 0.740421902275 0.191236038239
0.359359110552 0.736119948108 0.190139060489
0.345535911055 0.733096277823 0.188342302181
0.358553591106 0.727825813591 0.190808118746
0.351755359111 0.72507778942 0.192937391052
0.391575535911 0.723697582224 0.191932658405
0.364957553591 0.728670999379 0.190202958144
0.373995755359 0.73829646511 0.186672472948
0.386599575536 0.739434729715 0.187608043702
0.386959957554 0.740455306168 0.187155549742
0.374395995755 0.746439884022 0.185935123751
0.379439599576 0.752172949924 0.183861545285
0.391643959958 0.74809671511 0.187795619118
0.399164395996 0.738963077052 0.192718562538
0.3801164396 0.733107613831 0.196399025446
0.37551164396 0.728890140139 0.198569061237
0.384051164396 0.730362987192 0.196522850126
0.40830511644 0.723806116696 0.198603037096
0.417930511644 0.716801796386 0.202176139222
0.420693051164 0.712520386724 0.204283989219
0.403869305116 0.705394190972 0.209614576294
0.373386930512 0.700034858022 0.212570398591
0.411738693051 0.691740707137 0.21445255726
0.449773869305 0.67560807673 0.222497208343
0.444577386931 0.661917105618 0.225103575088
0.438657738693 0.660243241157 0.22805511621
0.427265773869 0.660207215823 0.22559255995
0.439626577387 0.659576957374 0.224647728312
0.431862657739 0.660663194056 0.224336325483
0.417586265774 0.666811911548 0.2232258226
0.385558626577 0.680324334839 0.220765405716
0.380555862658 0.702360149312 0.214487610011
0.392655586266 0.723904031724 0.207803852623
0.357865558627 0.739500831918 0.20510166317
0.370586555863 0.745648770219 0.202716099518
0.384458655586 0.750365528714 0.201262566329
0.378645865559 0.74744121533 0.200753536099
0.353764586556 0.743940009612 0.202237469686
0.406176458656 0.724077585786 0.209906858275
0.406917645866 0.698739409864 0.221229649762
0.386291764587 0.671023118827 0.23173307876
0.418429176459 0.639041913544 0.239271365932
0.413542917646 0.622490574604 0.241809264354
0.452654291765 0.62391825607 0.2410781596
0.443965429176 0.635521974094 0.237175222543
0.399896542918 0.655793439435 0.230491413415
0.404489654292 0.673779096688 0.225121044441
0.387848965429 0.686210528224 0.220203178889
0.415884896543 0.687940096704 0.219830321619
0.403388489654 0.688709047994 0.219836553748
0.400338848965 0.693141457282 0.218046519508
0.442333884897 0.697270829756 0.218678709256
0.44743338849 0.697634770584 0.221980301536
0.437143338849 0.694857381534 0.222188675541
0.433414333885 0.689675862131 0.224487710592
0.434841433388 0.691525745507 0.221969681078
0.394484143339 0.70654364969 0.215096735769
0.395848414334 0.720663158692 0.208603784582
0.362684841433 0.732736243104 0.201011996732
0.374668484143 0.743046348066 0.195518785445
0.384866848414 0.745638776837 0.19389899323
0.361586684841 0.742691597986 0.196549727907
0.362858668484 0.732879159156 0.201690110354
0.381885866848 0.724438365809 0.207865235026
0.372088586685 0.720736068755 0.208746203999
0.390008858668 0.714634966643 0.213124352951
0.381000885867 0.69715221678 0.220006684382
0.407100088587 0.676310443087 0.229040578689
0.409710008859 0.655138955627 0.23889847574
0.421671000886 0.630898107003 0.243546236819
0.441767100089 0.624063492056 0.248783251797
0.432976710009 0.634008425541 0.244510125312
0.427597671001 0.655719108808 0.238236070894
0.4378597671 0.683669007301 0.232300084369
0.39568597671 0.704620347141 0.223409637473
0.416668597671 0.722724927282 0.215178080112
0.390866859767 0.73293079066 0.209404219116
0.387386685977 0.734932249669 0.204042434052
0.398738668598 0.723328617916 0.204262311901
0.40887386686 0.713325805014 0.205335582139
0.410787386686 0.711492124293 0.205027171771
0.421778738669 0.713223535918 0.204569238453
0.382377873867 0.715469297278 0.20236469286
0.403637787387 0.704411720895 0.204080568521
0.448963778739 0.687843718812 0.207719052186
0.443596377874 0.677893391378 0.209669408521
0.412459637787 0.679937936883 0.208070872358
0.408445963779 0.690454027359 0.207626132728
0.419744596378 0.695759389614 0.213943881488
0.392074459638 0.702035235842 0.216469840618
0.397407445964 0.697143820166 0.218839563755
0.417740744596 0.706163393592 0.217250444392
0.37477407446 0.734086082588 0.208946935612
0.372277407446 0.76679107957 0.196931302247
0.348627740745 0.796028760077 0.184660871174
0.348062774074 0.816604336468 0.173526612171
0.339906277407 0.824204061005 0.168302604827
0.320190627741 0.823292083062 0.167348453855
0.323619062774 0.821197810061 0.166481199479
0.338361906277 0.802091070196 0.172396428612
0.345236190628 0.773173523865 0.180198184422
0.372923619063 0.749978136628 0.184761668918
0.376592361906 0.732315303336 0.189698544077
0.390459236191 0.71790492792 0.19137476481
0.390045923619 0.702492912884 0.194435770191
0.429604592362 0.687681052786 0.199424060372
0.426360459236 0.672341717867 0.202958129935
0.423336045924 0.661219109722 0.204903043968
0.450933604592 0.658793157747 0.210499376951
0.439293360459 0.66024362592 0.215431768061
0.450729336046 0.657010741579 0.219058138232
0.447372933605 0.656937570936 0.224273755613
0.42813729336 0.659495860995 0.225911567394
0.453213729336 0.661693785224 0.225385022827
0.431421372934 0.667859118828 0.222433466815
0.421142137293 0.683746965956 0.215798597731
0.386814213729 0.706888596521 0.207275545516
0.388781421373 0.709384840758 0.20552946794
0.412378142137 0.703629707147 0.206252856736
0.413837814214 0.694311616788 0.209744144725
0.440083781421 0.687671214063 0.213092283982
0.454408378142 0.684092900819 0.218091892978
0.409940837814 0.680109008287 0.223639052773
0.388394083781 0.678011807279 0.228613257258
0.404239408378 0.680983982368 0.229580932598
0.413923940838 0.685840343339 0.225252394751
0.438292394084 0.68922543221 0.221757421743
0.390329239408 0.694637016404 0.223128391669
0.390032923941 0.699078906546 0.22151555975
0.399003292394 0.705397053371 0.219049664378
0.391800329239 0.704290303849 0.216426773254
0.403680032924 0.702095844641 0.213625558734
0.417468003292 0.703248536902 0.211934979996
0.404446800329 0.706893042651 0.211270385937
0.385144680033 0.712086909196 0.209261318386
0.356214468003 0.716122009176 0.204795681653
0.3803214468 0.726501293049 0.198465598957
0.39623214468 0.733900995436 0.192910217204
0.396023214468 0.729717901785 0.193421685085
0.408602321447 0.719003432045 0.197022515743
0.438660232145 0.709647163755 0.198851141713
0.418266023214 0.699801487133 0.200058054776
0.416226602321 0.692278413648 0.204212997703
0.407922660232 0.684723734674 0.207077193089
0.460192266023 0.680984940258 0.208069357563
0.451019226602 0.689937797757 0.206042722446
0.41500192266 0.710254560663 0.20033476322
0.435700192266 0.73645871022 0.190269661569
0.392770019227 0.757399116775 0.182539614756
0.360577001923 0.772346554209 0.176844543663
0.387057700192 0.778992688093 0.173754702922
0.380705770019 0.778317809862 0.174194460767
0.364770577002 0.780503222407 0.174328986356
0.3793770577 0.781440786468 0.175585794546
0.34933770577 0.789925515197 0.175776909541
0.328333770577 0.796699813238 0.173639847829
0.346933377058 0.800540792817 0.171794153197
0.327193337706 0.800530096347 0.166277795742
0.360319333771 0.797366337978 0.166060667015
0.325831933377 0.794049544459 0.168278066219
0.354783193338 0.787746789723 0.170086695717
0.360378319334 0.770581456996 0.180628055789
0.404137831933 0.746555826206 0.194364654487
0.388713783193 0.719359835205 0.207984726536
0.379971378319 0.691174296909 0.220015033037
0.388097137832 0.667213539053 0.227510344479
0.459109713783 0.65184729818 0.234369221085
0.391510971378 0.63854835928 0.234143747243
0.438751097138 0.636669257035 0.233143621734
0.449775109714 0.640078254625 0.230983859801
0.428377510971 0.646702263167 0.229736020649
0.429837751097 0.665669349876 0.226225608689
0.41108377511 0.675217289359 0.223187775045
0.430808377511 0.675097545529 0.222865574625
0.433680837751 0.678013889161 0.222553770163
0.407868083775 0.68547612189 0.217972881023
0.450286808378 0.694540112316 0.214621654108
0.423028680838 0.707033561627 0.212165808171
0.416702868084 0.716926657352 0.208901752661
0.435870286808 0.714654173703 0.206555331374
0.408087028681 0.715309304174 0.208537334506
0.384608702868 0.712948885627 0.209065591634
0.389460870287 0.704979285802 0.210681251942
0.399846087029 0.694967042727 0.214561747265
0.435084608703 0.697497916042 0.214129165635
0.39810846087 0.71543525593 0.20812348339
0.404310846087 0.730405555846 0.20130440069
0.395031084609 0.741820445809 0.19941917365
0.382403108461 0.749676770125 0.195282702889
0.366740310846 0.755996740708 0.19054336966
0.393074031085 0.75803133708 0.188418166936
0.388507403108 0.750844913267 0.194772303832
0.384450740311 0.740362639949 0.201950636887
0.388545074031 0.727784537803 0.204450938461
0.359254507403 0.718723622431 0.208948375866
0.40672545074 0.707253421011 0.212059146635
0.406072545074 0.698731508437 0.21625518785
0.397007254507 0.690825982288 0.218527197699
0.412300725451 0.701277742909 0.216971775246
0.398530072545 0.711003298329 0.214180671628
0.390853007255 0.713890472368 0.210614819891
0.401785300725 0.722165046486 0.204755010509
0.385778530073 0.729888267017 0.20080496335
0.369777853007 0.737857392706 0.199272083119
0.414077785301 0.737612434463 0.195352288741
0.39240777853 0.74203980116 0.191529401188
0.385740777853 0.752105926267 0.186761796331
0.400374077785 0.761787821266 0.181849832768
0.391937407779 0.777489002573 0.175897186188
0.363193740778 0.791223600229 0.173660587476
0.365719374078 0.801644891491 0.17075906057
0.354271937408 0.810923630245 0.166428243277
0.358527193741 0.81352803956 0.167690163208
0.330152719374 0.809429761361 0.171655488796
0.338115271937 0.800046382999 0.178405703629
0.356011527194 0.783465331983 0.192051954042
0.356001152719 0.753761590224 0.205824808726
0.385700115272 0.722299022291 0.218785598182
0.399470011527 0.695839879607 0.227658614878
0.378347001153 0.674047987858 0.232341201525
0.396034700115 0.660732068542 0.234341159587
0.408603470012 0.663345089069 0.226802676744
0.444060347001 0.671875462755 0.221176398444
0.4431060347 0.670823910332 0.218881061478
0.44211060347 0.676868013715 0.211836234302
0.423111060347 0.689458769937 0.209507373156
0.430211106035 0.695049756394 0.209522329268
0.411121110603 0.704525413132 0.209418688309
0.42361211106 0.718442656458 0.206461932746
0.379861211106 0.729254726507 0.204023797871
0.385386121111 0.737400444295 0.198394294131
0.394938612111 0.741688991933 0.1969273418
0.361693861211 0.734469958007 0.197100023282
0.392569386121 0.723780151047 0.202096985828
0.415456938612 0.715306992188 0.204405984343
0.407845693861 0.708909338813 0.21030466456
0.378284569386 0.706575318129 0.21135073294
0.390628456939 0.708069216276 0.211164774343
0.387362845694 0.710194179955 0.213450392137
0.405036284569 0.71836370897 0.213631759266
0.386103628457 0.726281889493 0.209420337315
0.420210362846 0.727160774229 0.20720399883
0.402021036285 0.72026040702 0.207292017874
0.420002103628 0.714611833622 0.208687795366
0.407400210363 0.710840629258 0.207726347181
0.419640021036 0.705846517674 0.209426151592
0.414564002104 0.698429148072 0.211095842036
0.39335640021 0.689829531985 0.211347666917
0.438935640021 0.683042841456 0.211542300876
0.438993564002 0.684165492429 0.21039561027
0.4479993564 0.692419606501 0.204265856876
0.41829993564 0.708592942032 0.197536141986
0.413529993564 0.723095957821 0.194470708741
0.409452999356 0.732068064822 0.190657513175
0.398245299936 0.736840448285 0.189785196465
0.438524529994 0.737860986877 0.1869993332
0.435352452999 0.747850258464 0.18378499471
0.3900352453 0.760172645928 0.178785393481
0.37290352453 0.767389535828 0.176665441216
0.360390352453 0.772612395943 0.177311315263
0.367239035245 0.780576695062 0.180928046733
0.338223903525 0.775265354856 0.184860210502
0.353322390352 0.77121733109 0.187641639354
0.353932239035 0.783737767802 0.184876891371
0.337793223904 0.797886831817 0.1736522179
0.34967932239 0.805510420171 0.167334241755
0.353567932239 0.80169888012 0.168156241658
0.335056793224 0.794768122276 0.172581044708
0.336805679322 0.783757928192 0.17717070613
0.326180567932 0.775109047795 0.178359646452
0.323318056793 0.773138873949 0.178321804097
0.348231805679 0.761068986445 0.176734373383
0.349823180568 0.755808806601 0.178288277084
0.374282318057 0.74899234774 0.183181411418
0.391128231806 0.741539371122 0.187852604208
0.381112823181 0.737565504748 0.190374580282
0.431411282318 0.732873567398 0.191691486218
0.426541128232 0.731846565067 0.189906891388
0.397254112823 0.734331807343 0.187647776644
0.390725411282 0.735715216618 0.186142617333
0.367572541128 0.739316311114 0.185315344016
0.377857254113 0.734346045901 0.189064942278
0.392385725411 0.720238632765 0.196542096496
0.392938572541 0.708043985772 0.203012573232
0.408293857254 0.698459496248 0.209744027674
0.430529385725 0.692449608226 0.215120891461
0.395852938573 0.690962687911 0.219821319768
0.384285293857 0.690007818557 0.224689874867
0.404728529386 0.694172950498 0.225521308387
0.395972852939 0.699910816394 0.222452745439
0.394197285294 0.715426035765 0.217066891541
0.405719728529 0.729616122518 0.210106240354
0.419471972853 0.731974011247 0.208782672062
0.407347197285 0.740916762903 0.205415950712
0.353934719729 0.746029865528 0.202007773289
0.398093471973 0.740875300005 0.207930671755
0.407909347197 0.730488496044 0.212534860432
0.37649093472 0.71568902509 0.21471326959
0.408449093472 0.695828362658 0.219808955485
0.427844909347 0.673536472286 0.224295347701
0.462184490935 0.656609893719 0.22686326932
0.444018449093 0.648422195862 0.226830623988
0.441301844909 0.651916269786 0.226281169382
0.431130184491 0.660643190961 0.218875336993
0.419313018449 0.681731539601 0.212397423575
0.412731301845 0.711583480956 0.20361428332
0.399473130184 0.733382144131 0.195631074563
0.421547313018 0.748974348618 0.187413963759
0.376054731302 0.760376824461 0.184246983
0.36610547313 0.762921303003 0.181881150088
0.393910547313 0.760944072394 0.181742365495
0.375991054731 0.765545280907 0.182218601756
0.345399105473 0.779087761103 0.179395665204
0.327939910547 0.790792260903 0.175097134809
0.350493991055 0.803209853188 0.170390173113
0.331149399105 0.814279887709 0.160545232599
0.340014939911 0.818482835831 0.160557009081
0.362501493991 0.805806246133 0.162307758187
0.361150149399 0.786471080533 0.172047936491
0.38981501494 0.768145247967 0.183425885209
0.380081501494 0.754336064878 0.192323953874
0.422308150149 0.74563397426 0.194872676689
0.370730815015 0.743552319019 0.199853321043
0.361073081501 0.734841544098 0.203303814047
0.38800730815 0.721776536838 0.206888314775
0.415900730815 0.710003281214 0.206425696092
0.406090073082 0.702443206545 0.204004007988
0.427609007308 0.693395709313 0.208186132072
0.425260900731 0.690354664773 0.207798656321
0.423226090073 0.689900063811 0.205811690752
0.441922609007 0.691708713288 0.206318334576
0.441092260901 0.692205656015 0.209358769745
0.42390922609 0.696253498167 0.21025681444
0.362790922609 0.709971052729 0.207141561853
0.391779092261 0.718700366034 0.206723707963
0.416277909226 0.720290291564 0.207266755862
0.415127790923 0.729212958934 0.206404813354
0.387112779092 0.740187381346 0.204791747944
0.369011277909 0.74355299287 0.203813614464
0.339301127791 0.749189794766 0.20610629373
0.349830112779 0.756860858312 0.208716428448
0.372483011278 0.760657636985 0.208655626499
0.356748301128 0.752594636094 0.21047444769
0.385774830113 0.736439502937 0.212841916906
0.375177483011 0.727600708589 0.211463975381
0.371417748301 0.728055906662 0.20890192983
0.39984177483 0.727788124123 0.20361023644
0.427884177483 0.730096841972 0.199011654141
0.408188417748 0.729991481658 0.198055783206
0.395418841775 0.722985225751 0.19788468687
0.417541884177 0.723036743529 0.198413187357
0.377454188418 0.729087424801 0.194238886401
0.383345418842 0.742783543674 0.190269290937
0.367734541884 0.747804044754 0.186148010112
0.375173454188 0.749852940497 0.183550555003
0.375017345419 0.750255559899 0.181779310589
0.384901734542 0.741652666656 0.187211189972
0.357090173454 0.743340542192 0.192553724502
0.357909017345 0.741135408427 0.194388881592
0.365190901735 0.739310612693 0.19817817906
0.411819090173 0.739404507971 0.196655022208
0.401181909017 0.745952032722 0.192978639581
0.385718190902 0.75416710495 0.189651294575
0.37427181909 0.760924642968 0.187893303592
0.349727181909 0.775669049843 0.183250236817
0.349072718191 0.788681474647 0.177853638519
0.340907271819 0.797534396028 0.174386529292
0.331090727182 0.796775895408 0.171644078433
0.313909072718 0.791830771739 0.170434619228
0.318490907272 0.790827456961 0.170577518033
0.326149090727 0.783736052533 0.168373896779
0.363814909073 0.7757817129 0.169908166402
0.381081490907 0.758489323095 0.178298658746
0.376508149091 0.733831182841 0.190409428643
0.400350814909 0.713048635762 0.198650679627
0.404535081491 0.699053250867 0.20519812094
0.420253508149 0.689591077353 0.21196419565
0.443425350815 0.681346749817 0.215828182667
0.434942535081 0.668472249594 0.222328119383
0.426894253508 0.661980436649 0.225651686177
0.417089425351 0.666488603783 0.226203262453
0.395408942535 0.685370739113 0.223489363743
0.400440894254 0.700459657423 0.220988471627
0.367644089425 0.709167061116 0.219306387979
0.381464408943 0.703876463584 0.222624381916
0.424246440894 0.696978611794 0.225623280479
0.422224644089 0.694239819888 0.218578205201
0.445422464409 0.694513804042 0.215515142876
0.450442246441 0.701373371078 0.209134638519
0.394244224644 0.716930622908 0.202580029458
0.413824422464 0.732769747405 0.197647116079
0.404082442246 0.746333616244 0.193511695403
0.402208244225 0.754578194883 0.190112216032
0.361520824422 0.761273830888 0.187815270572
0.386252082442 0.760009548094 0.186019085208
0.404925208244 0.758064478421 0.185149601204
0.409492520824 0.75332660869 0.182690591325
0.403649252082 0.744397340283 0.180575037885
0.396764925208 0.733805730346 0.182765122397
0.379876492521 0.72354374604 0.187156949408
0.398887649252 0.718247832593 0.191292971413
0.358488764925 0.717747517274 0.193384833581
0.403048876493 0.724289430098 0.189607407151
0.402104887649 0.737326354954 0.187890710731
0.375010488765 0.741133844252 0.187552495145
0.393001048876 0.737361018392 0.191330061028
0.375000104888 0.735136380833 0.192687640676
0.385800010489 0.738035144052 0.194975907966
0.378780001049 0.739394555088 0.194996912973
0.400578000105 0.737295990641 0.198819263188
0.38295780001 0.728778803874 0.202479525381
0.407295780001 0.731348681364 0.203515447232
0.387229578 0.738675973699 0.198636796744
0.4086229578 0.753032696385 0.192479873784
0.38106229578 0.765298181352 0.186287106892
0.398106229578 0.756870101391 0.188661609943
0.395310622958 0.746074010014 0.192042550918
0.400431062296 0.722779858758 0.206602122736
0.40004310623 0.697968203069 0.217324871642
0.407204310623 0.686010716171 0.226748351118
0.416020431062 0.679511387297 0.227369855961
0.426802043106 0.690716272241 0.222899319525
0.399980204311 0.699245430327 0.21680161359
0.405398020431 0.691119954349 0.218389019988
0.429339802043 0.678611252532 0.220996923126
0.426333980204 0.671665989595 0.222245366347
0.42243339802 0.671860680909 0.222220885467
0.449943339802 0.663056734605 0.223516251185
0.46439433398 0.659140393518 0.224351763154
0.446939433398 0.667013107678 0.220563137003
0.47309394334 0.678987730625 0.215049615068
0.424409394334 0.690748466503 0.20893056255
0.432140939433 0.709725444049 0.201868801356
0.409514093943 0.727284273208 0.193708805031
0.409951409394 0.743012152279 0.188839280766
0.395595140939 0.755752086586 0.183083926778
0.368959514094 0.759809083989 0.178640274507
0.384295951409 0.7586333241 0.173988855235
0.381329595141 0.759921617822 0.175482837323
0.405332959514 0.762813644787 0.177024919353
0.362733295951 0.766664879939 0.179681714454
0.371073329595 0.775696370533 0.181913620931
0.32780733296 0.784703604896 0.182054048916
0.345980733296 0.781622086283 0.187750969804
0.34239807333 0.773203593824 0.195786426653
0.373539807333 0.765258669133 0.20166668045
0.350553980733 0.758277294841 0.204252876418
0.357255398073 0.76256645546 0.200716361484
0.374125539807 0.755393011371 0.197576383772
0.406412553981 0.742420497984 0.200145820817
0.374541255398 0.728595258681 0.20359064312
0.40195412554 0.709975625066 0.20791144423
0.408295412554 0.693641897053 0.212853161707
0.377429541255 0.687158499888 0.213112233069
0.398642954126 0.686383257985 0.214931753259
0.414264295413 0.681902292335 0.215481737256
0.415826429541 0.682991349184 0.215305969823
0.418682642954 0.68313111809 0.214786760083
0.429768264295 0.684857052498 0.213463389651
0.41467682643 0.689058048168 0.212712017705
0.437467682643 0.692544575778 0.209209238206
0.437946768264 0.702135425273 0.207611935561
0.417294676826 0.714630789109 0.203764273003
0.406229467683 0.726281633858 0.202214625301
0.388922946768 0.731898372538 0.19724896519
0.365592294677 0.744157248648 0.191327447285
0.352459229468 0.752145115085 0.188126183458
0.360145922947 0.758467859467 0.187640491516
0.377114592295 0.763051381723 0.186599842835
0.362611459229 0.758617819394 0.188851785472
0.346761145923 0.754806970482 0.192113786023
0.358676114592 0.743571128083 0.200956667848
0.373367611459 0.734407776446 0.209845826506
0.355036761146 0.732561774043 0.21550259501
0.390103676115 0.736744357435 0.214604521551
0.367510367611 0.735615379998 0.212402900814
0.402151036761 0.733789012581 0.209017607924
0.439815103676 0.725667384732 0.205021203045
0.377881510368 0.716092776366 0.206532326302
0.410388151037 0.693082709001 0.213978632328
0.428938815104 0.679649977518 0.221259065371
0.40559388151 0.66862579493 0.225780224421
0.416759388151 0.667734152828 0.226917094467
0.413375938815 0.673476003288 0.22317426434
0.399537593882 0.678538548579 0.220879441852
0.424253759388 0.69273327415 0.218418993524
0.435725375939 0.704612882956 0.21449755271
0.407172537594 0.713564475633 0.210834958516
0.385417253759 0.7259874595 0.208178678384
0.365241725376 0.731075267329 0.209453889704
0.350624172538 0.738357802309 0.209096983581
0.372562417254 0.73323380682 0.208729626758
0.363956241725 0.72435069638 0.207045190139
0.368495624173 0.726874038245 0.199886956258
0.376149562417 0.735086889329 0.193060680507
0.359814956242 0.745118634092 0.186753282813
0.383381495624 0.758890291841 0.181543323379
0.358738149562 0.776212253527 0.176575979932
0.383273814956 0.786498290621 0.175124338588
0.362327381496 0.789119856597 0.179976951293
0.38273273815 0.780824293831 0.184727722267
0.373073273815 0.774244710526 0.187988996337
0.367607327381 0.761387280864 0.189794759953
0.399460732738 0.738575385892 0.195699341812
0.406246073274 0.712989832112 0.204502524124
0.389824607327 0.696430362326 0.212515188154
0.411582460733 0.67650691456 0.218284082269
0.395758246073 0.662070444965 0.224776849573
0.390575824607 0.659494668367 0.225708513535
0.413457582461 0.669159768743 0.22060756021
0.416645758246 0.68340417143 0.213439997565
0.375564575825 0.701307892287 0.208343615069
0.392156457582 0.727321753044 0.202178105414
0.396515645758 0.747488050804 0.194239637199
0.373551564576 0.759930316805 0.18932531038
0.385655156458 0.76073077097 0.186046871819
0.385965515646 0.754737812273 0.183334464445
0.373396551565 0.751827578645 0.185204009414
0.385639655156 0.751887993594 0.186387837893
0.385963965516 0.751677196544 0.186515501477
0.378796396552 0.75246781412 0.184452773991
0.372679639655 0.755300391251 0.187193540369
0.402667963966 0.742156808332 0.195860166015
0.371466796397 0.729052438548 0.201872665854
0.38364667964 0.724409107305 0.207972787188
0.374964667964 0.723174317845 0.21006891135
0.373196466796 0.718835888818 0.216450732681
0.37391964668 0.703746426439 0.220357625593
0.382091964668 0.701315525547 0.218789509856
0.408109196467 0.705465263604 0.206917492547
0.420610919647 0.704869919555 0.203251812563
0.423661091965 0.704520185191 0.204419611937
0.418566109196 0.699311284824 0.202647867354
0.40815661092 0.69623980352 0.202091143503
0.403515661092 0.698696430543 0.197729735885
0.413851566109 0.709538148471 0.188938055817
0.408585156611 0.724317767128 0.181783826968
0.407158515661 0.735070206344 0.176383784414
0.386315851566 0.736932720236 0.178326942172
0.382431585157 0.730947349138 0.18611699345
0.392843158516 0.720281508255 0.195416100206
0.373184315852 0.713731014465 0.200207375715
0.373918431585 0.716590706723 0.206295325411
0.357791843159 0.712886289625 0.210128384204
0.392179184316 0.709641813405 0.214180754058
0.397417918432 0.710569728569 0.212377285399
0.416841791843 0.718642111592 0.209422473335
0.394484179184 0.716060953995 0.21187066846
0.420148417918 0.719807291151 0.213829662003
0.409214841792 0.721199006791 0.210238434224
0.394621484179 0.70657529725 0.214237982142
0.381462148418 0.703034598074 0.215912091876
0.392746214842 0.708087544595 0.216176588479
0.401074621484 0.717570521682 0.218797174592
0.368607462148 0.725530094737 0.218537999584
0.370760746215 0.733442812194 0.214026206971
0.358376074621 0.751182046245 0.204605336392
0.361637607462 0.762460789756 0.193573805855
0.361063760746 0.765583113321 0.182858217894
0.370006376075 0.773526354724 0.175058607399
0.373600637607 0.776107696795 0.168978138499
0.374860063761 0.772474399614 0.169207174998
0.369586006376 0.770447028436 0.171102940779
0.385258600638 0.769223422485 0.175239169239
0.362525860064 0.761579326446 0.179989441219
0.350352586006 0.751199275989 0.184386465712
0.383335258601 0.737436709814 0.188325622678
0.38393352586 0.714611524247 0.200145877297
0.410993352586 0.697265796324 0.210336950773
0.431699335259 0.683890093109 0.219594779902
0.413969933526 0.678786155216 0.229776688889
0.404996993353 0.679919880444 0.236834271115
0.402299699335 0.683759617941 0.235764236296
0.395729969934 0.690365352598 0.230622438813
0.432872996993 0.688480189111 0.225016862997
0.388887299699 0.679737576196 0.22389060282
0.39528872997 0.682731826866 0.222063997742
0.368928872997 0.694327590582 0.220389088872
0.3941928873 0.716029601901 0.214989181843
0.39491928873 0.73021113964 0.209181998784
0.376991928873 0.737707498202 0.207386971605
0.370699192887 0.738704781989 0.205237594444
0.390769919289 0.728169374592 0.206358040706
0.426976991929 0.715384264865 0.207479046421
0.423397699193 0.701303323034 0.208420539138
0.409539769919 0.690060651498 0.212692003153
0.391053976992 0.680701523644 0.213823035733
0.447705397699 0.681214121889 0.214673361503
0.40567053977 0.68909739981 0.213841738985
0.392467053977 0.700934143281 0.209004890154
0.408246705398 0.718746939692 0.202565524554
0.36662467054 0.734981484864 0.195518206722
0.348062467054 0.74965692256 0.186452871305
0.374106246705 0.761621501039 0.181955424954
0.383910624671 0.767619967432 0.178362823936
0.373191062467 0.773887320979 0.176974155368
0.346019106247 0.778782934696 0.178734586444
0.373901910625 0.780613736699 0.180835765756
0.353290191062 0.780969801447 0.18322416114
0.398929019106 0.771135743058 0.192170154421
0.387292901911 0.754841103445 0.201724822363
0.375329290191 0.747954705851 0.210010641932
0.374132929019 0.736473067436 0.212110604515
0.377613292902 0.727452165351 0.211525763698
0.34376132929 0.726671886179 0.208698501221
0.358376132929 0.725384264107 0.206193259353
0.376937613293 0.725168499001 0.205389031469
0.376993761329 0.720116027975 0.204745229266
0.388699376133 0.711472886652 0.206589206346
0.421369937613 0.706154279879 0.204514197376
0.450736993761 0.702893349264 0.202925563303
0.429373699376 0.71211767285 0.20238223057
0.411037369938 0.72251299534 0.19769913601
0.377703736994 0.737400022603 0.194941365561
0.399570373699 0.758504586175 0.185446953071
0.37925703737 0.770663191201 0.178816526968
0.399725703737 0.767712386749 0.175834696725
0.387372570374 0.768155607536 0.173089098543
0.387037257037 0.767170201695 0.171922060235
0.372603725704 0.766544351335 0.168288863954
0.37116037257 0.761637537073 0.1671489745
0.377316037257 0.755878072417 0.172109227932
0.383331603726 0.754378039645 0.178447912529
0.384833160373 0.758983426039 0.18395295728
0.377783316037 0.756512690025 0.19065297125
0.372578331604 0.75291326327 0.198568176853
0.35225783316 0.753666686806 0.206212317035
0.384425783316 0.744089046333 0.215280374211
0.397542578332 0.722340452862 0.223870296553
0.382654257833 0.702374304133 0.229753754622
0.374865425783 0.694219089076 0.230851722928
0.374086542578 0.689114003 0.229277752092
0.380308654258 0.673477893486 0.229884493676
0.420530865426 0.669862204314 0.228551516586
0.412853086543 0.684054071934 0.222462175832
0.396785308654 0.704180796671 0.217648443095
0.404178530865 0.732182650465 0.20848024844
0.396817853087 0.752961470552 0.198949744058
0.376281785309 0.762902660767 0.197558635938
0.366128178531 0.769872479611 0.193024430403
0.362412817853 0.770496074533 0.18984859212
0.346741281785 0.763554125586 0.186992099332
0.384774128179 0.755873875928 0.185083392325
0.370577412818 0.743359747418 0.184043820475
0.379957741282 0.72809083126 0.186112191808
0.376395774128 0.717857044797 0.188089061442
0.400339577413 0.707831884898 0.188143304635
0.417133957741 0.704562213971 0.186831144505
0.416113395774 0.706433256591 0.184875091509
0.412411339577 0.705431174214 0.182558841639
0.430941133958 0.704763360732 0.192181592011
0.393194113396 0.700593467105 0.201215041334
0.42181941134 0.701148632112 0.210400869163
0.399481941134 0.701575175495 0.221624378488
0.408948194113 0.690335660921 0.231125929493
0.409894819411 0.671317566365 0.242414242439
0.427089481941 0.650765070471 0.248540650234
0.383808948194 0.647208986402 0.24507217689
0.425380894819 0.667727638532 0.235639987169
0.402538089482 0.690141950139 0.229396524961
0.388553808948 0.697554230877 0.228222212694
0.416855380895 0.692633107325 0.229282964279
0.415185538089 0.683465974686 0.233229494984
0.410518553809 0.679591227738 0.234515977325
0.441551855381 0.681080746262 0.232490813205
0.418555185538 0.682999818748 0.22673847801
0.411755518554 0.681185252735 0.225733956278
0.442575551855 0.66976929711 0.225813401606
0.433057555186 0.660448595117 0.225653183051
0.426705755519 0.661929477791 0.220124026807
0.397270575552 0.669414179736 0.213306802534
0.403327057555 0.681749512467 0.209467290099
0.387732705756 0.698172614004 0.204572110896
0.389773270576 0.721012635406 0.195278338657
0.378277327058 0.737326948039 0.192281192435
0.366327732706 0.741139543904 0.191528093572
0.396632773271 0.741893393014 0.189703479706
0.394263277327 0.739181511708 0.190376461908
0.401226327733 0.736027038173 0.19346365847
0.416322632773 0.724665695595 0.200566859517
0.413332263277 0.703803163963 0.210118059903
0.410333226328 0.695577549284 0.211182097144
0.420833322633 0.694024081623 0.213532508241
0.432683332263 0.694740517188 0.214126806698
0.438368333226 0.68859506713 0.217206917817
0.428136833323 0.678009794713 0.216530721695
0.408213683332 0.676722125774 0.217058937694
0.426021368333 0.678182862464 0.218164387632
0.390902136833 0.685318179612 0.221550197096
0.394590213683 0.691778278538 0.223691776862
0.395859021368 0.697055439392 0.223319293388
0.396885902137 0.705244296112 0.21887118378
0.388888590214 0.728088683486 0.208264631605
0.367388859021 0.758622698587 0.195362982953
0.375138885902 0.777213250111 0.181068675897
0.35611388859 0.792148873019 0.173779918054
0.361411388859 0.801629604354 0.170827345425
0.352041138886 0.805255377941 0.168494214539
0.365504113889 0.814685874764 0.164559089969
0.356950411389 0.824036875747 0.159177686325
0.326395041139 0.817089835491 0.159977775207
0.346739504114 0.79904063189 0.166816858314
0.358673950411 0.781234984464 0.172071757634
0.403067395041 0.763260601048 0.182174498785
0.358906739504 0.743933671966 0.192391673149
0.37159067395 0.72361659083 0.198937468896
0.406159067395 0.705187820993 0.20455119722
0.40421590674 0.696623285003 0.208634546099
0.395921590674 0.69610323324 0.207032332776
0.394192159067 0.697331491654 0.207904461259
0.390419215907 0.700790742111 0.207352428106
0.419741921591 0.702419227449 0.207088351726
0.408274192159 0.709749822468 0.203670315652
0.406227419216 0.718491227189 0.199598672904
0.393422741922 0.732184416042 0.193733770201
0.384942274192 0.746157958294 0.189953556079
0.390394227419 0.748065144062 0.187397120089
0.399039422742 0.746866860937 0.188830324401
0.415203942274 0.746947912669 0.191559150229
0.411420394227 0.742318438466 0.195263236051
0.382242039423 0.734754557164 0.202192276986
0.387424203942 0.724421189067 0.209107911723
0.383442420394 0.707857318647 0.215728643414
0.413644242039 0.693259441388 0.219072998835
0.428364424204 0.684601205541 0.223327124424
0.40823644242 0.678495220146 0.221303579023
0.426923644242 0.683531747413 0.217054472763
0.461192364424 0.693639469747 0.210553424021
0.385419236442 0.701222387942 0.207447876042
0.385941923644 0.715534133719 0.202215382328
0.390494192364 0.741194541593 0.193409201527
0.356749419236 0.762753628457 0.186288648874
0.374974941924 0.775214207874 0.185328892956
0.365997494192 0.780079502593 0.183962855174
0.357899749419 0.784776745855 0.184991877624
0.358889974942 0.787405302757 0.186773621928
0.316688997494 0.777746288933 0.188806544176
0.366468899749 0.762454162619 0.198098898109
0.369646889975 0.738844170828 0.209364924688
0.394264688997 0.705826172332 0.220658857063
0.4039264689 0.67946207942 0.227438769143
0.40219264689 0.663512032627 0.23054321853
0.406519264689 0.664026034408 0.229665462215
0.381751926469 0.683501689782 0.22430495348
0.372075192647 0.711455833574 0.212900281957
0.379207519265 0.743074094793 0.203533831119
0.376320751926 0.76333324502 0.190304270273
0.377832075193 0.777469716689 0.179601787061
0.360883207519 0.788914879502 0.170065859376
0.387988320752 0.784372138536 0.174007037105
0.362798832075 0.773175557699 0.178596650022
0.362979883208 0.762135324412 0.180494698842
0.355797988321 0.749907084468 0.185492108881
0.378479798832 0.743715050539 0.185631189594
0.400547979883 0.745488905314 0.184981153499
0.405454797988 0.745370411875 0.18732704499
0.382545479799 0.736424614052 0.192771244611
0.38655454798 0.730621062099 0.198977199814
0.399555454798 0.725348669147 0.20292955768
0.38195554548 0.715207970106 0.208845304039
0.379295554548 0.707492247665 0.212414112934
0.367329555455 0.700949053727 0.216847136485
0.400332955545 0.689266990439 0.221508681202
0.437833295555 0.681240814133 0.224804348506
0.408283329555 0.672361596798 0.228027841931
0.394528332956 0.668821678792 0.229092981626
0.386852833296 0.670034143504 0.227500889782
0.38518528333 0.677638917304 0.223294563895
0.411118528333 0.686127323768 0.216854112612
0.406511852833 0.68609939506 0.216839236495
0.430351185283 0.686783580882 0.220615076453
0.398535118528 0.685824220409 0.217816751666
0.417853511853 0.687795340509 0.218020514391
0.434185351185 0.682281729208 0.216707947107
0.425018535119 0.680697424777 0.215663487453
0.461001853512 0.679028682892 0.213696862933
0.442100185351 0.689935163369 0.212241106329
0.398810018535 0.704098266227 0.204926372142
0.411581001854 0.717064269129 0.201530708882
0.389458100185 0.730162530446 0.198864596394
0.382745810019 0.73794169578 0.198142883577
0.378474581002 0.738555248516 0.198705215966
0.3690474581 0.74491128087 0.199155733813
0.39600474581 0.755270933874 0.195799635268
0.368100474581 0.775114566848 0.189795057037
0.354510047458 0.78457152931 0.181289550799
0.340551004746 0.789599558873 0.176270413049
0.345455100475 0.787477647532 0.174546961297
0.344145510047 0.77631877438 0.178121161155
0.379114551005 0.764964562378 0.183983249605
0.3637114551 0.755240525557 0.185183451991
0.39547114551 0.747934719838 0.19043062807
0.400447114551 0.727191230868 0.197303727804
0.395544711455 0.708690012946 0.204385624767
0.398654471146 0.694970306688 0.212764225763
0.382765447115 0.679041960954 0.225107895925
0.406376544711 0.654762861427 0.233059879599
0.461837654471 0.628543393169 0.239306265695
0.434083765447 0.612679272751 0.242462398422
0.475408376545 0.609438628458 0.241599124433
0.466940837654 0.621588283125 0.237434309515
0.457094083765 0.639502270042 0.23108239417
0.431809408377 0.655219927197 0.225685270631
0.420280940838 0.666167475757 0.218092166821
0.445228094084 0.677464326972 0.21242755644
0.430622809408 0.680583514692 0.208872366241
0.405762280941 0.673295446017 0.21190961377
0.424876228094 0.667421302395 0.216681625035
0.401587622809 0.670280652791 0.220433604047
0.442458762281 0.672236396653 0.221641659164
0.434845876228 0.678396536865 0.223251367071
0.405284587623 0.689780433057 0.225334116265
0.413128458762 0.6989422629 0.22520195402
0.395912845876 0.714603402372 0.223344637915
0.368991284588 0.739103217563 0.215347665742
0.368099128459 0.765780551277 0.203717294832
0.369809912846 0.777811776039 0.194679937672
0.337580991285 0.771476578581 0.191559602675
0.370358099128 0.750951499378 0.191399677101
0.415035809913 0.731399701699 0.196257390572
0.406903580991 0.71297400779 0.201178496437
0.404290358099 0.68995492685 0.206207002289
0.43822903581 0.668852180691 0.218116679874
0.434422903581 0.65565752486 0.22455160336
0.418742290358 0.652250123478 0.228105528844
0.429774229036 0.660405335294 0.2272376181
0.434477422904 0.666282878546 0.229262176143
0.40434774229 0.682582036416 0.2233977586
0.421134774229 0.710503775017 0.213351333684
0.412913477423 0.730280556775 0.204328981305
0.389591347742 0.744346780302 0.195257564151
0.361159134774 0.755742365933 0.186122001988
0.372715913477 0.756151107958 0.181680450447
0.386471591348 0.761692441295 0.179093896371
0.359047159135 0.772225477424 0.177580874094
0.359904715913 0.775505432544 0.175090892192
0.368990471591 0.779877266195 0.174230563737
0.380699047159 0.780660549337 0.174256632841
0.370169904716 0.779438216509 0.176816553177
0.364616990472 0.773798189578 0.180107995259
0.365861699047 0.767438601625 0.186571610667
0.437986169905 0.753510420523 0.19028789277
0.38759861699 0.743498666093 0.196247561012
0.407759861699 0.74490020797 0.19909355786
0.39537598617 0.744410705141 0.198887755506
0.387837598617 0.739252546219 0.200622413374
0.393383759862 0.733745223052 0.202669211418
0.373238375986 0.733448350578 0.198900838086
0.412623837599 0.737141790509 0.191354816016
0.39856238376 0.743634048215 0.187442005729
0.379156238376 0.743504997266 0.183840746496
0.404215623838 0.741159797451 0.180965960991
0.389621562384 0.736288168865 0.176836964438
0.387262156238 0.739042266193 0.179517053923
0.369026215624 0.744703257434 0.176943649157
0.382502621562 0.752222574282 0.177724290388
0.399150262156 0.756873317291 0.181692726321
0.381915026216 0.748408778666 0.185077345544
0.422491502622 0.739787267966 0.191679144844
0.413949150262 0.731412037272 0.199427350165
0.402294915026 0.723695317998 0.206564980309
0.398429491503 0.716582154309 0.211853842507
0.38904294915 0.712920618804 0.21472272923
0.406104294915 0.714414385681 0.214407981898
0.409610429492 0.724428181939 0.206848646698
0.385661042949 0.742502179353 0.19952527404
0.352666104295 0.763510086624 0.190932528644
0.351166610429 0.782669976945 0.186743153377
0.338416661043 0.794753197104 0.181600691761
0.327241666104 0.795328343062 0.176716556166
0.36032416661 0.786582853267 0.175085256973
0.333932416661 0.778683177581 0.175423551133
0.353793241666 0.763417683723 0.18058464825
0.383679324167 0.743869197468 0.189691607124
0.368667932417 0.728820102277 0.198019777583
0.367166793242 0.71598335974 0.204042756093
0.412916679324 0.707003424103 0.207293206348
0.400391667932 0.705430166318 0.20817998256
0.389239166793 0.708168088588 0.207747887005
0.386323916679 0.708161071272 0.203133765949
0.395032391668 0.707516831967 0.20297580981
0.396803239167 0.706117890332 0.200629747096
0.430280323917 0.703388674377 0.201802921783
0.452528032392 0.700147330307 0.204060148066
0.416952803239 0.699623398555 0.205648125293
0.443995280324 0.700757875824 0.208601991509
0.395399528032 0.703357147809 0.207495481619
0.389639952803 0.703937879847 0.205286685782
0.39086399528 0.704613805129 0.205321600599
0.363086399528 0.6982166455 0.206393526255
0.403508639953 0.687588357689 0.210077288415
0.402150863995 0.689348559672 0.209016577029
0.4029150864 0.690113680078 0.211615980322
0.42909150864 0.689927619163 0.210570768556
0.418209150864 0.696316953982 0.209904153588
0.424320915086 0.70517933937 0.210471935962
0.420432091509 0.705180703893 0.215856954486
0.400243209151 0.710329284828 0.218081803323
0.362224320915 0.72388517705 0.217058501495
0.362922432092 0.731609426064 0.21222435812
0.381892243209 0.73421767351 0.210499112056
0.396389224321 0.727239511585 0.20652708564
0.408638922432 0.717205999253 0.205048594185
0.417063892243 0.699437491006 0.20657612451
0.432306389224 0.687855846926 0.208877990723
0.404130638922 0.684596795561 0.21018224736
0.408513063892 0.691778383436 0.207774650568
0.383751306389 0.700095435361 0.204578084053
0.403775130639 0.711660849337 0.202264760553
0.389577513064 0.723401256619 0.197856709478
0.398057751306 0.742503301887 0.190689539447
0.422305775131 0.742991347931 0.192055105676
0.404030577513 0.740686203053 0.191183598652
0.381503057751 0.743038966887 0.189333616797
0.417950305775 0.740597155407 0.188152306434
0.385595030578 0.740531176308 0.186436843099
0.388659503058 0.738242420899 0.185439982622
0.410565950306 0.735345659759 0.188397759395
0.436156595031 0.732407186932 0.190269357819
0.403615659503 0.725683260556 0.193515139477
0.39316156595 0.718832295709 0.196915369861
0.386716156595 0.715966400326 0.199933916661
0.40497161566 0.726222044395 0.201457778823
0.404997161566 0.725775770496 0.203866313925
0.410399716157 0.721807924464 0.20922345093
0.430739971616 0.717644657164 0.209833078781
0.387773997162 0.716320869025 0.211585161192
0.361877399716 0.714760897376 0.206559568181
0.391687739972 0.718348318869 0.201303496371
0.358668773997 0.729316951339 0.196639183471
0.3805668774 0.741841198048 0.193505439807
0.38545668774 0.746421602431 0.189161015882
0.371545668774 0.748674222192 0.18738009471
0.405254566877 0.742078790056 0.190240677093
0.400525456688 0.729722018866 0.195983740869
0.402752545669 0.717654592886 0.201348935237
0.399375254567 0.708567994449 0.203613405189
0.398137525457 0.707797882455 0.206354065568
0.393513752546 0.708476912372 0.205438985107
0.381351375255 0.708802236018 0.205597334994
0.417035137525 0.713568270563 0.201762480253
0.417903513753 0.718818300128 0.202770604306
0.420690351375 0.714222874486 0.211257706155
0.405669035138 0.710691443244 0.216416677106
0.400566903514 0.716256166659 0.216280761509
0.399156690351 0.726765026209 0.214225832577
0.369315669035 0.728614562238 0.211398681385
0.382531566904 0.729380806409 0.212376504579
0.37485315669 0.733627979953 0.206418468047
0.381285315669 0.740443239491 0.202235195342
0.390928531567 0.741786606965 0.197028500044
0.384692853157 0.743728123459 0.189976654776
0.404769285316 0.743388316124 0.186485757872
0.399576928532 0.742246867214 0.181535990398
0.399057692853 0.74168756561 0.18126104018
0.400805769285 0.738089494303 0.179039480189
0.403680576929 0.734205852315 0.179674834736
0.384168057693 0.729032162017 0.182220569589
0.432616805769 0.72326416339 0.185317889919
0.391561680577 0.717713744401 0.18785802222
0.408156168058 0.720280597895 0.189478643354
0.405315616806 0.730632570927 0.1876075116
0.380731561681 0.742225633709 0.187044332663
0.376473156168 0.739982154738 0.190313962732
0.378747315617 0.73640160487 0.197233378931
0.382574731562 0.734820252616 0.203089543257
