0.0171 0.9 0.000865139703285
0.02421 0.99 0.00153555494719
0.031221 0.999 0.0024873420799
0.0337221 0.9999 0.0039682438108
0.05287221 0.99999 0.00592239045668
0.061087221 0.999999 0.00877475911026
0.0601087221 0.9999999 0.013237720862
0.08071087221 0.999317930172 0.019814926146
0.087271087221 0.996580608677 0.0271339755148
0.105927108722 0.99310862825 0.0348250618549
0.107792710872 0.986733839389 0.0425142434596
0.142179271087 0.977753128441 0.0513997059713
0.164517927109 0.965066936545 0.0623625055859
0.153251792711 0.948605039222 0.0745057502841
0.186325179271 0.930798728887 0.0871142349279
0.220232517927 0.914078849272 0.0995669080284
0.241623251793 0.898048333178 0.11048311969
0.254562325179 0.8776184442 0.122817777798
0.272956232518 0.859320779939 0.132461598307
0.299995623252 0.843844538748 0.1392583509
0.317999562325 0.82653181829 0.14471333893
0.352199956233 0.810604749171 0.152548622738
0.374519995623 0.792828315586 0.157538710747
0.387551999562 0.779346636326 0.160455656207
0.427555199956 0.771265932497 0.165124649266
0.424355519996 0.769299895232 0.169107366545
0.462735552 0.765363494231 0.170203623576
0.4422735552 0.762735045174 0.173620441003
0.49152735552 0.761290111489 0.175415053706
0.513552735552 0.756738151022 0.179527993696
0.536455273555 0.753765508342 0.18186474879
0.518045527356 0.748827165973 0.186779570363
0.531504552736 0.750524082352 0.189098053343
0.552650455274 0.74852588589 0.188034469919
0.570065045527 0.740078779986 0.189280593504
0.581706504553 0.727021833809 0.191571574693
0.572970650455 0.721318661461 0.192094051544
0.572097065046 0.724255261111 0.191512251278
0.599909706505 0.728740774634 0.190765943561
0.61259097065 0.735943719864 0.188714179422
0.589559097065 0.753356307192 0.184857935127
0.590855909707 0.765496580915 0.182446885261
0.603585590971 0.760217563637 0.183687197623
0.589558559097 0.746498998646 0.188722250811
0.62055585591 0.733741608435 0.193189905614
0.611955585591 0.725037855386 0.19772626191
0.650695558559 0.716210566955 0.199393571146
0.619469555856 0.719453530677 0.198865736183
0.612746955586 0.733822481331 0.193400351518
0.606674695559 0.740119276686 0.1898609857
0.601567469556 0.733703431931 0.192296436229
0.617256746956 0.724141939371 0.194468857791
0.632325674696 0.715098401668 0.19971645156
0.61043256747 0.703140362706 0.204320138405
0.617243256747 0.696560907804 0.203974794676
0.620624325675 0.695452937359 0.204691991513
0.604762432567 0.695723661869 0.205299303562
0.620276243257 0.69986937501 0.205560663301
0.648827624326 0.703024505028 0.206897577046
0.631882762433 0.710897297206 0.206172273147
0.655388276243 0.717710622903 0.203682675658
0.626238827624 0.718752977294 0.200409344035
0.623323882762 0.724999645655 0.195991225195
0.590632388276 0.733669582631 0.194579743356
0.587363238828 0.750396404904 0.194211466297
0.596036323883 0.754469333425 0.194045297496
0.582503632388 0.755002311977 0.196051165928
0.582050363239 0.743476325882 0.198165822525
0.624305036324 0.737052554388 0.199911903876
0.598830503632 0.74546883056 0.197248334413
0.574683050363 0.756664071891 0.192052623634
0.577668305036 0.760665459287 0.189159429681
0.559966830504 0.755859164713 0.191927731403
0.55999668305 0.747387887552 0.195681881569
0.580699668305 0.73549432287 0.199929244421
0.625969966831 0.723488972349 0.204483419741
0.590896996683 0.712640468787 0.210130164174
0.611689699668 0.696815505432 0.214671150227
0.637168969967 0.680205048462 0.215861701901
0.630716896997 0.67794041356 0.21421567806
0.6435716897 0.688601200629 0.209006422901
0.61515716897 0.710129058054 0.199337910693
0.609615716897 0.736138822874 0.192523058799
0.62436157169 0.753987650273 0.185508925126
0.597036157169 0.766159643462 0.183973542078
0.570903615717 0.769627807597 0.184620845306
0.579990361572 0.766822270855 0.187891857051
0.570999036157 0.763422527861 0.18999460038
0.575499903616 0.76147683286 0.188882130545
0.576849990362 0.753913949197 0.187141543334
0.610284999036 0.747150738596 0.187040038456
0.599228499904 0.736704504871 0.191339638295
0.61252284999 0.724400149536 0.198502076486
0.607552284999 0.713002492032 0.203895040376
0.5899552285 0.706854117756 0.208836491505
0.61699552285 0.707892673269 0.212340688282
0.643099552285 0.722233790192 0.209224154235
0.603409955228 0.740615601089 0.202914655754
0.586840995523 0.746646250934 0.195760042802
0.608584099552 0.758381036951 0.188990815547
0.617958409955 0.765877763329 0.184297480338
0.602695840996 0.764723090308 0.18241967177
0.5957695841 0.765619831067 0.179736040801
0.60407695841 0.767988979829 0.176984710633
0.599507695841 0.762661205868 0.179465524762
0.584650769584 0.756067613996 0.183661707694
0.574165076958 0.749788089111 0.186972588735
0.619916507696 0.745908775097 0.190296054752
0.59119165077 0.746665965524 0.193197596748
0.568519165077 0.747984664546 0.195403368397
0.589651916508 0.746260151011 0.195280938118
0.596265191651 0.748665867439 0.194501550705
0.601426519165 0.748289818259 0.19339087759
0.599242651917 0.738304442286 0.198397449305
0.593624265192 0.724089113943 0.204127687022
0.584062426519 0.719713322039 0.203813429922
0.586706242652 0.726010952782 0.201086204718
0.594170624265 0.738180405278 0.197215186656
0.585917062427 0.744491902344 0.195739363389
0.610291706243 0.746875294545 0.194759038758
0.579429170624 0.741500964089 0.194953935277
0.570042917062 0.739939841062 0.197221700291
0.574504291706 0.737758643595 0.200913699157
0.575850429171 0.732302270507 0.202443334385
0.602085042917 0.722680325569 0.20584586289
0.585808504292 0.712238100606 0.209918351967
0.599480850429 0.697039845978 0.216721222657
0.592748085043 0.676172467853 0.22570067163
0.619974808504 0.658871622329 0.23215039583
0.63619748085 0.653105295801 0.232493599451
0.642319748085 0.659463039859 0.231278865413
0.633931974809 0.674213654272 0.226451923446
0.608793197481 0.696370021727 0.220399134707
0.596379319748 0.717036279172 0.215806104026
0.571737931975 0.727602228224 0.208202851132
0.568373793197 0.744991275236 0.200308485443
0.56713737932 0.757133889753 0.19083609054
0.570613737932 0.754172781563 0.190433343453
0.584461373793 0.746420224812 0.193177005468
0.564246137379 0.734818925554 0.197032749785
0.580224613738 0.721281672016 0.202548505741
0.592622461374 0.715409844142 0.202736858185
0.625362246137 0.716202474295 0.201794745186
0.643936224614 0.71838259586 0.202049830309
0.621493622461 0.71876931366 0.205218917102
0.641749362246 0.715620954201 0.207906705329
0.620374936225 0.71560432167 0.210027479147
0.629037493622 0.714307898885 0.2094645419
0.603803749362 0.71473843871 0.207605428509
0.592280374936 0.715227401855 0.20486704596
0.584828037494 0.717254691244 0.199860927051
0.561582803749 0.720935976061 0.197677702628
0.561058280375 0.71912128024 0.20026113318
0.570905828037 0.70779207185 0.20625987012
0.576390582804 0.689575906619 0.214887388758
0.61743905828 0.673935571049 0.220330827945
0.644943905828 0.666926987921 0.223229859847
0.626994390583 0.669572648089 0.223409181865
0.630599439058 0.671069461378 0.220352174102
0.666059943906 0.686532732414 0.215073890656
0.660605994391 0.709274346669 0.2050156454
0.621360599439 0.727928623711 0.195779197318
0.605736059944 0.745581721645 0.18690669845
0.598773605994 0.753868651667 0.18219013975
0.597177360599 0.753651109445 0.184166861863
0.62131773606 0.748715126274 0.187821384042
0.621031773606 0.746603227263 0.187529040305
0.618303177361 0.752320529245 0.186608795344
0.592830317736 0.750388262686 0.189227283607
0.562383031774 0.747239905738 0.192412648899
0.564738303177 0.753232513124 0.194620805106
0.561373830318 0.759089074164 0.194387805997
0.575437383032 0.767723982153 0.192872858788
0.567843738303 0.769506581956 0.190278772103
0.55268437383 0.759101695525 0.19186416718
0.582668437383 0.744509794743 0.192497487996
0.578466843738 0.731451699153 0.196589768154
0.572646684374 0.71932914787 0.199056056786
0.617964668437 0.706586312819 0.200694000773
0.644996466844 0.700446418688 0.201676167404
0.596399646684 0.703791095066 0.202807804077
0.575339964668 0.71386632226 0.203186568828
0.594833996467 0.728171615751 0.200472900138
0.571583399647 0.734036371738 0.200775553882
0.590858339965 0.740717849218 0.198969513925
0.600885833996 0.736700507532 0.200383319784
0.5865885834 0.72764706267 0.2039498716
0.59505885834 0.724359015076 0.203928569672
0.586005885834 0.725411659589 0.201966642618
0.595000588583 0.732015873708 0.198938295488
0.586900058858 0.74364635181 0.194635955255
0.595990005886 0.754786866924 0.191631175605
0.576199000589 0.751796101177 0.192515795101
0.598519900059 0.746548019698 0.193840653056
0.589951990006 0.742969925892 0.1935192311
0.615195199001 0.726227535784 0.196575394422
0.6456195199 0.713374591345 0.200464115059
0.61086195199 0.708031247903 0.201565873758
0.603786195199 0.708612877651 0.201001803457
0.61297861952 0.712695312653 0.198375914334
0.626497861952 0.71949529711 0.195230121515
0.612549786195 0.726418716669 0.193311452053
0.64265497862 0.725821782993 0.196758521766
0.628565497862 0.72596743156 0.200321638243
0.636156549786 0.725526021057 0.203983586778
0.608115654979 0.721284666003 0.206925482028
0.621511565498 0.724522189957 0.205125610787
0.63635115655 0.737200289669 0.200726374975
0.614435115655 0.74528925661 0.195939218629
0.605043511565 0.750099226788 0.190723740709
0.579804351157 0.756210284252 0.187331410795
0.573680435116 0.761237701707 0.184442020941
0.598268043512 0.766058211714 0.183054994117
0.584526804351 0.769540083147 0.18025323603
0.584052680435 0.763958681334 0.181301012652
0.565105268044 0.751837908014 0.186923578233
0.597410526804 0.737997151364 0.191202023886
0.58354105268 0.728760152038 0.191675853938
0.583954105268 0.729400580834 0.191279262047
0.593895410527 0.732879562324 0.190192273939
0.585889541053 0.731384472683 0.192217516608
0.575188954105 0.72317493433 0.198373415492
0.580418895411 0.718313929915 0.207279088835
0.601641889541 0.709631897545 0.215214894235
0.601964188954 0.695663009723 0.223767854522
0.622696418895 0.680240061271 0.228981505655
0.64996964189 0.667131519933 0.235584110484
0.645496964189 0.667826220633 0.23402494994
0.627949696419 0.68000110513 0.227109047403
0.624394969642 0.687474772631 0.219715004706
0.614139496964 0.693332260547 0.2128192028
0.625713949696 0.696435203441 0.209486031017
0.61787139497 0.708949653822 0.20470803043
0.596387139497 0.71927420636 0.200541697779
0.59243871395 0.727243852858 0.198045394581
0.620843871395 0.731995414168 0.199956910945
0.629984387139 0.728314357027 0.198717795479
0.638998438714 0.725793675505 0.19811531449
0.617399843871 0.72111046156 0.196043031673
0.618839984387 0.722393087377 0.194509923947
0.627083998439 0.721200337285 0.193317953755
0.627008399844 0.726829281019 0.190866039746
0.619800839984 0.741201654359 0.187933985102
0.626280083998 0.74745528777 0.1866598275
0.6269280084 0.74504932764 0.188038179092
0.63329280084 0.741030980131 0.187746259298
0.635729280084 0.74155731039 0.188276024828
0.642272928008 0.742765495453 0.189683852829
0.587127292801 0.750701401054 0.190389875579
0.58431272928 0.764167889708 0.18573867567
0.597531272928 0.779715953383 0.177340851509
0.590753127293 0.78294874349 0.17532578709
0.600875312729 0.775821178951 0.176350286059
0.590187531273 0.757841605117 0.184965940658
0.597218753127 0.744027623035 0.192406786507
0.621321875313 0.740118110299 0.19530972071
0.594032187531 0.73421615798 0.195674873884
0.621903218753 0.731224488149 0.193868775413
0.610290321875 0.737920427068 0.190939773561
0.596529032188 0.747814367868 0.185144145771
0.590652903219 0.759513322969 0.182040865387
0.599065290322 0.769480953512 0.177845651446
0.599906529032 0.774199261448 0.17562011759
0.590990652903 0.778193169562 0.174064982201
0.58829906529 0.779909563405 0.175831105002
0.575429906529 0.777570839949 0.178047393148
0.582242990653 0.768957007537 0.179591681738
0.595524299065 0.758142318468 0.18061293586
0.582452429907 0.749185973849 0.183600857871
0.591045242991 0.744944130937 0.187240168279
0.607204524299 0.741467074317 0.191414830845
0.61692045243 0.739272231449 0.19757891752
0.606192045243 0.738918966353 0.202496055882
0.597019204524 0.735542877681 0.203294829697
0.603301920452 0.731817561279 0.204048874117
0.612930192045 0.734511663556 0.202191915436
0.601293019205 0.744256883377 0.198370567635
0.61362930192 0.758105343449 0.192147337531
0.599562930192 0.771927443659 0.182123671904
0.580156293019 0.776415829947 0.173051095615
0.571915629302 0.775262532842 0.170252728531
0.57559156293 0.769734172502 0.172007264511
0.566059156293 0.769119981981 0.175976093488
0.562405915629 0.77289126642 0.176521668049
0.559340591563 0.775893608454 0.180579613259
0.549134059156 0.774959206103 0.184826860266
0.590413405916 0.766069729138 0.188326184477
0.572941340592 0.74432193868 0.196525323915
0.605394134059 0.717029327258 0.206196474821
0.639239413406 0.688206608536 0.212841289256
0.652523941341 0.667494208873 0.217538589624
0.644852394134 0.656057773183 0.220614354346
0.630585239413 0.655035243742 0.220576226679
0.636358523941 0.667020684508 0.219405489385
0.605435852394 0.687139084697 0.218160033985
0.658143585239 0.704285086663 0.214473210619
0.648114358524 0.71791161706 0.212471873531
0.632711435852 0.736733149304 0.206674930323
0.601471143585 0.752052637629 0.199951828011
0.588447114359 0.750663646177 0.197399911678
0.587144711436 0.742053830827 0.200580479434
0.591514471144 0.73625034217 0.19970577992
0.566751447114 0.731945628578 0.197663162256
0.552575144711 0.73496889318 0.194650116225
0.586257514471 0.743712328645 0.194052517193
0.592325751447 0.746792859735 0.19455343869
0.609132575145 0.736883412155 0.197176156001
0.636013257514 0.719400896711 0.201958642101
0.653101325751 0.707649915492 0.204605659144
0.634110132575 0.703042549897 0.205483263194
0.617811013258 0.703372275825 0.207000708172
0.605381101326 0.704646490799 0.205587931915
0.610438110133 0.708306361531 0.205162517681
0.618143811013 0.71274525306 0.203071078186
0.611714381101 0.715944635559 0.204229634816
0.61467143811 0.7210940283 0.202661714884
0.588867143811 0.722557401435 0.200508046109
0.609686714381 0.718744809458 0.201859133269
0.600068671438 0.716866312593 0.203538490345
0.603606867144 0.718869498067 0.203585397632
0.596760686714 0.731555156029 0.201310409663
0.587976068671 0.748051797083 0.195338098968
0.565497606867 0.760854986502 0.190078737269
0.543449760687 0.766412633497 0.187992150922
0.532244976069 0.76617307681 0.190181159874
0.568024497607 0.75807260028 0.193268823513
0.571602449761 0.745654639692 0.196633935685
0.613360244976 0.731018698441 0.198032004144
0.615736024498 0.72877931868 0.196655247244
0.62407360245 0.73471807362 0.194563401462
0.632107360245 0.743797177366 0.191853034145
0.591510736024 0.757738186266 0.188601607334
0.598251073602 0.768248448383 0.183644964736
0.59892510736 0.771335594906 0.181281627453
0.590892510736 0.766189778125 0.183390401119
0.567589251074 0.753012531388 0.189023355906
0.572458925107 0.734129511271 0.198163374899
0.625145892511 0.711230310428 0.210526655152
0.643914589251 0.693477637208 0.221999694884
0.623291458925 0.689099908091 0.222174056026
0.653629145893 0.690041706097 0.215094642475
0.678262914589 0.69561703686 0.206955950905
0.642926291459 0.704528510755 0.20252886246
0.632192629146 0.716190442973 0.200818689118
0.623919262915 0.719425541688 0.200764544779
0.608691926291 0.716805633652 0.203425420643
0.612569192629 0.717451801587 0.202831564964
0.622856919263 0.724235214059 0.199482068014
0.613085691926 0.732503917052 0.196510251095
0.634608569193 0.737791895469 0.197173311931
0.618760856919 0.747412085011 0.193512902048
0.627976085692 0.755537468683 0.188102612558
0.586597608569 0.764383701639 0.180794161108
0.604059760857 0.770671492909 0.179271286309
0.576105976086 0.76886252776 0.183828092835
0.590410597609 0.764909875148 0.186042453752
0.555841059761 0.765561698686 0.186383813673
0.569484105976 0.761768369564 0.188692315932
0.613148410598 0.755777859413 0.192066173054
0.57071484106 0.741530938691 0.194702010483
0.575471484106 0.728655521895 0.201568330372
0.584047148411 0.714066410394 0.206220482377
0.634404714841 0.696590116809 0.209634028853
0.625040471484 0.693086413092 0.209273299182
0.634004047148 0.702027865814 0.205106187129
0.601600404715 0.713434432662 0.201669986369
0.614560040471 0.732513939293 0.196688978196
0.596956004047 0.747919248855 0.193563947863
0.592495600405 0.752704654965 0.191688658498
0.59114956004 0.750662040941 0.190053945993
0.584714956004 0.752302474595 0.19227433679
0.5741714956 0.754914635451 0.195735550998
0.56231714956 0.746140852144 0.201112633798
0.575531714956 0.738061583634 0.201553047741
0.600253171496 0.736666704976 0.20159733002
0.62342531715 0.733068152086 0.198912824799
0.656342531715 0.732908070469 0.198838730533
0.644334253171 0.737503090718 0.197220895035
0.624233425317 0.744626194691 0.192466301821
0.591623342532 0.747138258127 0.1934424443
0.591062334253 0.740461553482 0.197647860571
0.595506233425 0.73522326739 0.20153223973
0.568050623343 0.734549971112 0.198112194081
0.571605062334 0.73505778346 0.196899034911
0.586360506233 0.732504436995 0.197223126606
0.596836050623 0.728013642171 0.19956013489
0.649183605062 0.722165404315 0.203065832525
0.626518360506 0.709952052666 0.20679842333
0.671951836051 0.705597252268 0.20807689616
0.623395183605 0.71533151968 0.205324151332
0.638339518361 0.734947850976 0.198317041891
0.628133951836 0.747949221788 0.193702979555
0.632513395184 0.750409106161 0.19181645737
0.601451339518 0.753482783599 0.188887214182
0.563245133952 0.7600951938 0.185559398378
0.590924513395 0.772425677981 0.180825202101
0.56489245134 0.772815384849 0.183333079197
0.563189245134 0.771959151201 0.183328430028
0.584618924513 0.777726140256 0.182089031272
0.603861892451 0.778235509099 0.182702024784
0.594086189245 0.76814390829 0.188004634448
0.603008618925 0.752714691331 0.195716899155
0.581400861892 0.738712526824 0.20267565702
0.588240086189 0.728477609486 0.205866770834
0.587124008619 0.718101828306 0.209000913652
0.604112400862 0.705578576613 0.211199297019
0.586011240086 0.699998996531 0.214111141019
0.613001124009 0.703251504084 0.211170920631
0.611200112401 0.716191553069 0.20164811595
0.60292001124 0.733175384535 0.194249875291
0.613792001124 0.743510199711 0.189913589826
0.592379200112 0.750961607136 0.188542855582
0.616337920011 0.754247832901 0.184657808713
0.622333792001 0.748497638201 0.184625179994
0.6238333792 0.736845943976 0.189986637439
0.61768333792 0.731079507338 0.193355213079
0.592768333792 0.736213523115 0.197672859669
0.601976833379 0.743728133621 0.200342769936
0.570497683338 0.741335764399 0.202723999309
0.602449768334 0.735602811271 0.204344866136
0.590344976833 0.729938404988 0.205611204799
0.581034497683 0.726719553874 0.207235387343
0.594503449768 0.724172185597 0.207429628513
0.603050344977 0.724575810742 0.208193572955
0.603005034498 0.723384491897 0.210855879371
0.59760050345 0.712237058779 0.214790528936
0.612360050345 0.696765541213 0.218288472039
0.646236005034 0.68358402361 0.223109413789
0.644223600503 0.67147902445 0.225408141216
0.63412236005 0.676126584601 0.223609245801
0.624112236005 0.690424929716 0.217166141891
0.647411223601 0.705915063375 0.208017847902
0.62724112236 0.720642423184 0.201060798694
0.634224112236 0.731605773967 0.196874320409
0.597122411224 0.737644416918 0.193868231974
0.599712241122 0.746672338471 0.191368050916
0.584671224112 0.748350935831 0.188825480446
0.606567122411 0.748005425448 0.186912358997
0.637556712241 0.748440157155 0.188488418777
0.636155671224 0.745366291627 0.191960707311
0.622515567122 0.738752363192 0.196844335046
0.588751556712 0.735020009559 0.201400755891
0.581775155671 0.733300965932 0.201807636297
0.559477515567 0.741618551915 0.195849146931
0.586047751557 0.752999710912 0.19028735111
0.592304775156 0.75630363212 0.186365086483
0.616330477516 0.759077660709 0.184521433232
0.607933047752 0.761988321926 0.179114678291
0.582793304775 0.762831101439 0.180442563744
0.591979330478 0.761362025591 0.18350284043
0.607297933048 0.748749511788 0.188940739968
0.604329793305 0.735390924355 0.19258531126
0.62743297933 0.727639423491 0.196475429825
0.627043297933 0.717622340229 0.199265040002
0.609904329793 0.71586309627 0.203638620511
0.619890432979 0.715895562377 0.205702801465
0.630789043298 0.716529160085 0.207141298684
0.60667890433 0.717093745804 0.206535766081
0.604267890433 0.718026752723 0.202899198913
0.606726789043 0.718010122701 0.20325483456
0.635772678904 0.712862070104 0.204872267528
0.62787726789 0.706595578472 0.20883672928
0.627987726789 0.704023811899 0.213514126447
0.626198772679 0.707344777023 0.212514210016
0.630519877268 0.712628880052 0.208776114245
0.640851987727 0.718511483095 0.203793873274
0.603185198773 0.72497176647 0.200806378483
0.610218519877 0.736820604614 0.199008327591
0.601921851988 0.74364600271 0.196511860668
0.589392185199 0.748553062399 0.193742852464
0.57643921852 0.752467836029 0.191089030954
0.593143921852 0.750837940088 0.194185113585
0.591214392185 0.751382919762 0.196815342881
0.608121439219 0.750862456595 0.201178214518
0.611612143922 0.748390815649 0.204023167741
0.562461214392 0.735011477411 0.20484883748
0.589946121439 0.712494690639 0.210919592004
0.608894612144 0.700145163898 0.214492081964
0.588289461214 0.697969578445 0.217100772593
0.593428946121 0.708172534521 0.217643629662
0.582242894612 0.720868969959 0.214683465176
0.594624289461 0.732124262776 0.208325410774
0.540962428946 0.74024841742 0.20037798159
0.586896242895 0.74995274707 0.192284583646
0.568989624289 0.753962151923 0.18860054481
0.562698962429 0.760111144446 0.184715321543
0.545869896243 0.769783967621 0.180263568698
0.551386989624 0.780960097682 0.175665315324
0.564538698962 0.783384134279 0.177833270487
0.585653869896 0.769296090253 0.185316338983
0.62736538699 0.751023842562 0.192785242651
0.620736538699 0.734846347585 0.199110402576
0.59577365387 0.728227175333 0.202117693744
0.584277365387 0.731009619716 0.204914794832
0.607427736539 0.731122146482 0.203977420974
0.597142773654 0.730909962661 0.203672788992
0.604214277365 0.72556387157 0.204154139091
0.595021427737 0.718250061613 0.205602476057
0.621102142774 0.711432083226 0.207862924486
0.642610214277 0.70447967869 0.209991016195
0.646561021428 0.701829103177 0.209047821692
0.613656102143 0.704909215838 0.207176346835
0.613965610214 0.713136124451 0.202549598712
0.623896561021 0.723433043675 0.198632739029
0.637489656102 0.734236454409 0.195757834143
0.62624896561 0.746804083383 0.19336501339
0.587324896561 0.756797380286 0.190693935047
0.601432489656 0.752695399896 0.194635528565
0.593843248966 0.741147802508 0.199987504933
0.626384324897 0.729492720282 0.205768809969
0.61343843249 0.722305948349 0.207231915748
0.613043843249 0.723001714924 0.206243388557
0.632804384325 0.73187020027 0.203930865343
0.608680438432 0.743106335474 0.198236880825
0.585568043843 0.757977235551 0.189536430626
0.574256804384 0.766459943602 0.179553600427
0.565025680438 0.775530351044 0.176282014114
0.583902568044 0.777536557365 0.17849371215
0.556090256804 0.774532329369 0.181020208764
0.56410902568 0.775139486502 0.183939134552
0.580210902568 0.766547983596 0.187665924109
0.561121090257 0.758616653817 0.187992853361
0.622212109026 0.755156563602 0.185029925586
0.607621210903 0.757147811796 0.183614961625
0.61966212109 0.756302677427 0.183744935845
0.618166212109 0.744584728698 0.193713610317
0.636916621211 0.725653326481 0.203410255744
0.643291662121 0.711800211189 0.208025883539
0.622329166212 0.703682002162 0.211610197362
0.628332916621 0.705351515431 0.210178284653
0.619933291662 0.710846785861 0.209642326893
0.628993329166 0.711714167325 0.20685279983
0.612799332917 0.718401206265 0.204610172657
0.592279933292 0.729254588288 0.199143189388
0.591127993329 0.740880636518 0.194403649114
0.592812799333 0.748036439082 0.1931623655
0.588481279933 0.753044384214 0.193602378756
0.595248127993 0.751609012688 0.193363766418
0.586924812799 0.743159758758 0.194159220973
0.58429248128 0.727625500853 0.198190955477
0.609229248128 0.713879465742 0.200063942778
0.628822924813 0.706234325005 0.203970490017
0.607382292481 0.707063280027 0.207312001959
0.599838229248 0.714416105081 0.205785984384
0.590083822925 0.721896226219 0.202571861764
0.566608382292 0.726303304506 0.2000028251
0.575060838229 0.729436093775 0.19854403562
0.583106083823 0.729377712452 0.19729492357
0.598310608382 0.734541891792 0.194681324668
0.608831060838 0.73331605226 0.194137724038
0.598183106084 0.726751162501 0.199599342788
0.649318310608 0.717462295783 0.202990578993
0.626531831061 0.714361534071 0.204213627567
0.620653183106 0.707251004239 0.206584659786
0.612865318311 0.7072358793 0.20975174094
0.668786531831 0.715164224517 0.209104896773
0.591578653183 0.728430524328 0.205005231851
0.607257865318 0.732161034987 0.203206217584
0.618725786532 0.738436510795 0.195970374985
0.608172578653 0.742717217275 0.187798883285
0.620617257865 0.740156652163 0.185726128598
0.652461725787 0.738762620402 0.183637343421
0.632246172579 0.735463913096 0.188697969798
0.608624617258 0.738014928992 0.191417725147
0.605362461726 0.744345801882 0.191966738397
0.605036246173 0.74601544225 0.194258742646
0.600503624617 0.746172196208 0.196740749327
0.579350362462 0.748280993248 0.196979719463
0.571835036246 0.75630452581 0.196717302019
0.583683503625 0.764788357893 0.194623890181
0.547968350362 0.766220930436 0.192039628675
0.586696835036 0.748837432487 0.195388408095
0.601369683504 0.733974271492 0.200563465153
0.60373696835 0.723412965614 0.203594935778
0.630073696835 0.715869451598 0.202031812851
0.600307369684 0.706464910125 0.204937386316
0.609930736968 0.696397152604 0.206502039189
0.638793073697 0.689186291553 0.210224272698
0.64077930737 0.688354315046 0.21302794325
0.622077930737 0.697670804776 0.212741841932
0.617507793074 0.70924184416 0.210150329634
0.610750779307 0.717824519035 0.206874333447
0.604675077931 0.731101296226 0.201556113752
0.550967507793 0.745047888264 0.194771784254
0.572596750779 0.75257351346 0.194620181707
0.584659675078 0.744256344171 0.197984105014
0.596665967508 0.730292922059 0.204688709804
0.608666596751 0.71781969522 0.208456127656
0.599966659675 0.704247106515 0.210217582101
0.635096665968 0.700942664979 0.20924954479
0.645809666597 0.70709212554 0.204644859794
0.63428096666 0.711620947751 0.203683221001
0.647528096666 0.720158612241 0.20394578738
0.641652809667 0.729295023425 0.201888115255
0.638365280967 0.735930054098 0.19916058984
0.628136528097 0.734453094582 0.199807524143
0.59651365281 0.728756059147 0.201468919182
0.584351365281 0.724269740188 0.202016960711
0.572335136528 0.719741359828 0.201496456037
0.611633513653 0.718875900736 0.201827323189
0.617363351365 0.723865499946 0.200698612661
0.636836335137 0.720701562149 0.201813952169
0.666683633514 0.717104472483 0.202932242374
0.629168363351 0.723574659284 0.201846039261
0.605616836335 0.734746406286 0.198877040298
0.615861683634 0.744180810772 0.196032102832
0.614186168363 0.753394791303 0.192014799539
0.596018616836 0.756795018788 0.18909201817
0.614901861684 0.754015806955 0.191680361134
0.597890186168 0.754658686773 0.19292772722
0.591689018617 0.751801957999 0.196221287785
0.600068901862 0.742578414693 0.202890833529
0.615306890186 0.732295659683 0.209340511389
0.629430689019 0.726916449287 0.210333811016
0.602043068902 0.729836274986 0.207604348947
0.61820430689 0.738225172192 0.203158609964
0.585620430689 0.750387859235 0.195622836183
0.575162043069 0.760998618252 0.189776845888
0.570516204307 0.76810390318 0.183493422966
0.598851620431 0.767483915152 0.176194777311
0.582785162043 0.76147522439 0.176489051709
0.609978516204 0.756058543356 0.17978724872
0.58299785162 0.749239847021 0.186966967018
0.590199785162 0.736529067208 0.191193571944
0.621519978516 0.730402181136 0.195732765366
0.592251997852 0.728816918693 0.199610837423
0.611825199785 0.732104948078 0.200598959238
0.598482519979 0.734753027358 0.199620818231
0.581848251998 0.734853755749 0.198439647492
0.6071848252 0.733749778888 0.197926324614
0.60701848252 0.735694912889 0.198475156838
0.595301848252 0.736786438601 0.201850030432
0.579730184825 0.738021298169 0.199869779245
0.581773018483 0.743734499077 0.198530207329
0.541477301848 0.743274438304 0.197772282115
0.597747730185 0.740553638785 0.197203330628
0.600674773018 0.740790661467 0.198725326331
0.581167477302 0.748868477582 0.19720732256
0.58281674773 0.752011762295 0.196574870933
0.575781674773 0.754065861565 0.194749437558
0.581378167477 0.755030658294 0.188673751896
0.581037816748 0.755566488341 0.186657704441
0.599903781675 0.753580388653 0.186373295183
0.587390378167 0.749194556345 0.190137899689
0.593339037817 0.741704730816 0.198125464051
0.594833903782 0.728362096569 0.201754526034
0.605783390378 0.718223132941 0.204956999352
0.605078339038 0.716751499671 0.204934744078
0.639207833904 0.706305282637 0.203501590269
0.60392078339 0.705383045473 0.204728888453
0.594092078339 0.716146643624 0.201304172429
0.596709207834 0.728143450966 0.197084223287
0.551070920783 0.744198410944 0.19406504669
0.563607092078 0.753538006232 0.192043204757
0.598160709208 0.746218274046 0.190731227145
0.581816070921 0.732868270697 0.190914832065
0.612581607092 0.723556153821 0.192208100221
0.614758160709 0.721436389445 0.192323732312
0.628475816071 0.726803047049 0.192180832114
0.589347581607 0.729748929446 0.192555307225
0.576434758161 0.736140599023 0.196971688202
0.585043475816 0.744191928141 0.200620996583
0.605704347582 0.745252756238 0.202528127684
0.589770434758 0.741657696091 0.203962555803
0.604377043476 0.737032423601 0.201069965115
0.617537704348 0.731325828174 0.197182508374
0.616153770435 0.723998241941 0.193746010682
0.643915377043 0.725054343674 0.189945113859
0.632291537704 0.732968672219 0.18787163951
0.61402915377 0.739098897654 0.188101137679
0.601402915377 0.74427809333 0.188060221913
0.570440291538 0.745274171568 0.18808315251
0.591644029154 0.744525791977 0.192121012968
0.618964402915 0.746514615554 0.195502245592
0.564996440292 0.751962345458 0.19795878644
0.582999644029 0.756178157104 0.196829523307
0.564999964403 0.750016080129 0.196831804256
0.57399999644 0.739236935779 0.19753902031
0.617199999644 0.727482178895 0.195983019279
0.592719999964 0.722535911798 0.192853634208
0.634371999996 0.721752169127 0.194698189867
0.6169372 0.718809949882 0.198163367373
0.62599372 0.717125543188 0.199212370852
0.642199372 0.721020523048 0.198653479415
0.6312199372 0.729349740282 0.193200753794
0.62742199372 0.73719521491 0.19269503763
0.623442199372 0.743989822261 0.192607181866
0.588844219937 0.7526270156 0.19407550377
0.551184421994 0.759120181012 0.191416795234
0.569918442199 0.762389190142 0.190693418637
0.59339184422 0.755469941053 0.19047438902
0.610139184422 0.743641533661 0.195210781421
0.637913918442 0.730654924874 0.197787063738
0.635291391844 0.725245439015 0.194924733834
0.628729139184 0.726645974699 0.193009232624
0.637972913918 0.731534546211 0.19625283591
0.624497291392 0.731506257221 0.200461059704
0.607849729139 0.735171240206 0.205175525248
0.584584972914 0.742272026071 0.204357460603
0.616458497291 0.746893316456 0.199753293599
0.613345849729 0.750878568766 0.195543538661
0.613034584973 0.742749302222 0.193647941511
0.614803458497 0.734070958301 0.19382923197
0.60148034585 0.733196192967 0.19408528624
0.642448034585 0.729799750368 0.19349823285
0.666344803458 0.730757098281 0.196329147164
0.657034480346 0.723193615686 0.201040455424
0.649803448035 0.719026018548 0.205949465009
0.604980344803 0.721642395808 0.205786029228
0.58699803448 0.721150393217 0.20665024241
0.627499803448 0.717007441884 0.205139921675
0.640549980345 0.715199951586 0.204324018585
0.627454998034 0.713555598404 0.202603686184
0.626145499803 0.71089600974 0.204655899113
0.61251454998 0.715327238539 0.205388166301
0.611151454998 0.722749007145 0.202440370998
0.6038151455 0.732148099909 0.200959526858
0.62198151455 0.745099406916 0.197031008849
0.614798151455 0.752541776614 0.190064334699
0.632979815145 0.755885054524 0.187609364093
0.618597981515 0.748949952495 0.191153128375
0.622559798151 0.738929273694 0.196837737911
0.606755979815 0.728186159371 0.202001398177
0.600675597982 0.727269769637 0.20617290817
0.615367559798 0.729728121483 0.205392862826
0.61773675598 0.733865160632 0.197214026609
0.605373675598 0.740497945499 0.188445445388
0.57803736756 0.750957473063 0.18221689602
0.585203736756 0.764502021885 0.177231677947
0.570620373676 0.781248305514 0.174720002546
0.527762037368 0.793118348223 0.171692180871
0.518976203737 0.792144757298 0.173006133459
0.547797620374 0.782938129507 0.177194218811
0.568679762037 0.767655565847 0.185429894826
0.559967976204 0.75285528509 0.192231747816
0.55729679762 0.741713071855 0.198973856804
0.587629679762 0.731115876143 0.207624833399
0.560962967976 0.725676853751 0.211518719252
0.617696296798 0.726224576137 0.206949928015
0.59546962968 0.73842599705 0.19882448483
0.595946962968 0.754415941684 0.187508743738
0.593294696297 0.758297684774 0.184592005006
0.56062946963 0.759780944959 0.184742830872
0.581662946963 0.756575336172 0.186835467873
0.610766294696 0.754739887508 0.189060092317
0.58127662947 0.748397420132 0.19363014708
0.599927662947 0.73995903515 0.1976548554
0.581092766295 0.736385260016 0.197684632416
0.627809276629 0.727592848063 0.199217195569
0.602780927663 0.726533961486 0.197357119772
0.596678092766 0.741024303755 0.193730038783
0.623067809277 0.753932049457 0.188066981897
0.592406780928 0.764810813526 0.183121470732
0.577640678093 0.772652726466 0.178292803425
0.572564067809 0.776648016234 0.179407929435
0.575656406781 0.773536724687 0.180424649982
0.582265640678 0.764793458972 0.184001598083
0.590126564068 0.755710594685 0.186525604448
0.590912656407 0.751107565461 0.189854683286
0.590991265641 0.737922239137 0.195692423238
0.613499126564 0.728969989507 0.199711567193
0.624749912656 0.716841390379 0.203310644707
0.659174991266 0.709464704078 0.206596383411
0.635617499127 0.709742280173 0.205853330755
0.651261749913 0.719938032938 0.20348581494
0.611426174991 0.726546411989 0.200408327192
0.624542617499 0.737312269965 0.197676763058
0.62225426175 0.747716609938 0.192848945576
0.579725426175 0.7578197498 0.19094215052
0.589872542617 0.765440915571 0.187920870595
0.593587254262 0.765584997965 0.188564948431
0.557958725426 0.758008438197 0.193584431567
0.573295872543 0.748718635372 0.196976116166
0.591929587254 0.737096635079 0.201447135882
0.601892958725 0.731090922032 0.203420008117
0.606489295873 0.727013489504 0.205407022948
0.632148929587 0.716701381679 0.207062950327
0.629314892959 0.716507802531 0.207204028012
0.619131489296 0.717951103533 0.209443363397
0.62621314893 0.714808488504 0.213394113036
0.619721314893 0.711262205474 0.216054705851
0.615472131489 0.715959947498 0.212256254496
0.654647213149 0.723536366021 0.210383658934
0.592864721315 0.73152835578 0.207892129463
0.547986472131 0.742834770532 0.204595008384
0.533598647213 0.755065956186 0.200727556771
0.573559864721 0.750257033292 0.199105487683
0.582055986472 0.748606596668 0.195845633063
0.558605598647 0.751149023437 0.193321765385
0.547260559865 0.744923283914 0.193208876287
0.576726055986 0.733576179534 0.198170686354
0.587772605599 0.729490028287 0.204648240092
0.59517726056 0.724653143276 0.209726671783
0.589617726056 0.72710744387 0.210801627249
0.586361772606 0.732424089031 0.205903793655
0.620236177261 0.735732658082 0.2018339749
0.584923617726 0.737777983077 0.197429078114
0.594892361773 0.741455657783 0.192249027935
0.612989236177 0.743382110937 0.18821006142
0.580598923618 0.752260762824 0.185180649633
0.579159892362 0.762047083737 0.183837537381
0.597915989236 0.763816039795 0.186368987816
0.582691598924 0.753743152112 0.195122321067
0.586569159892 0.737399029698 0.205815017649
0.610356915989 0.72743569373 0.212661597993
0.584835691599 0.721159195741 0.214396709863
0.60208356916 0.717041098724 0.21306699477
0.631708356916 0.712780261556 0.210793761205
0.653570835692 0.714514843313 0.206150107592
0.647657083569 0.718918232039 0.20410214878
0.645265708357 0.726245586231 0.198214214453
0.639626570836 0.729158175896 0.194022364332
0.635462657084 0.729858831676 0.192379950376
0.618846265708 0.733658707327 0.192046517474
0.603684626571 0.742229533185 0.193370346343
0.592268462657 0.750319756223 0.196271661358
0.589326846266 0.750105787127 0.200265600355
0.587232684627 0.750058698281 0.199528275354
0.590623268463 0.758815837442 0.195020634723
0.601762326846 0.766161867386 0.190967689029
0.581276232685 0.771122430666 0.18940734505
0.579227623268 0.767315840983 0.189294667467
0.563722762327 0.762685487103 0.188097882762
0.606272276233 0.763599115352 0.18271868535
0.601527227623 0.766581150586 0.180973198092
0.595652722762 0.767343073501 0.177138249898
0.566265272276 0.766753355228 0.175883488422
0.551626527228 0.765831523491 0.176965125536
0.602362652723 0.760532515682 0.180505081529
0.593936265272 0.753457832855 0.186661233514
0.607493626527 0.741495198561 0.193593586966
0.611549362653 0.725869118317 0.20330252908
0.596654936265 0.709944847507 0.20949809424
0.625765493627 0.696962087451 0.213907654694
0.645776549363 0.701433156728 0.210096970084
0.607277654936 0.721913711998 0.201446011598
0.628627765494 0.741915460839 0.193875875859
0.615462776549 0.759496268012 0.18544697427
0.594346277655 0.766393328095 0.180122911982
0.583234627765 0.768961394425 0.17947913246
0.604623462777 0.761758008382 0.181907548908
0.590562346278 0.755489575059 0.187776756517
0.590056234628 0.754009390683 0.188983390072
0.604405623463 0.756012074238 0.187787898589
0.604940562346 0.746043126736 0.190046175615
0.587894056235 0.734034000002 0.19490620755
0.607789405623 0.72796971297 0.1971719006
0.605278940562 0.725236811948 0.200793314755
0.562727894056 0.723149548118 0.204319474533
0.566572789406 0.724116793491 0.202558931596
0.558857278941 0.726214275548 0.197300988062
0.574285727894 0.730013424743 0.194648291151
0.588428572789 0.737580656775 0.190356605326
0.583542857279 0.743932790903 0.188974403993
0.575854285728 0.749838688491 0.188203666691
0.598485428573 0.755084927444 0.187619309267
0.578248542857 0.75117752515 0.189857655854
0.600524854286 0.743452302309 0.192035641278
0.613552485429 0.735238997278 0.196891848077
0.568055248543 0.731675347751 0.201080950725
0.586005524854 0.733763839986 0.202561561412
0.577900552485 0.737875559079 0.201651263628
0.597790055249 0.74548308145 0.194968052587
0.588979005525 0.755902425184 0.187620858283
0.617797900552 0.760449295331 0.181642053475
0.631479790055 0.754807347777 0.178842442158
0.640047979006 0.745231157345 0.183811019355
0.613904797901 0.731354039009 0.184560074582
0.63919047979 0.726207867115 0.188369016239
0.616519047979 0.725694965804 0.194385104669
0.595351904798 0.729750488926 0.198281139204
0.61483519048 0.731717597751 0.204219772656
0.611383519048 0.734795791787 0.207747200182
0.600238351905 0.734272574408 0.207137967344
0.59192383519 0.73874035144 0.205853846067
0.617192383519 0.744332733132 0.200011128994
0.617019238352 0.748433232183 0.195762578953
0.588201923835 0.746225890257 0.191677775468
0.601520192384 0.747090788452 0.189474306786
0.655052019238 0.752575209305 0.184029417467
0.585705201924 0.76205303337 0.179008224107
0.593170520192 0.766383061039 0.178348290657
0.557917052019 0.769025130577 0.178939764926
0.578691705202 0.765514077123 0.183064440056
0.58346917052 0.751822601955 0.188043240253
0.573146917052 0.737619878535 0.193205397812
0.613514691705 0.725076272216 0.199206046356
0.603151469171 0.714383167797 0.204429310661
0.613815146917 0.710702003428 0.20879788923
0.596881514692 0.717783586619 0.207873722473
0.637488151469 0.730470990161 0.202923497564
0.640648815147 0.735597740279 0.20065226455
0.637364881515 0.739288670147 0.201531349767
0.575836488151 0.737685266646 0.203240316477
0.602083648815 0.726833477304 0.21055649225
0.604708364882 0.72123612253 0.214558122888
0.626570836488 0.726426908075 0.210721282043
0.627857083649 0.728040135642 0.208118638105
0.631585708365 0.731553354829 0.204584779707
0.640958570836 0.731942375378 0.203904756444
0.622095857084 0.721421953902 0.20714498175
0.631909585708 0.712481745607 0.207939173224
0.617590958571 0.703490714653 0.210122070777
0.621559095857 0.702010484784 0.208703598337
0.649855909586 0.707525427149 0.204989630816
0.620285590959 0.719504823742 0.198641470292
0.618228559096 0.729870594245 0.194670420346
0.60632285591 0.727013275306 0.194788712584
0.604232285591 0.727980549331 0.196829932245
0.606723228559 0.739833527375 0.195538599017
0.611472322856 0.748118004894 0.194221766588
0.633547232286 0.743891727292 0.194863427674
0.610554723229 0.731834794851 0.200486971536
0.611855472323 0.720535674472 0.203721230826
0.614685547232 0.721379683488 0.20482340768
0.649168554723 0.719641472083 0.201526080709
0.633716855472 0.720859462926 0.200452884161
0.608771685547 0.725807887418 0.19973173861
0.597277168555 0.727107305131 0.201408171033
0.579927716855 0.724373429269 0.20220139964
0.589892771686 0.725383102141 0.205237388092
0.576489277169 0.726880498467 0.21073226427
0.585048927717 0.720784586023 0.21649339488
0.582304892772 0.710229506208 0.219426354991
0.588330489277 0.705957201808 0.219236703815
0.575433048928 0.707246428368 0.216842946303
0.596643304893 0.71319269564 0.211467334522
0.638364330489 0.718152774616 0.205322321709
0.610136433049 0.728577439865 0.198633209372
0.611813643305 0.743444940326 0.190666015474
0.58408136433 0.757829197484 0.184828102851
0.575908136433 0.76458779754 0.182114859258
0.578690813643 0.770594736666 0.178819676414
0.560969081364 0.773837036735 0.176791565565
0.560996908136 0.773286457751 0.17602930685
0.591599690814 0.765623475773 0.181074428039
0.587459969081 0.758096983431 0.188837439403
0.582545996908 0.75788434982 0.192874164012
0.534354599691 0.755604188939 0.195476823696
0.579935459969 0.752216606413 0.197472097027
0.581793545997 0.746275406077 0.198754244587
0.5747793546 0.740569441254 0.200190449586
0.55337793546 0.731874221276 0.201447172585
0.550337793546 0.727602181606 0.204841929197
0.555433779355 0.732182413547 0.204474243865
0.550543377935 0.74327849422 0.199961947111
0.574354337794 0.75131041393 0.196366234943
0.590235433779 0.750836821076 0.193651676611
0.609823543378 0.737619432291 0.196018577845
0.619882354338 0.720739098619 0.200229335355
0.607388235434 0.707516639762 0.205752626484
0.629538823543 0.712116059611 0.204716590782
0.615553882354 0.7298051277 0.199878959659
0.613255388235 0.741819103899 0.197566008261
0.589625538824 0.752919178315 0.189586571866
0.575562553882 0.760691090803 0.185257390168
0.561556255388 0.766383947533 0.181256863964
0.576355625539 0.766098120342 0.179785650316
0.603935562554 0.750050375466 0.187432405049
0.621993556255 0.734698644526 0.194449016645
0.631899355626 0.722234524034 0.203089124298
0.616689935563 0.708100559634 0.211800297643
0.594468993556 0.696370218969 0.21807864304
0.596746899356 0.692864149583 0.219447554493
0.590674689936 0.704800591865 0.216455028409
0.590067468994 0.722677436491 0.208371680651
0.606206746899 0.732781604766 0.203704027986
0.60242067469 0.736883314697 0.199173149536
0.607442067469 0.738220997248 0.195405852188
0.598944206747 0.738383708699 0.19345024637
0.609794420675 0.740568386953 0.190406490529
0.612679442067 0.747093356283 0.189405639962
0.581467944207 0.756168337434 0.186877414514
0.597246794421 0.759976317701 0.186150056023
0.565524679442 0.755939535196 0.187478461303
0.595652467944 0.751397201608 0.190960124828
0.600465246794 0.748503272308 0.191234368625
0.580246524679 0.743034089203 0.19157471067
0.585424652468 0.744184991959 0.190361858876
0.593142465247 0.744215293176 0.190903837822
0.560614246525 0.743347438167 0.194279550905
0.573561424652 0.743431489531 0.196653508037
0.575756142465 0.73500906961 0.200408341408
0.602075614247 0.723265303138 0.203738105015
0.604707561425 0.715714967958 0.203058537036
0.633770756142 0.715389900356 0.200045046069
0.636677075614 0.720745761097 0.198295871154
0.594667707561 0.723821883729 0.197425464017
0.603966770756 0.731455043304 0.19838846492
0.610296677076 0.734270321775 0.195324626884
0.574929667708 0.733967937933 0.191426211271
0.582192966771 0.728026317533 0.191040431241
0.609019296677 0.719625485269 0.191358260022
0.611701929668 0.711503145679 0.195467558528
0.593970192967 0.710676195055 0.199325804763
0.582297019297 0.71907701849 0.200486946471
0.60542970193 0.720927468239 0.202858956213
0.608642970193 0.718693204903 0.206862373111
0.628764297019 0.716865334799 0.208092812826
0.633476429702 0.714643067279 0.206652134037
