0.0153 0.9 4.15122549865e-19
0.02313 0.99 1.94265505282e-18
0.028413 0.999 9.15587867239e-18
0.0352413 0.9999 3.92474106472e-17
0.03952413 0.99999 1.68366739766e-16
0.048052413 0.999999 7.25515283715e-16
0.0588052413 0.9999999 3.09406516114e-15
0.07698052413 0.99999999 1.28050175949e-14
0.084198052413 0.999999999 5.15706040977e-14
0.0993198052413 0.9999999999 2.00709457381e-13
0.112531980524 0.99999999999 7.36615851388e-13
0.125553198052 0.999999999999 2.62838119829e-12
0.127755319805 1.0 9.75975603549e-12
0.127975531981 1.0 3.52027634362e-11
0.170297553198 1.0 1.22165401921e-10
0.17632975532 1.0 3.63705584066e-10
0.184132975532 1.0 1.08823578906e-09
0.201113297553 1.0 3.20918134997e-09
0.196511329755 1.0 8.70365011464e-09
0.215851132976 1.0 2.23846114013e-08
0.244785113298 1.0 5.53629933e-08
0.23507851133 1.0 1.3203061189e-07
0.217907851133 1.0 3.11393785686e-07
0.242290785113 1.0 6.80577018475e-07
0.257329078511 1.0 1.43859421381e-06
0.262432907851 1.0 3.15292068271e-06
0.251243290785 1.0 6.99044783312e-06
0.264524329079 1.0 1.29336834905e-05
0.244252432908 1.0 2.30747696016e-05
0.270125243291 1.0 4.37531891983e-05
0.259212524329 1.0 8.1014870624e-05
0.264421252433 1.0 0.000139955655049
0.245142125243 1.0 0.000242430708617
0.248614212524 1.0 0.000414615087837
0.247161421252 1.0 0.000719694649298
0.266816142125 1.0 0.00119227935148
0.247181614213 1.0 0.00183548424688
0.257818161421 1.0 0.00287319921966
0.255281816142 1.0 0.00443867084976
0.272128181614 1.0 0.00665615920199
0.267512818161 0.998891652779 0.00948507457561
0.254451281816 0.997704909223 0.012932742493
0.256745128182 0.995526777905 0.0168667342525
0.229974512818 0.99225663032 0.0206133914418
0.246197451282 0.987091182542 0.0247538896707
0.277519745128 0.981113573617 0.0301466832159
0.244651974513 0.973523694732 0.0353739152702
0.253965197451 0.964157374837 0.0398401154362
0.270196519745 0.954407916708 0.044836808929
0.277219651975 0.942542117218 0.0494895794519
0.281521965197 0.931913496309 0.0528363498968
0.32335219652 0.924756481886 0.0549602016996
0.281635219652 0.916070377732 0.057397864148
0.282863521965 0.911035568264 0.059869215754
0.299186352197 0.910678712298 0.0601007016643
0.27741863522 0.914149123013 0.0604791743523
0.285141863522 0.914045432543 0.0622932993792
0.274214186352 0.90928619129 0.0654793515818
0.278521418635 0.905188756852 0.0703863161825
0.303252141864 0.904044861439 0.0728301277336
0.294925214186 0.900726109089 0.0744306037733
0.292292521419 0.897424814915 0.0741116684671
0.287529252142 0.898171618087 0.0735882249008
0.290652925214 0.902382530364 0.0721022174161
0.298165292521 0.904006861444 0.0717128576568
0.292616529252 0.904150766468 0.0706803740916
0.274961652925 0.906729885836 0.0723837030578
0.293896165293 0.910220613889 0.0714633878505
0.244489616529 0.916879359035 0.0703108516935
0.246748961653 0.920662665871 0.0694006680594
0.253274896165 0.92386910248 0.0688129750359
0.297127489617 0.927629523556 0.0671777479332
0.283512748962 0.929196282973 0.0643350490919
0.293851274896 0.932496096281 0.0601732913047
0.27238512749 0.93879804155 0.0549587085449
0.296338512749 0.947340287141 0.0505999383244
0.269033851275 0.952597786969 0.0454948583205
0.274403385127 0.960352692417 0.04011086241
0.238040338513 0.965430786468 0.0351232696295
0.259604033851 0.968586424052 0.0321584223149
0.250060403385 0.967793640589 0.0304018741962
0.257206040339 0.966241358747 0.03066742761
0.284920604034 0.963533784024 0.0323721551474
0.249892060403 0.961139946424 0.0349629661923
0.27698920604 0.959086275472 0.0381726306957
0.277898920604 0.956630575447 0.0417481718935
0.26538989206 0.955124701307 0.0443751221971
0.260538989206 0.949718226197 0.0467495172237
0.278953898921 0.943515160321 0.0481989343474
0.262795389892 0.942452503539 0.0486836738064
0.289979538989 0.936821248115 0.0503993268301
0.306197953899 0.930383992838 0.0529890234274
0.29611979539 0.926712055332 0.0561763789907
0.280711979539 0.922842571366 0.0585283456662
0.275571197954 0.919578082664 0.0609259165841
0.300257119795 0.919684402564 0.0607493488039
0.27392571198 0.92540172071 0.0586352455171
0.273992571198 0.931838308982 0.0546777048126
0.27669925712 0.937114178775 0.0510099158523
0.299469925712 0.938888328008 0.047101591069
0.268446992571 0.941653303141 0.044837200051
0.282444699257 0.941943305019 0.0431224206416
0.271244469926 0.943803419852 0.043803324988
0.297124446993 0.943778567152 0.0449379956031
0.300612444699 0.941922126794 0.0457998906961
0.28926124447 0.937656445307 0.0448056098367
0.276426124447 0.935973767702 0.0463839245793
0.314742612445 0.933185977942 0.0476442885565
0.305974261244 0.930504295043 0.0483891334682
0.299697426124 0.930546639853 0.0495376559608
0.290069742612 0.932829249114 0.0502190470148
0.288206974261 0.937086745264 0.0499699386643
0.298820697426 0.94340297196 0.0491524283376
0.262082069743 0.950248927213 0.0479845353663
0.263808206974 0.950716210088 0.0472280765858
0.277480820697 0.946173159683 0.046479635936
0.29144808207 0.941977813337 0.0460115888679
0.273944808207 0.93923169023 0.046402744498
0.290194480821 0.93865202431 0.0457447715309
0.294519448082 0.94334633269 0.044871995491
0.288651944808 0.947878024669 0.0449225687613
0.255665194481 0.951040350424 0.0440886179901
0.286566519448 0.956518366197 0.0439222626916
0.277956651945 0.955635212067 0.0437111454339
0.241995665194 0.953856172809 0.0443796484348
0.270799566519 0.952144775008 0.0442584289656
0.262879956652 0.948800083051 0.0464830988494
0.279187995665 0.940073716249 0.0487529474501
0.291618799567 0.931707752788 0.0501036452751
0.279361879957 0.925800156889 0.0515115493471
0.305136187996 0.921872629036 0.0550822261236
0.3041136188 0.918189420114 0.0588063831149
0.26711136188 0.91897549069 0.0605123174783
0.263411136188 0.923989086797 0.0587650591546
0.291841113619 0.932841676228 0.0547050866054
0.282984111362 0.942304506717 0.0487373998663
0.278498411136 0.951800722789 0.0428844990585
0.251049841114 0.956634024809 0.0376222478273
0.256404984111 0.961121952976 0.033956631435
0.266840498411 0.965959179536 0.0311654416756
0.240884049841 0.971992007592 0.0277624191643
0.242788404984 0.976423840011 0.0237714874393
0.262778840498 0.977975370474 0.02175775871
0.28007788405 0.976422606797 0.0205316742235
0.288107788405 0.974676284348 0.0197962358517
0.25291077884 0.973995438586 0.019612330501
0.259291077884 0.973927354009 0.0192644683978
0.292329107788 0.974944790566 0.0192576284182
0.251532910779 0.976675318059 0.0190559909636
0.256453291078 0.97983703867 0.0193937994476
0.247945329108 0.982825091112 0.0188964428474
0.258794532911 0.983123896356 0.0203086242407
0.286879453291 0.979854649781 0.0228455760429
0.250087945329 0.976610534728 0.0263422340908
0.251808794533 0.972585764103 0.0298867920478
0.269980879453 0.967535446609 0.0342622080392
0.239398087945 0.961950980322 0.0395418554272
0.254339808795 0.954166713234 0.0466645903145
0.275633980879 0.942143901834 0.0537117588563
0.279563398088 0.927135616136 0.0594276004021
0.287156339809 0.91707817096 0.0635239516247
0.286115633981 0.914988062977 0.0644624691717
0.298611563398 0.916151688561 0.0602029610499
0.28816115634 0.921605342935 0.0552099790895
0.279916115634 0.926974577569 0.0498067986277
0.268291611563 0.934685753039 0.0456513600601
0.273429161156 0.941535691832 0.0414376286135
0.279342916116 0.946436561469 0.0383946043606
0.265534291612 0.953134114562 0.0348854017266
0.272253429161 0.961169056612 0.0313058063281
0.272025342916 0.96843734892 0.0275605961896
0.271102534292 0.974992465309 0.0247917925695
0.250310253429 0.981232286555 0.0220775849992
0.259031025343 0.98329796272 0.0196207293473
0.273403102534 0.983882709471 0.0186323055003
0.268540310253 0.981860042008 0.0185765940608
0.244654031025 0.978518990673 0.0193898095177
0.255765403103 0.974379709218 0.0195391604462
0.28117654031 0.972987394292 0.0201907779508
0.255817654031 0.9728481628 0.020111907309
0.265881765403 0.973317874131 0.0193493319565
0.25158817654 0.977664773886 0.0190929347671
0.259158817654 0.983319390587 0.0174612510291
0.257215881765 0.98942643868 0.0161032143108
0.239021588177 0.992754943619 0.0155637967801
0.253402158818 0.994045902525 0.0157302513778
0.289040215882 0.994052530014 0.0167014406181
0.267404021588 0.992977283928 0.019186306121
0.269740402159 0.990839156445 0.0228908755398
0.258274040216 0.988652502378 0.0255461172804
0.240927404022 0.986918597488 0.0266224678223
0.253592740402 0.981682337758 0.0296939904398
0.25755927404 0.973508040647 0.0350915218738
0.258855927404 0.964752140693 0.0418863756577
0.24998559274 0.952968354771 0.0489603363274
0.244598559274 0.939276503732 0.053835497372
0.270159855927 0.928587741413 0.0580723056508
0.281715985593 0.9244928737 0.0581561178287
0.275671598559 0.925832878482 0.0579518640217
0.302067159856 0.925229804758 0.0560944485675
0.274106715986 0.924551480809 0.0553520171523
0.307310671599 0.925131058458 0.0547690341656
0.30793106716 0.922423121065 0.054318915633
0.313393106716 0.917778912061 0.0550808588496
0.281539310672 0.917011784597 0.0556323462266
0.299053931067 0.921792800003 0.0537359977648
0.292705393107 0.931738362982 0.0527087907326
0.267770539311 0.943084980872 0.050217757423
0.265277053931 0.946552423059 0.0499067600896
0.265027705393 0.942364039566 0.0526536196625
0.298302770539 0.936029338535 0.0555789235102
0.269230277054 0.933420756153 0.0592559800979
0.273523027705 0.931339369548 0.0616242506574
0.292852302771 0.928220761237 0.0633523048274
0.287585230277 0.926907894992 0.063613901211
0.319458523028 0.926216974176 0.0634224634216
0.290245852303 0.925447935407 0.0622161228249
0.28102458523 0.926302745379 0.0601159561541
0.290002458523 0.929820274453 0.059690514681
0.272900245852 0.935005590705 0.0583885159358
0.274790024585 0.935996408187 0.0579687622437
0.321779002459 0.935023596198 0.0592264065374
0.292277900246 0.929150644786 0.060032210909
0.253327790025 0.922876005229 0.0612456164254
0.307032779002 0.916850176096 0.0593217206105
0.2881032779 0.910663720013 0.0569684046433
0.34111032779 0.90951231904 0.056863514733
0.329311032779 0.909367961428 0.0560418875176
0.290331103278 0.910919266758 0.0552000308723
0.315233110328 0.915728613696 0.0560365811272
0.296123311033 0.919950619745 0.0549658711452
0.293312331103 0.927432158777 0.0539891371522
0.25613123311 0.936366199372 0.0508851248021
0.286613123311 0.944041333972 0.0491793557415
0.289661312331 0.950483594946 0.0467140489748
0.291766131233 0.95583803343 0.0445519090214
0.282976613123 0.960586496656 0.0437208976552
0.276697661312 0.963868652338 0.0434895609559
0.265269766131 0.96401715503 0.0430834022436
0.262326976613 0.964820732089 0.0414061269912
0.267432697661 0.966004478672 0.038661647349
0.255343269766 0.965053036017 0.0366527597544
0.264034326977 0.962195437921 0.0356600178671
0.262203432698 0.959686000787 0.0355947283938
0.26472034327 0.953602352109 0.0369796931153
0.254172034327 0.949646737645 0.0373152422437
0.281017203433 0.94963058003 0.0370312339624
0.280101720343 0.950468714649 0.0360634525856
0.289010172034 0.950914488142 0.0354874612473
0.274601017203 0.952625513008 0.0357252062503
0.27856010172 0.954698685222 0.0363240980195
0.275356010172 0.956583092866 0.0363813028141
0.290335601017 0.958757962128 0.0360796931407
0.265733560102 0.960601188307 0.0354047646627
0.25607335601 0.962690228069 0.0343987851572
0.276707335601 0.964917629809 0.0352624254217
0.28507073356 0.966658260783 0.0362703006331
0.284107073356 0.968388569644 0.0362734054578
0.284010707336 0.970605746641 0.0359781518665
0.284001070734 0.970274489602 0.0339873327455
0.242600107073 0.970866011333 0.0319261911347
0.251960010707 0.971430155229 0.0298094778061
0.277196001071 0.971584091672 0.0288995092673
0.247319600107 0.970878039941 0.027427250152
0.274931960011 0.969536783586 0.0265289479022
0.274093196001 0.968997023764 0.0264855996704
0.2659093196 0.968240334747 0.0270900268705
0.27409093196 0.967088757011 0.0291090718838
0.270409093196 0.966184793458 0.0332092273951
0.23494090932 0.961771411468 0.0372181711144
0.257494090932 0.956906060584 0.0407599253286
0.264249409093 0.951149651817 0.0444833791071
0.270324940909 0.941884699262 0.0487484344358
0.267332494091 0.935795210626 0.0503529825914
0.256233249409 0.934342061271 0.0483493536342
0.299223324941 0.931206642478 0.0476461965181
0.299022332494 0.927077742337 0.0471349396934
0.285502233249 0.927315490668 0.0466429634802
0.272450223325 0.933376674068 0.0441538598937
0.275645022332 0.942392941087 0.0425317748894
0.269664502233 0.952124335746 0.0401748977406
0.261866450223 0.960226464781 0.0388584484184
0.270086645022 0.967480461828 0.0383293418969
0.247508664502 0.974250445361 0.037319410611
0.24345086645 0.980832668147 0.0366070065261
0.226845086645 0.982749797363 0.0353546879188
0.225184508665 0.981265457746 0.0340908119841
0.264618450866 0.979414060781 0.0353137430011
0.267661845087 0.974131605985 0.0381386782937
0.253566184509 0.966954213185 0.0420087769608
0.255756618451 0.956781519391 0.0455723351098
0.288375661845 0.950767970583 0.0471112214368
0.284437566185 0.946284152214 0.0490887052315
0.282243756618 0.941983014632 0.0527969399738
0.290124375662 0.934421958628 0.0563894999702
0.305312437566 0.925283653834 0.0613613282766
0.300531243757 0.916287595241 0.0647758021838
0.299153124376 0.907001365363 0.0681381256276
0.303515312438 0.898353523353 0.0701036603734
0.295851531244 0.889609601935 0.0722294148997
0.290585153124 0.887700790688 0.0724234217616
0.312558515312 0.893916854221 0.07164605372
0.291355851531 0.90462127091 0.0675770385107
0.310835585153 0.914016685835 0.064420297985
0.273183558515 0.920606031689 0.0608549172059
0.245118355852 0.932458650944 0.0584036698366
0.265711835585 0.945529314747 0.0530781876124
0.256971183559 0.956890035145 0.0458688552958
0.265097118356 0.959700622057 0.0420623089226
0.272209711836 0.959605250795 0.0420314603331
0.281020971184 0.961585525079 0.0395823673807
0.253102097118 0.965083694593 0.037655604489
0.244910209712 0.966363226094 0.0361896875184
0.261191020971 0.962769065619 0.0372165812407
0.265519102097 0.959936190551 0.0392710585449
0.26055191021 0.958932131553 0.0412848763355
0.275355191021 0.957704085195 0.0434349330844
0.255235519102 0.959323641587 0.0436090058336
0.26402355191 0.964260372327 0.0413368655084
0.245102355191 0.969480871342 0.0376075944572
0.255810235519 0.972912561496 0.034520718167
0.278481023552 0.973748652873 0.0322963281142
0.242048102355 0.974940609232 0.0298605100135
0.233004810236 0.977315963554 0.0278364083921
0.259100481024 0.975248318885 0.0264440274458
0.272510048102 0.975041554418 0.0260832933777
0.25225100481 0.977938068366 0.0246635346286
0.241225100481 0.977615709467 0.0239677912013
0.254522510048 0.975834062728 0.0242291814022
0.253152251005 0.973616464124 0.0247869634068
0.2629152251 0.969007897156 0.0247108928238
0.24679152251 0.964997223234 0.0257813028917
0.275779152251 0.96057484561 0.027709013472
0.275977915225 0.956273193011 0.0303200626731
0.292197791523 0.952203275082 0.033526560191
0.280319779152 0.94761077759 0.0367981482934
0.277331977915 0.942828194287 0.0394872687499
0.278833197792 0.939755475679 0.0421218091362
0.282583319779 0.939271489628 0.0422606462225
0.255058331978 0.943139143651 0.0433064364744
0.273905833198 0.944548654566 0.043573099897
0.28029058332 0.947675941153 0.0429612637831
0.264729058332 0.954999536531 0.041632605398
0.273972905833 0.963568381444 0.0382624457808
0.264097290583 0.973296753172 0.0337167720026
0.280209729058 0.980383776491 0.0288115738558
0.271020972906 0.985257883464 0.0253648602132
0.247602097291 0.987403593526 0.0246024235384
0.260560209729 0.989260055827 0.0248461427445
0.258256020973 0.989330232326 0.0256253820598
0.274225602097 0.988521348422 0.0252475812048
0.24882256021 0.987147549491 0.0238726863569
0.248082256021 0.984267668148 0.0223483776396
0.280408225602 0.981239266815 0.0215500042597
0.25934082256 0.977873926681 0.0204668548359
0.253634082256 0.975869668059 0.0203489630601
0.267463408226 0.974620990475 0.0198512899731
0.265246340823 0.974496122716 0.0198722801166
0.241624634082 0.975001667437 0.0198074100383
0.237462463408 0.976681005746 0.0203429233004
0.279346246341 0.978598350426 0.0203881432522
0.269134624634 0.980899361996 0.0214749785427
0.246513462463 0.983707681084 0.0222524714908
0.262251346246 0.980410136376 0.0236259883209
0.263825134625 0.97532508445 0.0263082277578
0.270282513462 0.968700361602 0.0288954756962
0.250228251346 0.962527654387 0.0314085620013
0.261722825135 0.954141841514 0.0345384601048
0.309672282513 0.944543118349 0.0374326099347
0.299167228251 0.936231620708 0.039663887325
0.290016722825 0.92954451019 0.0409174808151
0.294501672283 0.926671983286 0.0425456701853
0.303950167228 0.928075078526 0.0450902346356
0.303095016723 0.927963271676 0.0473998326933
0.318309501672 0.928439936463 0.0509582995531
0.279330950167 0.926596900099 0.0553578228776
0.287133095017 0.928334629908 0.0597761401973
0.293313309502 0.932586011085 0.0601906536026
0.27233133095 0.939136311503 0.0560611631059
0.278333133095 0.952076583414 0.0510343633742
0.27263331331 0.956515509591 0.0453001293769
0.254963331331 0.957205597411 0.0420181303682
0.257696333133 0.955275879343 0.0395204474041
0.295769633313 0.954530956148 0.0372070948439
0.286976963331 0.955360721932 0.0345268481135
0.276197696333 0.957167000659 0.0318919082419
0.258919769633 0.960266939486 0.0286577405356
0.276991976963 0.961938871411 0.026697260523
0.267099197696 0.965589404367 0.024754576759
0.27060991977 0.970278571211 0.0230106759554
0.245760991977 0.975110132512 0.0218374726653
0.248676099198 0.980982784313 0.0213203089158
0.24176760992 0.986690434043 0.0212663675044
0.222176760992 0.990441624649 0.021142832421
0.263417676099 0.991477855022 0.0215221726322
0.25494176761 0.990625590389 0.0232891297256
0.253194176761 0.985056449327 0.0262548695073
0.272819417676 0.978282954514 0.0281946623823
0.280181941768 0.975034058261 0.0294642308215
0.289918194177 0.972291214468 0.0305071410669
0.278291819418 0.969551584775 0.0296476764445
0.277129181942 0.966589578294 0.0281461424123
0.277912918194 0.96498085166 0.0261307273438
0.280691291819 0.962552849288 0.0252138079703
0.266569129182 0.96231004905 0.0254255668565
0.299356912918 0.963872657684 0.0252916799776
0.285535691292 0.965059739039 0.0258036919695
0.269753569129 0.964460346109 0.0251482159196
0.260075356913 0.964042599047 0.0255449325421
0.257307535691 0.96509673996 0.0258862858807
0.288530753569 0.964157429996 0.0269786045136
0.263753075357 0.962677022342 0.0295307026404
0.273875307536 0.963033115691 0.0313292901611
0.277587530754 0.957889282619 0.0335786229889
0.276158753075 0.950283895703 0.0361808168033
0.292215875308 0.943441212868 0.0389668618871
0.310921587531 0.937247829608 0.0403235407663
0.295692158753 0.934121033705 0.0423975160984
0.293269215875 0.931510212897 0.0436441487745
0.276826921588 0.931256794402 0.0466211626455
0.281482692159 0.932500155574 0.048586101549
0.296348269216 0.936607112157 0.051415514076
0.256434826922 0.943160348018 0.0527383521564
0.261443482692 0.950175305909 0.0511477870226
0.249344348269 0.952787064422 0.0502728784573
0.273334434827 0.949897671373 0.0511662030105
0.272133443483 0.947106388059 0.0529670957401
0.290913344348 0.946999667872 0.0520947623099
0.275691334435 0.948376438255 0.0493494824814
0.272369133443 0.949283567757 0.0479358634225
0.271136913344 0.951459676118 0.0463845048231
0.284513691334 0.951520860528 0.045792440801
0.272351369133 0.948872012121 0.0464172260685
0.289135136913 0.945882482364 0.0465463529935
0.269213513691 0.944212969946 0.0463796388928
0.274421351369 0.942144107713 0.0458215049984
0.274042135137 0.938489238235 0.0449742860633
0.289304213514 0.933945459258 0.0434824419691
0.274630421351 0.931061316235 0.0427993107038
0.274963042135 0.930264809424 0.0426043924437
0.299296304214 0.932504227355 0.0416024040934
0.294529630421 0.938450974412 0.0412991473963
0.254452963042 0.946782918204 0.0406418000184
0.268445296304 0.949807273815 0.041245518859
0.26084452963 0.952322882994 0.0418986644828
0.241184452963 0.957499450097 0.0437273940215
0.241018445296 0.958166063098 0.0461497567996
0.26800184453 0.959770987564 0.0468738664993
0.262600184453 0.963365080066 0.0484087843918
0.253060018445 0.960208313694 0.0521680092096
0.281806001845 0.952789532246 0.0558434475865
0.286480600184 0.944316808068 0.0592958002223
0.296848060018 0.937475047307 0.0612848824211
0.290684806002 0.932737851886 0.0609464627267
0.2855684806 0.930279219168 0.0622244777285
0.28685684806 0.92934440898 0.0633620642744
0.266285684806 0.92550374793 0.0662654200218
0.266928568481 0.920820850905 0.066796865124
0.275992856848 0.921963569704 0.0650844780347
0.290399285685 0.918898789182 0.0621999360972
0.281939928568 0.912479785112 0.0611998481044
0.283793992857 0.907633549693 0.0612005055614
0.302879399286 0.903698116415 0.0609591535121
0.306587939929 0.902126830363 0.0611895036928
0.285358793993 0.90397825727 0.0604993765917
0.281435879399 0.908277769156 0.0600294979587
0.29004358794 0.91546779307 0.0589315343572
0.283704358794 0.924797575887 0.0563065861655
0.256070435879 0.931349035234 0.0533670146205
0.256007043588 0.93384965091 0.0519910438193
0.309100704359 0.932836664274 0.0513793497789
0.316210070436 0.932903566796 0.0526663742972
0.293521007044 0.931227256732 0.0539923407254
0.294852100704 0.932061826832 0.0556366723575
0.29858521007 0.935186998101 0.0553359754945
0.265658521007 0.938643884635 0.0543985446319
0.242565852101 0.942463669774 0.0526443023643
0.26905658521 0.945176789628 0.0504424467128
0.268105658521 0.94794366708 0.0488569449253
0.291410565852 0.946159466244 0.0481912799642
0.259541056585 0.949194082212 0.0466242428539
0.270754105659 0.958486560319 0.0423810816808
0.231375410566 0.966704758146 0.0376737088215
0.249037541057 0.975203493769 0.0321029188658
0.256203754106 0.985144948879 0.026253013017
0.213720375411 0.991041801759 0.0198990742663
0.233772037541 0.9958115769 0.0149420235802
0.248377203754 0.998472810469 0.0108238073514
0.225537720375 0.999847281047 0.00755496074146
0.229553772038 0.999984728105 0.00516342131055
0.233555377204 0.99999847281 0.00362120059617
0.25735553772 0.999999847281 0.00273235523122
0.243535553772 0.999999984728 0.00202890524575
0.243053555377 0.999999998473 0.00164191828705
0.244805355538 0.999999999847 0.00170183557295
0.244080535554 0.999999999985 0.00215662916327
0.235008053555 0.999999999998 0.00310553091953
0.245800805356 1.0 0.00435925728685
0.260380080536 1.0 0.00558547752188
0.233038008054 1.0 0.00654604501169
0.221303800805 1.0 0.00796796835998
0.260630380081 0.998891652779 0.0104384006819
0.260963038008 0.995551837946 0.0141280001916
0.251096303801 0.990138503434 0.0188164284017
0.26360963038 0.982229911964 0.0233460335728
0.241460963038 0.974346174012 0.0271221257664
0.274346096304 0.969496384869 0.0288818169316
0.24703460963 0.966334244181 0.0293129608183
0.266803460963 0.961542460842 0.030111690622
0.311080346096 0.955899079875 0.0328103614534
0.29660803461 0.949404826882 0.0352146749799
0.282560803461 0.944210252185 0.0379796255267
0.290156080346 0.941806892734 0.0407802522316
0.279215608035 0.941899903608 0.0426585355788
0.288921560803 0.941976679009 0.045169607073
0.30159215608 0.944726466227 0.0468689679787
0.282159215608 0.948082268753 0.0475912525651
0.273915921561 0.946935889001 0.0479196772315
0.276691592156 0.945767521987 0.0479959378344
0.280569159216 0.942641174306 0.0474700584628
0.280956915922 0.939083874759 0.0484455645749
0.279195691592 0.933899344876 0.0494011259809
0.287119569159 0.928420885926 0.0513375312035
0.288811956916 0.92704753788 0.0524056033351
0.289881195692 0.924303418795 0.0541774621844
0.294488119569 0.919693801384 0.0542769598011
0.301248811957 0.919290212573 0.0538684880366
0.286624881196 0.920891783189 0.0535185206971
0.29686248812 0.922120979342 0.0520408788703
0.301486248812 0.923621204897 0.0501823165985
0.277648624881 0.926249195271 0.0473884672314
0.257264862488 0.929909329196 0.0443659096775
0.275926486249 0.937093061771 0.0412696820961
0.262492648625 0.938616822651 0.0397305631298
0.251249264862 0.94203165288 0.0395519457813
0.265424926486 0.947519529735 0.037464080505
0.274042492649 0.955071363454 0.0355629578491
0.273104249265 0.960321266741 0.0336287151041
0.272110424926 0.966351958208 0.0312337537107
0.264811042493 0.973739202182 0.0281451795716
0.235281104249 0.976731924308 0.0264920139277
0.239528110425 0.980712719384 0.0245143667223
0.262452811042 0.986366686588 0.021282412471
0.251245281104 0.991340621189 0.0178729963216
0.24022452811 0.994796734787 0.0159199734993
0.238222452811 0.997295417423 0.0130647713831
0.254222245281 0.999729541742 0.0114179655685
0.254022224528 0.998864606953 0.0116975515644
0.252202222453 0.998778113474 0.0133573348694
0.257420222245 0.995540484015 0.0163471557718
0.267842022225 0.991182092097 0.0211942941299
0.267984202222 0.986126832404 0.025371237823
0.295898420222 0.980936616328 0.0281885160585
0.272589842022 0.977419227336 0.0307457044041
0.282858984202 0.973074389208 0.0330632752214
0.26858589842 0.969446257919 0.0372277660016
0.282458589842 0.963381910387 0.0425856396112
0.265845858984 0.953033048827 0.0488879713501
0.300184585898 0.941664994326 0.057068971069
0.28381845859 0.934223003623 0.0612925841752
0.266881845859 0.927504302059 0.0614876114357
0.254388184586 0.920670590947 0.0617592356195
0.299038818459 0.914480182044 0.0620168595684
0.300803881846 0.909182813525 0.0613996273251
0.282980388185 0.906672804265 0.0596590206988
0.275798038818 0.909081490221 0.058243191277
0.261579803882 0.911611415044 0.0567218028983
0.289857980388 0.914837557288 0.0549168304257
0.290885798039 0.91498704309 0.0544051090508
0.282888579804 0.912332430635 0.0533061923608
0.28838885798 0.912308646225 0.0535894576956
0.311438885798 0.914823173479 0.0537238845239
0.30294388858 0.917468929092 0.052726055558
0.294894388858 0.920997993849 0.0523496174949
0.299489438886 0.925276661489 0.0516395637617
0.266648943889 0.931461672427 0.0497364647439
0.271464894389 0.937544941889 0.047072869517
0.267446489439 0.944448053133 0.0452654323667
0.267044648944 0.952993152449 0.0417205089246
0.244504464894 0.95936588739 0.0368502633724
0.260250446489 0.966211927363 0.0334408908807
0.261825044649 0.971975752632 0.0299313051623
0.270982504465 0.97710173642 0.0263045675244
0.260198250446 0.983327918526 0.0231703355321
0.267219825045 0.987462047938 0.0198402454889
0.239121982504 0.989613166215 0.0176063633903
0.27321219825 0.991665269151 0.0172850591392
0.260421219825 0.993814466677 0.0159122773951
0.242042121983 0.995044119336 0.0149857270851
0.250104212198 0.995167084601 0.0155173305816
0.26441042122 0.996224105184 0.0136580948435
0.250541042122 0.998514063298 0.0103039336367
0.248254104212 0.99985140633 0.00799565094825
0.254325410421 0.999985140633 0.00717241628845
0.243232541042 0.999998514063 0.00705510593341
0.248423254104 0.998891504185 0.00816482839252
0.25704232541 0.997704894363 0.0106596253545
0.264204232541 0.995526776419 0.0136741849905
0.218120423254 0.991527986284 0.0163285590339
0.259412042325 0.986954799568 0.0187746074103
0.223941204233 0.982167251018 0.0217507619082
0.252794120423 0.975733447631 0.0250774942976
0.258379412042 0.969551069677 0.0283577274997
0.292237941204 0.963215258397 0.0308491609592
0.31632379412 0.956981673836 0.0331227384966
0.303432379412 0.950860721389 0.035077082849
0.302143237941 0.946097851638 0.0368271152503
0.297514323794 0.943362742252 0.0374911955187
0.282651432379 0.940456994439 0.0382183367055
0.270365143238 0.9367628025 0.0387847105643
0.309636514324 0.934714558319 0.0397382213702
0.321663651432 0.93411407529 0.0402287244013
0.320166365143 0.93473649984 0.0416524721473
0.293016636514 0.936974872787 0.0428896005444
0.270501663651 0.937866950209 0.0459071543333
0.286250166365 0.935772919245 0.0483574436902
0.263525016637 0.934699460425 0.0512267160277
0.287352501664 0.934868460306 0.0522832963475
0.275335250166 0.935105289065 0.0525644624191
0.275933525017 0.938248343358 0.0543931315418
0.262493352502 0.942480150904 0.0543289886534
0.28454933525 0.947188210306 0.0536943599859
0.296654933525 0.951353609327 0.0517383512939
0.236665493353 0.957566561517 0.0486665610169
0.244166549335 0.965504411045 0.0437705279277
0.248516654934 0.975698287976 0.037114416918
0.239051665493 0.984086081078 0.0291934161015
0.226405166549 0.991950647885 0.0222196942391
0.216140516655 0.996978370347 0.0161943001656
0.255614051665 0.998589489814 0.0127027196782
0.245161405167 0.998750601761 0.011404150772
0.230616140517 0.997690804121 0.011442751537
0.254361614052 0.995525367394 0.0127072799037
0.250436161405 0.992433465205 0.0151614593089
0.246443616141 0.98704534746 0.0176320232851
0.262244361614 0.98087404161 0.0198688914835
0.239524436161 0.97512142783 0.0221089035966
0.237252443616 0.969961122375 0.0240177206825
0.246025244362 0.965746112237 0.0260364269809
0.270302524436 0.961466175003 0.0286778171356
0.286230252444 0.957881603799 0.0303553237157
0.286923025244 0.954989135923 0.0329491259534
0.299592302524 0.951366530269 0.0346653710097
0.284659230252 0.947252597324 0.0382751613387
0.284065923025 0.943018240715 0.0427438769113
0.279506592303 0.939631875159 0.0476983699026
0.28895065923 0.935204581193 0.0504075892665
0.264695065923 0.933780183084 0.0536361837477
0.279369506592 0.931733195731 0.0574829946826
0.287136950659 0.936313035541 0.0564842689885
0.282513695066 0.947340454061 0.0503874947134
0.253251369507 0.961935793272 0.0436691493105
0.253025136951 0.969755879078 0.0368736646909
0.248502513695 0.971298662962 0.0311889628631
0.23995025137 0.971570942446 0.0275213066669
0.264295025137 0.970876725019 0.0248017170613
0.273029502514 0.969536652094 0.0224533552916
0.262202950251 0.969402644801 0.0214337047523
0.251220295025 0.970227126484 0.0207781676957
0.244722029503 0.971636910179 0.0196792524098
0.26207220295 0.974197714687 0.0188630254346
0.254807220295 0.977752757941 0.0181083112985
0.28288072203 0.981923149968 0.0171515734146
0.256888072203 0.985994315937 0.0157229957926
0.26418880722 0.990574740236 0.014534861571
0.243318880722 0.994813761006 0.0129723326195
0.222331888072 0.996252395989 0.013209710758
0.236433188807 0.99427317936 0.0149691172193
0.225243318881 0.992131270466 0.0178301647954
0.245724331888 0.989199279447 0.0200644513991
0.242372433189 0.985613581664 0.0223185406774
0.242037243319 0.984114271365 0.0240199929416
0.264503724332 0.980115579916 0.0251428102791
0.230750372433 0.974452371686 0.0268360382376
0.248975037243 0.968830454588 0.0289729563194
0.237297503724 0.965088312033 0.0302743654582
0.260429750372 0.962768982633 0.030665097325
0.278042975037 0.963179338753 0.0311886833542
0.259104297504 0.961601842772 0.0334463787735
0.25811042975 0.956258675715 0.0354874317191
0.285011042975 0.952623176704 0.0381102735103
0.295801104298 0.94757754484 0.0411457782306
0.28518011043 0.94304235582 0.0438626891127
0.298518011043 0.943569054425 0.0445436611489
0.285451801104 0.946723572209 0.0445936556417
0.25804518011 0.95274478334 0.0419976640479
0.276004518011 0.957231801261 0.0398350506287
0.265200451801 0.95899619453 0.0377144176485
0.27312004518 0.961755264609 0.0350610804113
0.255012004518 0.962070441704 0.0322326586321
0.290101200452 0.960446229011 0.0319194578168
0.287310120045 0.959278480136 0.0321695851626
0.294231012005 0.957906569168 0.0313219490778
0.2805231012 0.954760611719 0.031814432312
0.27555231012 0.951832841193 0.0340033556482
0.300255231012 0.947749959958 0.0352053654875
0.290125523101 0.943821733312 0.0363264683812
0.30081255231 0.942449289859 0.0374614865182
0.320781255231 0.943439356297 0.0393542458824
0.303878125523 0.944818138677 0.0399505383769
0.291387812552 0.944698617608 0.0405252395953
0.276638781255 0.945188134328 0.042412761893
0.288663878126 0.947077281039 0.0422734308903
0.292566387813 0.949004712635 0.0426331040196
0.274056638781 0.950991287985 0.0437027541024
0.270405663878 0.952121129219 0.0451708851672
0.275440566388 0.951997566508 0.0483713199523
0.294844056639 0.951122366162 0.0499299874277
0.269784405664 0.951358562782 0.0502820283678
0.269978440566 0.951583119814 0.0493475342737
0.278997844057 0.951695429746 0.0469005083435
0.254699784406 0.95526623563 0.0438233092627
0.295469978441 0.956980576093 0.0383407914821
0.286946997844 0.954972408533 0.038080579868
0.272594699784 0.949037653963 0.0392392569412
0.263059469978 0.943671300171 0.042566730736
0.304405946998 0.939205266434 0.0437247134904
0.3022405947 0.937587810288 0.0440422341049
0.28762405947 0.935419254517 0.0442674657355
0.300562405947 0.935436185072 0.0438258890378
0.303656240595 0.937766545982 0.0442007712689
0.284165624059 0.938640333158 0.0432399387123
0.281316562406 0.940686525097 0.0446749812576
0.260331656241 0.942595466797 0.0456865231332
0.284333165624 0.94719331243 0.0467380804306
0.275933316562 0.944071240022 0.049299505242
0.281393331656 0.944173085569 0.0521403702744
0.260339333166 0.943205169649 0.0538724031603
0.295133933317 0.937337247216 0.0573699723341
0.280613393332 0.930906096419 0.058989776964
0.280061339333 0.926471968587 0.0596068068773
0.280006133933 0.92418157235 0.0589526692145
0.277300613393 0.927338055471 0.0558383279271
0.268030061339 0.933056791601 0.0523426925075
0.264403006134 0.934923461064 0.0512387431764
0.271240300613 0.935553515624 0.0534268162407
0.299824030061 0.933085284546 0.0546183255867
0.309882403006 0.934909073427 0.0562638436766
0.281188240301 0.937434700562 0.0543538414633
0.27651882403 0.944535267222 0.0508290421201
0.279651882403 0.942739428179 0.05062509526
0.29166518824 0.93260719874 0.0520771991606
0.268566518824 0.924847855596 0.0542622981325
0.278856651882 0.919490344608 0.0549323616277
0.279885665188 0.918407145983 0.0547967378485
0.289888566519 0.92251631048 0.0547842636615
0.305288856652 0.930054666745 0.0533972442206
0.283428885665 0.939060640632 0.0499413523577
0.272242888567 0.949829680941 0.0460888136055
0.268424288857 0.959281875089 0.041536971808
0.273442428886 0.96340444116 0.0373890490873
0.271244242889 0.968971372581 0.0338805987885
0.272824424289 0.97240342424 0.0310490978246
0.263982442429 0.97158389652 0.0287465349297
0.263998244243 0.9702120234 0.0271290342431
0.291899824424 0.967897938451 0.0266638783482
0.298289982442 0.96587649039 0.0266319516161
0.276428998244 0.966726277299 0.0284083475591
0.280542899824 0.964314280509 0.0303312906286
0.282754289982 0.959709223168 0.0325918141691
0.291975428998 0.9562803424 0.035874246037
0.2640975429 0.953140519205 0.0396919167703
0.27570975429 0.950815172694 0.042689659875
0.266970975429 0.949289896973 0.0452398205839
0.293097097543 0.946838447715 0.0460383582787
0.283109709754 0.944345526508 0.0463613020715
0.285710970975 0.94177890546 0.0467320031805
0.290471097098 0.943797360866 0.0441733725912
0.29004710971 0.947339041277 0.0410153000785
0.308004710971 0.953279611163 0.0371268553665
0.303500471097 0.959528610331 0.033368709096
0.27335004711 0.967055466982 0.0290575285786
0.291035004711 0.973679474868 0.025331776706
0.265803500471 0.980839718548 0.0222850454792
0.273180350047 0.985885972795 0.019250706414
0.254118035005 0.989683096901 0.0169098435542
0.2648118035 0.992780609441 0.0138891707817
0.26138118035 0.995034347926 0.0120208836198
0.245738118035 0.997319178737 0.00963629812888
0.274773811804 0.997547661818 0.00797468582383
0.26057738118 0.997570510126 0.00772288476073
0.239357738118 0.997572794957 0.008320641803
0.260635773812 0.99757302344 0.0089550521718
0.257363577381 0.997573046289 0.00863578201948
0.257036357738 0.998648957408 0.00838831349004
0.258803635774 0.99875654852 0.00882496616756
0.223880363577 0.997691398797 0.01107626584
0.233888036358 0.994417079641 0.0152100601438
0.254688803636 0.989232760551 0.0201908801658
0.262168880364 0.981495685158 0.025797749271
0.232316888036 0.972715839198 0.0311992151648
0.259031688804 0.963484971399 0.0361746408905
0.26530316888 0.952959080154 0.0402584973187
0.276730316888 0.945306195185 0.0437673737469
0.290473031689 0.942862861501 0.0464360303276
0.272947303169 0.944837878606 0.0474556366242
0.290994730317 0.947660547114 0.0479847459717
0.271199473032 0.9484474912 0.0486129715672
0.288119947303 0.946861240222 0.048203327403
0.30511199473 0.944062259481 0.0487796789513
0.281611199473 0.942743441266 0.0492611722579
0.265761119947 0.943546119363 0.0497172260016
0.289376111995 0.941299290078 0.0498541342637
0.273737611199 0.939774844251 0.0505129682667
0.26137376112 0.937150673036 0.0519015174975
0.270937376112 0.932989359598 0.0528311897808
0.266493737611 0.93029441266 0.0516826609992
0.271449373761 0.924367905918 0.0525826609644
0.295344937376 0.92040714105 0.0542364206317
0.294134493738 0.920255686309 0.0538457730962
0.275113449374 0.918847393293 0.0544625651058
0.275011344937 0.91812840101 0.0557407177132
0.276801134494 0.921292850674 0.0559650839711
0.307580113449 0.924819717739 0.0566677810755
0.289058011345 0.926895262882 0.0577725394662
0.275505801134 0.924208351222 0.0587737310764
0.311950580113 0.919913009921 0.0602834007499
0.302995058011 0.920663053862 0.0601284811315
0.286799505801 0.924791870514 0.0601983423656
0.27257995058 0.930257604961 0.059614419835
0.277457995058 0.936757574166 0.0585712772213
0.268045799506 0.94477250507 0.0572981915186
0.277904579951 0.952472987521 0.0560169617798
0.275290457995 0.959476369594 0.0540368207365
0.2813290458 0.960916434079 0.0521829742982
0.27023290458 0.957575725176 0.052950214052
0.270923290458 0.947984197002 0.0541303097208
0.263792329046 0.93857812574 0.0558458101513
0.272979232905 0.932549597897 0.0558768332079
0.30359792329 0.926563794202 0.0532150650788
0.300359792329 0.925691063931 0.0518790602885
0.290135979233 0.926767961161 0.0530149986866
0.272913597923 0.927477849404 0.0555631970071
0.301791359792 0.926060525457 0.0580737288737
0.285779135979 0.923530719283 0.0612732484298
0.312977913598 0.921294633438 0.06257215003
0.29409779136 0.921211351235 0.0640640182215
0.290409779136 0.915031231702 0.0662745700166
0.292740977914 0.913939723386 0.0680318811548
0.279474097791 0.914923308317 0.0688616635505
0.280847409779 0.915496196476 0.0682739692906
0.282784740978 0.918115112673 0.0674464678793
0.320778474098 0.924954814488 0.0645642079196
0.30567784741 0.928084757356 0.0603381663485
0.294267784741 0.931317430367 0.0562512431951
0.312026778474 0.931760980016 0.0542818394263
0.279602677847 0.930428069284 0.0560015397379
0.252960267785 0.927178480242 0.0612843505786
0.279096026778 0.923644434939 0.0663935339048
0.282609602678 0.919101003614 0.0703343364117
0.287460960268 0.915353773078 0.0737643390858
0.291546096027 0.912960726443 0.0748159657307
0.287454609603 0.916915530084 0.0714469806731
0.25824546096 0.926430426207 0.067481121554
0.299424546096 0.928605540251 0.0633814561042
0.27474245461 0.924612152603 0.0604749334846
0.308274245461 0.922786224135 0.0567324711675
0.312527424546 0.92399230064 0.0534859942734
0.317452742455 0.924429067262 0.0511292603347
0.267545274245 0.922867163279 0.0510603518679
0.292254527425 0.922433660812 0.0517861945323
0.261425452742 0.922872383697 0.053777158313
0.270042545274 0.920695947174 0.0546150118687
0.255604254527 0.918276891451 0.0561531002883
0.264060425453 0.917744887703 0.0572126877833
0.281106042545 0.917418725756 0.0592663827931
0.282810604255 0.914626118911 0.0607744100901
0.291981060425 0.915753778875 0.0643575671589
0.299198106043 0.914138688048 0.0683018564346
0.290019810604 0.91179948036 0.0723528645583
0.29270198106 0.912819875618 0.0716132800374
0.304670198106 0.916186442983 0.071149578649
0.298667019811 0.918204735449 0.0687982916663
0.303466701981 0.923259858829 0.0644978604964
0.306646670198 0.927387527419 0.0600279790628
0.29706466702 0.929763598879 0.0574944966379
0.306006466702 0.928857068465 0.0565421018398
0.27540064667 0.928530409141 0.0572500982379
0.277740064667 0.929103735611 0.0590202785144
0.296874006467 0.928958142303 0.0598320371893
0.261887400647 0.927313635758 0.0620534485607
0.303388740065 0.923332215168 0.0658731263496
0.291338874006 0.919443406755 0.0688827182871
0.312633887401 0.913563106592 0.0711306701463
0.31836338874 0.908512885901 0.0709321430834
0.331536338874 0.90789924972 0.0708149801256
0.301353633887 0.908998411527 0.0701938920586
0.294735363389 0.915089689054 0.0679546286952
0.274273536339 0.929269566826 0.0636830052362
0.278527353634 0.941487509 0.057676632337
0.246552735363 0.948197689485 0.0514960399199
0.288355273536 0.954006338761 0.045787526276
0.295235527354 0.955733567129 0.0410851133307
0.267123552735 0.956513114203 0.0380890796855
0.281412355274 0.955635999129 0.0355764243519
0.300841235527 0.95570841639 0.0334641255228
0.300984123553 0.956579841357 0.0317260339088
0.283898412355 0.958202464406 0.0293138675594
0.247989841236 0.959500093379 0.0273264496796
0.284898984124 0.960871299187 0.026060291961
0.280489898412 0.963555294871 0.0274370491052
0.281848989841 0.964277463306 0.0294175637095
0.264884898984 0.964922634147 0.0328852899586
0.279388489898 0.957679330485 0.0380291125854
0.29973884899 0.948460796738 0.0442752355562
0.275673884899 0.938665573883 0.0493536721724
0.27776738849 0.931754187609 0.0530886424914
0.280676738849 0.928533015519 0.0556139528338
0.278267673885 0.926612976136 0.0575982405982
0.322126767388 0.927745063497 0.059047293305
0.289612676739 0.93007144838 0.0591982881174
0.283661267674 0.931946678257 0.0603901575859
0.290266126767 0.934490176606 0.0594433067864
0.281026612677 0.936941716072 0.0572318262764
0.292702661268 0.937028945064 0.0566178786649
0.295670266127 0.934289974649 0.0539584824968
0.295067026613 0.93266411534 0.0511304645612
0.272506702661 0.930108816858 0.0491316454598
0.300850670266 0.927713027825 0.0476434880418
0.293785067027 0.924565239852 0.0480326385456
0.305678506703 0.923542073847 0.0492213579427
0.29606785067 0.922708544095 0.0520967051556
0.305006785067 0.921508308456 0.05430620091
0.284300678507 0.919385968689 0.0579483921637
0.277730067851 0.921984851446 0.0599519778506
0.295973006785 0.92823948373 0.0615268176711
0.282497300679 0.930643758889 0.0632257192228
0.286549730068 0.931729576316 0.0655478772473
0.270754973007 0.934070433075 0.0670875742806
0.259275497301 0.936264090152 0.0649807246075
0.27612754973 0.941945930207 0.0617317747568
0.283212754973 0.948415031234 0.055881161798
0.260521275497 0.955319126952 0.0497415504779
0.26635212755 0.956839763945 0.0466005826799
0.255235212755 0.952968612062 0.0455283212609
0.272123521275 0.950295586552 0.0443615925529
0.257612352128 0.947963918723 0.0433619705786
0.292161235213 0.94454467558 0.0439311613582
0.285716123521 0.942982606918 0.0445075275931
0.297671612352 0.940020459685 0.0450926475166
0.331267161235 0.938962826058 0.0471496785564
0.307626716124 0.937650992224 0.0467634248129
0.295362671612 0.939162512042 0.0477440081132
0.286936267161 0.941010031939 0.047187960323
0.283393626716 0.944024291258 0.0456979776054
0.275839362672 0.947539493338 0.0430648541014
0.277783936267 0.952736804008 0.0409676095797
0.276178393627 0.95812256726 0.0375253476169
0.282317839363 0.963193948443 0.0341361794801
0.275731783936 0.967704612264 0.0301417260122
0.275973178394 0.972189924156 0.0271394431375
0.279597317839 0.976399831418 0.0249058544025
0.274559731784 0.979809490006 0.0225951376428
0.292055973178 0.980150455865 0.0218229790823
0.250605597318 0.978945295438 0.0228515580122
0.243760559732 0.977644529544 0.0241108632706
0.260176055973 0.975846728345 0.0248387358238
0.260917605597 0.973510349282 0.0254109813886
0.24659176056 0.973276711376 0.0266281246959
0.257759176056 0.973771379082 0.0261025908728
0.254375917606 0.976002207658 0.0249247377383
0.266637591761 0.978530470617 0.0253019681461
0.239963759176 0.980216470902 0.0254032417952
0.250796375918 0.97826443804 0.0276341411563
0.259079637592 0.973915717259 0.0300430097624
0.260807963759 0.96819503774 0.0321852623496
0.278980796376 0.961169707048 0.035161320703
0.247498079638 0.954910076633 0.0389525842442
0.259649807964 0.947420194976 0.0425025347056
0.295964980796 0.942271708294 0.0459921382881
0.28879649808 0.937787778359 0.0494477466697
0.295279649808 0.931570941591 0.0522120611585
0.292327964981 0.926876329642 0.0537703042508
0.301932796498 0.924847261311 0.0546143595452
0.29659327965 0.9262366485 0.0554061878293
0.284359327965 0.933431839446 0.0531072002555
0.285835932796 0.943000348139 0.0479706752692
0.28058359328 0.95259085114 0.0429037671104
0.275558359328 0.959626669439 0.0386314355379
0.291255835933 0.96500343008 0.0336551025207
0.272125583593 0.968146593752 0.0295382587783
0.267512558359 0.969678059303 0.0272673017778
0.265251255836 0.973000863782 0.0243648211941
0.256025125584 0.972849509749 0.0232402284737
0.283002512558 0.970571812979 0.0247896213733
0.288400251256 0.967595084821 0.0271641671985
0.255640025126 0.962553601751 0.0313877615047
0.285664002513 0.955827302102 0.0360730849239
0.305766400251 0.948631102683 0.0411940687609
0.284376640025 0.940255436699 0.0457350769914
0.304737664003 0.931312233626 0.0490081542717
0.3139737664 0.923591653035 0.0519203135108
0.28699737664 0.919954723155 0.0537449925598
0.301399737664 0.921338898485 0.0547916037099
0.270439973766 0.927622532476 0.0542256564266
0.268243997377 0.937043927409 0.0526543001792
0.294124399738 0.945846812112 0.0505489145171
0.271512439974 0.954046751368 0.0483170840156
0.281851243997 0.957064028767 0.0462023214067
0.2954851244 0.954235917226 0.0458853507537
