0.0027 0.9 2.29305166647e-20
0.00567 0.99 1.41021529916e-19
0.007767 0.999 7.38810018031e-19
0.0142767 0.9999 3.87373768052e-18
0.01762767 0.99999 1.7136789063e-17
0.011662767 0.999999 7.24892110582e-17
0.0119662767 0.9999999 2.95710917758e-16
0.02189662767 0.99999999 1.1635788774e-15
0.011189662767 0.999999999 4.41632799516e-15
0.0119189662767 0.9999999999 1.61683039577e-14
0.0146918966277 0.99999999999 5.70960245805e-14
0.0140691896628 0.999999999999 1.94485025545e-13
0.0140069189663 1.0 6.3900758699e-13
0.0167006918966 1.0 2.02519148814e-12
0.0151700691897 1.0 6.19108998435e-12
0.015917006919 1.0 1.82561764397e-11
0.0204917006919 1.0 5.19272100396e-11
0.0146491700692 1.0 1.42469996873e-10
0.0122649170069 1.0 3.77047389222e-10
0.0192264917007 1.0 9.62528131121e-10
0.0145226491701 1.0 2.37015530067e-09
0.014052264917 1.0 5.62972267975e-09
0.0122052264917 1.0 1.2898672459e-08
0.0138205226492 1.0 2.85070233325e-08
0.0175820522649 1.0 6.07727159496e-08
0.0107582052265 1.0 1.24973075599e-07
0.0172758205226 1.0 2.47899971861e-07
0.0125275820523 1.0 4.74340190725e-07
0.0102527582052 1.0 8.75503870909e-07
0.0163252758205 1.0 1.55877074814e-06
0.0142325275821 1.0 2.67709536697e-06
0.0158232527582 1.0 4.43510909417e-06
0.0132823252758 1.0 7.08769722451e-06
0.0130282325276 1.0 1.09261705877e-05
0.0103028232528 1.0 1.62477947288e-05
0.0136302823253 1.0 2.33069921901e-05
0.0157630282325 1.0 3.22511504417e-05
0.0123763028233 1.0 4.30500106299e-05
0.0183376302823 1.0 5.54335093606e-05
0.0117337630282 1.0 6.88564493659e-05
0.0173733763028 1.0 8.25072659067e-05
0.0188373376303 1.0 9.53712279975e-05
0.014483733763 1.0 0.00010634634244
0.0113483733763 1.0 0.000114395847616
0.0218348373376 1.0 0.000118708856761
0.0147834837338 1.0 0.000118834875484
0.0131783483734 1.0 0.000114761324362
0.0166178348373 1.0 0.000106915603335
0.0115617834837 1.0 9.6091230107e-05
0.0146561783484 1.0 8.33157146481e-05
0.0131656178348 1.0 6.96905944316e-05
0.0121165617835 1.0 8.94108301039e-05
0.0165116561783 1.0 0.000175557161391
0.0178511656178 1.0 0.000371359414161
0.0188851165618 1.0 0.000746871348122
0.0171885116562 1.0 0.00144438058386
0.0170188511656 1.0 0.0025332280426
0.0242018851166 1.0 0.00434206321662
0.0141201885117 1.0 0.00640205767306
0.0185120188512 1.0 0.00819692366179
0.0162512018851 1.0 0.0114550806181
0.0115251201885 1.0 0.0177552096054
0.0182525120189 1.0 0.0281062577231
0.0135252512019 1.0 0.0430717745986
0.0121525251202 1.0 0.0636859593302
0.012915252512 0.982266444466 0.0884427857006
0.0138915252512 0.963278547561 0.113911533629
0.0220891525251 0.928428446472 0.135597027135
0.0148089152525 0.89383964066 0.165918535628
0.0185808915253 0.819844153986 0.20361303561
0.0207580891525 0.762513715966 0.235529980992
0.0254758089153 0.722617358382 0.245829183541
0.0241475808915 0.686973845667 0.265793781883
0.0321147580892 0.644697384567 0.279566211607
0.0302114758089 0.605302621096 0.277136038283
0.0255211475809 0.593074640808 0.28737063147
0.0331521147581 0.591851842779 0.288963433088
0.0195152114758 0.600018066917 0.279725283186
0.0244515211476 0.626895230728 0.272724581872
0.0258451521148 0.667365685395 0.261436236723
0.0205845152115 0.724198764463 0.249023231909
0.0236584515211 0.707968213428 0.255796832658
0.0158658451521 0.656124604902 0.268730557342
0.0195865845152 0.606445343129 0.28002055467
0.0271586584515 0.561869751511 0.287474337583
0.0333158658452 0.535701067537 0.298779803364
0.0294315865845 0.519384505594 0.298439845003
0.0290431586585 0.5177528494 0.294838680412
0.0317043158658 0.531289377326 0.2893023905
0.0292704315866 0.505822464215 0.300850461794
0.0317270431587 0.509765919891 0.302553510303
0.0193727043159 0.530490684375 0.300108063849
0.0298372704316 0.518863467278 0.304443519851
0.0290837270432 0.545713507222 0.296154471624
0.0353083727043 0.541163046224 0.293712940563
0.0350308372704 0.56290707855 0.289428300984
0.029603083727 0.641618491414 0.267641938735
0.0173603083727 0.67887395897 0.264395501168
0.0188360308373 0.736734007074 0.25042212227
0.0108836030837 0.8174750536 0.210119038082
0.0136883603084 0.867842360806 0.18083360113
0.0184688360308 0.918884827797 0.146027638616
0.0207468836031 0.956940385894 0.105810118819
0.0146746883603 0.977960483056 0.0766142258363
0.031167468836 0.997796048306 0.0602888256529
0.0148167468836 0.999779604831 0.0527402222493
0.0158816746884 0.999977960483 0.0525965735929
0.0168881674688 0.999997796048 0.0495154803136
0.0196888167469 0.999999779605 0.0520545603593
0.0181688816747 0.99999997796 0.0616459542904
0.0126168881675 0.982266442262 0.0758837180886
0.0165616888167 0.96327854734 0.100770204616
0.0151561688817 0.92842844645 0.132483778631
0.0195156168882 0.893839640658 0.171193132009
0.0136515616888 0.833185616958 0.203230315461
0.0148651561689 0.763847862263 0.227130827744
0.0203865156169 0.711933123208 0.256646800448
0.0218386515617 0.65652109588 0.270378306547
0.0183838651562 0.614968515838 0.28036049476
0.0252383865156 0.585941813999 0.283717330237
0.0277238386516 0.57512310702 0.288441615498
0.0270723838652 0.574041236322 0.28232382046
0.0279072383865 0.543995819134 0.296287705066
0.0405907238387 0.476617634081 0.302724633712
0.0490590723839 0.422271544886 0.31242536716
0.0472059072384 0.37684940315 0.313027560506
0.0542205907238 0.345471951703 0.30797550095
0.0558220590724 0.331812355693 0.314004040458
0.0496822059072 0.330446396093 0.312972968469
0.0580682205907 0.340831650997 0.308296951738
0.0463068220591 0.364661677496 0.306063389605
0.0469306822059 0.406288652957 0.31174319731
0.0361930682206 0.462846917463 0.310248977975
0.0387193068221 0.525798784133 0.300877610617
0.0371719306822 0.5320939708 0.301198426199
0.0235171930682 0.554434614278 0.28680252678
0.0239517193068 0.640771244987 0.267873040535
0.0266951719307 0.732923735676 0.246625102684
0.0269695171931 0.803752563487 0.213868594262
0.0152969517193 0.866470111795 0.185735314149
0.0168296951719 0.918747602895 0.147799931773
0.0187829695172 0.956926663404 0.121592695854
0.00907829695172 0.977959110807 0.0967698899728
0.0180078296952 0.980062355547 0.0897046931877
0.0198007829695 0.980272680021 0.0982276124874
0.021780078297 0.980293712468 0.0877925715973
0.0219780078297 0.998029371247 0.0682055610618
0.019297800783 0.999802937125 0.0498888443626
0.0190297800783 0.999980293712 0.035059153804
0.0118029780078 0.999998029371 0.023732280453
0.0155802978008 0.999999802937 0.0166172449895
0.0177580297801 0.999999980294 0.0120714129569
0.017075802978 0.999999998029 0.00952776282415
0.0161075802978 0.999999999803 0.00802367051775
0.0151107580298 0.99999999998 0.00573778300146
0.010511075803 0.999999999998 0.00460870023681
0.0109511075803 1.0 0.00313878086843
0.017295110758 1.0 0.00229445258852
0.0188295110758 1.0 0.00234430174508
0.0153829511076 1.0 0.00264903817425
0.0240382951108 1.0 0.00292081278026
0.0204038295111 1.0 0.00218749465378
0.0218403829511 1.0 0.00118255759001
0.0183840382951 1.0 0.000593553881735
0.0180384038295 1.0 0.000290465029101
0.015303840383 1.0 0.000137437196623
0.0168303840383 1.0 6.27766555834e-05
0.0106830384038 1.0 2.76723442955e-05
0.0118683038404 1.0 1.17714443235e-05
0.011086830384 1.0 4.83231308074e-06
0.0155086830384 1.0 1.91440122564e-06
0.0141508683038 1.0 7.31941676974e-07
0.0131150868304 1.0 2.70084623655e-07
0.020211508683 1.0 9.61874737515e-08
0.0137211508683 1.0 3.30635190315e-08
0.0220721150868 1.0 1.0524854342e-08
0.0238072115087 1.0 3.32411515584e-09
0.00868072115087 1.0 1.02193640333e-09
0.00716807211509 1.0 3.04069467609e-10
0.0196168072115 1.0 8.74155842887e-11
0.0172616807212 1.0 2.42696818158e-11
0.0233261680721 1.0 6.50658387802e-12
0.0122326168072 1.0 1.68447023331e-12
0.0165232616807 1.0 4.21135666368e-13
0.0142523261681 1.0 1.01686901415e-13
0.0239252326168 1.0 2.37155946398e-14
0.0212925232617 1.0 6.49446470693e-15
0.0120292523262 1.0 3.63089143668e-15
0.0120029252326 1.0 3.81096404598e-15
0.0156002925233 1.0 4.22699803958e-15
0.0186600292523 1.0 4.5604742543e-15
0.0144660029252 1.0 4.7500017867e-15
0.0140466002925 1.0 4.77303573485e-15
0.0149046600293 1.0 4.62688750152e-15
0.0104904660029 1.0 4.32690187326e-15
0.0163490466003 1.0 3.90356986384e-15
0.01693490466 1.0 3.39740259362e-15
0.016093490466 1.0 2.85256639681e-15
0.0124093490466 1.0 2.31063812558e-15
0.0165409349047 1.0 1.80567451853e-15
0.0178540934905 1.0 1.36132718259e-15
0.016185409349 1.0 9.90160180016e-16
0.0133185409349 1.0 6.83052441504e-16
0.0229318540935 1.0 4.60560719325e-16
0.0175931854093 1.0 3.00165082369e-16
0.0125593185409 1.0 1.88795516436e-16
0.0156559318541 1.0 1.1457429321e-16
0.0123655931854 1.0 6.70869134001e-17
0.0111365593185 1.0 3.79007443108e-17
0.0191136559319 1.0 4.98302017798e-17
0.0163113655932 1.0 1.51965493401e-16
0.0133311365593 1.0 5.32543301346e-16
0.0157331136559 1.0 1.75390014652e-15
0.0168733113656 1.0 6.8196815542e-15
0.0169873311366 1.0 2.33500550331e-14
0.0133987331137 1.0 8.53489061058e-14
0.0148398733114 1.0 3.34326542009e-13
0.0239839873311 1.0 1.23353014032e-12
0.0176983987331 1.0 3.53587905635e-12
0.0206698398733 1.0 1.08234702973e-11
0.0101669839873 1.0 3.55097481648e-11
0.0127166983987 1.0 1.16756253021e-10
0.0183716698399 1.0 3.23129979475e-10
0.012637166984 1.0 8.95043870951e-10
0.0120637166984 1.0 2.63035144538e-09
0.0165063716698 1.0 7.48081576923e-09
0.014250637167 1.0 2.05246438497e-08
0.0167250637167 1.0 2.74663960129e-08
0.0106725063717 1.0 4.32707661076e-08
0.0181672506372 1.0 1.0645717888e-07
0.0216167250637 1.0 2.41294819034e-07
0.0192616725064 1.0 5.60458339352e-07
0.0190261672506 1.0 1.29931238836e-06
0.0136026167251 1.0 3.11640167495e-06
0.0148602616725 1.0 6.96912815245e-06
0.0176860261673 1.0 1.46736208732e-05
0.0152686026167 1.0 3.04861138627e-05
0.0150268602617 1.0 6.11617766009e-05
0.0168026860262 1.0 0.00011836771632
0.0205802686026 1.0 0.000133340170179
0.0182580268603 1.0 0.000166472439421
0.019825802686 1.0 0.000288726181
0.0109825802686 1.0 0.000516885710395
0.0100982580269 1.0 0.000911740039037
0.0163098258027 1.0 0.00149666535114
0.0169309825803 1.0 0.00261601069002
0.018793098258 1.0 0.00471642240063
0.0162793098258 1.0 0.00755988140513
0.0142279309826 1.0 0.0111308624883
0.0140227930983 1.0 0.0122157710715
0.0212022793098 1.0 0.0138151545215
0.020120227931 1.0 0.0181438931932
0.0128120227931 1.0 0.0166500969841
0.0156812022793 1.0 0.0160248717191
0.0132681202279 1.0 0.0191829277802
0.0130268120228 1.0 0.0261760622092
0.0139026812023 1.0 0.0267507692763
0.0202902681202 1.0 0.0254028339764
0.011929026812 1.0 0.0271794411261
0.0173929026812 1.0 0.0209318790129
0.0251392902681 1.0 0.0169958066877
0.0196139290268 1.0 0.0125802412523
0.00826139290268 1.0 0.00802420602905
0.0161261392903 1.0 0.00509542560744
0.016012613929 1.0 0.00336501399407
0.0133012613929 1.0 0.00234499894937
0.0193301261393 1.0 0.00178191668718
0.0190330126139 1.0 0.00145177819267
0.0172033012614 1.0 0.00115622535249
0.0233203301261 1.0 0.0010025757487
0.0194320330126 1.0 0.000942225764479
0.0190432033013 1.0 0.000736160902648
0.0163043203301 1.0 0.000448041359135
0.017830432033 1.0 0.000245570574225
0.0188830432033 1.0 0.000128266403156
0.0162883043203 1.0 6.44380225431e-05
0.017828830432 1.0 3.42356361828e-05
0.0188828830432 1.0 1.9487748202e-05
0.0198882883043 1.0 1.09049408233e-05
0.0226888288304 1.0 6.6437934621e-06
0.013068882883 1.0 3.7555263911e-06
0.0130068882883 1.0 1.67085251659e-06
0.0121006888288 1.0 6.72180747942e-07
0.0219100688829 1.0 2.56966195647e-07
0.0174910068883 1.0 9.4369029259e-08
0.0233491006888 1.0 3.61257966358e-08
0.0140349100689 1.0 1.48236029127e-08
0.0167034910069 1.0 6.02472398043e-09
0.0205703491007 1.0 2.3776447412e-09
0.0236570349101 1.0 1.01644650921e-09
0.016765703491 1.0 3.78751395634e-10
0.0232765703491 1.0 1.16654638082e-10
0.0104276570349 1.0 3.32419213557e-11
0.0145427657035 1.0 9.01728004734e-12
0.0140542765703 1.0 2.34888768172e-12
0.00680542765703 1.0 5.89282336643e-13
0.0150805427657 1.0 1.42537810662e-13
0.0141080542766 1.0 3.53323760728e-14
0.0140108054277 1.0 9.35153730506e-15
0.0194010805428 1.0 2.48422887351e-15
0.0118401080543 1.0 6.46228450016e-16
0.0137840108054 1.0 1.63157996241e-16
0.0148784010805 1.0 3.98572649891e-17
0.0122878401081 1.0 9.41070181776e-18
0.0138287840108 1.0 2.36862540903e-18
0.0130828784011 1.0 1.16471119282e-18
0.0148082878401 1.0 1.60407002861e-18
0.014080828784 1.0 3.21979027285e-18
0.0122080828784 1.0 6.39079394406e-18
0.0165208082878 1.0 2.0092313806e-17
0.00975208082878 1.0 5.11929846024e-17
0.0108752080829 1.0 1.59514158926e-16
0.0190875208083 1.0 6.95727427963e-16
0.0199087520808 1.0 2.99563643758e-15
0.00739087520808 1.0 1.24432339418e-14
0.0187390875208 1.0 5.19307457406e-14
0.0225739087521 1.0 2.29498374708e-13
0.0130573908752 1.0 9.79236831456e-13
0.0130057390875 1.0 4.02561888782e-12
0.0202005739088 1.0 1.40670832471e-11
0.0146200573909 1.0 3.68967731037e-11
0.0158620057391 1.0 1.07883494538e-10
0.0159862005739 1.0 3.86643109364e-10
0.00969862005739 1.0 1.22378843239e-09
0.0189698620057 1.0 3.81042755191e-09
0.0180969862006 1.0 1.14511397978e-08
0.0171096986201 1.0 2.60757525802e-08
0.015210969862 1.0 6.39178542911e-08
0.0177210969862 1.0 1.75662198406e-07
0.0170721096986 1.0 4.55578747946e-07
0.0188072109699 1.0 9.4367232738e-07
0.010880721097 1.0 2.08846606267e-06
0.0163880721097 1.0 5.13984871044e-06
0.016938807211 1.0 1.22750232249e-05
0.0169938807211 1.0 2.82844071392e-05
0.0196993880721 1.0 5.62221125481e-05
0.0181699388072 1.0 0.000109010555825
0.0171169938807 1.0 0.000201265856087
0.0161116993881 1.0 0.000364367668395
0.0133111699388 1.0 0.000711557969308
0.0184311169939 1.0 0.00109256878897
0.0189431116994 1.0 0.00121082745176
0.0198943111699 1.0 0.00119143409081
0.019089431117 1.0 0.000934146767479
0.0154089431117 1.0 0.000644115798909
0.0249408943112 1.0 0.000422218042852
0.0177940894311 1.0 0.00026576222119
0.0143794089431 1.0 0.000186227549583
0.0122379408943 1.0 0.00014392668594
0.0192237940894 1.0 0.000109137968163
0.0217223794089 1.0 6.22780380221e-05
0.0237722379409 1.0 2.80405008573e-05
0.0140772237941 1.0 1.17602160888e-05
0.0167077223794 1.0 4.7229863454e-06
0.0232707722379 1.0 1.82721839332e-06
0.0221270772238 1.0 6.81942155135e-07
0.0184127077224 1.0 2.4561026084e-07
0.0135412707722 1.0 8.53766977212e-08
0.0175541270772 1.0 2.85249785884e-08
0.0179554127077 1.0 9.20372162202e-09
0.0197955412708 1.0 2.87401844075e-09
0.0199795541271 1.0 8.67039276712e-10
0.0109979554127 1.0 2.52581963092e-10
0.0109997955413 1.0 7.10453146182e-11
0.0109999795541 1.0 1.92949806525e-11
0.0208999979554 1.0 6.8295842414e-12
0.0155899997955 1.0 4.34493405609e-12
0.0141589999796 1.0 3.9565771663e-12
0.013115899998 1.0 3.66308460849e-12
0.0202115899998 1.0 3.29001680652e-12
0.020021159 1.0 2.85239056111e-12
0.0155021159 1.0 2.38590159973e-12
0.02225021159 1.0 1.92533879608e-12
0.015725021159 1.0 1.49890452416e-12
0.0195725021159 1.0 8.28881587011e-13
0.0172572502116 1.0 2.79997394384e-13
0.0134257250212 1.0 7.84812969057e-14
0.0139425725021 1.0 1.98968453613e-14
0.0139942572502 1.0 5.86783389665e-15
0.018499425725 1.0 2.79405695023e-15
0.0126499425725 1.0 2.47578024876e-15
0.0174649942573 1.0 2.97254980164e-15
0.0206464994257 1.0 3.55817076301e-15
0.0110646499426 1.0 4.11972617375e-15
0.0200064649943 1.0 4.60242238345e-15
0.0200006464994 1.0 4.9601552728e-15
0.0191000646499 1.0 5.15691323587e-15
0.019010006465 1.0 5.17216328192e-15
0.0154010006465 1.0 6.73403352388e-15
0.0186401000646 1.0 1.08736109308e-14
0.0162640100065 1.0 2.36209733127e-14
0.0295264010006 1.0 6.39618632747e-14
0.0173526401001 1.0 2.01905510236e-13
0.02063526401 1.0 7.28767081504e-13
0.017363526401 1.0 2.54691757392e-12
0.0161363526401 1.0 8.57669326675e-12
0.013313635264 1.0 2.93291466915e-11
0.0094313635264 1.0 1.05883878127e-10
0.0144431363526 1.0 3.69653158491e-10
0.0122443136353 1.0 1.24488246612e-09
0.0138244313635 1.0 4.04392325518e-09
0.0157824431364 1.0 1.26712056587e-08
0.0132782443136 1.0 3.8297828513e-08
0.0247278244314 1.0 1.11653485769e-07
0.0195727824431 1.0 3.13473695547e-07
0.0154572782443 1.0 8.42006382373e-07
0.0213457278244 1.0 2.21041315116e-06
0.0147345727824 1.0 5.59998618428e-06
0.0167734572782 1.0 1.36853060816e-05
0.0160773457278 1.0 3.22603756314e-05
0.0169077345728 1.0 7.37069715941e-05
0.0169907734573 1.0 0.000166695074641
0.0214990773457 1.0 0.000296110802243
0.0192499077346 1.0 0.000505765510024
0.0154249907735 1.0 0.00080756063943
0.0177424990773 1.0 0.0011705481758
0.0143742499077 1.0 0.00161851329649
0.0185374249908 1.0 0.00236665166731
0.0171537424991 1.0 0.00368947020403
0.0224153742499 1.0 0.00558237163236
0.019341537425 1.0 0.00903252784998
0.0163341537425 1.0 0.0153668789147
0.0124334153742 1.0 0.0254727681536
0.0165433415374 1.0 0.0406233831464
0.0124543341537 1.0 0.0639659593709
0.0201454334154 0.982266444466 0.0940694047928
0.0218145433415 0.946562962667 0.130375030449
0.0237814543342 0.89565309228 0.167940922753
0.0248781454334 0.833366962121 0.198530210445
0.0177878145433 0.775857471835 0.22918719458
0.0287787814543 0.78241776222 0.232432629761
0.0217778781454 0.835753770162 0.196007855314
0.0174777878145 0.915675968732 0.157458228543
0.0170477787815 0.956619499987 0.113128749268
0.0170047778781 0.977928394465 0.0765633484753
0.0152004777878 0.997792839446 0.0505612741681
0.0132200477788 0.999779283945 0.0344559004685
0.0166220047779 0.999977928394 0.0220376936848
0.0151622004778 0.999997792839 0.0151187374483
0.0150162200478 0.999999779284 0.0126462463529
0.0159016220048 0.999999977928 0.00909481604183
0.0186901622005 0.999999997793 0.0054135764781
0.01446901622 0.999999999779 0.00304460030674
0.014946901622 0.999999999978 0.00163533547563
0.0122946901622 0.999999999998 0.000846019697667
0.0174294690162 1.0 0.000422178497675
0.0188429469016 1.0 0.000203272255864
0.0171842946902 1.0 9.44403203366e-05
0.016118429469 1.0 4.23397413703e-05
0.0205118429469 1.0 1.83173098481e-05
0.0128511842947 1.0 7.64732093482e-06
0.0174851184295 1.0 3.08108108135e-06
0.0188485118429 1.0 1.19799779967e-06
0.0108848511843 1.0 4.49553974859e-07
0.0199884851184 1.0 2.28241349564e-07
0.0154988485118 1.0 1.96727107209e-07
0.0204498848512 1.0 2.66193792171e-07
0.0119449884851 1.0 4.85618141244e-07
0.0200944988485 1.0 1.16009713765e-06
0.0137094498849 1.0 2.96265791938e-06
0.0175709449885 1.0 6.39445718311e-06
0.0197570944988 1.0 8.45168962019e-06
0.0244757094499 1.0 6.81305181768e-06
0.015947570945 1.0 3.83552832073e-06
0.0087947570945 1.0 1.84963292258e-06
0.0161794757094 1.0 7.56596484257e-07
0.0259179475709 1.0 2.77262062953e-07
0.0196917947571 1.0 9.762493858e-08
0.0226691794757 1.0 3.31382053518e-08
0.0202669179476 1.0 1.08540115328e-08
0.0182266917948 1.0 3.43136775285e-09
0.0153226691795 1.0 1.29960999658e-09
0.0231322669179 1.0 7.59635356551e-10
0.0239132266918 1.0 9.10313379913e-10
0.0104913226692 1.0 2.08943264207e-09
0.0172491322669 1.0 5.61623039731e-09
0.0197249132267 1.0 7.24115228599e-09
0.0190724913227 1.0 4.42195022746e-09
0.0136072491323 1.0 1.73491371357e-09
0.0157607249132 1.0 5.46295363737e-10
0.0123760724913 1.0 1.63799153367e-10
0.0165376072491 1.0 5.00986224961e-11
0.0205537607249 1.0 1.50511241327e-11
0.0110553760725 1.0 4.38817403308e-12
0.0227055376072 1.0 1.13426667507e-12
0.0211705537607 1.0 2.75299019005e-13
0.0147170553761 1.0 6.48528389109e-14
0.0149717055376 1.0 1.63815553997e-14
0.0131971705538 1.0 4.04377651261e-15
0.0148197170554 1.0 9.41117406485e-16
0.0113819717055 1.0 2.36793023262e-16
0.0146381971706 1.0 8.56563024141e-17
0.0140638197171 1.0 4.4525851047e-17
0.0149063819717 1.0 2.45775957023e-17
0.0149906381972 1.0 1.33213117554e-17
0.0167990638197 1.0 6.98839374051e-18
0.00707990638197 1.0 3.53943384179e-18
0.0088079906382 1.0 4.26169959399e-18
0.0179807990638 1.0 1.44781505043e-17
0.0179980799064 1.0 6.81183666313e-17
0.0125998079906 1.0 3.12789881321e-16
0.0192599807991 1.0 1.44243335721e-15
0.0172259980799 1.0 6.91192151556e-15
0.017022599808 1.0 3.1959594278e-14
0.0188022599808 1.0 1.42374569235e-13
0.0180802259981 1.0 5.54474531881e-13
0.0144080225998 1.0 2.15327601574e-12
0.02124080226 1.0 8.61046613198e-12
0.015624080226 1.0 3.03614162088e-11
0.0159624080226 1.0 1.06296421712e-10
0.0168962408023 1.0 3.60654016126e-10
0.0124896240802 1.0 1.09265621684e-09
0.017448962408 1.0 2.63491324153e-09
0.0161448962408 1.0 7.21005785347e-09
0.0187144896241 1.0 2.11406525267e-08
0.0117714489624 1.0 6.19584444611e-08
0.0164771448962 1.0 1.75297071617e-07
0.0160477144896 1.0 4.78229910333e-07
0.016904771449 1.0 8.21765438037e-07
0.0160904771449 1.0 8.46122854659e-07
0.0115090477145 1.0 5.85282441437e-07
0.0254509047714 1.0 7.13307073133e-07
0.0223450904771 1.0 1.6805388706e-06
0.0148345090477 1.0 4.15885596989e-06
0.0158834509048 1.0 1.037753075e-05
0.0123883450905 1.0 2.301795716e-05
0.027338834509 1.0 3.27474185329e-05
0.0153338834509 1.0 5.44646411881e-05
0.0177333883451 1.0 0.000119172485432
0.0152733388345 1.0 0.000204975552045
0.0177273338835 1.0 0.000345324393134
0.0134727333883 1.0 0.00065827781541
0.0103472733388 1.0 0.00121971560307
0.0163347273339 1.0 0.00217843340497
0.0151334727334 1.0 0.00374868740805
0.0186133472733 1.0 0.00655436622536
0.0189613347273 1.0 0.0114386106086
0.0216961334727 1.0 0.0196302911637
0.0156696133473 1.0 0.0324953845429
0.0213669613347 1.0 0.0485350412636
0.0165366961335 0.982266444466 0.0678922974311
0.0160536696133 0.980493088913 0.086391473439
0.0196053669613 0.963101212005 0.104455137247
0.0271605366961 0.944646439421 0.120056733353
0.0207160536696 0.942800962162 0.130810840308
0.013771605367 0.942616414437 0.13639283634
0.0202771605367 0.92636223316 0.142112915252
0.0263277160537 0.908962753928 0.154833805067
0.0170327716054 0.891893071406 0.163321155373
0.0161032771605 0.890186103153 0.171056210832
0.0205103277161 0.905345140928 0.161478047724
0.0236510327716 0.938870832313 0.132809342549
0.0248651032772 0.976153527698 0.0970992865612
0.0222865103277 0.99761535277 0.0672560625664
0.0157286510328 0.999761535277 0.0456622947467
0.0177728651033 0.999976153528 0.0287150841853
0.0179772865103 0.999997615353 0.0171162375814
0.016197728651 0.999999761535 0.00987401324175
0.0151197728651 0.999999976154 0.00572834856218
0.0168119772865 0.999999997615 0.00336282190828
0.0178811977287 0.999999999762 0.00191566944023
0.00988811977287 0.999999999976 0.0011678399182
0.0216888119773 0.999999999998 0.000747586123219
0.0120688811977 1.0 0.000467732133698
0.0192068881198 1.0 0.000312825334575
0.014520688812 1.0 0.000226739890672
0.0203520688812 1.0 0.000161010919446
0.0164352068881 1.0 0.000110425711638
0.0169435206888 1.0 8.39756457364e-05
0.0169943520689 1.0 7.01598082471e-05
0.0178994352069 1.0 5.74639369937e-05
0.0152899435207 1.0 4.54917190907e-05
0.0132289943521 1.0 3.47522014105e-05
0.0193228994352 1.0 2.56131458682e-05
0.0109322899435 1.0 1.82124307374e-05
0.0163932289944 1.0 1.24939767434e-05
0.0124393228994 1.0 8.2692503677e-06
0.0219439322899 1.0 5.28043363237e-06
0.018394393229 1.0 3.2532444916e-06
0.0171394393229 1.0 1.93380863168e-06
0.0107139439323 1.0 1.10908884155e-06
0.0145713943932 1.0 6.13736557134e-07
0.0104571394393 1.0 3.27693368003e-07
0.0109457139439 1.0 1.68822744585e-07
0.0109945713944 1.0 8.39228145869e-08
0.0136994571394 1.0 4.02553468079e-08
0.0148699457139 1.0 1.86324857048e-08
0.0122869945714 1.0 8.32207421792e-09
0.0183286994571 1.0 3.5868770354e-09
0.0117328699457 1.0 1.49188999711e-09
0.0164732869946 1.0 5.98831485929e-10
0.0133473286995 1.0 2.31970601018e-10
0.0121347328699 1.0 1.63359606095e-10
0.019213473287 1.0 9.14684283362e-11
0.0199213473287 1.0 7.64799999691e-11
0.0190921347329 1.0 8.47479623229e-11
0.0154092134733 1.0 3.90687619863e-11
0.0159409213473 1.0 1.17235005437e-11
0.0159940921347 1.0 3.1724612802e-12
0.0150994092135 1.0 7.82232487596e-13
0.0195099409213 1.0 2.01620405587e-13
0.0100509940921 1.0 5.60161457574e-14
0.00820509940921 1.0 1.56499608477e-14
0.00892050994092 1.0 4.28126188884e-15
0.0107920509941 1.0 1.13635225836e-15
0.00827920509941 1.0 2.91747365474e-16
0.0179279205099 1.0 7.23800441941e-17
0.011692792051 1.0 1.73468753659e-17
0.0083692792051 1.0 4.01602835849e-18
0.0197369279205 1.0 1.73131612895e-18
0.0163736927921 1.0 1.73833120366e-18
0.0151373692792 1.0 2.63482223904e-18
0.0132137369279 1.0 5.22004915398e-18
0.0193213736928 1.0 1.65889385722e-17
0.0181321373693 1.0 7.80230442152e-17
0.0153132137369 1.0 1.4639832155e-16
0.0249313213737 1.0 3.40857010204e-16
0.0159931321374 1.0 1.51425736602e-15
0.0105993132137 1.0 7.28639591225e-15
0.0208599313214 1.0 2.95829119566e-14
0.0200859931321 1.0 1.21209124097e-13
0.0119085993132 1.0 5.24599059824e-13
0.0272908599313 1.0 1.92866804349e-12
0.0189290859931 1.0 6.86542144991e-12
0.0189929085993 1.0 2.45572666482e-11
0.0171992908599 1.0 9.23291966359e-11
0.019719929086 1.0 2.77505295442e-10
0.0181719929086 1.0 7.68752135022e-10
0.0162171992909 1.0 2.44535311447e-09
0.0223217199291 1.0 8.05057312528e-09
0.0175321719929 1.0 2.31398910993e-08
0.0152532171993 1.0 6.44109788238e-08
0.0168253217199 1.0 1.72899844881e-07
0.014282532172 1.0 3.66648099267e-07
0.0167282532172 1.0 8.42514722878e-07
0.0205728253217 1.0 2.26221925872e-06
0.0137572825322 1.0 4.64424458571e-06
0.0220757282532 1.0 8.80174789491e-06
0.0175075728253 1.0 1.490027787e-05
0.0116507572825 1.0 2.1695272985e-05
0.0164650757283 1.0 3.56510000607e-05
0.0151465075728 1.0 6.89304455886e-05
0.0186146507573 1.0 0.000144162007447
0.0144614650757 1.0 0.00025910623273
0.0158461465076 1.0 0.000485205406865
0.0150846146508 1.0 0.000948653274051
0.0249084614651 1.0 0.00179573034407
0.0132908461465 1.0 0.003340884477
0.0157290846147 1.0 0.00624226326987
0.0222729084615 1.0 0.0112617418693
0.0184272908461 1.0 0.0195775134195
0.0216427290846 1.0 0.0327907948166
0.0174642729085 1.0 0.0529161009053
0.0215464272908 0.982266444466 0.0785184754193
0.0219546427291 0.963278547561 0.113013544647
0.0147954642729 0.912654385368 0.149790019663
0.0167795464273 0.848777432477 0.18863294862
0.0277779546427 0.777398518871 0.233217974825
0.0261777954643 0.672623849508 0.259105322633
0.0269177795464 0.583791310571 0.280680805089
0.0305917779546 0.504719142959 0.294127245819
0.0444591777955 0.455859059019 0.309954900033
0.0458459177795 0.42019568738 0.305024677699
0.044184591778 0.40253871631 0.303844676721
0.0449184591778 0.410076356838 0.302323146459
0.0395918459178 0.441007635684 0.307114222845
0.0426591845918 0.496794290051 0.305307326976
0.0258659184592 0.566208354625 0.286025476882
0.0358865918459 0.614621951465 0.281375720384
0.0224886591846 0.656346192767 0.268697311267
0.0256488659185 0.734481230454 0.241800215415
0.0223648865918 0.790922612841 0.218649419689
0.0148364886592 0.850697199556 0.187938176938
0.0212836488659 0.886066515968 0.169505819004
0.0156283648866 0.904933182209 0.165952230528
0.0141628364887 0.922593909937 0.144693724624
0.0149162836489 0.957311294108 0.112398719729
0.0185916283649 0.977997573877 0.0788473775992
0.0135591628365 0.997799757388 0.0534518828755
0.0175559162836 0.999779975739 0.03476996177
0.0197555916284 0.999977997574 0.0212332353166
0.0163755591628 0.999997799757 0.0124258273513
0.0151375559163 0.999999779976 0.00698302900679
0.0258137555916 0.999999977998 0.00378835192106
0.0178813755592 0.9999999978 0.00198771305268
0.0125881375559 0.99999999978 0.00110972515218
0.0201588137556 0.999999999978 0.000713384899171
0.0146158813756 0.999999999998 0.000570531210092
0.0176615881376 1.0 0.000440228285806
0.0161661588138 1.0 0.00024696929539
0.0160166158814 1.0 0.000119186761836
0.0178016615881 1.0 5.68054074654e-05
0.0179801661588 1.0 3.32440352404e-05
0.0116980166159 1.0 1.9784552302e-05
0.0110698016616 1.0 1.71670109935e-05
0.0101069801662 1.0 2.23889513637e-05
0.0100106980166 1.0 2.93445462403e-05
0.0244010698017 1.0 4.44780029362e-05
0.0132401069802 1.0 7.53280786874e-05
0.013924010698 1.0 0.000124131987013
0.0157924010698 1.0 0.000219884336275
0.017779240107 1.0 0.000414490669606
0.0089779240107 1.0 0.000792551647199
0.0206977924011 1.0 0.00154672094634
0.0101697792401 1.0 0.00292007669906
0.018116977924 1.0 0.00531857320645
0.0126116977924 1.0 0.0087696872816
0.0165611697792 1.0 0.0135235503987
0.0151561169779 1.0 0.0211188228084
0.0186156116978 1.0 0.0333874420655
0.0153615611698 1.0 0.0510700245316
0.016836156117 0.982266444466 0.0752775225628
0.0196836156117 0.963278547561 0.102792415309
0.0181683615612 0.944664172976 0.12988268358
0.0180168361561 0.91079294791 0.162844668021
0.0189016836156 0.848591288731 0.195495323312
0.0171901683616 0.777379904496 0.222211328351
0.0188190168362 0.713286327431 0.247176814013
0.0252819016836 0.656656416302 0.267100468703
0.0286281901684 0.606498524269 0.275889463992
0.0271628190168 0.577178778047 0.290093926826
0.0261162819017 0.558943095002 0.295943113512
0.0287116281902 0.535408401887 0.301568051997
0.030771162819 0.526130632249 0.300437762664
0.0246771162819 0.546440223719 0.292918650368
0.0222677116282 0.58718840107 0.287930654158
0.0319267711628 0.599551722746 0.287172188001
0.0157926771163 0.617956288277 0.284452238112
0.0222792677116 0.61979674483 0.279111215559
0.0274279267712 0.611296080733 0.280106127786
0.0207427926771 0.593673986772 0.28395766486
0.0254742792677 0.583812361092 0.291985562414
0.0268474279268 0.582826198524 0.289859969812
0.0269847427927 0.599115502492 0.287802027052
0.0305984742793 0.626804974285 0.277791726783
0.0291598474279 0.648008280987 0.268330813213
0.0254159847428 0.669476990421 0.260582907023
0.0259415984743 0.724409894966 0.248181214562
0.0241941598474 0.802901179416 0.214352981737
0.0204194159847 0.881286913954 0.173756783251
0.0200419415985 0.936465009616 0.130702504006
0.0173041941598 0.975912945428 0.096546355063
0.023330419416 0.997591294543 0.0673967592658
0.0176330419416 0.999759129454 0.0455209287413
0.0170633041942 0.999975912945 0.0296751731112
0.0161063304194 0.999997591295 0.0186655744406
0.0151106330419 0.999999759129 0.0113276413565
0.0204110633042 0.999999975913 0.00663270288109
0.0128411063304 0.999999997591 0.00374714538643
0.013884110633 0.999999999759 0.0020425671791
0.0247884110633 0.999999999976 0.00107429936837
0.00877884110633 0.999999999998 0.000545199313307
0.0206778841106 1.0 0.00027927073158
0.0128677884111 1.0 0.000147221216252
0.0138867788411 1.0 9.76351521935e-05
0.0139886778841 1.0 0.000109441240441
0.0157988677884 1.0 0.000132514367841
0.0141798867788 1.0 0.000206986628211
0.0221179886779 1.0 0.000387691464521
0.0148117988678 1.0 0.000753347200263
0.0140811798868 1.0 0.00138005275853
0.0158081179887 1.0 0.00228869147795
0.0186808117989 1.0 0.0038907867857
0.0225680811799 1.0 0.006876966036
0.016656808118 1.0 0.00956445952782
0.0205656808118 1.0 0.0125794582885
0.0164565680812 1.0 0.0150375143755
0.00974565680812 1.0 0.0162994567192
0.0189745656808 1.0 0.0169350586628
0.0180974565681 1.0 0.0169459071973
0.0171097456568 1.0 0.0163379502012
0.0170109745657 1.0 0.0151777044131
0.0179010974566 1.0 0.0135861280659
0.0287901097457 1.0 0.00973977804691
0.0172790109746 1.0 0.00567197812767
0.0215279010975 1.0 0.00324122850058
0.0156527901097 1.0 0.00203727828726
0.015965279011 1.0 0.00150629485754
0.0177965279011 1.0 0.00122613086805
0.0206796527901 1.0 0.00111587285971
0.015567965279 1.0 0.00111824631435
0.0195567965279 1.0 0.00109323651657
0.0136556796528 1.0 0.00102970881107
0.0157655679653 1.0 0.00080147580923
0.0159765567965 1.0 0.000546337094974
0.0195976556797 1.0 0.00031375395802
0.012759765568 1.0 0.000162840603184
0.0183759765568 1.0 9.14683453871e-05
0.00993759765568 1.0 6.55960974968e-05
0.0126937597656 1.0 5.30196332874e-05
0.0102693759766 1.0 4.21846495916e-05
0.0145269375977 1.0 3.24599566732e-05
0.00865269375977 1.0 2.79790908807e-05
0.023365269376 1.0 2.68950267431e-05
0.0149365269376 1.0 3.04258084816e-05
0.0203936526938 1.0 3.91804829388e-05
0.0173393652694 1.0 4.91924701447e-05
0.0170339365269 1.0 5.94596755123e-05
0.0170033936527 1.0 6.91230890471e-05
0.0206003393653 1.0 5.46128257881e-05
0.0236600339365 1.0 3.31906551763e-05
0.0194660033937 1.0 1.88672244342e-05
0.0190466003394 1.0 1.02956356051e-05
0.0208046600339 1.0 5.41611001984e-06
0.0146804660034 1.0 2.74873924718e-06
0.0203680466003 1.0 1.3460339896e-06
0.01643680466 1.0 6.360251237e-07
0.018743680466 1.0 2.90001191696e-07
0.0189743680466 1.0 1.2759777758e-07
0.0135974368047 1.0 5.41770299213e-08
0.0148597436805 1.0 3.09028933443e-08
0.012285974368 1.0 2.34895266355e-08
0.0165285974368 1.0 1.3873709766e-08
0.0151528597437 1.0 6.98446485608e-09
0.0177152859744 1.0 2.82924652159e-09
0.0116715285974 1.0 1.01890453991e-09
0.0137671528597 1.0 3.47085203793e-10
0.020276715286 1.0 1.02270999876e-10
0.0191276715286 1.0 2.81271372033e-11
0.0100127671529 1.0 7.38152378797e-12
0.0136012767153 1.0 1.82496889107e-12
0.0130601276715 1.0 4.39775110002e-13
0.0184060127672 1.0 1.02652178265e-13
0.0234406012767 1.0 2.3166904735e-14
0.0131440601277 1.0 8.55405705377e-15
0.0157144060128 1.0 7.75151974927e-15
0.0114714406013 1.0 1.05969879813e-14
0.0173471440601 1.0 1.97809268678e-14
0.017034714406 1.0 5.46381936279e-14
0.0242034714406 1.0 1.86013877715e-13
0.0213203471441 1.0 6.15685545342e-13
0.0174320347144 1.0 1.96613194686e-12
0.0125432034714 1.0 6.7256066639e-12
0.0111543203471 1.0 2.05991062539e-11
0.00741543203471 1.0 4.6122133533e-11
0.00704154320347 1.0 1.02752975047e-10
0.0151041543203 1.0 2.73617093227e-10
0.015010415432 1.0 7.08934320742e-10
0.0195010415432 1.0 1.77237181974e-09
0.00915010415432 1.0 4.27420651352e-09
0.0117150104154 1.0 9.94268719117e-09
0.0146715010415 1.0 2.23100459364e-08
0.0122671501042 1.0 4.8288822256e-08
0.0120267150104 1.0 1.00819217574e-07
0.015602671501 1.0 2.0304473888e-07
0.0141602671501 1.0 3.94451004195e-07
0.017616026715 1.0 7.3917717624e-07
0.0134616026715 1.0 1.33616316244e-06
0.00674616026715 1.0 2.32984627214e-06
0.0141746160267 1.0 3.91880171297e-06
0.0131174616027 1.0 6.35827124273e-06
0.0193117461603 1.0 9.95144407634e-06
0.015431174616 1.0 1.89730265769e-05
0.0150431174616 1.0 2.74538166253e-05
0.0195043117462 1.0 4.48346262036e-05
0.0235504311746 1.0 0.000101777940494
0.0176550431175 1.0 0.000226851428773
0.0197655043117 1.0 0.000449347186943
0.0172765504312 1.0 0.000763992871066
0.0188276550431 1.0 0.00120416333634
0.0279827655043 1.0 0.00210257592887
0.0225982765504 1.0 0.00364515464511
0.017559827655 1.0 0.00589091737672
0.0161559827655 1.0 0.00988744164395
0.0106155982766 1.0 0.0147352814
0.0181615598277 1.0 0.0219144109555
0.0198161559828 1.0 0.0337402853139
0.0181816155983 1.0 0.0462018084255
0.0117181615598 1.0 0.052525998678
0.013771816156 1.0 0.0481125126452
0.0175771816156 1.0 0.0364248369509
0.0143577181616 1.0 0.0253647309608
0.0248357718162 1.0 0.0157235450862
0.0168835771816 1.0 0.00918025278837
0.0241883577182 1.0 0.00504043120253
0.0195188357718 1.0 0.00272510844098
0.0190518835772 1.0 0.0014699520539
0.0136051883577 1.0 0.000742668428878
0.0175605188358 1.0 0.000353080101559
0.0143560518836 1.0 0.000176531297214
0.0176356051884 1.0 9.21675176998e-05
0.0179635605188 1.0 4.71391619121e-05
0.0152963560519 1.0 2.33293727602e-05
0.0204296356052 1.0 1.11469449226e-05
0.0182429635605 1.0 5.57399641388e-06
0.0153242963561 1.0 3.00361538003e-06
0.0168324296356 1.0 1.59313804181e-06
0.0169832429636 1.0 8.17506351056e-07
0.0160983242964 1.0 4.04587622536e-07
0.0160098324296 1.0 1.93009540533e-07
0.018700983243 1.0 7.84610649846e-08
0.0144700983243 1.0 2.90311939688e-08
0.0113470098324 1.0 1.02204640726e-08
0.0173347009832 1.0 5.55896252919e-09
0.0161334700983 1.0 4.85969263588e-09
0.0187133470098 1.0 5.47203671389e-09
0.020771334701 1.0 3.6507564502e-09
0.0218771334701 1.0 2.19175089824e-09
0.013887713347 1.0 2.70908744952e-09
0.0184887713347 1.0 3.00403885525e-09
0.0171488771335 1.0 4.63638328442e-09
0.0134148877133 1.0 1.27993385195e-08
0.0157414887713 1.0 3.87651835026e-08
0.0195741488771 1.0 1.13614716579e-07
0.0190574148877 1.0 1.88804131387e-07
0.0226057414888 1.0 1.66095915094e-07
0.0184605741489 1.0 9.54753788234e-08
0.0162460574149 1.0 4.57579792549e-08
0.0124246057415 1.0 1.96366306246e-08
0.0147424605741 1.0 7.31259826185e-09
0.00957424605741 1.0 2.36332715803e-09
0.0144574246057 1.0 7.17806985464e-10
0.0167457424606 1.0 2.08783694235e-10
0.0133745742461 1.0 5.84802021499e-11
0.0157374574246 1.0 1.5854699434e-11
0.0204737457425 1.0 5.83433878218e-12
0.0182473745742 1.0 3.67291387813e-12
0.0144247374574 1.0 3.26075073413e-12
0.0140424737457 1.0 2.9398690375e-12
0.00860424737457 1.0 2.57142869564e-12
0.0152604247375 1.0 2.17115722251e-12
0.0132260424737 1.0 2.2889882309e-12
0.0175226042474 1.0 1.65059804581e-12
0.0170522604247 1.0 6.41602857261e-13
0.0143052260425 1.0 1.86770222541e-13
0.0176305226042 1.0 4.75284093366e-14
0.0224630522604 1.0 1.13011579392e-14
0.013046305226 1.0 2.73332611696e-15
0.0202046305226 1.0 1.00550306744e-15
0.00922046305226 1.0 5.97263781296e-16
0.0144220463052 1.0 3.90807474628e-16
0.0131422046305 1.0 2.51936208757e-16
0.0139142204631 1.0 1.57188529379e-16
0.0166914220463 1.0 9.46687431337e-17
0.0124691422046 1.0 5.50147210422e-17
0.0129469142205 1.0 3.08472800643e-17
0.012094691422 1.0 1.66887209698e-17
0.0156094691422 1.0 8.7117251402e-18
0.0114609469142 1.0 4.38801423993e-18
0.0191460946914 1.0 2.78082035848e-18
0.0208146094691 1.0 3.02591709357e-18
0.0119814609469 1.0 6.46066129757e-18
0.0182981460947 1.0 2.15505431995e-17
0.0171298146095 1.0 9.62790814278e-17
0.0188129814609 1.0 3.63793065271e-16
0.0162812981461 1.0 1.23870537497e-15
0.0196281298146 1.0 2.85702950424e-15
0.0145628129815 1.0 3.88885153813e-15
0.0104562812981 1.0 5.7066765758e-15
0.0118456281298 1.0 1.03474269742e-14
0.021884562813 1.0 2.36360572564e-14
0.0201884562813 1.0 4.59963581576e-14
0.0182188456281 1.0 1.26019934656e-13
0.0189218845628 1.0 4.7204186223e-13
0.0135921884563 1.0 1.73597813563e-12
0.0166592188456 1.0 6.15857658433e-12
0.0205659218846 1.0 1.81272698204e-11
0.0209565921885 1.0 3.5051025867e-11
0.0146956592188 1.0 5.48416432337e-11
0.0221695659219 1.0 9.14932374302e-11
0.0175169565922 1.0 1.0951826325e-10
0.0125516956592 1.0 1.34280482325e-10
0.0183551695659 1.0 1.99011154126e-10
0.0144355169566 1.0 3.70924481721e-10
0.0203435516957 1.0 8.21911192307e-10
0.0191343551696 1.0 1.99065279645e-09
0.018113435517 1.0 3.46810903618e-09
0.0189113435517 1.0 5.70940329329e-09
0.0135911343552 1.0 1.09298554467e-08
0.0202591134355 1.0 2.31371411081e-08
0.0173259113436 1.0 4.61340286861e-08
0.0170325911344 1.0 9.16995227684e-08
0.0143032591134 1.0 1.70692946715e-07
0.0176303259113 1.0 3.16848887165e-07
0.0125630325911 1.0 5.50474025421e-07
0.0174563032591 1.0 1.1323843794e-06
0.0206456303259 1.0 2.7930386231e-06
0.0173645630326 1.0 6.70106392995e-06
0.0152364563033 1.0 1.31746520901e-05
0.0177236456303 1.0 2.40033345341e-05
0.014372364563 1.0 4.66187883689e-05
0.0185372364563 1.0 9.84363103744e-05
0.0126537236456 1.0 0.000216228399354
0.0192653723646 1.0 0.000273311345518
0.0136265372365 1.0 0.000205956777195
0.0157626537236 1.0 0.000117501755
0.0150762653724 1.0 5.47648891025e-05
0.0168076265372 1.0 2.3559849915e-05
0.0232807626537 1.0 9.89236705145e-06
0.0122280762654 1.0 4.14267138689e-06
0.0165228076265 1.0 1.81212677277e-06
0.0178522807627 1.0 8.66677727228e-07
0.0116852280763 1.0 4.54581146439e-07
0.0191685228076 1.0 2.35928650074e-07
0.0127168522808 1.0 1.18704139153e-07
0.0120716852281 1.0 5.76801896781e-08
0.00840716852281 1.0 2.70497182112e-08
0.0134407168523 1.0 1.22411949912e-08
0.0112440716852 1.0 5.34574453981e-09
0.0101244071685 1.0 2.2528093024e-09
