0.0117 0.9 2.21158749835e-19
0.01827 0.99 9.99900691212e-19
0.023427 0.999 4.23323863027e-18
0.0338427 0.9999 1.82218821474e-17
0.03848427 0.99999 7.70545197855e-17
0.060548427 0.999999 3.51384360614e-16
0.0375548427 0.9999999 1.59841715053e-15
0.05865548427 0.99999999 6.98526247469e-15
0.085965548427 0.999999999 2.96710233868e-14
0.0877965548427 0.9999999999 1.21901500708e-13
0.102379655484 0.99999999999 4.6811161395e-13
0.133537965548 0.999999999999 1.56197681574e-12
0.118653796555 1.0 5.02780315087e-12
0.119865379655 1.0 1.58757327924e-11
0.156886537966 1.0 4.74468527499e-11
0.160588653797 1.0 1.47424693821e-10
0.15465886538 1.0 4.87996996254e-10
0.172065886538 1.0 1.45481021205e-09
0.168406588654 1.0 4.068472635e-09
0.191440658865 1.0 1.12042480174e-08
0.172144065887 1.0 3.01204018865e-08
0.186414406589 1.0 7.42777413583e-08
0.168041440659 1.0 1.78543366528e-07
0.184204144066 1.0 4.13925408282e-07
0.178620414407 1.0 9.2771979554e-07
0.189762041441 1.0 2.06205210003e-06
0.165676204144 1.0 4.32465215793e-06
0.165967620414 1.0 8.95441800602e-06
0.165096762041 1.0 1.85295085918e-05
0.147909676204 1.0 3.73783794807e-05
0.17679096762 1.0 7.18753834278e-05
0.189579096762 1.0 0.000111404685386
0.172857909676 1.0 0.000181763519657
0.184685790968 1.0 0.00029905426652
0.170568579097 1.0 0.000497271142317
0.18085685791 1.0 0.000854304578644
0.191785685791 1.0 0.00142800017072
0.182978568579 1.0 0.00236195598504
0.187497856858 1.0 0.00341330178696
0.179849785686 1.0 0.00491458184145
0.185384978569 1.0 0.00739661781366
0.190438497857 0.998387858588 0.0107028329279
0.209843849786 0.996661686142 0.0150174256472
0.180284384979 0.993493495134 0.018565481589
0.168328438498 0.988994336372 0.0228008131316
0.18783284385 0.982306205437 0.0275110163577
0.167283284385 0.973560841567 0.0329916889621
0.180528328438 0.964724438985 0.0383415894983
0.202552832844 0.956914738793 0.0428734381254
0.192155283284 0.950047382112 0.0466270558423
0.184815528328 0.943424806653 0.0502108896208
0.186781552833 0.939093597989 0.0535993902699
0.211278155283 0.933731196703 0.0585356316031
0.197527815528 0.928535492528 0.0632955738222
0.201552781553 0.920702126309 0.0679181645868
0.219055278155 0.913720085214 0.0730829998911
0.210005527816 0.906829869266 0.0772069939439
0.217200552782 0.897234266334 0.0804021475462
0.226020055278 0.886272187593 0.0841594975611
0.224202005528 0.8774717537 0.0906321232851
0.216820200553 0.868741193895 0.0955018830551
0.207082020055 0.865080353974 0.0994520840945
0.215108202006 0.866243422166 0.0994494828815
0.200610820201 0.872149890052 0.0985677544709
0.19646108202 0.883960895829 0.0948685616043
0.207746108202 0.888538040478 0.0926040700653
0.22057461082 0.882911609187 0.0931179314566
0.208357461082 0.880821192268 0.0908373311178
0.216135746108 0.878753375293 0.0876398002135
0.223213574611 0.880025902808 0.0858032577565
0.225721357461 0.883363876731 0.0818722510723
0.220572135746 0.891032774483 0.0787596727838
0.233557213575 0.895530878067 0.0760667376997
0.214155721357 0.901989474004 0.0758430401438
0.190615572136 0.91312024184 0.0739008046123
0.186461557214 0.925365684605 0.0710115461361
0.188746155721 0.936708115874 0.0680146274835
0.174574615572 0.946924418423 0.0631038472932
0.174057461557 0.961501106415 0.0549493751954
0.184805746156 0.970338061994 0.0463368229229
0.167880574616 0.978137258119 0.0391980921896
0.180588057462 0.981683170999 0.0334727821244
0.153058805746 0.982356325951 0.0301575391954
0.191705880575 0.981642404395 0.0291284920654
0.191970588057 0.983964390702 0.0272713584607
0.176697058806 0.989396147799 0.0240276116871
0.198569705881 0.994242916436 0.020977769051
0.181856970588 0.996200008819 0.0206773664188
0.177485697059 0.994830759753 0.0233617950359
0.178848569706 0.990133302778 0.0283985765114
0.187984856971 0.979734372904 0.0346799040715
0.179898485697 0.964911839883 0.0409253456125
0.17458984857 0.948629617943 0.0470929801423
0.177658984857 0.932983776343 0.051859933665
0.198665898486 0.918492785716 0.0546944146732
0.204366589849 0.907413055259 0.0563652412914
0.211236658985 0.899639879741 0.0564341610964
0.226323665898 0.894171445233 0.056619282237
0.22603236659 0.890538526443 0.056528067727
0.220603236659 0.890997942209 0.0568458725561
0.223660323666 0.893881246179 0.0550888134397
0.205066032367 0.897440940866 0.055748709946
0.214906603237 0.902803292811 0.0555164124913
0.226690660324 0.911984599989 0.055152869256
0.197269066032 0.918754880101 0.0555393944612
0.199726906603 0.916710341738 0.0563720001838
0.23417269066 0.913344142438 0.0591894282546
0.189917269066 0.913087616242 0.0628575409533
0.197191726907 0.911279182602 0.0680827882984
0.190719172691 0.908611173865 0.07147166338
0.176571917269 0.909270180799 0.0743650567611
0.185057191727 0.912676247277 0.0788852660388
0.198505719173 0.912261889159 0.0814560575861
0.204350571917 0.911637870281 0.0806423276879
0.238235057192 0.913689561259 0.0778332407929
0.220923505719 0.916873401376 0.0732838152232
0.214692350572 0.921939298274 0.0667161124989
0.224869235057 0.929293140879 0.0602376694514
0.220486923506 0.933345996643 0.0511653336695
0.218248692351 0.936928381936 0.0446655869768
0.200924869235 0.938243152362 0.0404014643713
0.227092486924 0.942058725454 0.0378507331071
0.197309248692 0.946007916655 0.0364032422061
0.203330924869 0.951166069135 0.0344719008348
0.179633092487 0.957534033777 0.0320161895394
0.189863309249 0.961612036325 0.0309412165139
0.165686330925 0.966706658178 0.0284185879964
0.170468633092 0.974621774538 0.0243041435749
0.161946863309 0.983262327717 0.0208465744312
0.168294686331 0.986653954433 0.0178250889265
0.159929468633 0.988310382302 0.0170787409986
0.164492946863 0.987158759891 0.0170442057778
0.169449294686 0.984516026252 0.018911499666
0.205944929469 0.980709058538 0.0210812073971
0.165494492947 0.977056961415 0.022693632449
0.171349449295 0.972705696142 0.0245372176124
0.170134944929 0.96781602416 0.025984184065
0.174513494493 0.964130046292 0.027389951192
0.175851349449 0.961551997867 0.0284085705371
0.188585134945 0.960590724689 0.029956262861
0.185358513494 0.95720359902 0.0317163762072
0.183235851349 0.956248941615 0.0345054941367
0.164123585135 0.960060419064 0.0378747857714
0.156812358513 0.963303092858 0.0417168241299
0.180381235851 0.96125865216 0.0450054883926
0.187238123585 0.957301635612 0.0485009389039
0.178023812359 0.949122897438 0.0528436863841
0.205002381236 0.937851446682 0.0571927575465
0.217600238124 0.930494833952 0.059234412312
0.193660023812 0.927137887318 0.0618744378389
0.189466002381 0.921540458546 0.0657948886712
0.198046600238 0.915682292097 0.067245294818
0.209704660024 0.914632052001 0.0686281681299
0.219870466002 0.915091702099 0.0684446930731
0.2262870466 0.914982388906 0.0665678988481
0.22152870466 0.912764855632 0.0638588864421
0.227352870466 0.911835030607 0.0622535915206
0.198235287047 0.912570291672 0.0587926523494
0.204323528705 0.916399074622 0.0558896118499
0.18243235287 0.924220775414 0.0537235505753
0.176643235287 0.930374303886 0.049798782345
0.201264323529 0.934149387096 0.0479045712243
0.183026432353 0.938009459828 0.0439495084519
0.202802643235 0.942173727048 0.0409283442144
0.213780264324 0.948136803093 0.0396931795535
0.192378026432 0.95373012061 0.0369817181921
0.201037802643 0.958790855862 0.0356588462319
0.183003780264 0.965854364262 0.0345814308584
0.181200378026 0.973026990412 0.0335541846857
0.187320037803 0.978176570464 0.0310267352357
0.19153200378 0.982604298976 0.0279516196896
0.178453200378 0.984728317039 0.0264425345142
0.205945320038 0.982660840555 0.0268188220469
0.184394532004 0.978314202289 0.0268712400078
0.1732394532 0.972831420229 0.0271776204491
0.21262394532 0.968676576892 0.0282558027119
0.199462394532 0.964987330985 0.0286096292855
0.179246239453 0.963093676616 0.0297371901648
0.188024623945 0.9614483609 0.0291262204372
0.193402462395 0.962003469037 0.0295485254388
0.184940246239 0.96205897985 0.0305987406682
0.206594024624 0.963554341861 0.0316555188116
0.194359402462 0.966136727643 0.0331372552856
0.184135940246 0.967263712954 0.0347582572519
0.190313594025 0.965659684429 0.0373799927696
0.204431359402 0.961548770549 0.0389738440441
0.17974313594 0.958290482661 0.0415331172596
0.195274313594 0.952906358321 0.0446075977474
0.186027431359 0.946818926273 0.0477857885123
0.198602743136 0.942872964082 0.05343155869
0.175560274314 0.94316264308 0.0571902487738
0.185856027431 0.941881494893 0.0612131721441
0.187785602743 0.935398936254 0.0673504291024
0.178978560274 0.927301095628 0.0730623308137
0.211397856027 0.913326965587 0.0787034650225
0.204739785603 0.896197654946 0.0858002318591
0.24277397856 0.882425801644 0.0890280931329
0.215077397856 0.877812325741 0.0902916264697
0.221307739786 0.884743780919 0.0877928546461
0.221030773979 0.889821525303 0.0845797745181
0.214703077398 0.892780701366 0.0832661345001
0.19787030774 0.89720764122 0.0821592399999
0.217787030774 0.903006089647 0.0771858210227
0.210778703077 0.908915544569 0.072527811137
0.199277870308 0.914988687114 0.0683764519918
0.224227787031 0.922360979266 0.0642268316409
0.223122778703 0.928463672728 0.0601853923282
0.21221227787 0.938145919869 0.055562228128
0.194021227787 0.949483545388 0.0494400104727
0.203002122779 0.95774571979 0.0435279363298
0.188600212278 0.962471308504 0.0406532558882
0.184460021228 0.961189704429 0.0388187493361
0.201146002123 0.958942353933 0.0366103449819
0.206414600212 0.958311662257 0.0357551497719
0.198841460021 0.954023831793 0.0356127191921
0.206184146002 0.948535793406 0.0350814926973
0.1988184146 0.944211354624 0.0345792849234
0.23858184146 0.941591821919 0.0343131423056
0.221858184146 0.939997227327 0.0328934668743
0.203985818415 0.939837767868 0.0323129430501
0.215698581841 0.941154463243 0.0326795887814
0.236669858184 0.943473221608 0.0326748085051
0.209066985818 0.947028289364 0.0340771428158
0.209906698582 0.949655964994 0.0358198718191
0.193790669858 0.950194686653 0.0386630769784
0.200279066986 0.949186798029 0.0422185444066
0.184727906699 0.95115861018 0.0433884787485
0.18497279067 0.958443582679 0.044662514795
0.173297279067 0.959595617251 0.0463752165602
0.208129727907 0.961623789437 0.0485946762812
0.211612972791 0.962926077426 0.0487491190688
0.200261297279 0.963631283779 0.0489402099513
0.170326129728 0.966013228348 0.0462245232047
0.181732612973 0.969989181423 0.0398419009614
0.174773261297 0.97038677673 0.0354107659243
0.17767732613 0.972997617399 0.0323788820542
0.188767732613 0.971646560053 0.0324346806978
0.183576773261 0.968052293546 0.0349414387053
0.182157677326 0.96117801042 0.0377636443975
0.149615767733 0.953882461196 0.0417119547673
0.184161576773 0.94657047963 0.0449962377682
0.211016157677 0.940238047043 0.0478031516706
0.177701615768 0.935436985838 0.0494124762129
0.200470161577 0.93297886659 0.050470727592
0.203647016158 0.932155011779 0.0498495161411
0.201264701616 0.934593388515 0.0492860819876
0.210026470162 0.927449864606 0.0505967200548
0.215402647016 0.917835895551 0.0528777799863
0.215040264702 0.909274078886 0.0540486037721
0.20420402647 0.902533619247 0.0541951685221
0.212120402647 0.900208130856 0.0541529780854
0.200312040265 0.903827964633 0.0537672694722
0.218031204026 0.910285578855 0.0530312002837
0.191903120403 0.912612193112 0.0521256956142
0.21269031204 0.914479687056 0.0540451973794
0.212969031204 0.915392356044 0.0535380935849
0.20669690312 0.91805996762 0.0538180008573
0.194369690312 0.923539933518 0.0530759218092
0.204836969031 0.928886421459 0.0526551508314
0.199583696903 0.933283106774 0.0513249613926
0.18555836969 0.939605556245 0.0495097170766
0.203055836969 0.948355544404 0.0474965528151
0.190405583697 0.956946459408 0.0443493125
0.20354055837 0.963063000769 0.040780317412
0.172454055837 0.966087593534 0.0380541522584
0.177445405584 0.970955557667 0.0384434813179
0.197744540558 0.977325227849 0.0387626883376
0.161074454056 0.979887570966 0.0377413553122
0.163707445406 0.981461070475 0.0379889573117
0.181970744541 0.980769157594 0.0380361998351
0.178397074454 0.979439922928 0.0373470407494
0.183439707445 0.980201296067 0.0364474552681
0.179443970745 0.982710998579 0.036533889496
0.190744397074 0.979921035389 0.0379884614903
0.197274439707 0.974169276619 0.043121710326
0.184427443971 0.963067413267 0.0506983421607
0.205642744397 0.947172861701 0.0591037271514
0.20596427444 0.930139903947 0.0675430056276
0.195196427444 0.912056008206 0.0736108909659
0.202219642744 0.896342367986 0.0782380782126
0.217321964274 0.884036771567 0.0810418102983
0.212532196427 0.875709857148 0.0833012580944
0.213853219643 0.868486456084 0.0861992359303
0.222085321964 0.86233382475 0.0894826732507
0.219308532196 0.862458169681 0.0913826873213
0.19743085322 0.868817548632 0.0918778046228
0.231243085322 0.876709883755 0.0915710524015
0.218424308532 0.879887794328 0.0890619119835
0.218042430853 0.88218683642 0.0868764613244
0.193704243085 0.88548931725 0.0837838415508
0.197570424309 0.893378657677 0.0809744753287
0.207857042431 0.901234602541 0.0780424781964
0.189985704243 0.912067384805 0.0736029462528
0.200798570424 0.925266276685 0.069364438121
0.180279857042 0.936322866703 0.0622261490533
0.188127985704 0.948707140865 0.0548624766106
0.16551279857 0.958279458334 0.048032146124
0.187551279857 0.968073609925 0.0423129810577
0.172655127986 0.977037033075 0.0357725611148
0.192765512799 0.985736548754 0.0304229943986
0.18847655128 0.99096697584 0.0259891925875
0.178147655128 0.995919597867 0.0227373209824
0.180714765513 0.99641486007 0.0229078046387
0.170171476551 0.991856671114 0.0266360517854
0.164617147655 0.984133955627 0.0309191642198
0.170361714766 0.97660686679 0.0369869370729
0.163736171477 0.966036526573 0.0423795717746
0.168473617148 0.955969364183 0.047779424603
0.182447361715 0.946845173582 0.0532660865922
0.182944736171 0.936854697206 0.0580719925771
0.183894473617 0.929173497845 0.0621515947674
0.189389447362 0.922984022895 0.0663970957076
0.217838944736 0.916130259832 0.0697996566177
0.199083894474 0.905714159722 0.0742470548344
0.199908389447 0.893833361428 0.0765510005198
0.211690838945 0.885304513317 0.0767040949372
0.203869083894 0.874851750536 0.0787301224545
0.223786908389 0.864484487551 0.0788071354392
0.210478690839 0.859451450116 0.0805990903105
0.224447869084 0.859061318266 0.0797245199279
0.214144786908 0.865657406099 0.0798675522032
0.228414478691 0.875055270373 0.0786820925955
0.215441447869 0.880124634796 0.0792774274251
0.210544144787 0.886395313622 0.0784625121494
0.190254414479 0.895719838677 0.0752123046982
0.225125441448 0.907400242647 0.0724207543135
0.191712544145 0.920396310556 0.0671706778825
0.223471254414 0.933408583577 0.0613584909863
0.217647125441 0.939391203347 0.0563948521387
0.176564712544 0.947331854211 0.0515473738298
0.202156471254 0.958278095944 0.0458954346022
0.212815647125 0.968073473686 0.0418171021537
0.177881564713 0.968069588751 0.0418433009362
0.199588156471 0.962655715077 0.0439016425066
0.191858815647 0.956707866402 0.044611307422
0.191085881565 0.950899876794 0.044558142769
0.200908588156 0.946948082937 0.0433039494703
0.205490858816 0.943627991973 0.0406138555833
0.197849085882 0.942236220594 0.0404467480407
0.209684908588 0.939104088385 0.0414258366843
0.230668490859 0.936895764702 0.0429713552199
0.230966849086 0.934687589446 0.0461882061523
0.194996684909 0.933070490279 0.0500646794345
0.178799668491 0.931728718867 0.0526531669318
0.185279966849 0.934764871336 0.0516481018495
0.184127996685 0.936915526285 0.0504078202905
0.216412799668 0.939515751292 0.0490809206834
0.207041279967 0.940286074567 0.0498295569846
0.180004127997 0.941245723107 0.0497730808321
0.1908004128 0.943890274547 0.0476226858571
0.19548004128 0.948030515876 0.0454221350587
0.179748004128 0.953769371345 0.0437050072188
0.183574800413 0.955947584436 0.0400862607317
0.175857480041 0.958418141934 0.0378339630278
0.189485748004 0.960088305728 0.0354733791927
0.1872485748 0.963305881524 0.0343515595861
0.18612485748 0.966305866828 0.0340044218726
0.186012485748 0.971404595686 0.0337983839361
0.198601248575 0.971914468572 0.0327438957205
0.191760124857 0.970579305445 0.0309656761259
0.175776012486 0.968451365413 0.0299099071154
0.189477601249 0.964964809837 0.0290041555836
0.183647760125 0.963091424502 0.0289491291585
0.181264776012 0.961448135688 0.0276221389629
0.181026477601 0.962003446516 0.027727838371
0.19450264776 0.963548788528 0.0274561916927
0.189550264776 0.966900333398 0.0278995995031
0.203455026478 0.970754770597 0.027318811938
0.194945502648 0.976061532621 0.026848982668
0.174294550265 0.982193443255 0.0265206072262
0.192029455026 0.984019494588 0.0270473056209
0.171302945503 0.981377098039 0.0311452895797
0.16473029455 0.977663820721 0.0354905176322
0.189273029455 0.975717490792 0.0381336658358
0.181827302946 0.972901970102 0.039670756476
0.183782730295 0.96694029698 0.0432538645187
0.187578273029 0.962061593198 0.04740468379
0.196057827303 0.951377212208 0.0515088246839
0.20500578273 0.938016149494 0.0562186963997
0.210400578273 0.926397567493 0.0599163460652
0.204640057827 0.917474439059 0.0615333620726
0.200464005783 0.910528583257 0.0613992495217
0.206346400578 0.908433103604 0.0617482233462
0.221334640058 0.914709832248 0.0583833807036
0.188633464006 0.926751938346 0.0540601964104
0.204263346401 0.934814771783 0.0483453641547
0.21122633464 0.941022031696 0.0437253892144
0.199322633464 0.947490380923 0.0394735281835
0.196332263346 0.954281423231 0.0358776633354
0.207733226335 0.955956724036 0.0340695864009
0.186373322633 0.957369680802 0.0328803135151
0.178837332263 0.962331911598 0.0309654941923
0.190683733226 0.969385569553 0.0297469556435
0.192768373323 0.976986675189 0.0272159493884
0.181276837332 0.984745212422 0.0256368156065
0.178327683733 0.989255700795 0.0242119552408
0.198732768373 0.991051772019 0.0238075323533
0.175573276837 0.992796337446 0.0242220520485
0.199357327684 0.993106960264 0.0237332267262
0.163935732768 0.991704016991 0.0239427068462
0.184693573277 0.988815388558 0.0238706650141
0.171469357328 0.988526525715 0.0234447442489
0.167446935733 0.987180374233 0.0245978626833
0.161644693573 0.984518187686 0.0274962174052
0.179064469357 0.980246449156 0.0308789255626
0.201506446936 0.977105001111 0.0353898390277
0.192050644694 0.973519455956 0.0380637904199
0.219005064469 0.971698743909 0.0398977557874
0.191100506447 0.967097969959 0.041694945517
0.180210050645 0.96163813987 0.0454865640362
0.182721005064 0.955905578828 0.0518552486984
0.187472100506 0.944917559972 0.0579970229291
0.203247210051 0.932918372295 0.0646964366573
0.205724721005 0.924780793466 0.0687998862869
0.190672472101 0.91633438272 0.0727205355486
0.21796724721 0.903944613099 0.0762115015924
0.220696724721 0.893838193303 0.0790784787619
0.210169672472 0.887404563116 0.0787538128842
0.233416967247 0.880962045069 0.0805800566509
0.229441696725 0.865748971272 0.0830390063253
0.223644169672 0.853079759428 0.0828750990248
0.213164416967 0.850588720028 0.0834310620532
0.226516441697 0.855615349774 0.0830958351705
0.21885164417 0.865163995 0.0811881442224
0.218985164417 0.879322768002 0.0787716751304
0.211798516442 0.895813233108 0.0754706882562
0.201179851644 0.905123105977 0.0721806072031
0.206417985164 0.913135072451 0.069490740144
0.212341798516 0.928574960299 0.0647892595315
0.182334179852 0.942961004355 0.0573686870959
0.178433417985 0.958962789405 0.0492066204275
0.200543341799 0.975523755723 0.0401053298677
0.17395433418 0.985374984584 0.0308564440795
0.171295433418 0.992228658703 0.0227562489998
0.177329543342 0.997610724458 0.0169189552307
0.194132954334 0.999761072446 0.0134758518194
0.171513295433 0.999976107245 0.0124971548209
0.160251329543 0.998385469312 0.0128892579074
0.196025132954 0.998226405519 0.0140254491698
0.166302513295 0.996645540835 0.0158435862999
0.17773025133 0.993491880603 0.0190061241895
0.179773025133 0.991742509025 0.0230997871066
0.161977302513 0.988561818219 0.0274679748468
0.188997730251 0.983711927552 0.0338453106406
0.168299773025 0.978622782927 0.0390216456576
0.180629977303 0.975082634505 0.0425904292438
0.17556299773 0.9671778589 0.0460990648273
0.159756299773 0.954195005528 0.0486556354705
0.180675629977 0.941923894824 0.0514271605896
0.211567562998 0.929333571369 0.0536258647205
0.1975567563 0.918149560537 0.054668383551
0.17815567563 0.909191202153 0.0547916835518
0.205915567563 0.904024642517 0.0546097067552
0.197891556756 0.903126632868 0.0548794565868
0.205189155676 0.901622269913 0.0556634858701
0.200518915568 0.900738611917 0.0548280427626
0.204551891557 0.902041492337 0.054712801186
0.231955189156 0.906197243926 0.0544118323077
0.222095518916 0.910083565379 0.0530799346957
0.201309551892 0.913050959129 0.0538971576871
0.210930955189 0.915990046678 0.0549652858312
0.205593095519 0.916663786403 0.0561936505722
0.226659309552 0.916731160376 0.0573063427225
0.193665930955 0.916358066803 0.0589147458388
0.205666593096 0.917721498206 0.0579878250289
0.19696665931 0.926975813954 0.0554241696933
0.198796665931 0.934158713283 0.0507736512168
0.194479666593 0.939874604097 0.046025848421
0.193147966659 0.947906890798 0.0419464335034
0.166914796666 0.954323074219 0.0380810067544
0.184091479667 0.96057130066 0.0352090097505
0.184009147967 0.965774714069 0.0335283875838
0.187600914797 0.97190769243 0.0325688509942
0.17716009148 0.97898539963 0.0308286551478
0.205816009148 0.979308730239 0.029221156071
0.193381600915 0.978160545107 0.0299061665435
0.204738160091 0.973900836943 0.0328331775659
0.186073816009 0.968437910656 0.0358893120092
0.191407381601 0.966309765056 0.0375085135672
0.18744073816 0.973430835497 0.0348011462011
0.168144073816 0.983646093935 0.0284126479352
0.174314407382 0.992055769638 0.0216666496053
0.168631440738 0.997593435552 0.0153601147698
0.178863144074 0.999759343555 0.0105114656326
0.186186314407 0.999975934356 0.00694021658723
0.164418631441 0.999997593436 0.0045360852766
0.187441863144 0.999999759344 0.0030397644817
0.175344186314 0.999999975934 0.00203413444741
0.163334418631 0.999999997593 0.0012402381362
0.160333441863 0.999999999759 0.000763173600869
0.171733344186 0.999999999976 0.000527511551641
0.175573334419 0.999999999998 0.000424427554954
0.186757333442 1.0 0.000369182076396
0.168975733344 1.0 0.000368249491732
0.164497573334 1.0 0.000351498676506
0.177549757333 1.0 0.000391356355494
0.150954975733 1.0 0.00057583306433
0.184295497573 1.0 0.000853779585366
0.184929549757 1.0 0.00135578515717
0.166992954976 1.0 0.00222178305315
0.184099295498 1.0 0.00352646498896
0.18310992955 1.0 0.00543317013066
0.161410992955 0.998387858588 0.00821230582737
0.179941099295 0.995142087515 0.0115547806918
0.18449410993 0.99051391748 0.0154414357455
0.175049410993 0.984851542011 0.0185221093156
0.182204941099 0.978533272434 0.0215533084032
0.19552049411 0.971005705636 0.0244046933049
0.198652049411 0.963695514082 0.026270574204
0.190865204941 0.958143559807 0.0282832280006
0.181086520494 0.95345324487 0.0288691092709
0.187308652049 0.949410736291 0.0298162004086
0.201430865205 0.945486398721 0.029485165803
0.18034308652 0.943906415156 0.0298826703653
0.209734308652 0.943367063114 0.0310267896375
0.224373430865 0.94331312791 0.0315509936592
0.210537343087 0.945287598934 0.0328969714374
0.185753734309 0.949563954868 0.0337845461967
0.182375373431 0.954292170622 0.0332316299668
0.199137537343 0.959675708597 0.0339436739528
0.201713753734 0.965052652745 0.0342502250045
0.178571375373 0.971856685164 0.0349912222096
0.205957137537 0.975231922148 0.0345306283254
0.171795713754 0.974323051206 0.0345654962881
0.178279571375 0.973873859106 0.0352632077613
0.186127957138 0.970169225919 0.035117576773
0.185112795714 0.965950235725 0.0356695169623
0.178711279571 0.962331326037 0.0378206304664
0.187971127957 0.958195026125 0.0393113933568
0.190697112796 0.956390149914 0.0401256902892
0.19456971128 0.952716325047 0.0399834398046
0.177856971128 0.95234894256 0.0401799693544
0.170785697113 0.955805541557 0.0378562038638
0.191678569711 0.96131685662 0.035282055807
0.172167856971 0.965064998795 0.0331303486638
0.175616785697 0.967899934749 0.031119091669
0.17416167857 0.96733544802 0.0301436636019
0.171316167857 0.964853218097 0.0310386125475
0.162031616786 0.958902748674 0.0325813369579
0.184503161679 0.950843410925 0.0359195177048
0.197550316168 0.94527424379 0.0385505960671
0.182655031617 0.93958473488 0.0401313143838
0.212665503162 0.933948255588 0.0421116411012
0.195866550316 0.930686105707 0.0425958665128
0.195986655032 0.930667855219 0.0439536177269
0.189698665503 0.931622562067 0.0444101197372
0.18996986655 0.935223992944 0.042614569948
0.183696986655 0.940627745061 0.0414659964568
0.209169698666 0.947450952259 0.0387772237942
0.212616969867 0.950903770644 0.0379320124205
0.195861696987 0.95244185906 0.0384943349064
0.184286169699 0.953841094588 0.0390431788073
0.21282861697 0.95528220615 0.0402187112269
0.185982861697 0.955267047174 0.0420316031826
0.18059828617 0.955212664184 0.044745995171
0.178259828617 0.953115918665 0.0477475348211
0.190625982862 0.948865668653 0.0531234331379
0.182862598286 0.942086596356 0.058287882191
0.182986259829 0.932672762616 0.0638006541239
0.200998625983 0.931812186785 0.0646640624505
0.202799862598 0.9337019519 0.0628601625275
0.20027998626 0.936475637781 0.0610890996472
0.217127998626 0.939554314958 0.057508249141
0.206212799863 0.941617917897 0.0537268227192
0.219521279986 0.940523090181 0.0519596547255
0.236152127999 0.93587443565 0.0521122009098
0.2099152128 0.931963810154 0.0523651392409
0.19199152128 0.930597555855 0.0535357708324
0.176699152128 0.930878140313 0.0534746111918
0.192269915213 0.928228995918 0.0542434304221
0.191126991521 0.922723970083 0.0567687114467
0.188312699152 0.914670948214 0.0585279871039
0.198831269915 0.907419813623 0.0608588453229
0.201683126992 0.902709612508 0.0621640748596
0.185768312699 0.897572061382 0.064255151288
0.22197683127 0.895127636412 0.0660149690454
0.215697683127 0.893692883544 0.0671242371466
0.215069768313 0.89479353816 0.067787173284
0.214106976831 0.899062843947 0.0688793474185
0.191510697683 0.905254768411 0.0675159605194
0.198251069768 0.915679422588 0.0656082951704
0.197125106977 0.928042617881 0.0625201124965
0.184412510698 0.941545041522 0.0577933278528
0.17054125107 0.953785874214 0.0514232178108
0.179054125107 0.96550093947 0.044081356624
0.161905412511 0.975877524336 0.0394167558571
0.172790541251 0.983808399918 0.033340059232
0.170279054125 0.992026640558 0.025898767418
0.163727905413 0.995978381231 0.0183894958402
0.160372790541 0.999597838123 0.0131225132145
0.187037279054 0.999959783812 0.00987095040873
0.185203727905 0.999995978381 0.00710960194554
0.177820372791 0.999999597838 0.00460297814435
0.168082037279 0.999999959784 0.00278265021471
0.166208203728 0.999999995978 0.00199523485485
0.166020820373 0.999999999598 0.00194180138945
0.167802082037 0.99999999996 0.00229120137073
0.185980208204 0.999999999996 0.00326271219728
0.16169802082 1.0 0.00501673285198
0.148469802082 0.998387858588 0.00756689639775
0.163346980208 0.996661686142 0.0105040241772
0.163934698021 0.993493495134 0.0137200531461
0.185593469802 0.988994336372 0.0169656563141
0.19315934698 0.98348672363 0.0199017323976
0.185815934698 0.977334727925 0.0220862194656
0.20038159347 0.972733472792 0.0247858381618
0.223438159347 0.968666782148 0.0270733705931
0.195143815935 0.96498635151 0.0283697599293
0.224714381593 0.963093578669 0.0303753558258
0.194371438159 0.962904301385 0.0336979454422
0.185937143816 0.96439587273 0.0377048447941
0.180593714382 0.966414865949 0.0424394183349
0.204359371438 0.964993747285 0.0484202749238
0.196835937144 0.960735501813 0.0546762407728
0.186183593714 0.95458571666 0.0609801276841
0.179718359371 0.940200840644 0.0673040604641
0.206071835937 0.926163844847 0.0736573912236
0.204207183594 0.910519946022 0.0802798512804
0.217520718359 0.895161879648 0.0857378027346
0.223352071836 0.881266747211 0.0891745037862
0.225735207184 0.872992661217 0.0906583473574
0.211573520718 0.868288330805 0.0911552737023
0.220057352072 0.867354260753 0.0899181205456
0.218205735207 0.87037277237 0.0877385143373
0.238720573521 0.875841353435 0.0852614790399
0.205672057352 0.88033825677 0.0821616419502
0.220367205735 0.885849291245 0.082835037236
0.224536720574 0.889030382647 0.0837768862365
0.222253672057 0.894878258508 0.0823773869471
0.222925367206 0.90286419244 0.0790300411436
0.212192536721 0.908828219046 0.0772680058337
0.210219253672 0.914523747289 0.0742700660875
0.209121925367 0.922847064772 0.0696782173618
0.200912192537 0.930840938241 0.066090462798
0.188391219254 0.938050882454 0.0607309985848
0.196139121925 0.946568334809 0.0553909153222
0.184313912193 0.953776215505 0.0503078126332
0.195731391219 0.962074358076 0.0440900179675
0.182473139122 0.970554234121 0.0381465661632
0.176647313912 0.978193675741 0.0316671898272
0.197664731391 0.984865912478 0.0256476354743
0.182666473139 0.990879912213 0.0213617902437
0.160466647314 0.994391292878 0.0176014157821
0.167246664731 0.997826987876 0.0144743043901
0.151724666473 0.998170557375 0.0135137410576
0.166372466647 0.999817055738 0.0146978203004
0.163337246665 0.998369564162 0.0167585007302
0.168433724666 0.996659856699 0.0198079777093
0.137443372467 0.994969287326 0.0217830605459
0.154144337247 0.993324255252 0.0244305330502
0.164814433725 0.990332134254 0.0293370814318
0.185681443372 0.980443403701 0.034660795923
0.192268144337 0.973009919219 0.0416360902379
0.191126814434 0.960958934606 0.0482459431671
0.186512681443 0.947438431258 0.0577543601424
0.211251268144 0.927060534294 0.0659551541474
0.218225126814 0.907554507106 0.0743735282482
0.213522512681 0.888633465553 0.0809225898936
0.222952251268 0.871739001393 0.0851879081392
0.203195225127 0.857964638055 0.0885982864931
0.200319522513 0.848856051824 0.0933064288607
0.223431952251 0.839808652678 0.0957847703549
0.217643195225 0.835516725135 0.0998805698047
0.235964319523 0.835936428654 0.102370364378
0.226996431952 0.840057029435 0.10146525905
0.191899643195 0.846832145337 0.0998346295834
0.18298996432 0.853117903983 0.0973896238517
0.203698996432 0.861038735558 0.0950472940462
0.219269899643 0.861876618131 0.0931239582329
0.238826989964 0.857999799361 0.0932816759795
0.226382698996 0.862148285154 0.0908384984532
0.2260382699 0.874924455692 0.0881263118023
0.23320382699 0.880828322265 0.0879053504585
0.196120382699 0.880301395036 0.0871707460206
0.20231203827 0.885651830498 0.086006844994
0.217331203827 0.89196646994 0.0839908416355
0.208933120383 0.89885138186 0.0802266475022
0.198193312038 0.911651149307 0.0759160016212
0.219619331204 0.926087888787 0.0693567245628
0.19836193312 0.939209832525 0.0611999768373
0.188136193312 0.95118617843 0.0531409582449
0.194313619331 0.960046960717 0.045611482185
0.197631361933 0.970351494385 0.0400435234743
0.199763136193 0.972365370461 0.036337859562
0.169376313619 0.976762647963 0.0316917692001
0.178037631362 0.986003986457 0.0253784136392
0.175303763136 0.992427725165 0.0188206400444
0.172330376314 0.9960656728 0.0130232291588
0.182833037631 0.997994425868 0.00862585701569
0.192883303763 0.999799442587 0.00552285257207
0.179488330376 0.999979944259 0.00345495363013
0.177248833038 0.999997994426 0.00212016736761
0.194124883304 0.999999799443 0.00126158725294
0.17331248833 0.999999979944 0.00078998059073
0.177531248833 0.999999997994 0.000529957719097
0.176153124883 0.999999999799 0.000434549069775
0.166115312488 0.99999999998 0.000478735138864
0.172311531249 0.999999999998 0.000666184864608
0.167531153125 1.0 0.000891405668549
0.173353115312 1.0 0.0013044090061
0.173035311531 1.0 0.00211840409105
0.188303531153 1.0 0.00337699029578
0.177230353115 1.0 0.00535794577876
0.167123035312 0.998387858588 0.00794398049076
0.183212303531 0.995142087515 0.0110048584465
0.168621230353 0.991907529716 0.0150083662625
0.187862123035 0.984990903235 0.0190147924328
0.178986212304 0.976450199044 0.0225963657863
0.19339862123 0.96819047445 0.0262824484059
0.176839862123 0.959894243854 0.0286200844967
0.203983986212 0.95308595449 0.0309413779474
0.188698398621 0.947545848311 0.0327583572501
0.200669839862 0.942500218703 0.0349198113008
0.215366983986 0.93929958051 0.038720644341
0.224936698399 0.935299700614 0.0422510137743
0.20789366984 0.930345643377 0.0439247456342
0.204389366984 0.929508189104 0.044987207495
0.201338936698 0.932514826332 0.0427401116182
0.19743389367 0.938301041273 0.0412152200339
0.194343389367 0.942266816011 0.0407994284585
0.217434338937 0.947614859354 0.0391475130044
0.196343433894 0.954923352922 0.0364593893342
0.173534343389 0.956020917005 0.0365243614041
0.188353434339 0.951136987776 0.0373407361271
0.204235343434 0.949546387171 0.0396395755792
0.219323534343 0.949593715508 0.0433357088561
0.217232353434 0.949315279783 0.0442061875752
0.209823235343 0.948469375494 0.0444105280384
0.195582323534 0.949014266913 0.0436955126886
0.189658232353 0.950336660322 0.0433523433457
0.210665823235 0.951174734015 0.0424148464648
0.188466582324 0.951975815077 0.0427479534922
0.185346658232 0.950701201313 0.0433677945334
0.164334665823 0.949150631893 0.0459606787789
0.178433466582 0.943735616492 0.0472103128439
0.197843346658 0.938886640139 0.0490917223739
0.197984334666 0.935481895061 0.050641722108
0.188098433467 0.936880749803 0.0499143109462
0.194309843347 0.938373508773 0.0476049284443
0.183230984335 0.93890247141 0.0439380786335
0.166823098433 0.940568673733 0.0405636582528
0.186782309843 0.941425092748 0.0392649145298
0.198678230984 0.940711666542 0.0379477816691
0.194467823098 0.940640323921 0.0375973066987
0.21294678231 0.943408177123 0.0374533354381
0.188694678231 0.946794088104 0.0359897329459
0.184469467823 0.951825450298 0.035106964083
0.181346946782 0.958930292048 0.0335536297166
0.187334694678 0.96643848375 0.0303146184051
0.195133469468 0.966361432378 0.0303335001293
0.186913346947 0.962494776185 0.0304852546785
0.177091334695 0.964369150914 0.0308762596973
0.188709133469 0.968699096693 0.0303116001964
0.192570913347 0.975855965231 0.0288332723875
0.186657091335 0.982172886516 0.0274206089485
0.188765709133 0.9849328689 0.0273748615045
0.170076570913 0.987709508138 0.02657155893
0.177207657091 0.989421177617 0.025632810818
0.200420765709 0.986974963208 0.0266483800406
0.188342076571 0.980954952233 0.0286683862613
0.180834207657 0.97216023248 0.0306748736944
0.185483420766 0.968609458117 0.0326700098475
0.171548342077 0.96345588933 0.0329334571277
0.189954834208 0.957490115484 0.0337346070729
0.184595483421 0.953941677116 0.0320830277379
0.189459548342 0.954152350612 0.0317284363184
0.185445954834 0.955341023558 0.0297822007514
0.193144595483 0.956678628907 0.0288660324997
0.193014459548 0.958743059299 0.0288674831734
0.175001445955 0.961732938877 0.0286159273153
0.180400144595 0.962768237406 0.0297910553237
0.23314001446 0.962135456687 0.0307422327828
0.198814001446 0.96431898826 0.0316090224646
0.185481400145 0.962163991473 0.0340245159316
0.185048140014 0.955182718905 0.038403693467
0.197604814001 0.948291989018 0.0420668135433
0.1817604814 0.940555137662 0.0451520365769
0.18917604814 0.9322902962 0.0489995154115
0.178217604814 0.923861105543 0.0504101733388
0.193321760481 0.917702825564 0.0505977793839
0.211932176048 0.91623154296 0.0516422080712
0.209293217605 0.916402900924 0.0511187859797
0.19372932176 0.916762085269 0.050349662949
0.198472932176 0.920700748359 0.050652401675
0.218747293218 0.928459408938 0.0496395111157
0.193774729322 0.93620885753 0.0466795071456
0.211977472932 0.945149176194 0.0449305486728
0.220097747293 0.950759671003 0.0438261320121
0.215509774729 0.952153277155 0.0423171749446
0.197950977473 0.95711357289 0.0414426935266
0.194395097747 0.966598994829 0.0391114794863
0.194039509775 0.975740255678 0.0361089119603
0.177803950977 0.984289605817 0.0339150930793
0.173480395098 0.987816527898 0.0317210854811
0.18294803951 0.988169220106 0.0289212458445
0.197394803951 0.991210242975 0.0269478995582
0.190739480395 0.990120733026 0.0262748699075
0.18017394804 0.988657060161 0.0263519538259
0.180917394804 0.987193427677 0.0275534642169
0.17919173948 0.985765887671 0.0286925556755
0.174519173948 0.985623133671 0.0269348226809
0.153351917395 0.98436246363 0.0256323593755
0.159335191739 0.978484364596 0.0256930641887
0.176133519174 0.970110618061 0.0266991432087
0.199413351917 0.965130735102 0.0276925625569
0.164841335192 0.963108017028 0.0272650733741
0.176684133519 0.960746326605 0.0268874080848
0.190468413352 0.959149829069 0.0273113374816
0.167546841335 0.958332409771 0.0268061005124
0.180554684134 0.959580987995 0.0272842461307
0.183655468413 0.961816731746 0.0268971713845
0.183965546841 0.961320666413 0.0263993175214
0.174996554684 0.964251739937 0.0258631430844
0.175899655468 0.96377361787 0.0262586920387
0.181389965547 0.960125108805 0.027405483718
0.187338996555 0.958429937744 0.0281007849219
0.197833899655 0.956371575487 0.0286941782469
0.170983389966 0.954972932684 0.0294075607385
0.200698338997 0.954833068403 0.0304024257596
0.1802698339 0.956011888553 0.0313739661262
0.19262698339 0.958676385264 0.0324317848502
0.202862698339 0.962462582044 0.033388376547
0.186786269834 0.9643659315 0.0357196616518
0.188778626983 0.967976830131 0.038666180333
0.188977862698 0.970562945731 0.0423577323613
0.17189778627 0.971244245925 0.0473222295709
0.211589778627 0.971920033395 0.0496758834477
0.200258977863 0.966967946016 0.0528532958128
0.191025897786 0.963169794855 0.0551657122426
0.214402589779 0.95922938789 0.0545651622641
0.175340258978 0.952654740164 0.0565870112052
0.207434025898 0.939887092458 0.060680373665
0.20794340259 0.9312971929 0.0655148849172
0.213394340259 0.923965007029 0.0686222150224
0.207639434026 0.913286255479 0.0696768609738
0.212463943403 0.900754691977 0.0726574762215
0.22464639434 0.889409996689 0.075551998138
0.242064639434 0.882042171278 0.0781362948291
0.224906463943 0.876226672815 0.080241337505
0.219590646394 0.872527001608 0.0807501068291
0.234359064639 0.869628175371 0.079899970816
0.212435906464 0.868604333523 0.0797263567245
0.209343590646 0.866213070301 0.0808503226216
0.217134359065 0.862006183133 0.0816530313009
0.212513435906 0.858107077002 0.0814500769045
0.225551343591 0.856639385537 0.0808435379727
0.216055134359 0.859228644375 0.0810779166615
0.216005513436 0.866171717784 0.0808295479407
0.194400551344 0.876337335493 0.0774540400783
0.230940055134 0.889587697078 0.0746337808864
0.216594005513 0.90288414568 0.0705658080543
0.190859400551 0.916549088928 0.068113624319
0.187385940055 0.929966137685 0.0656995338933
0.197838594006 0.936652230239 0.0650235401338
0.191683859401 0.939144579764 0.0672224572618
0.20006838594 0.941525441779 0.0658156795195
0.209006838594 0.941392183283 0.0648354535102
0.214400683859 0.939888442924 0.0641535796689
0.201440068386 0.934621486243 0.0637375444511
0.179444006839 0.929026927653 0.0639433896108
0.218644400684 0.926866768303 0.0625308444263
0.202764440068 0.93169768817 0.0585994576024
0.176876444007 0.934196073946 0.0551448946196
0.199487644401 0.932773593412 0.0517446870367
0.18914876444 0.933842333864 0.0484214970269
0.205214876444 0.934379576957 0.0443422952147
0.216721487644 0.936753465717 0.0412748293895
0.215172148764 0.935704170539 0.0391181975153
0.215917214876 0.935599241021 0.0392226257975
0.223191721488 0.936875432123 0.0398132751776
0.213119172149 0.939486865094 0.0399135687945
0.218411917215 0.942573630902 0.0393924760833
0.219841191721 0.948180117754 0.0391277918179
0.200184119172 0.953734452076 0.038719839632
0.178418411917 0.960356247313 0.0384696187485
0.176241841192 0.960282116266 0.0386073763671
0.188624184119 0.955268538773 0.0392673391625
0.201562418412 0.951974682085 0.0400412523379
0.194756241841 0.949553376441 0.0403972730576
0.218375624184 0.946483628085 0.043024711481
0.208137562418 0.943504666182 0.0448861588521
0.199013756242 0.942541538073 0.0456481776473
0.187301375624 0.941258870664 0.047314090707
0.204130137562 0.943148701962 0.0481038906003
0.186013013756 0.946289910112 0.0467241914901
0.186001301376 0.948279881793 0.0472442012831
0.203100130138 0.947976582319 0.0466618870352
0.185010013014 0.951626504099 0.0455293602786
0.182301001301 0.95288337893 0.0439348590028
0.17933010013 0.951868862048 0.0441307043897
0.197933010013 0.946255711995 0.0448310590713
0.211493301001 0.940424893081 0.0479150197744
0.2083493301 0.93234256683 0.0540183000446
0.23503493301 0.922754789699 0.0593512251611
0.233203493301 0.913015462633 0.0661297395983
0.23122034933 0.903903740636 0.0725680657868
0.221122034933 0.895778304555 0.0752010450349
0.212912203493 0.8960159435 0.0735184026147
0.212991220349 0.892177168733 0.0736352978544
0.230999122035 0.883107048865 0.0755079652839
0.224699912203 0.875984693247 0.0766520090505
0.22586999122 0.872767432356 0.0778958775949
0.238586999122 0.873588815835 0.0792210939592
0.234458699912 0.882864605051 0.0781770297132
0.216945869991 0.894637666524 0.0739647875252
0.198994586999 0.909576881792 0.068504521334
0.2106994587 0.925484118261 0.0628227419743
0.19926994587 0.937880947228 0.0577904983099
0.196326994587 0.940367024765 0.055977711928
0.197832699459 0.93984143028 0.056001280442
0.188983269946 0.942129893245 0.0551010232712
0.204298326995 0.944531856831 0.0529843838511
0.196829832699 0.944861036358 0.0516758695374
0.20868298327 0.941854724217 0.0509567221278
0.185568298327 0.940546770813 0.0525634752305
0.184156829833 0.937864418748 0.0550532420911
0.220915682983 0.935725331289 0.0560321306989
0.217391568298 0.929361566557 0.0564728796702
0.19093915683 0.923246031825 0.0582983815254
0.208993915683 0.917260543023 0.0618552911833
0.210799391568 0.909689352649 0.0633720958145
0.211879939157 0.906783878722 0.0650242699478
0.205687993916 0.906040888305 0.065581324678
0.202368799392 0.903855703334 0.0659947345489
0.226336879939 0.908056072015 0.0644416782777
0.202633687994 0.91945386221 0.0600249698858
0.202963368799 0.933358567354 0.0564286827869
0.19399633688 0.941004549459 0.0552468940822
0.184999633688 0.948391085668 0.0525099238313
0.192199963369 0.957771991284 0.0483183714029
0.192019996337 0.96829292964 0.0437400251
0.188401999634 0.978984341145 0.0380567770115
0.178140199963 0.980521484661 0.0349085164949
0.169914019996 0.974391115774 0.0340863718508
0.187991402 0.967984566123 0.0338795255331
0.1753991402 0.959873653021 0.0329911422813
0.19123991402 0.953083895407 0.0322563813998
0.208123991402 0.947545642402 0.0310334218662
0.20171239914 0.944112339524 0.0319284056593
0.202871239914 0.941581920409 0.0321224254617
0.222787123991 0.939996237176 0.0335576335321
0.215778712399 0.939518867747 0.0361624078986
0.19977787124 0.938832353101 0.0406202238768
0.198177787124 0.937420947184 0.0450061331521
0.215117778712 0.936913565969 0.0497988323122
0.207811777871 0.939412370926 0.0502509020651
0.196281177787 0.943706327921 0.0506081496977
0.200528117779 0.945532208507 0.0527271916335
0.192852811778 0.94648895472 0.0542596575756
0.189385281178 0.947600004192 0.0553964848149
0.193538528118 0.947667496521 0.0559254170451
0.202953852812 0.947306965333 0.0562612512382
0.189495385281 0.943982359173 0.0562401187969
0.206149538528 0.938795294862 0.0566832592031
0.177214953853 0.932163732875 0.0553268376186
0.207621495385 0.931658340062 0.0537242014385
0.200762149539 0.932560796659 0.0507526668431
0.221676214954 0.935178613717 0.0479093108055
0.186867621495 0.939063024646 0.0453693960528
0.21218676215 0.943396153534 0.0438316545827
0.200318676215 0.950787443561 0.0416367728633
0.209031867621 0.958496588157 0.0379266597976
0.191003186762 0.967389895796 0.0349344350826
0.186500318676 0.975174966401 0.031611259628
0.170750031868 0.984233076889 0.0293846485019
0.195275003187 0.988068294548 0.0271981148872
0.184227500319 0.985853374358 0.0259990958025
0.193022750032 0.981992109235 0.0263110306928
0.184902275003 0.976150319644 0.0269271194236
0.1633902275 0.971679769222 0.0290607775066
0.18283902275 0.967713431468 0.031310468617
0.178483902275 0.96327887503 0.0329844029033
0.180748390228 0.961310689609 0.0339608744768
0.184574839023 0.961113871067 0.0349415236597
0.185857483902 0.960282731266 0.0346089776751
0.18958574839 0.962568757413 0.034428846189
0.174658574839 0.967797112722 0.032876190031
0.195665857484 0.971553720276 0.0328271815475
0.186066585748 0.967925060982 0.0358999327956
0.182406658575 0.959184965016 0.0403281714435
0.207240665857 0.948234460665 0.0456760329734
0.218724066586 0.9335398169 0.049479880294
0.237872406659 0.919944266041 0.0521781068614
0.219987240666 0.916257465153 0.0550133776771
0.212798724067 0.916580169018 0.0535967803037
0.199479872407 0.919940545353 0.0520234905608
0.207147987241 0.92520305502 0.0491784055576
0.216014798724 0.930432870496 0.0478451075418
0.234001479872 0.932572492429 0.0455932286346
0.221400147987 0.93634142951 0.0462797893719
0.246240014799 0.938417755614 0.0468982137948
0.20282400148 0.941270291501 0.0466697071543
0.211082400148 0.94491654256 0.0464100137676
0.222708240015 0.95225631441 0.0442273486519
0.195070824001 0.962184279895 0.0405555692499
0.1779070824 0.973452526309 0.0347039492372
0.19959070824 0.983813139773 0.0281384831757
0.167559070824 0.992072474222 0.0217395874291
0.199455907082 0.99759510601 0.0159596226077
0.182845590708 0.998147369189 0.0118706816484
