0.0036 0.88122282555 0.0260792773174
0.00216 0.977272283242 0.0297185294207
0.012816 0.995777904439 0.0332906072861
0.0210816 0.999279235887 0.0373781093364
0.01200816 0.99980274164 0.0290115306942
0.017400816 0.998420426931 0.024557611646
0.0089400816 0.998822516798 0.0200308042851
0.01709400816 0.995938292162 0.0139143153129
0.015209400816 0.995439912834 0.0122591654268
0.0123209400816 0.995600031765 0.0108745368994
0.0120320940082 0.996070226976 0.0110533826499
0.0138032094008 0.995095277908 0.0113761070097
0.0103803209401 0.994725327386 0.0123142041311
0.023538032094 0.989728436353 0.0197873951625
0.0239538032094 0.986222046866 0.0277425608843
0.0203953803209 0.980918803933 0.0331420283838
0.0209395380321 0.97725672145 0.039217488027
0.0245939538032 0.975232520956 0.0415156468341
0.0249593953803 0.975821446295 0.0438337963695
0.015995939538 0.974014445165 0.043259930566
0.0204995939538 0.966993565677 0.0519989783819
0.0281499593954 0.958584890219 0.0641878309925
0.0334149959395 0.954874688173 0.0725839130122
0.033041499594 0.959560006306 0.067253008951
0.0330041499594 0.949437674664 0.0819611660107
0.0258004149959 0.955909897297 0.0910515365606
0.0169800414996 0.949387391906 0.0974528742732
0.03589800415 0.931344881583 0.10932622137
0.032389800415 0.919429704643 0.127309339584
0.0239389800415 0.921785538716 0.133482247088
0.0266938980041 0.908015340197 0.140261202711
0.0377693898004 0.898778283035 0.158653849955
0.05417693898 0.880781387532 0.192500625948
0.036017693898 0.89137271276 0.195424766999
0.0234017693898 0.882990495974 0.193321109271
0.026640176939 0.865594167836 0.204406289199
0.0341640176939 0.864081561395 0.206255428467
0.0358164017694 0.867458930729 0.203689350131
0.0431816401769 0.860421676562 0.210808793995
0.0421181640177 0.850503945703 0.241636177932
0.0528118164018 0.841756361699 0.257601369068
0.0556811816402 0.836609998142 0.262586074504
0.035268118164 0.841236315085 0.243940444102
0.0485268118164 0.838689806913 0.247569916256
0.0291526811816 0.848401943906 0.232983967097
0.0425152681182 0.851544267312 0.226119704222
0.0690515268118 0.829159697596 0.23706014366
0.0483051526812 0.850433900346 0.2312501769
0.0363305152681 0.865211586813 0.202290770337
0.0720330515268 0.838241159974 0.196905545991
0.0306033051527 0.879493300534 0.178585982793
0.0525603305153 0.864060099476 0.180496422137
0.0430560330515 0.880929974386 0.178294963509
0.0331056033052 0.889558854814 0.180098046514
0.0348105603305 0.875978317499 0.192558445389
0.0457810560331 0.892341981381 0.165167719848
0.0405781056033 0.895132144042 0.159463542634
0.0418578105603 0.887471703364 0.180079988782
0.036585781056 0.901625459318 0.165477075408
0.0288585781056 0.904464793157 0.150365246459
0.0307858578106 0.903200764299 0.145673172372
0.0192785857811 0.90241645229 0.14825926696
0.0325278585781 0.901144649446 0.149545620602
0.0257527858578 0.901017469161 0.151740453888
0.0358752785858 0.899276209342 0.158243233959
0.0332875278586 0.905509318302 0.148090664852
0.0339287527859 0.915251796991 0.13157884966
0.0213928752786 0.921330277371 0.119780270046
0.0282392875279 0.918992732207 0.125770685302
0.0235239287528 0.906939202532 0.151748645369
0.0329523928753 0.918330438331 0.151993515151
0.0311952392875 0.905463868032 0.147338507858
0.0301195239288 0.904980707474 0.146691918648
0.0354119523929 0.904534605351 0.14761880153
0.0260411952393 0.902549836395 0.148284692287
0.0350041195239 0.9023513595 0.151219042089
0.0296004119524 0.884754462667 0.182286604727
0.0479600411952 0.886785081605 0.18900093217
0.0569960041195 0.872217736515 0.20970542965
0.038999600412 0.858472559913 0.230868828297
0.0506999600412 0.858141045167 0.232348222128
0.0482699960041 0.85010795057 0.245369821101
0.0489269996004 0.845327757339 0.254050284367
0.04089269996 0.840831560922 0.259769628196
0.050889269996 0.840467405901 0.252295136075
0.0599889269996 0.836615245563 0.26721597154
0.0716988927 0.83233396535 0.269419270853
0.07016988927 0.827633038951 0.278761167532
0.056516988927 0.827368928312 0.273240533967
0.0488516988927 0.831183853506 0.264825639365
0.0543851698893 0.835552747323 0.257349683546
0.0468385169889 0.840261241861 0.254376158045
0.0424838516989 0.843256656308 0.265348255353
0.0564483851699 0.848205445459 0.254424380139
0.050644838517 0.853049111514 0.239136788299
0.0473644838517 0.861390965732 0.220027672095
0.0434364483852 0.8726755675 0.201283071414
0.0430436448385 0.877380372055 0.189469504548
0.0556043644839 0.882262001644 0.18884012904
0.0469604364484 0.888792708692 0.175465967705
0.0559960436448 0.890247919398 0.171426088868
0.0658996043645 0.883075365129 0.187374811182
0.0641899604364 0.874950238832 0.202055963268
0.0631189960436 0.87479263175 0.205893363595
0.0531118996044 0.866519704935 0.218589985854
0.0710111899604 0.865692412253 0.222654987412
0.076401118996 0.869434677751 0.220037471993
0.0445401118996 0.873965899793 0.206119382909
0.05845401119 0.885294327976 0.185150482579
0.047245401119 0.893319964554 0.173553237533
0.0398245401119 0.897724261638 0.163499179775
0.0570824540112 0.901602785164 0.159166904664
0.0525082454011 0.908576826284 0.150375595215
0.0448508245401 0.915624511337 0.139005281705
0.052185082454 0.919501478591 0.12848232238
0.0457185082454 0.925962943631 0.117030997331
0.0459718508245 0.931967850732 0.11201434058
0.0432971850825 0.929989002595 0.110963629289
0.0412297185082 0.929523871101 0.111227507412
0.0545229718508 0.929904580944 0.110117246182
0.0450522971851 0.93696894198 0.102914784238
0.0540052297185 0.933350699579 0.107907437178
0.0477005229719 0.932988875339 0.108988998668
0.0326700522972 0.938187931462 0.10271842203
0.0464670052297 0.944319813529 0.0927306517714
0.040646700523 0.952700530042 0.0808464743588
0.0202646700523 0.964576152405 0.0584668013454
0.0407264670052 0.961670302912 0.0513120435021
0.0427726467005 0.963806206841 0.060687467612
0.0438772646701 0.957239383664 0.0744750817399
0.039487726467 0.949038954704 0.0843709226077
0.0408487726467 0.944647907038 0.0898879706466
0.0301848772647 0.938947164186 0.100988303698
0.0606184877265 0.927936456887 0.121689846135
0.0429618487726 0.923105467839 0.121844875063
0.0456961848773 0.917077375493 0.130368453158
0.0450696184877 0.916474566258 0.131431852942
0.0405069618488 0.915898016733 0.130412368711
0.0301506961849 0.916356630382 0.134373979084
0.0489150696185 0.919593886359 0.12877941799
0.0498915069618 0.925972184407 0.12100062851
0.0373891506962 0.936575702326 0.102951470156
0.0343389150696 0.9434015818 0.0897087403993
0.029533891507 0.95435962687 0.0736925521301
0.0488533891507 0.956084621469 0.065617384609
0.0345853389151 0.96511992433 0.0580186990345
0.0268585338915 0.973085727483 0.0454967638552
0.0296858533892 0.979387498938 0.0370213635591
0.0344685853389 0.984147100506 0.0297212058604
0.0358468585339 0.983188631598 0.030974902666
0.0296846858534 0.98039778935 0.0360584400953
0.0398684685853 0.977390825639 0.0396104018584
0.0264868468585 0.973192265394 0.0493046678039
0.0260486846859 0.966123366003 0.0576741140344
0.0395048684686 0.958451772267 0.0661997216269
0.0507504868469 0.949160193564 0.0826478433932
0.0410750486847 0.944660030924 0.0927741127519
0.0392075048685 0.935732326015 0.100213990925
0.0453207504868 0.92744527038 0.119389641775
0.0378320750487 0.925533492887 0.121882234243
0.0559832075049 0.914156421969 0.140192698229
0.0469983207505 0.909832189965 0.149096807239
0.030799832075 0.913567083257 0.139944932271
0.0408799832075 0.909329516837 0.142559383454
0.0364879983208 0.90849545765 0.142454560808
0.0558487998321 0.905889475076 0.154723978696
0.0460848799832 0.909005495276 0.145163398698
0.0361084879983 0.911614989717 0.137484355514
0.0522108487998 0.906321047036 0.148119560314
0.06102108488 0.905672034015 0.153200498404
0.043002108488 0.917426907871 0.131389819666
0.0493002108488 0.919681718245 0.119451081791
0.0508300210849 0.93461989896 0.107363459732
0.0302830021085 0.946178565695 0.0902135730544
0.0435283002108 0.953083107656 0.0805197252913
0.0376528300211 0.957973374233 0.0706029208318
0.0460652830021 0.953426046878 0.0788436765325
0.0388065283002 0.943222982205 0.0899125988738
0.03808065283 0.936085472872 0.102869925759
0.056008065283 0.921547574745 0.124893572191
0.0461008065283 0.916723237968 0.137071487796
0.0505100806528 0.906694130648 0.151078894678
0.0590510080653 0.895669608923 0.167115293842
0.0752051008065 0.883929412735 0.18983138303
0.0588205100807 0.875591466751 0.194642121835
0.0535820510081 0.867393950648 0.20889624998
0.0584582051008 0.858513609348 0.236151301955
0.0589458205101 0.850145206988 0.248527529853
0.067994582051 0.841609329338 0.25566538868
0.0544994582051 0.836869405243 0.265145281072
0.0594499458205 0.82808658294 0.276941046283
0.0509449945821 0.823067478119 0.286445127081
0.0437944994582 0.825802228304 0.275704300845
0.0331794499458 0.828367640777 0.268738837492
0.0294179449946 0.832499488399 0.260373872713
0.0407417944995 0.819331516618 0.271483739725
0.0355741794499 0.829518637009 0.281845148688
0.039557417945 0.851474984603 0.249481445406
0.0318557417945 0.848850299069 0.242235282605
0.0328855741794 0.852885764839 0.230212254016
0.0401885574179 0.853137373424 0.228063473983
0.0391188557418 0.87223031337 0.196612005351
0.0453118855742 0.862878185391 0.189358403225
0.0405311885574 0.880650270382 0.182558183484
0.0544531188557 0.892847949988 0.1711240366
0.0549453118856 0.907701342767 0.1520148167
0.0576945311886 0.915569965628 0.138078050017
0.0228694531189 0.930422011146 0.107278643092
0.0517869453119 0.924056770204 0.0992301434103
0.0537786945312 0.935151391769 0.094237990908
0.0422778694531 0.949338943595 0.0850011868868
0.0546277869453 0.954925059827 0.0761545361569
0.0369627786945 0.955851935188 0.0727571095459
0.0378962778695 0.958250256986 0.0679031892845
0.0316896277869 0.963220524828 0.0628309471893
0.0373689627787 0.969862848643 0.0531179183111
0.0451368962779 0.973949963358 0.0442822010391
0.0360136896278 0.97674604304 0.0412455281109
0.0243013689628 0.977922346009 0.0403312831417
0.0330301368963 0.969352295803 0.0536060788303
0.0465030136896 0.96012119704 0.0668047054459
0.037950301369 0.954280668393 0.0770294407752
0.0424950301369 0.950631723664 0.0821238599426
0.0348495030137 0.94963980973 0.0804839141
0.0475849503014 0.943204103562 0.0926195409675
0.0353584950301 0.945063199428 0.087545836243
0.040435849503 0.944674367926 0.0871985319884
0.0499435849503 0.944635484776 0.0869650483647
0.035594358495 0.951649160291 0.0807006401468
0.0593594358495 0.953630167115 0.0800874838485
0.041935943585 0.956011675493 0.0748258866636
0.0356935943585 0.962298644442 0.066092802628
0.0413693594358 0.959415831904 0.0702711915102
0.0482369359436 0.954406834277 0.0793726564636
0.0399236935944 0.952626295241 0.0771352153635
0.0264923693594 0.955282098214 0.0737577816263
0.0467492369359 0.95379675851 0.0794297779746
0.0325749236936 0.953844926937 0.0802160493552
0.0230574923694 0.952570104507 0.0756953934636
0.0329057492369 0.951916856145 0.0808280052952
0.0401905749237 0.948251531814 0.0849324790023
0.0283190574924 0.949067925341 0.0849513553919
0.0343319057492 0.945074840517 0.0888504068687
0.0331331905749 0.943736165294 0.0890252843121
0.0555133190575 0.939784121837 0.0980424190147
0.0550513319057 0.933810478105 0.105976673517
0.0460051331906 0.931285517822 0.112858572373
0.0307005133191 0.919988256252 0.125030771798
0.0462700513319 0.910415373393 0.145425810773
0.0370270051332 0.90975259323 0.153621838492
