0.0153 0.884372723633 0.595341171971
0.02853 0.980776447303 0.644644827756
0.037953 0.995377041854 0.639811158032
0.0523953 0.999056705362 0.625065081786
0.05293953 0.999716124928 0.604654097675
0.078193953 0.998468662951 0.580259745922
0.0816193953 0.994113878226 0.558570091873
0.08826193953 0.988948185527 0.534889651047
0.107826193953 0.98380226635 0.504474375513
0.133182619395 0.97059138578 0.471937651148
0.13661826194 0.961927348282 0.432440066945
0.135161826194 0.945867074353 0.397180022062
0.153016182619 0.934402659269 0.364812608087
0.153901618262 0.912829353335 0.330236160843
0.197190161826 0.896664974275 0.301370511541
0.169119016183 0.883516221908 0.278071906853
0.187011901618 0.861466732631 0.262369734152
0.175301190162 0.854166558437 0.252714152421
0.210130119016 0.844362707804 0.258844565222
0.196513011902 0.847530717825 0.258200915913
0.23115130119 0.845682139553 0.255537649595
0.242715130119 0.847796639752 0.24709101967
0.261871513012 0.840986204788 0.245510958143
0.210687151301 0.844460108714 0.241982935481
0.23706871513 0.852651736303 0.232983176228
0.246006871513 0.85148637173 0.230903781831
0.246900687151 0.8533548639 0.227846701179
0.228990068715 0.871241235269 0.21627575229
0.232599006872 0.869120113639 0.211881518116
0.259059900687 0.863671161182 0.21286117683
0.219405990069 0.872952156495 0.210088097314
0.180340599007 0.874003003314 0.207829946241
0.254734059901 0.865241606943 0.215320265076
0.30357340599 0.867511531852 0.216286906022
0.235557340599 0.874124981377 0.203480202995
0.27465573406 0.874452982011 0.195546051355
0.235365573406 0.879486973043 0.192229143315
0.235936557341 0.885617239908 0.18450744846
0.249493655734 0.885500140695 0.179096959156
0.257149365573 0.885651146109 0.17504138779
0.265114936557 0.893152696484 0.170285329637
0.247911493656 0.899381425183 0.161611060793
0.259691149366 0.901803134366 0.156728232665
0.242869114937 0.904707259992 0.155818921938
0.250186911494 0.910416041831 0.15103578982
0.263518691149 0.916454528114 0.141729537007
0.203651869115 0.931617526115 0.129462997002
0.209365186911 0.926996453241 0.124460927213
0.225236518691 0.928909794138 0.119633306196
0.246623651869 0.934502656571 0.110025800247
0.212762365187 0.941801375859 0.100472668682
0.214776236519 0.941823449512 0.0986908910697
0.211377623652 0.944165713717 0.0917206686899
0.171437762365 0.948195750473 0.0848787621352
0.254743776237 0.943070520779 0.0864572273209
0.172174377624 0.950429807852 0.0815130094522
0.165717437762 0.948341197613 0.0831362543376
0.186671743776 0.948221358903 0.0825356773929
0.165367174378 0.948355034142 0.0828330275371
0.160536717438 0.946540208257 0.0846934685483
0.164553671744 0.943755964148 0.0899737194685
0.168555367174 0.940289469583 0.0960828376893
0.200455536717 0.934469752327 0.106029075163
0.216245553672 0.928659752739 0.114004679436
0.218724555367 0.922793054752 0.124387817715
0.199172455537 0.918518296217 0.131670280927
0.232317245554 0.912919567957 0.13999940728
0.217631724555 0.908097880748 0.148941688453
0.223363172456 0.903324720542 0.154526624778
0.239236317246 0.898166142805 0.159976892199
0.212023631725 0.894640055664 0.166941524486
0.273202363172 0.889474061062 0.176829118746
0.214520236317 0.890081336335 0.177984141931
0.227552023632 0.887631648335 0.179312008679
0.264855202363 0.883989610998 0.189179624382
0.236185520236 0.884252421421 0.187781728486
0.203618552024 0.886937560822 0.183918934158
0.259761855202 0.880706080026 0.192303492527
0.26267618552 0.879304128354 0.196159141319
0.275567618552 0.876908790189 0.199304352352
0.271456761855 0.877830207123 0.199762893107
0.248545676186 0.877692224501 0.194605608357
0.273254567619 0.877645327913 0.196716855979
0.270325456762 0.879236019993 0.198018529189
0.264632545676 0.881858821857 0.192767296287
0.226263254568 0.884456146923 0.184271988737
0.297126325457 0.882843068423 0.186149449561
0.226812632546 0.8885640888 0.17649412423
0.255781263255 0.889279466102 0.174065438035
0.264078126325 0.884692944307 0.175384836799
0.245107812633 0.891974397007 0.16954114949
0.288210781263 0.893124551939 0.171833698408
0.293421078126 0.893554527862 0.171244567572
0.233642107813 0.898799292641 0.165093313166
0.300564210781 0.896693436158 0.162802353092
0.260456421078 0.899734912252 0.159716064602
0.297845642108 0.89861408367 0.162673460405
0.270984564211 0.902099762324 0.161334697656
0.250298456421 0.906361785667 0.156688101955
0.290529845642 0.905113309663 0.155220482553
0.250452984564 0.910458948018 0.148604343649
0.265345298456 0.909369596982 0.149156854565
0.284834529846 0.906600311138 0.152046329039
0.272383452985 0.908181224453 0.151738694763
0.202738345298 0.918133643432 0.146485262289
0.22277383453 0.910827761375 0.145611170496
0.211277383453 0.91751990508 0.138754347861
0.254227738345 0.909387218511 0.147020703002
0.218022773835 0.911428524064 0.148404578612
0.254002277383 0.899806512232 0.160832201419
0.234200227738 0.89412172805 0.172829449268
0.252020022774 0.888552319061 0.177911922385
0.266402002277 0.883202759504 0.189106576794
0.272340200228 0.877175151705 0.19786441542
0.270234020023 0.873253169623 0.205194472767
0.311423402002 0.86647292007 0.214316058081
0.2975423402 0.863453038421 0.222218181208
0.24125423402 0.870509945414 0.216315689151
0.281525423402 0.862057783989 0.220844453296
0.28915254234 0.85817187748 0.226870993944
0.334015254234 0.857190347838 0.232829179572
0.297101525423 0.860004329628 0.233755893315
0.311410152542 0.859226034809 0.226841362369
0.258841015254 0.863059829352 0.22166365188
0.297684101525 0.862588572208 0.219855237667
0.270068410153 0.86487489351 0.216331331474
0.261006841015 0.867656277872 0.213144851451
0.244800684102 0.872754655979 0.205041974454
0.22608006841 0.871860405552 0.200577945235
0.213408006841 0.872584883487 0.194943171299
0.256240800684 0.874278844453 0.193811370683
0.256924080068 0.873230627843 0.199059759826
0.258792408007 0.882023849012 0.190660422825
0.239179240801 0.884330580765 0.183262348656
0.24531792408 0.882555867384 0.176163973655
0.269331792408 0.88970599811 0.174156142474
0.272633179241 0.895619467748 0.167929896537
0.254963317924 0.902672710549 0.160076288609
0.223496331792 0.90797322078 0.149074924393
0.241949633179 0.910182437951 0.143735921737
0.232094963318 0.918245903663 0.134316798585
0.213109496332 0.926903932927 0.11812174568
0.240910949633 0.931496431612 0.105826085801
0.213091094963 0.934081222522 0.0966025474638
0.236409109496 0.939481360071 0.0900362069155
0.20994091095 0.945732413571 0.0848081226906
0.178494091095 0.951377018747 0.0798738146766
0.196049409109 0.955412858048 0.0745229625135
0.178904940911 0.958825377027 0.0670292192807
0.184390494091 0.957641134493 0.0673872964887
0.193939049409 0.961065897284 0.0620987420633
0.178693904941 0.967685751063 0.0571745566512
0.181669390494 0.967424857429 0.0540966001288
0.178366939049 0.96921443485 0.0517539078461
0.184336693905 0.970298596172 0.0511872056089
0.18493366939 0.971241320045 0.0483278729249
0.204793366939 0.971910122852 0.0475679321027
0.177979336694 0.973129609373 0.0460746488196
0.172597933669 0.971942937842 0.0474192605289
0.152259793367 0.973715091194 0.0444832713898
0.146625979337 0.971876001787 0.0478320561074
0.146062597934 0.971235683087 0.0488412453129
0.124406259793 0.969807126929 0.0517102958089
0.156440625979 0.966855105154 0.0572763127621
0.151544062598 0.962541461959 0.0632987318999
0.16365440626 0.960155467369 0.0665387443737
0.162165440626 0.957047552584 0.0718890753159
0.160216544063 0.954087204262 0.0755990299341
0.170821654406 0.951323235261 0.0817888247695
0.193482165441 0.946966103092 0.0873543737572
0.183148216544 0.943901954317 0.0925568368838
0.193814821654 0.941698842075 0.097044045765
0.218281482165 0.93951612737 0.100188943826
0.218028148217 0.93574505694 0.106004501311
0.193702814822 0.934547404298 0.106942125662
0.206570281482 0.932601544723 0.110575880233
0.228557028148 0.925210682459 0.118326663693
0.228055702815 0.925212987812 0.122420768623
0.278405570281 0.920858002227 0.128060161745
0.280740557028 0.919975557791 0.130502934149
0.256674055703 0.91791316896 0.134876249748
0.22276740557 0.92151597466 0.1291375719
0.260776740557 0.920020983513 0.129602652946
0.233977674056 0.924692011119 0.120166925725
0.227697767406 0.925613826095 0.117537409911
0.254969776741 0.925925372178 0.115627452036
0.204596977674 0.933145673132 0.105008406722
0.200459697767 0.935487229736 0.102709780112
0.226145969777 0.936043815974 0.101854479833
0.219714596978 0.936648186672 0.10328455085
0.216371459698 0.935614916024 0.104768941101
0.18813714597 0.938957152343 0.0996902278301
0.155613714597 0.94281909372 0.0920064261413
0.16316137146 0.944407338694 0.0887724089068
0.183716137146 0.942895872935 0.0904912434758
0.156971613715 0.947226504285 0.0857957940853
0.165997161371 0.948371631095 0.0855338385045
0.183999716137 0.945983831958 0.0889236064394
0.181299971614 0.9461014644 0.0864973975871
0.190929997161 0.948658078499 0.0811031722256
0.178392999716 0.949585555744 0.0816941620932
0.167239299972 0.948654467157 0.0818635826838
0.201223929997 0.942474117457 0.0914393015257
0.186622393 0.942430628239 0.0975671715818
0.2058622393 0.939667854546 0.0994508163309
0.20238622393 0.934569257747 0.10656422395
0.199338622393 0.93381090152 0.105817457558
0.195433862239 0.934091612898 0.102240602526
0.214843386224 0.931631906437 0.106117858531
0.205084338622 0.930126172371 0.109772068661
0.204108433862 0.929429775438 0.109900509613
0.202210843386 0.932847619039 0.108815785531
0.258721084339 0.92752411335 0.116757172791
0.239172108434 0.925207195378 0.121863507455
0.242617210843 0.92353166758 0.122345843189
0.240261721084 0.92275579537 0.124856778552
0.209426172108 0.920217117669 0.127288022005
0.200942617211 0.917357494544 0.132327146964
0.195594261721 0.915911294434 0.13531339169
0.204059426172 0.911209308799 0.138098263546
0.203105942617 0.911535516578 0.139242962717
0.260610594262 0.904067267915 0.149431208051
0.257361059426 0.9064040786 0.151794092897
0.240836105943 0.906873743588 0.151557675769
0.238283610594 0.907912974359 0.14917326247
0.227228361059 0.907584757328 0.148453744153
0.190122836106 0.911617385509 0.140378959324
0.175612283611 0.911266658682 0.138284767684
0.217361228361 0.909274785238 0.14147769333
0.199936122836 0.911731443957 0.140293644301
0.226993612284 0.914168110222 0.138656790976
0.188299361228 0.920779507178 0.130407057306
0.170929936123 0.919426133183 0.123429810921
0.204292993612 0.911873176528 0.128936774987
0.224729299361 0.911583844747 0.131254716795
0.234872929936 0.918259307277 0.129293657013
0.236787292994 0.917141536816 0.12941834246
0.205478729299 0.922561178472 0.124360841288
0.24464787293 0.919540967488 0.12859053792
0.197264787293 0.924856879506 0.122971813565
0.196126478729 0.924492044965 0.118432236762
0.203212647873 0.923810184329 0.119727411615
0.196721264787 0.922549852874 0.126030557426
0.198772126479 0.92328522081 0.122635858895
0.179177212648 0.929381898441 0.117025111812
0.203317721265 0.925122980347 0.121700842635
0.202131772126 0.923162771179 0.124669504652
0.191213177213 0.927361007994 0.120869320934
0.245021317721 0.919766300557 0.12422597644
0.207202131772 0.923181027141 0.119537099879
