0.0522 0.884283685891 0.110137809822 0.930208
0.08622 0.979041615238 0.112984357193 1.827136
0.103122 0.993283938589 0.110463092206 2.685216
0.1129122 0.997824724106 0.116323523213 3.509488
0.12469122 0.999674466149 0.125217434536 4.297504
0.172669122 0.999678370078 0.136760841719 5.025488
0.1774669122 0.9982899438 0.150974469757 5.72688
0.19054669122 0.995897498558 0.159605630272 6.38632
0.213454669122 0.992261924338 0.164860448214 7.0092
0.248145466912 0.987362196978 0.169361695438 7.525696
0.282214546691 0.982259118309 0.166988899487 7.968784
0.288321454669 0.976225364952 0.168295139801 8.454944
0.331232145467 0.968997253915 0.162018777612 8.805744
0.344523214547 0.961696056126 0.154114268326 9.136
0.374652321455 0.954220182823 0.146880434085 9.336768
0.384865232145 0.945518625053 0.139087116386 9.425776
0.424586523215 0.937852064125 0.130393858559 9.593632
0.457358652321 0.931970675145 0.126979251953 9.626048
0.485835865232 0.92697192331 0.121125433571 9.69584
0.489583586523 0.924312203003 0.120533960266 9.60992
0.526858358652 0.923754487749 0.11850413578 9.599856
0.530585835865 0.924449298422 0.11752904478 9.524656
0.566058583587 0.925407411851 0.111373980379 9.301584
0.563305858359 0.927324788259 0.102807484627 9.138896
0.518930585836 0.931251304324 0.104439541471 9.107856
0.549593058584 0.932349643588 0.109048034277 8.956256
0.603059305858 0.930773712137 0.11848583348 8.700096
0.617405930586 0.927859892602 0.116690707039 8.333216
0.611640593059 0.927566958464 0.121224415817 7.864592
0.637164059306 0.926138820428 0.121219415275 7.503088
0.660416405931 0.925995103293 0.111136934259 7.02656
0.610541640593 0.929433015511 0.105973466371 6.912752
0.623554164059 0.932616446377 0.108402876499 6.6812
0.622155416406 0.933016910928 0.114331119252 6.279488
0.608515541641 0.931345570142 0.114971833129 5.94528
0.635951554164 0.930599472447 0.112657428667 5.550464
0.620695155416 0.930231657464 0.106956770631 5.34056
0.636269515542 0.931316470617 0.104494751778 5.160672
0.631526951554 0.9324427773 0.104247435908 4.808032
0.628352695155 0.933640064085 0.105195796484 4.563856
0.621735269516 0.933662267609 0.10131516116 4.53056
0.620173526952 0.935132033236 0.101418321697 4.239968
0.615517352695 0.936545875869 0.101926949067 4.049072
0.60155173527 0.936833317778 0.100457562311 3.841216
0.630755173527 0.937564664165 0.0982991411578 3.407728
0.599475517353 0.938988395662 0.0978771309446 3.08488
0.613447551735 0.939797996304 0.0957372089068 2.870432
0.622044755174 0.940027200902 0.0998772390848 2.637088
0.604004475517 0.940035181435 0.104824273684 2.322208
0.640900447552 0.937750561533 0.111623367247 2.066288
0.620290044755 0.934457770836 0.117636464615 1.921904
0.569629004476 0.930828316207 0.114971925881 1.82784
0.582562900448 0.929813614736 0.111635385737 1.791648
0.569456290045 0.929872562535 0.108936339053 1.849552
0.600545629004 0.930835991113 0.106222512081 1.887008
0.6180545629 0.931870292891 0.104267769267 1.875968
0.62790545629 0.93303519769 0.104437863868 1.780736
0.633390545629 0.934106339216 0.108263710403 1.648704
0.652839054563 0.933218015043 0.109305083177 1.538272
0.654783905456 0.93369372017 0.113580336713 1.477344
0.630678390546 0.93110383897 0.118390675863 1.505296
0.675967839055 0.928163304927 0.115243757812 1.462112
0.640896783905 0.927890128157 0.10749722876 1.429616
0.619389678391 0.930333133059 0.103852181152 1.497536
0.595638967839 0.932244741657 0.105033644779 1.589024
0.575263896784 0.933544097341 0.104131231084 1.686304
0.570526389678 0.934459171283 0.104676771156 1.835872
0.594352638968 0.934752945882 0.103065336704 1.951904
0.595835263897 0.93522004086 0.110073372969 2.006816
0.59778352639 0.932632011828 0.109091700744 2.02072
0.602478352639 0.932124987919 0.108586835311 1.986512
0.587647835264 0.932516960095 0.109435164533 1.846896
0.612264783526 0.933135007463 0.11240203144 1.81088
0.606626478353 0.932189356102 0.113160496499 1.825776
0.647462647835 0.931476040689 0.114069020297 1.846352
0.629946264784 0.931247850956 0.120354670399 1.804656
0.611094626478 0.929516642606 0.122729192652 1.842896
0.624509462648 0.927739178735 0.126493959637 1.903296
0.630350946265 0.924387433908 0.126385659556 1.822544
0.612035094626 0.921677028561 0.1225866855 1.764576
0.622803509463 0.921594733427 0.115764835753 1.738192
0.622980350946 0.923576835184 0.108715136033 1.804832
0.604098035095 0.927250748271 0.100795175571 1.846592
0.614809803509 0.932004955169 0.097543828962 1.755232
0.621280980351 0.935651872652 0.100205317376 1.685856
0.629128098035 0.936812771386 0.0986735386985 1.575968
0.582212809804 0.938298465915 0.0973929377746 1.569488
0.60992128098 0.939390042833 0.102664517796 1.705712
0.609092128098 0.938089813511 0.103019034292 1.801584
0.59370921281 0.937115680211 0.103640345405 1.854688
0.598470921281 0.93602952006 0.104316202558 1.771088
0.615147092128 0.93557672071 0.100501141414 1.769072
0.571814709213 0.936258155959 0.0988606259989 1.872976
0.571081470921 0.936885974326 0.0912053799178 1.9696
0.612408147092 0.93959631276 0.0841260766396 2.042288
0.584140814709 0.942879909258 0.0831065640877 2.045984
0.556114081471 0.944376904415 0.0793943807406 2.151856
0.520011408147 0.946992003582 0.0794011264016 2.184848
0.562301140815 0.948567721808 0.08334426684 2.228432
0.585430114081 0.948673044103 0.0849723964554 2.152384
0.556243011408 0.949094569671 0.0874655623185 2.165312
0.551524301141 0.948862334417 0.0908071253681 2.129184
0.563652430114 0.94628090924 0.0958050481475 2.025632
0.579265243011 0.944228519712 0.103692880413 1.8952
0.565526524301 0.94077968374 0.110914528563 1.86344
0.60015265243 0.936173535971 0.104670062462 1.845568
0.587415265243 0.93516179765 0.0974867946266 1.81168
0.565441526524 0.937322805003 0.0884703127581 1.815504
0.557844152652 0.94120656892 0.0828931412086 1.713328
0.539084415265 0.944756845963 0.078294588844 1.81992
0.530008441527 0.948364028416 0.0736279743988 2.01448
0.520100844153 0.951881268632 0.0779898740257 2.160048
0.507410084415 0.951494108216 0.0833136271622 2.267712
0.507041008442 0.949646334623 0.0965479732562 2.255392
0.507004100844 0.945156549343 0.104148572364 2.230112
0.597900410084 0.941307249618 0.109053411375 2.208224
0.593490041008 0.939442597388 0.113038489896 2.11184
0.591249004101 0.937476028619 0.109134143696 2.10472
0.60812490041 0.936491359099 0.102806013437 2.117136
0.603512490041 0.937101875507 0.0937941342898 2.074064
0.594951249004 0.938648475814 0.0878069155227 2.024832
0.5697951249 0.941210455458 0.0896498103254 1.96704
0.55377951249 0.942692556159 0.0898017023722 2.050736
0.574677951249 0.943412852898 0.0931418501638 2.137056
0.574067795125 0.942666758716 0.0975900594143 2.11992
0.582106779512 0.941527600084 0.105349677419 2.048288
0.604510677951 0.938039575393 0.110626382019 1.907232
0.603151067795 0.934303261355 0.112574194795 1.896256
0.60391510678 0.932053484474 0.114391510976 1.94656
0.612091510678 0.930522222661 0.109935444539 1.950928
0.596709151068 0.931791348694 0.104985701062 2.024208
0.624870915107 0.934276348883 0.106989191313 1.989216
0.590787091511 0.933371589778 0.105942518582 1.83384
0.570278709151 0.933179760108 0.102646366883 1.743488
0.601527870915 0.934223563838 0.103419287811 1.762096
0.602852787092 0.934427834757 0.100571866421 1.890208
0.579585278709 0.935828608251 0.107657408173 1.913344
0.600658527871 0.934065561182 0.108761382789 1.842928
0.611765852787 0.932771672615 0.105724183381 1.788976
0.593076585279 0.933684121757 0.10844275999 1.771744
0.604707658528 0.932032470076 0.114311600021 1.652128
0.593270765853 0.929549033613 0.107398825121 1.633952
0.598427076585 0.930667681357 0.101495577922 1.6796
0.586342707659 0.932829639308 0.0955154259478 1.721088
0.610334270766 0.936493987262 0.0985251317486 1.744272
0.618133427077 0.937432262454 0.0986595995102 1.79832
0.608113342708 0.938513612019 0.0942703172471 1.795632
0.629611334271 0.940190364167 0.0836301181435 1.82456
0.607461133427 0.94483036009 0.0788948246294 1.90816
0.598046113343 0.947582326363 0.0827646759127 1.983328
0.572804611334 0.947285518924 0.0920823569004 1.940048
0.560380461133 0.94405113398 0.0994386095804 1.906448
0.560938046113 0.940836000131 0.110521472803 1.826912
0.614993804611 0.935600385831 0.114308019412 1.827536
0.614999380461 0.932740398376 0.112851209463 1.81584
0.618599938046 0.929943207874 0.109706463383 1.674032
0.613559993805 0.92918725749 0.106324516081 1.684528
0.60585599938 0.930534513364 0.100399706778 1.711344
0.585285599938 0.933500881577 0.099723548564 1.722224
0.607528559994 0.935296937941 0.0976370979716 1.55144
0.616052855999 0.936587501547 0.0957624619801 1.519856
0.6196052856 0.938416550171 0.0948681623792 1.577568
0.61456052856 0.939674324443 0.0998879975063 1.6084
0.601456052856 0.938664604607 0.0994280114519 1.684272
0.610945605286 0.938552076692 0.103819677414 1.818288
0.637094560529 0.937397959321 0.107458387148 1.7784
0.581209456053 0.935845048261 0.111954503838 1.61368
0.600820945605 0.933503858576 0.113517491119 1.545664
0.591082094561 0.931619569341 0.115142737416 1.582832
0.627008209456 0.929875246656 0.11258809177 1.560576
0.636900820946 0.929896238257 0.1097187355 1.530544
0.609090082095 0.930772881791 0.110679158154 1.555408
0.602709008209 0.931412994403 0.110445685075 1.623216
0.608370900821 0.93177591942 0.109082116479 1.693296
0.605337090082 0.932271125514 0.106139311546 1.651488
0.635633709008 0.932941824285 0.105044582664 1.632688
0.611663370901 0.933540022054 0.106045441884 1.632688
0.59036633709 0.933833537127 0.103047520031 1.62872
0.603536633709 0.935117282715 0.105699673522 1.68112
0.607553663371 0.9345349529 0.104496246209 1.57168
0.600755366337 0.934096460616 0.102288102938 1.60112
0.582075536634 0.933850364949 0.102153671425 1.619216
0.603607553663 0.934631425641 0.104887964523 1.677488
0.594060755366 0.933980927609 0.113331754691 1.626336
0.621006075537 0.930995064493 0.121680097499 1.524656
0.630900607554 0.926792565545 0.120083377732 1.569744
0.601290060755 0.925503711145 0.112480821382 1.576272
0.613629006076 0.927033466396 0.109707784725 1.603504
0.638262900608 0.928489914857 0.106490045697 1.542304
0.620926290061 0.930286745718 0.104281009385 1.560512
0.605692629006 0.932424538131 0.101575533418 1.526176
0.610469262901 0.934194266899 0.0984576303643 1.573696
0.57224692629 0.936517216257 0.102098305217 1.647728
0.590024692629 0.935535463307 0.0996145979652 1.654416
0.599002469263 0.937167597773 0.105015591611 1.683648
0.584600246926 0.936161546992 0.102724276957 1.685792
0.613760024693 0.935683239081 0.103574562158 1.592608
0.618476002469 0.93512774016 0.106022315643 1.645728
0.615347600247 0.934410742335 0.1045795013 1.658272
0.635734760025 0.934665166766 0.107881652293 1.638752
0.638673476002 0.933368071878 0.108358677319 1.526992
0.6065673476 0.932854521143 0.102205070807 1.432496
0.58895673476 0.934545641497 0.098323127985 1.465968
0.598895673476 0.936192408583 0.101572903775 1.602752
0.576489567348 0.936287700436 0.109161186666 1.66832
0.612948956735 0.934326937298 0.111161137958 1.653424
0.608494895673 0.932533344537 0.109076505243 1.540816
0.607149489567 0.931262084961 0.103531050335 1.465504
0.614214948957 0.933152365754 0.105886748637 1.37552
0.622121494896 0.933093394168 0.107670996758 1.47912
0.60491214949 0.93214032771 0.106637104791 1.560848
0.583391214949 0.932696898531 0.102535518529 1.66216
0.601039121495 0.934474798545 0.100916305828 1.735344
0.600103912149 0.936368370584 0.10153685648 1.643264
0.586510391215 0.936486742245 0.102562672098 1.593968
0.566251039121 0.935267844045 0.0976039317179 1.659664
0.612825103912 0.937298215613 0.0936408522352 1.718224
0.576982510391 0.939522749595 0.0914335702194 1.785056
0.576098251039 0.940131984317 0.0902781397261 1.748304
0.597609825104 0.942128101924 0.0934731716444 1.730352
0.62766098251 0.942710303637 0.0994432764375 1.63848
0.601866098251 0.941314307797 0.102110092485 1.581312
0.617286609825 0.940103705285 0.0984322504238 1.603408
0.603528660983 0.940015636461 0.098226394959 1.617184
0.598552866098 0.939586886246 0.0922986420485 1.62712
0.58545528661 0.940966301608 0.0872692685106 1.703216
0.598545528661 0.942963668387 0.0861514271573 1.721008
0.593554552866 0.945101162999 0.0816917326221 1.767152
0.534555455287 0.947142405676 0.0849097866602 1.863568
0.551155545529 0.945951021662 0.0826799618082 1.897088
0.537515554553 0.947316120199 0.0847122028286 1.917568
0.540651555455 0.948257539926 0.0855296032027 1.884528
0.549065155546 0.948088123766 0.0872226709148 1.897728
0.583206515555 0.946877978673 0.0903949392428 1.967968
0.592020651555 0.944512550676 0.0942138633239 1.835024
0.601902065156 0.942696281443 0.0994506988354 1.795216
0.595690206516 0.939617141314 0.0970464739369 1.752288
0.604969020652 0.939269020981 0.0962872638423 1.651104
0.595096902065 0.940756381393 0.0904401663591 1.668304
0.613009690207 0.942434677585 0.0889908304493 1.602576
0.596800969021 0.944243463356 0.0901716510228 1.730672
0.546580096902 0.944477655422 0.0814020035368 1.8912
0.55955800969 0.947367307877 0.0905357174361 2.06032
0.577055800969 0.945629503841 0.0940612440487 2.192048
0.550905580097 0.943736882997 0.0972126096593 2.127872
0.55999055801 0.940700758307 0.0966703909083 2.115776
0.583399055801 0.939958798962 0.0999555794041 2.04248
0.58123990558 0.939321397316 0.10072850303 1.988816
0.580123990558 0.939009404689 0.0976840590568 1.90816
0.578212399056 0.940202013965 0.0920567717268 1.788304
