0.0864 0.884250108519 0.623811018438 0.912928
0.09684 0.979066295515 0.659581440474 1.777504
0.120384 0.993312463398 0.63517145902 2.604032
0.1821384 0.997792588693 0.596416742666 3.394896
0.19101384 0.999673161018 0.559896876145 4.132416
0.202701384 0.999613890206 0.529794285042 4.838416
0.2173701384 0.997691725799 0.489771884653 5.441648
0.24133701384 0.994174236927 0.454971925684 6.007328
0.256333701384 0.988770041684 0.418685068643 6.549664
0.285733370138 0.981603025767 0.388390046964 6.996192
0.302173337014 0.972861607674 0.358346292005 7.416432
0.333517333701 0.962142356993 0.322635415311 7.733952
0.39425173337 0.949876203058 0.28843799627 7.921472
0.424625173337 0.938020883281 0.257249269849 8.154144
0.451062517334 0.926585581544 0.237622432518 8.264784
0.468106251733 0.913279643855 0.224417595568 8.278208
0.521110625173 0.899525660751 0.216483553024 8.285072
0.557011062517 0.886308818909 0.202926869059 8.17328
0.568701106252 0.879080841797 0.19609854786 8.119376
0.598670110625 0.876473283318 0.202667047108 7.992368
0.637667011063 0.872362583409 0.201658228754 7.87712
0.654166701106 0.871237903809 0.193795577941 7.68416
0.651316670111 0.874532774105 0.196355573357 7.494128
0.673531667011 0.874674828151 0.199771692182 7.289952
0.727953166701 0.87386574024 0.194311184185 6.831008
0.74149531667 0.87478873965 0.191555300959 6.333008
0.756349531667 0.875627227299 0.184543107137 6.013536
0.770434953167 0.8786213942 0.182198766416 5.658576
0.826743495317 0.880596635018 0.18403169537 5.021008
0.835074349532 0.880924018751 0.177283488832 4.6336
0.822407434953 0.883649176311 0.174217228828 4.263728
0.820240743495 0.886043736645 0.167448196994 3.9312
0.83712407435 0.889031751836 0.162883779161 3.559872
0.851412407435 0.892435836472 0.166938312775 3.226288
0.888841240743 0.89245256576 0.16081737946 2.911728
0.881784124074 0.895159506384 0.160238161428 2.688144
0.878378412407 0.896252709901 0.158079374371 2.359808
0.913137841241 0.898165164532 0.157881375068 2.027056
0.909413784124 0.898887850937 0.153386223083 1.773488
0.915341378412 0.901369761631 0.165936491325 1.532432
0.914134137841 0.898872487713 0.167915055925 1.224896
0.916713413784 0.896897810524 0.163403743246 1.073904
0.905271341378 0.898065108637 0.161606514061 0.897744
0.909527134138 0.898024322969 0.157804332994 0.706016
0.916252713414 0.89925639929 0.160551590508 0.492624
0.919625271341 0.898304682135 0.166303583794 0.26896
0.935262527134 0.895765689301 0.153581407658 0.192768
0.922426252713 0.898781749399 0.148573515778 0.222528
0.916642625271 0.902009445452 0.14861008318 0.228976
0.920564262527 0.903556140447 0.155074720204 0.222752
0.917356426253 0.902617081938 0.155315492318 0.21592
0.932335642625 0.902109307197 0.152106124913 0.231808
0.905933564263 0.90365403743 0.150264928152 0.254208
0.894293356426 0.903451638191 0.142982366051 0.268816
0.912029335643 0.906387088194 0.150565864194 0.279056
0.919202933564 0.904854983059 0.151577517616 0.254976
0.920820293356 0.903789075439 0.142416175561 0.228304
0.907482029336 0.906845464158 0.146059541754 0.262032
0.908848202934 0.907149422784 0.142068502132 0.2716
0.908984820293 0.908162421046 0.148368077878 0.276192
0.903598482029 0.906531147348 0.151330753692 0.284192
0.898559848203 0.905360305219 0.161748799553 0.248368
0.93315598482 0.900793529482 0.157474206884 0.243952
0.927615598482 0.899913524834 0.154160999965 0.212384
0.918961559848 0.901396078001 0.158134114216 0.214144
0.927996155985 0.900194771749 0.164113365993 0.221696
0.909099615598 0.897657551478 0.162600069377 0.24376
0.91260996156 0.897153822313 0.162648875489 0.235152
0.906660996156 0.897337076713 0.161731674726 0.23856
0.914166099616 0.897876192202 0.154650057507 0.236768
0.897816609962 0.900433370353 0.152450287191 0.247232
0.898881660996 0.902075117067 0.153651784378 0.264144
0.9169881661 0.901913382912 0.158777118874 0.242896
0.92869881661 0.899679052729 0.155732341097 0.217504
0.915469881661 0.900795675481 0.151686938274 0.217952
0.898846988166 0.902424394627 0.155714161223 0.251904
0.896284698817 0.901040916445 0.151868138263 0.255584
0.883428469882 0.902270354656 0.160305781295 0.27432
0.900142846988 0.899698930607 0.16275847645 0.2636
0.919814284699 0.89846427539 0.162886550196 0.233184
0.91638142847 0.896589568335 0.160233736832 0.21696
0.904338142847 0.897202061531 0.166252037245 0.222864
0.929233814285 0.894895917046 0.165502672176 0.212848
0.911923381428 0.894964221214 0.160489385557 0.196288
0.926392338143 0.896282319694 0.153005553082 0.208608
0.899039233814 0.899749778296 0.149777415494 0.220448
0.913403923381 0.902640921966 0.151067151421 0.243312
0.895040392338 0.903016425024 0.152352972556 0.273952
0.890504039234 0.902554088257 0.153397896535 0.299184
0.899950403923 0.902620131881 0.151578169444 0.295584
0.905395040392 0.902757983277 0.151764123968 0.289696
0.907739504039 0.903239021867 0.150182661802 0.28656
0.913373950404 0.903964222331 0.147817444698 0.282224
0.90583739504 0.904664730194 0.146678119732 0.298656
0.899683739504 0.905497580281 0.147465959555 0.291344
0.91886837395 0.906153437963 0.149376947309 0.25816
0.910886837395 0.90562626174 0.149026893397 0.220672
0.87948868374 0.905989050088 0.154634273056 0.252736
0.900648868374 0.903114119349 0.148419374935 0.236544
0.923464886837 0.904711190665 0.154900521757 0.2136
0.887046488684 0.902930659694 0.151297064597 0.24936
0.906804648868 0.902941670887 0.141355687709 0.250608
0.907880464887 0.907152300998 0.146397975425 0.284032
0.918788046489 0.907012939726 0.143683350575 0.261056
0.894678804649 0.907864502038 0.143245828137 0.299728
0.873367880465 0.908577778191 0.147088725044 0.324512
0.882936788046 0.907241559369 0.149521671969 0.296256
0.907293678805 0.905390696895 0.148790315689 0.266224
0.89712936788 0.905279951362 0.14182694727 0.28336
0.910512936788 0.907603798256 0.143159477378 0.28432
0.913651293679 0.907938876418 0.13825362813 0.256752
0.904065129368 0.910140337126 0.142909551691 0.268288
0.903106512937 0.909222462352 0.146737653506 0.264512
0.904810651294 0.908287925885 0.150732427234 0.275136
0.909481065129 0.90551469139 0.145980777218 0.242
0.893748106513 0.906147057241 0.14409196654 0.27904
0.910174810651 0.906838549902 0.139450738467 0.263952
0.903717481065 0.90890657547 0.13963844238 0.250176
0.909371748107 0.910077486 0.139425566408 0.252368
0.908137174811 0.910743307833 0.132390640604 0.259008
0.904413717481 0.913118579135 0.134253077815 0.269136
0.913041371748 0.913912682149 0.130245481914 0.275968
0.926504137175 0.916106354249 0.129980206213 0.255888
0.905350413717 0.917137600317 0.137743528412 0.256064
0.910435041372 0.915053636823 0.1391746153 0.247584
0.901943504137 0.912877391935 0.140299712122 0.2812
0.904694350414 0.911789062592 0.141294656821 0.258064
0.906769435041 0.911006969723 0.138640597239 0.230976
0.922276943504 0.911388920833 0.144372549915 0.234416
0.91752769435 0.910026256147 0.141636597829 0.235248
0.905352769435 0.910446060712 0.136238989586 0.274192
0.889735276944 0.91236058591 0.134518590474 0.287184
0.915173527694 0.913996610463 0.140519170881 0.296512
0.925817352769 0.912637264897 0.145943438526 0.270288
0.922381735277 0.90957522927 0.144526095897 0.242192
0.924738173528 0.909532216948 0.147802218973 0.27048
0.916873817353 0.908248588466 0.145910360502 0.263296
0.907987381735 0.907385953946 0.145120614701 0.285392
0.911598738174 0.907805181347 0.146143372798 0.255136
0.922759873817 0.906769175923 0.155437205762 0.259056
0.927475987382 0.903998437151 0.149253578905 0.258112
0.908147598738 0.905011730336 0.139443596903 0.286944
0.906214759874 0.907680028382 0.140570158741 0.280048
0.928521475987 0.908692110598 0.149018230127 0.251936
0.915452147599 0.906021463712 0.151894544846 0.246352
0.92944521476 0.904212232007 0.155054804932 0.248336
0.915544521476 0.901990554218 0.160714852831 0.250144
0.909654452148 0.899157034607 0.157730937475 0.249392
0.898265445215 0.898975248121 0.160566344241 0.265904
0.926826544521 0.898242948827 0.14599114315 0.245552
0.909882654452 0.902998823004 0.152912437696 0.277488
0.893788265445 0.901989277902 0.144768890232 0.279088
0.898478826545 0.905014393807 0.14329559181 0.275424
0.920547882654 0.906720736732 0.137878884733 0.276432
0.912854788265 0.909529073948 0.137644902363 0.257504
0.915685478827 0.911386063801 0.142359780583 0.259488
0.915068547883 0.910747441438 0.147362554681 0.268048
0.912306854788 0.908095799053 0.145355178985 0.268896
0.885030685479 0.908619989052 0.150269871679 0.290448
0.909303068548 0.907138064699 0.152927528989 0.24768
0.919830306855 0.905590251321 0.152222417827 0.238416
0.913683030685 0.905129731885 0.152775963388 0.239168
0.889668303069 0.90373262528 0.16006272914 0.259888
0.898066830307 0.900326645159 0.157789272822 0.241984
0.898006683031 0.900344860941 0.157783485891 0.267296
0.912400668303 0.899550994866 0.152091904917 0.2772
0.90304006683 0.901843037344 0.15756044545 0.280032
0.915604006683 0.900306151812 0.162898223738 0.259696
0.915060400668 0.898126950975 0.17062813425 0.230224
0.918606040067 0.895106949198 0.169412414813 0.211488
0.904560604007 0.8942697516 0.158972875395 0.229792
0.917556060401 0.896129834884 0.164477272098 0.226784
0.92875560604 0.895788820938 0.157846264252 0.230896
0.903775560604 0.898370272634 0.148294915352 0.228656
0.89857755606 0.902123688651 0.152282032557 0.245792
0.890857755606 0.902686846335 0.150654528749 0.258592
0.900885775561 0.903252599744 0.158995095489 0.27584
0.921688577556 0.901317682345 0.156114326464 0.24584
0.912068857756 0.900976879019 0.160509764043 0.254768
0.904806885776 0.898973780816 0.158057836633 0.25768
0.907680688578 0.89906113606 0.154030966307 0.250944
0.899868068858 0.900273426426 0.156891420767 0.258192
0.890986806886 0.900259191481 0.156688786863 0.267504
0.912598680689 0.900027791747 0.154218471232 0.252096
0.925559868069 0.901042852945 0.159400567067 0.258944
0.906155986807 0.899820562758 0.161059135597 0.277408
0.933915598681 0.899035784004 0.160250978308 0.262992
0.909691559868 0.89856650732 0.15676649476 0.2528
0.911769155987 0.898697841497 0.156496151976 0.239824
0.919176915599 0.899658958465 0.153084468803 0.226528
0.94331769156 0.901220184858 0.15330022917 0.196768
0.935831769156 0.901279682817 0.160227278143 0.193392
0.918883176916 0.899166400775 0.162613413801 0.206544
0.902788317692 0.897410293725 0.151996026385 0.236256
0.924578831769 0.899922218168 0.150946649637 0.223632
0.891657883177 0.901877706285 0.155710455956 0.243424
0.879365788318 0.900853730831 0.158493999296 0.261952
0.900636578832 0.900145652709 0.15330738671 0.275856
0.891963657883 0.901022583514 0.153128596998 0.291008
0.886596365788 0.901174437391 0.15375117406 0.297968
0.882459636579 0.90079699663 0.149283945839 0.272928
0.877545963658 0.903175897707 0.144203221955 0.297696
0.896854596366 0.905604654041 0.143900351345 0.271424
0.881685459637 0.907059001343 0.150295180876 0.287712
0.902668545964 0.90505683998 0.153574010899 0.277728
0.895766854596 0.903314351045 0.146789732339 0.274368
0.90317668546 0.905180075559 0.144512428654 0.28616
0.900317668546 0.906804022125 0.143297330218 0.26048
0.893731766855 0.907400629002 0.148231664736 0.28736
0.900273176685 0.906495916583 0.158176827038 0.284608
0.912627317669 0.90235450209 0.156602266292 0.279024
0.910262731767 0.90151256925 0.156741774296 0.248864
0.889326273177 0.900964382798 0.154740674669 0.257696
0.918732627318 0.900723680322 0.158106479895 0.224288
0.938773262732 0.899369311548 0.154491446 0.21264
0.923677326273 0.901068143723 0.155361190875 0.208112
0.930267732627 0.901733585377 0.150868151967 0.217664
0.919226773263 0.903289004035 0.153432907436 0.208912
0.891122677326 0.90287964267 0.15556238281 0.255504
0.900012267733 0.90166593488 0.156336213721 0.246848
0.921601226773 0.90097936591 0.156332657129 0.222784
0.926460122677 0.900505856211 0.153207733085 0.217968
0.899946012268 0.90227870549 0.154120394663 0.240576
0.908994601227 0.901995350238 0.155640190878 0.238192
0.926099460123 0.901085383375 0.145225545887 0.240592
0.923309946012 0.904652712424 0.144438108108 0.24768
0.914030994601 0.906414219736 0.146707121287 0.219968
0.90140309946 0.905929517064 0.151038543251 0.232672
0.910940309946 0.904714789506 0.14774111301 0.237968
0.900194030995 0.905384676322 0.145369138066 0.237392
0.927019403099 0.906207842736 0.152948755659 0.221104
0.91080194031 0.90479843372 0.14437560036 0.230224
0.906480194031 0.906612771552 0.139178649336 0.251088
0.892548019403 0.909267819473 0.137758017733 0.275408
0.89205480194 0.910705929466 0.140908635486 0.263568
0.891105480194 0.90989238435 0.135785655445 0.261504
0.905410548019 0.911511780387 0.131260873302 0.241056
0.885241054802 0.914602556897 0.132230969376 0.262208
0.89402410548 0.915518743471 0.139487047699 0.281312
0.904802410548 0.913057759124 0.134564833742 0.290528
0.899580241055 0.913999887649 0.144551893982 0.297424
0.891858024105 0.911342341787 0.148315772465 0.305056
0.884785802411 0.908423461238 0.15436799459 0.2864
0.906578580241 0.905129151396 0.157997253834 0.258592
0.897957858024 0.90215672142 0.164548413313 0.251152
0.904295785802 0.898802241165 0.158531046294 0.224128
0.92562957858 0.899043866188 0.157715228813 0.193088
0.898962957858 0.899421035559 0.155545573483 0.213328
0.906196295786 0.89996981374 0.150470523889 0.215008
0.932119629579 0.90238848281 0.148870068028 0.205424
