0.0657 0.884256565706 0.59020525359 0.920512
0.10377 0.979074130468 0.622468105165 1.802224
0.120177 0.993273890296 0.587592128662 2.637104
0.1362177 0.99780622533 0.552587735695 3.435504
0.16032177 0.999685657072 0.515741320066 4.192128
0.196932177 0.999603911384 0.479201257212 4.889696
0.1951932177 0.997723163187 0.434253968216 5.572832
0.24901932177 0.994061900899 0.381328124749 6.163232
0.259801932177 0.988933130321 0.34091519083 6.723776
0.301380193218 0.981797954196 0.306486184438 7.204144
0.314538019322 0.97340466995 0.276861181008 7.619872
0.325753801932 0.963617714669 0.259867500542 7.961824
0.367375380193 0.952240553524 0.234969828703 8.314288
0.363437538019 0.940261769282 0.217332919188 8.559088
0.431443753802 0.930603368062 0.202495006224 8.74848
0.44184437538 0.923776678456 0.190461013127 8.95904
0.460884437538 0.916560587115 0.174510791055 8.979184
0.477188443754 0.91212223431 0.167428085643 9.02416
0.531018844375 0.907014165154 0.159043800553 9.022256
0.567001884438 0.904520884079 0.151623226101 9.045216
0.567900188444 0.904574727836 0.141385801871 9.10528
0.582390018844 0.908161205779 0.134251087913 9.190384
0.579339001884 0.912456603136 0.132010426639 9.136832
0.602433900188 0.914911767583 0.122017898964 9.113744
0.583143390019 0.919082605181 0.120660325802 9.154448
0.602814339002 0.921558304007 0.122437153681 9.171408
0.6236814339 0.922454214384 0.112952946547 9.14256
0.60146814339 0.92579480751 0.110621617625 8.936656
0.630746814339 0.928155939565 0.10758349278 8.699696
0.655274681434 0.929282174782 0.114423407921 8.532416
0.655027468143 0.928301924295 0.109606215102 8.291584
0.658602746814 0.929243518912 0.109149628845 7.936144
0.658960274681 0.929795333694 0.110350239429 7.548928
0.684196027468 0.929471410941 0.113436245889 7.161312
0.706519602747 0.927694136835 0.105166216616 6.777424
0.677251960275 0.93056663654 0.10119717806 6.33768
0.720225196027 0.932942865889 0.0982153939464 5.903296
0.679522519603 0.935296442989 0.0999257001185 5.636464
0.70245225196 0.935837930263 0.0973739920012 5.236784
0.693945225196 0.936716041948 0.100915098621 5.050864
0.71379452252 0.935701349321 0.10037736302 4.700384
0.719379452252 0.935308556923 0.0967037869798 4.196208
0.681237945225 0.936283048119 0.096068350486 3.71344
0.712523794523 0.937309336037 0.101427399291 3.420272
0.721952379452 0.936214543634 0.0996376123736 3.04336
0.704895237945 0.937105452518 0.0992998216349 2.653568
0.676189523795 0.937543125028 0.0981260190771 2.263072
0.692218952379 0.938611082098 0.0971957869593 1.835552
0.683921895238 0.939078983279 0.0917756933066 1.502144
0.659692189524 0.942034808729 0.0954788743189 1.205536
0.687869218952 0.942398005381 0.0899694261803 1.195632
0.672686921895 0.94363767847 0.0827938492111 1.245328
0.65676869219 0.946506507211 0.0813743793316 1.257856
0.657876869219 0.947590737392 0.0823477663099 1.26032
0.634587686922 0.947643774454 0.0835568426836 1.328064
0.638558768692 0.947528492842 0.0855363246025 1.396432
0.643455876869 0.947175981903 0.0862681719668 1.4776
0.678145587687 0.946748433691 0.0832661780976 1.461264
0.627614558769 0.948126697219 0.0813188413729 1.495568
0.594661455877 0.948843970276 0.0846330835509 1.56224
0.612066145588 0.948113618107 0.0876862156048 1.537968
0.601206614559 0.946086326581 0.0883917198945 1.462128
0.631620661456 0.945511146442 0.0845400852575 1.441216
0.644562066146 0.946036156096 0.0794060522805 1.375584
0.648556206615 0.948304282742 0.0732901774 1.343488
0.626455620661 0.951595583175 0.0715463350258 1.354128
0.609845562066 0.953013661505 0.0764892849879 1.371424
0.663084556207 0.952283466446 0.0775700833762 1.375984
0.638708455621 0.951420100574 0.0827612855457 1.393728
0.649770845562 0.950073899508 0.084020458681 1.423232
0.677877084556 0.948713822828 0.0793900378431 1.374464
0.651887708456 0.949601848002 0.0756747266139 1.27728
0.650188770846 0.950727971238 0.0723418062434 1.197536
0.667118877085 0.952663060774 0.0720675940173 1.13592
0.620211887708 0.953963346594 0.0807769469614 1.232416
0.615521188771 0.951423635641 0.0800249871531 1.3228
0.591652118877 0.950319783772 0.0813526738773 1.463024
0.624365211888 0.94936078611 0.0885038748865 1.493696
0.666336521189 0.947218881728 0.0882258451843 1.443136
0.647133652119 0.946870853675 0.0875472522547 1.367136
0.647913365212 0.946621221836 0.0888194702156 1.28728
0.655191336521 0.946866572807 0.0929721228511 1.307744
0.631619133652 0.945533337979 0.0950191996475 1.341616
0.667961913365 0.943398860014 0.0922970881481 1.259968
0.659896191337 0.94226407268 0.0864265284731 1.216944
0.679789619134 0.944028216263 0.0826667270901 1.241264
0.659278961913 0.9457409582 0.0791816175391 1.226416
0.672527896191 0.947503959063 0.0790624844434 1.186368
0.689152789619 0.948816580862 0.0768081653524 1.144208
0.659315278962 0.950407979235 0.0792024025749 1.216944
0.631131527896 0.951316876608 0.0799011733005 1.297264
0.64451315279 0.950648552051 0.082413135051 1.284928
0.661151315279 0.9503973858 0.0875735635056 1.273168
0.654715131528 0.948355378886 0.0897116764173 1.2252
0.693671513153 0.946642019113 0.0901725080823 1.162512
0.668767151315 0.94569748912 0.0804765999817 1.156224
0.652776715132 0.947804471052 0.0707054292441 1.162704
0.681777671513 0.952048831869 0.0671443093142 1.178592
0.643277767151 0.955402438067 0.0684179846227 1.184576
0.622327776715 0.95616256592 0.0626224198263 1.222336
0.633732777672 0.958756247622 0.0608690993286 1.255808
0.612373277767 0.960454871404 0.0609505592655 1.294
0.616537327777 0.961711486341 0.0637699924329 1.372096
0.586353732778 0.960953413364 0.0639615316866 1.472624
0.607635373278 0.960811152218 0.0612936004853 1.509008
0.584563537328 0.962242052734 0.0577117152166 1.539616
0.578656353733 0.963598599946 0.0560929168226 1.668016
0.630265635373 0.964694244288 0.0621341999826 1.725168
0.606626563537 0.963141383183 0.0670896956261 1.702624
0.581762656354 0.961084263082 0.0703267862353 1.701264
0.590976265635 0.958763612302 0.0707932523014 1.683184
0.610797626564 0.958940780214 0.072225097452 1.591696
0.609179762656 0.958014776924 0.0684557329778 1.55344
0.644117976266 0.957474439465 0.0732088383586 1.496096
0.625111797627 0.956509318825 0.0745998449835 1.451712
0.628611179763 0.955423467794 0.0776365593017 1.35648
0.637061117976 0.953919298997 0.0807198390257 1.32568
0.637006111798 0.952471764107 0.0812137898786 1.317248
0.63970061118 0.951681421938 0.0822528339774 1.30392
0.657070061118 0.951381266275 0.0835760929472 1.282944
0.649807006112 0.951263907543 0.0797034448166 1.251968
0.640980700611 0.951670987632 0.0727981448948 1.294336
0.636498070061 0.953231259114 0.0670141660885 1.343728
0.644149807006 0.956129389879 0.0689279997199 1.359744
0.653014980701 0.956342201033 0.0688963796261 1.253552
0.65300149807 0.956494082018 0.0714397947713 1.268464
0.624200149807 0.956397741951 0.0777684493027 1.359104
0.665420014981 0.954749934634 0.0802642913105 1.394448
0.674042001498 0.952112136608 0.077304778975 1.372384
0.63710420015 0.952574457212 0.0773235785908 1.304368
0.664910420015 0.952908788717 0.0762595038235 1.35512
0.654191042001 0.952596518287 0.073472572128 1.356944
0.6099191042 0.953397205607 0.0692192637045 1.322208
0.60909191042 0.955648513136 0.0678747789139 1.308304
0.617109191042 0.956441436014 0.0628632904491 1.39808
0.624210919104 0.958635956985 0.0654249537881 1.459392
0.59972109191 0.958911994263 0.067092522254 1.52592
0.579272109191 0.958252672573 0.0671553728119 1.609632
0.596127210919 0.958727044055 0.0688363569789 1.614768
0.636512721092 0.958069257987 0.0754059204536 1.539056
0.633351272109 0.955881553914 0.0783302646955 1.47704
0.642935127211 0.954743119969 0.0774230864195 1.45592
0.632193512721 0.954250133276 0.0748600746967 1.379264
0.631119351272 0.954322966084 0.0722442935299 1.325968
0.599511935127 0.954799488298 0.0728338865952 1.3708
0.590051193513 0.954822845933 0.0732999284845 1.529072
0.582805119351 0.954112705774 0.0665438090254 1.554832
0.583880511935 0.956530667719 0.0679832687996 1.579344
0.574088051194 0.957208528413 0.0667180996104 1.622608
0.586608805119 0.95815620209 0.0672319527717 1.685504
0.612160880512 0.958509288486 0.0662685931681 1.6884
0.601216088051 0.959569880787 0.068439217183 1.740304
0.592021608805 0.959092717314 0.0679781596572 1.7752
0.623502160881 0.9593542225 0.0783234727798 1.846928
0.637450216088 0.956623530241 0.0812979619191 1.821872
0.588445021609 0.953322769599 0.0788222995575 1.71992
0.650144502161 0.953078249204 0.0785778910908 1.674032
0.627514450216 0.95235163191 0.0768936006015 1.564384
0.636051445022 0.952446530715 0.0804241220731 1.47672
0.690905144502 0.950789115917 0.0770269306652 1.33848
0.67029051445 0.951621017657 0.0735001670309 1.218496
0.638529051445 0.95267773606 0.073153391268 1.242448
0.656952905145 0.953027040412 0.0728943399101 1.248624
0.678595290514 0.953816067587 0.0690259985104 1.272848
0.624959529051 0.955585878673 0.0659282897796 1.31736
0.611495952905 0.957291688225 0.067861628189 1.42248
0.612849595291 0.957158426583 0.070512172447 1.503712
0.629184959529 0.956406814144 0.0779017869751 1.556816
0.621818495953 0.953812799732 0.0828782399182 1.525552
0.648981849595 0.950879028378 0.0840347892485 1.444096
0.64179818496 0.949199391849 0.0830066202039 1.407744
0.643779818496 0.948519930083 0.080290333607 1.472944
0.64397798185 0.949621369287 0.0751631363386 1.450192
0.668297798185 0.952603712946 0.0783857803051 1.434656
0.676129779818 0.952530379907 0.0806529726415 1.378848
0.668812977982 0.95159017723 0.0810368260853 1.33416
0.657281297798 0.951073808479 0.0865068029874 1.276736
0.63182812978 0.948769922788 0.0854185028265 1.295616
0.640082812978 0.948239607666 0.0863144379311 1.308736
0.667008281298 0.946508502632 0.0894722822144 1.315504
0.64810082813 0.944879158468 0.0841388763147 1.418512
0.661510082813 0.946290534704 0.0804893210648 1.454384
0.656551008281 0.947685232585 0.0777874423058 1.373792
0.639855100828 0.949231021892 0.073608013646 1.336096
0.627385510083 0.951541055861 0.0746843640924 1.372304
0.655838551008 0.951803003261 0.0794976337506 1.394176
0.641583855101 0.950639230979 0.081830556839 1.447184
0.65635838551 0.949363071871 0.0829640533307 1.490864
0.652435838551 0.948552191745 0.0844303060263 1.448448
0.648443583855 0.947603028875 0.0789308179441 1.456144
0.634544358386 0.948566197245 0.0738130406504 1.4132
0.628654435839 0.951081279945 0.0707264292691 1.461488
0.645165443584 0.953347768962 0.0700894355471 1.464192
0.633316544358 0.954708902045 0.0674412325585 1.467248
0.600631654436 0.956522528132 0.0668826816291 1.521168
0.582963165444 0.957305156855 0.0664497809339 1.572528
0.581196316544 0.958046729966 0.0687200724683 1.691616
0.622419631654 0.95701555905 0.0681040771205 1.705584
0.586941963165 0.957200243366 0.06815727574 1.726048
0.625694196317 0.957875617204 0.0667457715444 1.753136
0.618769419632 0.959149116319 0.0704524563483 1.710928
0.600076941963 0.958893738717 0.0718541990567 1.66232
0.600907694196 0.957913304121 0.0731920785686 1.609024
0.57309076942 0.95707067719 0.0747907833967 1.58272
0.604509076942 0.956192730343 0.0748443770571 1.583776
0.574350907694 0.955003099639 0.069374255741 1.685488
0.618135090769 0.956070729466 0.0652463123725 1.765552
0.620713509077 0.957287858909 0.065122375459 1.748736
0.631771350908 0.958012836089 0.06978813263 1.7148
0.616677135091 0.956764979028 0.0734899545208 1.636192
0.625067713509 0.955799444689 0.080201612375 1.63336
0.580006771351 0.953459031429 0.0814950927428 1.629008
0.578200677135 0.951892682807 0.0817021796829 1.56248
0.645520067714 0.951652760455 0.0780051390289 1.540528
0.622552006771 0.953052687322 0.0749437239357 1.53944
0.610355200677 0.95456114491 0.0723898093972 1.58464
0.598335520068 0.95554503072 0.0721486360006 1.600192
0.598933552007 0.956088243404 0.0661548435055 1.62312
0.607093355201 0.958022466763 0.0617896662453 1.670512
0.58720933552 0.960276037453 0.0576296672543 1.75104
0.553720933552 0.962394124333 0.0550552166447 1.973856
0.586372093355 0.964591794703 0.0619878947365 2.145184
0.594137209336 0.963558679638 0.0657777262592 2.201536
0.556213720934 0.961668945954 0.0729480113005 2.143504
0.592921372093 0.958158751619 0.0735743999179 1.978912
0.592992137209 0.956626724727 0.0767229239018 2.013888
0.547099213721 0.954976824533 0.0824415900933 2.0756
0.618109921372 0.951838586999 0.0855855617152 2.076704
0.624310992137 0.949117502499 0.0884797035238 2.07128
0.637531099214 0.946985844922 0.0902015639476 1.926592
0.638853109921 0.945884594385 0.0845392466208 1.747312
0.625485310992 0.946711350464 0.0863619060411 1.643584
0.618748531099 0.946362564196 0.0841557041435 1.568896
0.59377485311 0.947407588687 0.0832521640617 1.543216
0.599377485311 0.948554151324 0.0841009501548 1.596096
0.584637748531 0.949951919001 0.086265491332 1.630704
0.568763774853 0.949648694168 0.0889438522901 1.699984
0.600476377485 0.948493870136 0.0884581146241 1.75616
0.632447637749 0.946816111904 0.0807449690052 1.645744
0.638344763775 0.948061085116 0.0770071917336 1.407136
0.637134476377 0.950128175898 0.0762050051468 1.406144
0.625313447638 0.951341465431 0.0741224661052 1.486704
0.617831344764 0.952365910867 0.0709282465144 1.515584
0.636883134476 0.953597205743 0.0693694192908 1.488208
0.637888313448 0.954362170089 0.0685403148895 1.426384
0.637088831345 0.955313159947 0.0731373367541 1.374112
0.610008883134 0.954017783609 0.0766823866897 1.437088
0.639700888313 0.952683531243 0.0783533898537 1.399264
0.659770088831 0.951886665274 0.0738742480992 1.392112
0.651877008883 0.952949687373 0.0728298518075 1.403072
