0.0711 0.884331899552 0.615492596946 0.913664
0.15921 0.979069082692 0.615117062089 1.729024
0.173421 0.993292385255 0.526717410933 2.487616
0.1964421 0.997808074826 0.437328223829 3.178816
0.22484421 0.999671528948 0.340694332834 3.771072
0.292484421 0.999643766114 0.293966571868 4.18208
0.3253484421 0.997954076572 0.222575461664 4.596928
0.36553484421 0.994538928351 0.195649845849 4.859648
0.372253484421 0.991769222603 0.198380454241 5.069376
0.387325348442 0.989676194144 0.198273252295 5.321216
0.445532534844 0.985127737862 0.194438388576 5.307456
0.459453253484 0.97800288294 0.203733226892 5.135424
0.477045325348 0.969631423172 0.234212410128 4.818176
0.568804532535 0.962909837762 0.252908471461 4.430656
0.546480453253 0.954593523364 0.284511467206 4.115776
0.573048045325 0.941586321242 0.277722253597 3.725248
0.612604804533 0.927833943032 0.265654419119 3.44224
0.603960480453 0.912742188029 0.203640963785 3.185408
0.629196048045 0.90728270874 0.182056433871 2.928
0.697419604805 0.902566203491 0.150372663528 2.683136
0.69704196048 0.903652924788 0.15300480152 2.422528
0.697004196048 0.90255002876 0.124075964078 2.159936
0.648400419605 0.911107369987 0.104439845708 1.837184
0.59854004196 0.91484310887 0.117818530697 1.717568
0.591754004196 0.917287690359 0.0971393855586 1.815552
0.61537540042 0.926120723315 0.0796034993324 1.856704
0.616837540042 0.93170849765 0.0870222740709 1.805376
0.571083754004 0.936820503642 0.105294038222 1.8496
0.5818083754 0.935132522258 0.129673925846 1.95072
0.59368083754 0.931351843263 0.167183539704 1.936896
0.588568083754 0.9222522295 0.176355858188 1.877184
0.579956808375 0.915650684695 0.153738561078 1.807744
0.563795680838 0.919332097664 0.162615994074 1.828544
0.559479568084 0.916621465014 0.177028558341 1.891136
0.541047956808 0.913924667718 0.14552771588 1.865856
0.539204795681 0.917979208974 0.128819124992 2.018048
0.566920479568 0.926552148968 0.123151109944 1.972736
0.613792047957 0.929310131541 0.122845628645 1.985344
0.607679204796 0.925769360194 0.134345282974 1.803136
0.61516792048 0.921898853542 0.135403596631 1.84352
0.626716792048 0.917891879462 0.120858444729 1.701568
0.615271679205 0.92090026626 0.112963926584 1.624192
0.60332716792 0.922235445799 0.123665320918 1.602304
0.584132716792 0.924419699868 0.134963728081 1.598528
0.569613271679 0.925445166134 0.117873956626 1.676224
0.551061327168 0.930744667883 0.143189118013 1.700096
0.578006132717 0.930574079788 0.162268513796 1.87488
0.588800613272 0.928533134731 0.14049575833 1.95648
0.585380061327 0.929314088707 0.129022325373 1.976512
0.582338006133 0.923958797591 0.115403336792 1.813632
0.552333800613 0.925470247297 0.0972019469074 1.85056
0.584433380061 0.932065659052 0.121726184431 1.920512
0.595743338006 0.928195375521 0.148027210234 1.864576
0.644574333801 0.921173205396 0.139834764745 1.606144
0.65035743338 0.920446744942 0.128922736318 1.55424
0.643735743338 0.919796920217 0.122132899803 1.610816
0.585473574334 0.923796766574 0.162433066392 1.860416
0.620147357433 0.91634992541 0.162717979172 1.707584
0.658714735743 0.910407951421 0.143829984382 1.428288
0.649971473574 0.911954551277 0.128043818707 1.559424
0.626597147357 0.918455384278 0.121523807919 1.483904
0.622459714736 0.917909758704 0.121535279878 1.437184
0.620245971474 0.921003550816 0.120820874691 1.539328
0.593024597147 0.922817708057 0.146001587489 1.68768
0.639802459715 0.924130829747 0.171656832538 1.726016
0.678680245971 0.921124212236 0.173217058747 1.575168
0.663668024597 0.920968841826 0.195652740888 1.465536
0.63696680246 0.918066320099 0.217498210083 1.456256
0.591996680246 0.909772011764 0.240631359808 1.460736
0.615399668025 0.89830800568 0.236196593633 1.599616
0.624039966802 0.885712718962 0.226140940502 1.692672
0.72210399668 0.879396527994 0.220541191983 1.456448
0.750810399668 0.876967305512 0.204747577142 1.139456
0.756381039967 0.879431062444 0.189046036362 0.849408
0.720938103997 0.878076819712 0.162516561682 0.930752
0.7155938104 0.882394199693 0.138013101313 0.933184
0.69615938104 0.89038441867 0.136808019082 1.0672
0.688815938104 0.894802445454 0.151429115501 1.198464
0.69528159381 0.896385241068 0.16060097931 1.143872
0.702228159381 0.898765268273 0.177780759501 1.064576
0.733522815938 0.895845579162 0.201398660938 0.853696
0.716852281594 0.887351073693 0.18347370616 0.94144
0.673785228159 0.89219491349 0.154591347984 0.983168
0.674878522816 0.893194922257 0.133300548421 0.983552
0.647087852282 0.899825532439 0.116647201928 1.034432
0.672208785228 0.908844583019 0.094567607345 1.1936
0.643220878523 0.922558498279 0.108000979597 1.291392
0.640322087852 0.924761315401 0.12301652958 1.3168
0.672432208785 0.920785809542 0.130434266306 1.454336
0.669343220879 0.919402404673 0.143512268098 1.334976
0.691534322088 0.916494192343 0.136278549517 1.20896
0.713553432209 0.914187384944 0.122233987717 1.160768
0.705855343221 0.918387709762 0.0931487837556 1.147584
0.657385534322 0.921906362971 0.0836869676261 1.282176
0.569738553432 0.93286198411 0.0839448567816 1.497152
0.587973855343 0.9351504917 0.126148032386 1.621696
0.635697385534 0.930066122469 0.140131202657 1.635904
0.642269738553 0.923683808972 0.174005208676 1.450368
0.634826973855 0.917748699825 0.173675656848 1.402176
0.659282697386 0.908288619251 0.144887055724 1.396736
0.641028269739 0.910197247016 0.108468217472 1.353664
0.628402826974 0.915562173865 0.13179267644 1.498496
0.622640282697 0.91688091252 0.142120524656 1.53888
0.68056402827 0.917230037834 0.153616230283 1.500864
0.648556402827 0.91499632239 0.1032424805 1.275904
0.672355640283 0.9216784331 0.098242918241 1.21664
0.662135564028 0.925995238385 0.0898406527268 1.194816
0.604413556403 0.928862132015 0.0874119941119 1.230912
0.54104135564 0.933101579217 0.0570118444069 1.346944
0.519404135564 0.94339203287 0.0634326971207 1.616832
0.513640413556 0.949509541538 0.1055051931 1.930432
0.502264041356 0.949362857706 0.132092099821 2.19456
0.586626404136 0.946498742272 0.151972003486 2.170752
0.587862640414 0.936560823551 0.137525875805 2.000192
0.567286264041 0.930576961184 0.116211564233 1.897728
0.538228626404 0.930546461523 0.12780232801 1.86048
0.56502286264 0.930291889284 0.11924659711 1.984704
0.574902286264 0.937380306148 0.113851541933 2.07328
0.535390228626 0.941484583675 0.0819913618388 2.202624
0.528739022863 0.944595431997 0.0642759471988 2.360128
0.589273902286 0.945713083007 0.0987038456331 2.467712
0.598027390229 0.946856592631 0.116547898104 2.417984
0.602502739023 0.945288905752 0.127670749173 2.344384
0.622750273902 0.939879151244 0.135993693622 2.302528
0.57977502739 0.935743979111 0.123126130374 2.229632
0.549377502739 0.934125604815 0.112303905539 2.2592
0.614737750274 0.932186329516 0.104448491016 2.134784
0.599673775027 0.935651396285 0.110332012724 2.039936
0.606267377503 0.937496271107 0.12977971448 1.695488
0.54392673775 0.938994957481 0.146784600128 1.832768
0.532292673775 0.93938277186 0.136545024105 2.064192
0.510429267378 0.941953893844 0.11747463239 2.276288
0.501042926738 0.94417786062 0.0902168885173 2.558144
0.539704292674 0.94770087889 0.0764659948366 2.771008
0.516570429267 0.951561068827 0.08624042082 2.742144
0.504357042927 0.951753901951 0.0980535776306 2.847808
0.560735704293 0.950093680282 0.0810178258124 3.03616
0.539373570429 0.952877812362 0.0618512009745 3.160832
0.506637357043 0.955926444476 0.0607321895666 3.1152
0.497963735704 0.960203743455 0.108808369553 2.983744
0.47549637357 0.958485517243 0.135689235912 2.867648
0.484949637357 0.952026451947 0.155781523874 2.602944
0.538094963736 0.944023191259 0.175475709546 2.226368
0.590209496374 0.936075613629 0.209271425748 1.981568
0.560320949637 0.92842933613 0.18141641555 2.059072
0.609532094964 0.922626758749 0.140844000008 1.952256
0.577553209496 0.920809253089 0.118077509732 1.95904
0.60675532095 0.926201003811 0.11179174447 1.861568
0.606075532095 0.933530208076 0.104876780179 1.962112
0.569107553209 0.93752829295 0.105301204949 2.005248
0.566310755321 0.940082378822 0.119009170979 2.142976
0.539031075532 0.940945561226 0.13237095408 2.173504
0.563303107553 0.938832757395 0.138279202989 2.34752
0.563030310755 0.934939123233 0.13320162532 2.406848
0.590003031076 0.933161811945 0.162882228569 2.4352
0.583700303108 0.926321713722 0.164670808595 2.54304
0.595670030311 0.92603300696 0.156775151471 2.570048
0.590567003031 0.929073290534 0.134845552718 2.640448
0.571156700303 0.925597185497 0.11091753914 2.490688
0.59261567003 0.931073478692 0.0790484068614 2.417984
0.589361567003 0.937433478721 0.0708565161364 2.455808
0.5251361567 0.942524800401 0.0765162826564 2.604352
0.50971361567 0.945140677021 0.074394172931 2.738624
0.491971361567 0.948952800569 0.0615025470337 2.725312
0.469497136157 0.951235234548 0.043477790326 2.839488
0.429449713616 0.958214653192 0.0368322171928 2.939392
0.420044971362 0.962730535387 0.0321087432424 2.8912
0.396604497136 0.967296663029 0.0399869442158 3.04896
0.424860449714 0.96914226863 0.059531231082 3.307008
0.434886044971 0.967880382064 0.0874474987098 3.482176
0.452088604497 0.965065826508 0.124285994809 3.474496
0.43400886045 0.960764566617 0.1524059187 3.25856
0.418700886045 0.95308464882 0.171367123092 3.177728
0.473870088604 0.948871502084 0.18762542996 3.304832
0.57118700886 0.938235779005 0.162164734754 3.20384
0.655618700886 0.927956404205 0.121488142861 2.74016
0.626261870089 0.93188885585 0.0906517169336 2.521088
0.579226187009 0.937222782315 0.0605690360995 2.172672
0.568222618701 0.941647368333 0.0379032503901 2.023808
0.51492226187 0.950464196301 0.043287644916 1.938112
0.537492226187 0.958621069962 0.0521487560946 2.125248
0.533449222619 0.965237438067 0.0842731762907 2.251008
0.507844922262 0.969680198135 0.0986042661246 2.296192
0.493584492226 0.965242013933 0.103290005794 2.435456
0.521858449223 0.957006289083 0.101609580772 2.470336
0.547185844922 0.954377302129 0.118966622833 2.619584
0.511018584492 0.951675242522 0.131423402293 2.7376
0.522701858449 0.951508629533 0.150446167685 2.704128
0.531070185845 0.947737532602 0.154674938403 2.69504
0.507607018584 0.9456557166 0.149035460412 2.77344
0.603360701858 0.942092427731 0.139395531682 2.516224
0.567036070186 0.943266830534 0.127574547476 2.173184
0.566103607019 0.942935731554 0.125428530763 1.970816
0.546210360702 0.946017962936 0.109629270101 1.866368
0.49832103607 0.950154069728 0.128530567097 1.926976
0.484532103607 0.948921631728 0.137660312967 2.177792
0.511953210361 0.940366063264 0.123306423294 2.391552
0.540795321036 0.933473996282 0.115426868047 2.39296
0.562579532104 0.930189823464 0.111699112666 2.206144
0.58905795321 0.930162330624 0.119672931328 2.310912
0.574605795321 0.926682366996 0.100980259275 2.175296
0.573160579532 0.928884725324 0.096519796584 2.170112
0.534316057953 0.931876684172 0.0786180691618 2.347904
0.526831605795 0.937688759911 0.0736616564728 2.584896
0.55488316058 0.942685822948 0.0855523884751 2.603584
0.491988316058 0.943437287705 0.0953562317927 2.77504
0.506398831606 0.93954660109 0.0848646762008 2.83712
0.463739883161 0.943349910246 0.0856192024946 2.782528
0.492773988316 0.9422556004 0.105279400107 2.649536
0.471377398832 0.939745507254 0.0895757077394 2.741632
0.471037739883 0.938538171487 0.0787869698907 2.795904
0.420603773988 0.942324559476 0.0745200708699 2.953856
0.477660377399 0.947487763327 0.0756860133438 3.11072
0.42306603774 0.949201112885 0.0536981668412 3.220416
0.420306603774 0.955189577664 0.0582954543001 3.287424
0.485730660377 0.95751512645 0.0694387598526 3.373312
0.479673066038 0.957797738862 0.0799595446025 3.197632
0.489867306604 0.956808903655 0.0859036544681 3.062016
0.51698673066 0.956136628466 0.0596767264609 2.973952
0.499898673066 0.96136412677 0.0551125616418 3.01568
0.491889867307 0.967286608567 0.0684041341333 3.046656
0.462288986731 0.968300554537 0.0910222085969 3.150208
0.491728898673 0.964748078355 0.122360487479 3.082688
0.477572889867 0.958119845971 0.148392670721 3.04064
0.541857288987 0.947250748976 0.131186070002 2.5792
0.578885728899 0.942989275335 0.16121987227 2.180608
0.59878857289 0.932993379162 0.154724938002 2.199872
0.554878857289 0.92915060364 0.129728722274 2.220992
0.580187885729 0.93152679366 0.116616675748 2.205376
0.585418788573 0.930448817023 0.0920784590029 2.065216
0.581441878857 0.934523828194 0.0865860376607 1.939264
0.608044187886 0.941455566225 0.0866349626203 1.802944
0.575604418789 0.947124753935 0.11560649623 1.70912
0.536360441879 0.945157806255 0.156810998162 1.880192
0.567536044188 0.937069815879 0.16654949506 2.092992
0.558053604419 0.923094020695 0.144796136377 2.093504
0.585005360442 0.922629247108 0.126332614176 1.967424
0.517500536044 0.927182107062 0.128271341823 1.972288
0.556650053604 0.929354663411 0.1507362333 2.196864
0.60736500536 0.923823554369 0.192804258889 2.160896
0.621436500536 0.913390120461 0.223327131443 2.022016
0.626443650054 0.905075253223 0.225621392986 1.713024
0.663844365005 0.903348410334 0.20255289419 1.619776
0.600984436501 0.906631635637 0.151666382059 1.616768
0.63699844365 0.913190534297 0.126107412453 1.729472
0.676599844365 0.921932596361 0.138948803258 1.6384
0.661659984437 0.922954945847 0.149896469335 1.43936
0.681765998444 0.918505659395 0.173631434417 1.074624
0.694576599844 0.91233088597 0.138329533429 1.07808
0.697657659984 0.915385337773 0.120843704276 1.115392
