0.1422 0.899685064112 0.306408328722 -198.992576 1.0 0.702464 30.7635225957 21.8208320142 -7.59086833586 1408535901.41
0.26532 0.931344870366 0.168026704025 -174.15296 1.0 0.722304 30.7635225957 21.8208320142 -2.61889255771 1408535902.01
0.358632 0.873131963567 0.101331947313 -154.051328 1.0 0.74528 30.7635225957 21.8208320142 -1.40668879794 1408535903.05
0.4426632 0.836871467882 0.0733552666961 -132.291136 1.0 0.782592 30.7635225957 21.8208320142 -1.33788714558 1408535904.4
0.51856632 0.831135970189 0.0655257940164 -116.354176 1.0 0.817216 30.7635225957 21.8208320142 -0.179841604604 1408535906.6
0.483856632 0.844080206978 0.0660802532305 -109.968 1.0 0.830336 30.7635225957 21.8208320142 0.0336530326952 1408535908.44
0.4137856632 0.860331649621 0.0587992694618 -108.199552 1.0 0.832704 30.7635225957 21.8208320142 0.045467446732 1408535910.28
0.40857856632 0.873945378709 0.0738521282993 -103.213056 1.0 0.84896 30.7635225957 21.8208320142 0.0149259534773 1408535911.58
0.400857856632 0.883313738448 0.064711597841 -98.017792 1.0 0.862592 30.7635225957 21.8208320142 0.031470249145 1408535912.84
0.418085785663 0.887321860636 0.0605452785798 -96.676352 1.0 0.865856 30.7635225957 21.8208320142 0.0542269901822 1408535914.01
0.437808578566 0.893709961228 0.0445942287815 -96.174848 1.0 0.865856 30.7635225957 21.8208320142 0.087613343632 1408535915.19
0.444280857857 0.901458615194 0.0330627305329 -95.092672 1.0 0.865856 30.7635225957 21.8208320142 0.08229681779 1408535916.33
0.413428085786 0.908170778019 0.0277035869037 -91.96064 1.0 0.86592 30.7635225957 21.8208320142 -0.0040631003841 1408535917.43
0.432842808579 0.916379247837 0.025657244533 -85.879232 1.0 0.867456 30.7635225957 21.8208320142 -0.178451084675 1408535918.53
0.463584280858 0.926986646953 0.0317995299406 -77.808832 1.0 0.872448 30.7635225957 21.8208320142 -0.443397770205 1408535919.58
0.473858428086 0.935918735346 0.0322801994583 -76.517888 1.0 0.872896 30.7635225957 21.8208320142 0.119727003431 1408535920.6
0.468585842809 0.944254856532 0.036649814139 -75.637056 1.0 0.872896 30.7635225957 21.8208320142 0.0638610063866 1408535921.68
0.428458584281 0.953319428225 0.0610715150496 -72.58432 1.0 0.872896 30.7635225957 21.8208320142 -0.589234082486 1408535922.64
0.457745858428 0.961086377883 0.0781553989855 -69.382656 1.0 0.872896 30.7635225957 21.8208320142 -0.700916107331 1408535923.56
0.423774585843 0.963104380673 0.066027393711 -68.710912 1.0 0.872896 30.7635225957 21.8208320142 0.109725297978 1408535924.5
0.416777458584 0.962211681636 0.0647024674119 -68.178048 1.0 0.872896 30.7635225957 21.8208320142 0.115806948362 1408535925.38
0.386377745858 0.961086092961 0.0614051533897 -67.576576 1.0 0.872896 30.7635225957 21.8208320142 0.112504260255 1408535926.23
0.396837774586 0.962553724241 0.0736912855111 -67.053056 1.0 0.872896 30.7635225957 21.8208320142 0.119946516873 1408535927.1
0.373583777459 0.964864391388 0.0642095901718 -66.526272 1.0 0.872896 30.7635225957 21.8208320142 0.125790440342 1408535927.95
0.300158377746 0.968112328699 0.0504132939678 -65.894912 1.0 0.872896 30.7635225957 21.8208320142 0.105446999324 1408535928.78
0.283815837775 0.970873370667 0.0415355080082 -64.754304 1.0 0.872896 30.7635225957 21.8208320142 -0.0123653528319 1408535929.59
0.293881583777 0.969821040064 0.0289019465059 -62.170304 1.0 0.872896 30.7635225957 21.8208320142 -0.444717965312 1408535930.41
0.311988158378 0.971092315224 0.0295102608894 -60.808064 1.0 0.87296 30.7635225957 21.8208320142 -0.0736058026055 1408535931.19
0.302998815838 0.973769978766 0.0393366285849 -59.409536 1.0 0.8736 30.7635225957 21.8208320142 -0.0485468578211 1408535931.93
0.365999881584 0.976091238935 0.0464622321892 -58.843136 1.0 0.8736 30.7635225957 21.8208320142 0.107283910024 1408535932.74
0.345299988158 0.979460200103 0.0491991426785 -58.370944 1.0 0.8736 30.7635225957 21.8208320142 0.126531823169 1408535933.55
0.387329998816 0.981886678049 0.0770774115546 -58.05888 1.0 0.8736 30.7635225957 21.8208320142 0.165107621829 1408535934.34
0.360932999882 0.980909327756 0.0778761503076 -54.493824 1.0 0.875776 30.7635225957 21.8208320142 -0.519315587305 1408535935.17
0.371793299988 0.977910680338 0.0649124674383 -53.858112 1.0 0.876544 30.7635225957 21.8208320142 0.156279829603 1408535936.0
0.398979329999 0.973049947772 0.0457611534622 -53.467968 1.0 0.876544 30.7635225957 21.8208320142 0.15718501652 1408535936.78
0.378297933 0.971467299684 0.0430059424225 -53.24064 1.0 0.876544 30.7635225957 21.8208320142 0.173470958302 1408535937.58
0.4257297933 0.971585604184 0.057402652688 -51.442368 1.0 0.886592 30.7635225957 21.8208320142 -0.061634943124 1408535938.33
0.44577297933 0.972489465467 0.0571895675281 -48.929984 1.0 0.898048 30.7635225957 21.8208320142 -0.112857639949 1408535939.19
0.444177297933 0.97086082202 0.0541825077231 -42.66464 1.0 0.058112 -86.1182387021 32.2369370461 -0.566023280264 1408535940.0
0.448517729793 0.968169028383 0.0400404914262 -40.029888 1.0 0.455232 -86.1182387021 32.2369370461 0.0476268541552 1408535940.95
0.441751772979 0.967540002826 0.0225607704873 -38.379904 1.0 0.512576 -86.1182387021 32.2369370461 0.135779662564 1408535941.79
0.435675177298 0.969451869707 0.0298119641413 -32.411712 1.0 0.556672 -86.1182387021 32.2369370461 -0.233209515968 1408535942.6
0.41886751773 0.97246265862 0.035361792383 -29.647424 1.0 0.591424 -86.1182387021 32.2369370461 0.00115798733125 1408535943.43
0.447786751773 0.973273640361 0.0316995915202 -28.851456 1.0 0.619776 -86.1182387021 32.2369370461 0.115657789527 1408535944.27
0.388578675177 0.976970642268 0.0383066726609 -27.546688 1.0 0.628224 -86.1182387021 32.2369370461 0.024268103007 1408535945.09
0.429457867518 0.977208285322 0.0401630813683 -26.456512 1.0 0.641408 -86.1182387021 32.2369370461 0.0896921975795 1408535945.87
0.474945786752 0.977224770181 0.0468293455557 -26.025344 1.0 0.656896 -86.1182387021 32.2369370461 0.190129800992 1408535946.59
0.451594578675 0.978284954732 0.0439998472973 -25.772032 1.0 0.66144 -86.1182387021 32.2369370461 0.21405369961 1408535947.41
0.446559457868 0.977436405972 0.0386756817782 -25.32256 1.0 0.662528 -86.1182387021 32.2369370461 0.16562617969 1408535948.24
0.428055945787 0.977370930381 0.0555513561726 -23.740672 1.0 0.668032 -86.1182387021 32.2369370461 -0.259075502736 1408535949.05
0.425305594579 0.975360016974 0.0553591064321 -21.733696 1.0 0.675648 -86.1182387021 32.2369370461 -0.266614465843 1408535949.87
0.419630559458 0.973045738782 0.0488233900975 -20.867072 1.0 0.677952 -86.1182387021 32.2369370461 0.0269251126924 1408535950.74
0.438863055946 0.969057435484 0.0578145073214 -20.251008 1.0 0.68096 -86.1182387021 32.2369370461 0.0818868517635 1408535951.64
0.464186305595 0.966261486136 0.0439858112018 -19.835136 1.0 0.688192 -86.1182387021 32.2369370461 0.162050189451 1408535952.59
0.446018630559 0.967219490659 0.0554632007217 -19.532416 1.0 0.694912 -86.1182387021 32.2369370461 0.143426799791 1408535953.49
0.471201863056 0.967199678932 0.0472515422994 -19.471104 1.0 0.70624 -86.1182387021 32.2369370461 0.183091282522 1408535954.36
0.507020186306 0.967646978319 0.0337081021029 -20.305408 1.0 0.733568 -86.1182387021 32.2369370461 0.449068769929 1408535955.27
0.536702018631 0.970910541617 0.0332824018815 -21.5392 1.0 0.76224 -86.1182387021 32.2369370461 0.405552637718 1408535956.14
0.495570201863 0.974781676567 0.0418520581222 -21.658752 1.0 0.769664 -86.1182387021 32.2369370461 0.25419486567 1408535956.96
0.447357020186 0.975505137979 0.0383919888305 -21.217344 1.0 0.769664 -86.1182387021 32.2369370461 0.137904099972 1408535957.81
0.438035702019 0.973219229986 0.0354248097898 -20.897536 1.0 0.771648 -86.1182387021 32.2369370461 0.16478695152 1408535958.61
0.447903570202 0.972843292857 0.0419292426659 -20.621568 1.0 0.771776 -86.1182387021 32.2369370461 0.195824241602 1408535959.4
0.49209035702 0.975750805604 0.0515641674475 -20.655616 1.0 0.794368 -86.1182387021 32.2369370461 0.267187867954 1408535960.22
0.494709035702 0.980292973283 0.060680703363 -16.52224 1.0 0.819008 -86.1182387021 32.2369370461 -0.186699188932 1408535961.02
0.49497090357 0.982621972215 0.0596248789661 -11.370752 1.0 0.845312 -86.1182387021 32.2369370461 -0.138654326594 1408535961.83
0.495897090357 0.982988040339 0.060341215495 -10.69216 1.0 0.84768 -86.1182387021 32.2369370461 0.180591171506 1408535962.59
0.490589709036 0.98200856826 0.0582362174219 -10.603776 1.0 0.84768 -86.1182387021 32.2369370461 0.198364712068 1408535963.4
0.489158970904 0.980456636658 0.0621016158389 -10.323264 1.0 0.847936 -86.1182387021 32.2369370461 0.184354589845 1408535964.2
0.50701589709 0.978959796519 0.0696300261912 -10.374912 1.0 0.850048 -86.1182387021 32.2369370461 0.254488579846 1408535964.99
0.479101589709 0.978445317746 0.065255289623 -10.297664 1.0 0.852672 -86.1182387021 32.2369370461 0.231580549717 1408535965.84
0.484410158971 0.97909731722 0.0691531752122 -9.292992 1.0 0.870784 -86.1182387021 32.2369370461 0.0743074125474 1408535966.69
0.435441015897 0.978038054902 0.0914065196671 -9.089088 1.0 0.877952 -86.1182387021 32.2369370461 0.165096179518 1408535967.56
0.42334410159 0.97674253595 0.0848676157924 -8.694592 1.0 0.880064 -86.1182387021 32.2369370461 0.122865381545 1408535968.35
0.364534410159 0.977649128495 0.0785551389243 -8.687168 1.0 0.888704 -86.1182387021 32.2369370461 0.17166697395 1408535969.2
0.392853441016 0.976154072384 0.0831901179806 -8.532352 1.0 0.893696 -86.1182387021 32.2369370461 0.128498116044 1408535970.06
0.440685344102 0.971345763646 0.0877168762334 -8.145344 1.0 0.894656 -86.1182387021 32.2369370461 0.134643805796 1408535970.9
0.41486853441 0.966390272842 0.0884533892723 -7.756416 1.0 0.896576 -86.1182387021 32.2369370461 0.145034712023 1408535971.81
0.408686853441 0.959987070351 0.0766400010224 -7.317568 1.0 0.897728 -86.1182387021 32.2369370461 0.104078998511 1408535972.73
0.393668685344 0.955255925086 0.093788198023 -6.803008 1.0 0.898048 -86.1182387021 32.2369370461 0.0820568638944 1408535973.61
0.420966868534 0.955784283898 0.0982792426475 -6.614336 1.0 0.349824 -22.5591193511 33.1925200224 0.118886773161 1408535974.59
0.441696686853 0.960521939776 0.0995424737452 -6.6832 1.0 0.451776 -22.5591193511 33.1925200224 0.155220134252 1408535975.5
0.443769668685 0.965722324694 0.0980909072228 -6.414336 1.0 0.478336 -22.5591193511 33.1925200224 0.178559106664 1408535976.34
0.476376966869 0.966908369464 0.0952468618174 -6.498752 1.0 0.522176 -22.5591193511 33.1925200224 0.260826932107 1408535977.15
0.501237696687 0.967642384701 0.0978773484583 -7.199424 1.0 0.569024 -22.5591193511 33.1925200224 0.246078624196 1408535977.98
0.522623769669 0.968295864616 0.0681626458928 -7.52256 1.0 0.61312 -22.5591193511 33.1925200224 0.19655801893 1408535978.86
0.510362376967 0.969339068924 0.0495895682192 -7.923968 1.0 0.667136 -22.5591193511 33.1925200224 0.281555652403 1408535979.73
0.502836237697 0.968641575513 0.0587246145354 -7.84832 1.0 0.696384 -22.5591193511 33.1925200224 0.202501516311 1408535980.5
0.49488362377 0.966411796423 0.0513009290738 -6.972608 1.0 0.714304 -22.5591193511 33.1925200224 0.170187049064 1408535981.33
0.456288362377 0.966723667579 0.0300465265741 -6.510592 1.0 0.717376 -22.5591193511 33.1925200224 0.171389718415 1408535982.19
0.477628836238 0.969256245369 0.0245699077962 -4.671424 1.0 0.758848 -22.5591193511 33.1925200224 0.263305734176 1408535983.0
0.496862883624 0.9751194611 0.0484950633407 -4.60768 1.0 0.805376 -22.5591193511 33.1925200224 0.340299026965 1408535983.86
0.490686288362 0.981045132929 0.0686697962142 -4.481792 1.0 0.837568 -22.5591193511 33.1925200224 0.183372532927 1408535984.67
0.509868628836 0.982876300461 0.0546639127232 -4.848896 1.0 0.86336 -22.5591193511 33.1925200224 0.328384887742 1408535985.47
0.527086862884 0.981589718923 0.0428262187801 -4.730112 1.0 0.869504 -22.5591193511 33.1925200224 0.237970602722 1408535986.26
0.509908686288 0.98184970058 0.0439420601828 -4.33568 1.0 0.869504 -22.5591193511 33.1925200224 0.200894442109 1408535987.03
0.493790868629 0.98367522259 0.0472924437489 -3.945216 1.0 0.869504 -22.5591193511 33.1925200224 0.187073376552 1408535987.83
0.460679086863 0.985636770082 0.0657980317497 -3.573504 1.0 0.869504 -22.5591193511 33.1925200224 0.181237521601 1408535988.57
0.445667908686 0.985439867411 0.0664610136417 -3.176128 1.0 0.870528 -22.5591193511 33.1925200224 0.152691771034 1408535989.34
0.434266790869 0.984611775399 0.0625999964622 -2.708928 1.0 0.871168 -22.5591193511 33.1925200224 0.143460141249 1408535990.17
0.357526679087 0.981478005623 0.044542034855 -2.246912 1.0 0.872448 -22.5591193511 33.1925200224 0.164161255068 1408535991.02
0.321952667909 0.978367525654 0.0540881194458 -2.066624 1.0 0.88576 -22.5591193511 33.1925200224 0.235979259417 1408535991.82
0.334595266791 0.974247549243 0.0526832395212 -1.547712 1.0 0.892352 -22.5591193511 33.1925200224 0.148881386504 1408535992.63
0.341259526679 0.970186529194 0.0556678674977 -1.029376 1.0 0.894016 -22.5591193511 33.1925200224 0.165255383953 1408535993.45
0.319425952668 0.966453994277 0.0589242035217 -0.7216 1.0 0.146112 0.720440324465 26.6050165296 0.179818617048 1408535994.33
0.356842595267 0.966063939289 0.0554771870676 -0.563968 1.0 0.387264 0.720440324465 26.6050165296 0.227856409845 1408535995.21
0.410084259527 0.967405544664 0.0346755134068 -0.263872 1.0 0.451648 0.720440324465 26.6050165296 0.212444284547 1408535996.12
0.404608425953 0.972471514605 0.0242256742849 0.013568 1.0 0.49824 0.720440324465 26.6050165296 0.188585665794 1408535997.0
0.384260842595 0.975260650948 0.0352342037141 0.403712 1.0 0.520832 0.720440324465 26.6050165296 0.182575030391 1408535997.8
0.41732608426 0.979625387018 0.0566832688806 0.63072 1.0 0.552064 0.720440324465 26.6050165296 0.202035695831 1408535998.6
0.456632608426 0.983356469511 0.0610645943062 0.962624 1.0 0.568512 0.720440324465 26.6050165296 0.19384436399 1408535999.4
0.424563260843 0.981761623351 0.0548300049261 1.4 1.0 0.576384 0.720440324465 26.6050165296 0.186892081924 1408536000.24
0.415956326084 0.980106869138 0.0648470023024 1.781888 1.0 0.587456 0.720440324465 26.6050165296 0.196630542131 1408536001.14
0.419595632608 0.979513477522 0.0634522051484 2.091136 1.0 0.597696 0.720440324465 26.6050165296 0.181472707484 1408536001.97
0.494659563261 0.978812241835 0.0548558049551 2.025664 1.0 0.618496 0.720440324465 26.6050165296 0.264113635775 1408536002.83
0.525565956326 0.977958157925 0.0643964030325 1.950272 1.0 0.638528 0.720440324465 26.6050165296 0.290198784682 1408536003.73
0.503456595633 0.974259396056 0.0474457085569 1.790848 1.0 0.663296 0.720440324465 26.6050165296 0.349906055921 1408536004.61
0.522845659563 0.972396655013 0.0443676755048 1.472704 1.0 0.689408 0.720440324465 26.6050165296 0.326832987128 1408536005.49
0.524784565956 0.971931710083 0.0494670946052 1.289024 1.0 0.71232 0.720440324465 26.6050165296 0.281026630245 1408536006.34
0.481778456596 0.973727169279 0.0455582509951 1.212672 1.0 0.732608 0.720440324465 26.6050165296 0.231605309829 1408536007.19
0.49997784566 0.974735733776 0.0307252536507 1.507008 1.0 0.767232 0.720440324465 26.6050165296 0.227646391617 1408536008.01
0.491897784566 0.976389921663 0.0252751638326 3.400512 1.0 0.78976 0.720440324465 26.6050165296 -0.109466468746 1408536008.77
0.493789778457 0.977807212087 0.0359568509558 3.9696 1.0 0.797632 0.720440324465 26.6050165296 0.154391436939 1408536009.51
0.477778977846 0.976328244336 0.0365003557633 4.141376 1.0 0.802368 0.720440324465 26.6050165296 0.212087646542 1408536010.34
0.457277897785 0.974691672942 0.0481319260483 4.434688 1.0 0.806016 0.720440324465 26.6050165296 0.167550916636 1408536011.17
0.473227789778 0.972617573753 0.0639541409638 4.795136 1.0 0.806208 0.720440324465 26.6050165296 0.135323461922 1408536012.03
0.455922778978 0.971410137359 0.0655156008469 5.077696 1.0 0.806208 0.720440324465 26.6050165296 0.144159707005 1408536012.86
0.483892277898 0.968952481373 0.0628874373812 5.34368 1.0 0.808704 0.720440324465 26.6050165296 0.117932383445 1408536013.69
0.49838922779 0.966936321688 0.0666730633369 4.66816 1.0 0.827712 0.720440324465 26.6050165296 0.20374019342 1408536014.53
0.515138922779 0.964454467538 0.061176550401 4.071616 1.0 0.846976 0.720440324465 26.6050165296 0.238413555694 1408536015.36
0.470013892278 0.964628569402 0.0721478974854 3.890752 1.0 0.855616 0.720440324465 26.6050165296 0.309198757477 1408536016.22
0.447501389228 0.964514553196 0.0643881651562 3.742592 1.0 0.865344 0.720440324465 26.6050165296 0.316751499048 1408536017.04
0.395750138923 0.965983203237 0.0659703302935 3.786432 1.0 0.87072 0.720440324465 26.6050165296 0.26362524148 1408536017.92
0.423875013892 0.967373698499 0.0534832232767 4.035264 1.0 0.872192 0.720440324465 26.6050165296 0.191389210571 1408536018.75
0.428487501389 0.969201172071 0.044316876204 4.314496 1.0 0.872448 0.720440324465 26.6050165296 0.187772930687 1408536019.67
0.449648750139 0.968897880542 0.0467523603478 4.643712 1.0 0.872448 0.720440324465 26.6050165296 0.164261623562 1408536020.49
0.443664875014 0.971511665048 0.033718069996 5.168896 1.0 0.872448 0.720440324465 26.6050165296 0.141294025877 1408536021.43
0.396266487501 0.974658449542 0.0255256728725 5.697344 1.0 0.872448 0.720440324465 26.6050165296 0.157278452515 1408536022.25
0.37352664875 0.97472883942 0.0186367001934 6.232832 1.0 0.872448 0.720440324465 26.6050165296 0.142411461944 1408536023.05
0.385652664875 0.973406910969 0.0214812700003 6.754304 1.0 0.872448 0.720440324465 26.6050165296 0.144913469259 1408536023.78
0.391365266488 0.973692351649 0.0293257523801 7.267776 1.0 0.872448 0.720440324465 26.6050165296 0.13829026845 1408536024.58
0.455836526649 0.972507820479 0.0268630350673 7.295808 1.0 0.872448 0.720440324465 26.6050165296 0.209735902054 1408536025.44
0.437983652665 0.975737552404 0.0307116504928 7.383744 1.0 0.873024 0.720440324465 26.6050165296 0.177573858494 1408536026.35
0.482998365266 0.976245826376 0.0324263369186 7.690304 1.0 0.873152 0.720440324465 26.6050165296 0.177277294824 1408536027.13
0.450599836527 0.97670033689 0.0381304730336 8.01152 1.0 0.873152 0.720440324465 26.6050165296 0.189853214449 1408536027.96
0.513059983653 0.977141348648 0.0408217550242 6.848448 1.0 0.894976 0.720440324465 26.6050165296 0.240586912661 1408536028.81
0.522005998365 0.976374615378 0.0253915978665 4.827712 1.0 0.1328 21.3602201622 31.0562452376 0.236967618835 1408536029.75
0.498600599837 0.977112891316 0.0148025352197 4.395072 1.0 0.522816 21.3602201622 31.0562452376 0.182261405793 1408536030.66
0.523260059984 0.982144052628 0.0142188150043 4.528448 1.0 0.577408 21.3602201622 31.0562452376 0.23037744106 1408536031.41
0.482526005998 0.987257510789 0.0325267337436 4.279936 1.0 0.625344 21.3602201622 31.0562452376 0.310043785569 1408536032.15
0.4784526006 0.98832955081 0.0663282389013 3.924096 1.0 0.684032 21.3602201622 31.0562452376 0.30912003175 1408536032.86
0.47264526006 0.98710398012 0.0739253271503 3.600128 1.0 0.723136 21.3602201622 31.0562452376 0.311294933865 1408536033.62
0.492764526006 0.98464411548 0.0582571565471 3.80096 1.0 0.734784 21.3602201622 31.0562452376 0.222239028413 1408536034.37
0.499276452601 0.980846768473 0.0433542666749 3.7472 1.0 0.758592 21.3602201622 31.0562452376 0.255077087517 1408536035.19
0.48822764526 0.979878567168 0.0378298572568 3.811584 1.0 0.772032 21.3602201622 31.0562452376 0.224452518857 1408536035.99
0.472722764526 0.97839342748 0.0352120014554 4.074112 1.0 0.77824 21.3602201622 31.0562452376 0.223166138044 1408536036.82
0.414472276453 0.978054858853 0.040325324778 4.547776 1.0 0.778688 21.3602201622 31.0562452376 0.146072907889 1408536037.65
0.401447227645 0.976889834578 0.0296735094379 5.104576 1.0 0.778688 21.3602201622 31.0562452376 0.131821322857 1408536038.41
0.383044722765 0.977226527152 0.0204968513579 5.48992 1.0 0.779584 21.3602201622 31.0562452376 0.182175875919 1408536039.21
0.356904472276 0.979308993167 0.0212678802783 6.056384 1.0 0.782016 21.3602201622 31.0562452376 0.142664819022 1408536039.96
0.292190447228 0.980194428669 0.0311514826201 6.732032 1.0 0.782016 21.3602201622 31.0562452376 0.105938304142 1408536040.72
0.312719044723 0.979895456957 0.0537634848563 7.29184 1.0 0.782336 21.3602201622 31.0562452376 0.116503747235 1408536041.49
0.357971904472 0.981261366414 0.0769223242649 7.634368 1.0 0.787008 21.3602201622 31.0562452376 0.175451782994 1408536042.26
0.351697190447 0.984462637146 0.0745964082359 7.99968 1.0 0.789248 21.3602201622 31.0562452376 0.173758259417 1408536043.07
0.333969719045 0.985589754185 0.0720259170729 8.585152 1.0 0.7904 21.3602201622 31.0562452376 0.130805178758 1408536043.84
0.306096971904 0.982793555351 0.0634742635042 9.188992 1.0 0.7904 21.3602201622 31.0562452376 0.118086595997 1408536044.65
0.30870969719 0.979106702362 0.0527140811493 9.7664 1.0 0.7904 21.3602201622 31.0562452376 0.12615533529 1408536045.49
0.311670969719 0.976448397278 0.0394106974127 10.283008 1.0 0.7904 21.3602201622 31.0562452376 0.139247438272 1408536046.35
0.291267096972 0.977340980501 0.0371650100439 10.941376 1.0 0.7904 21.3602201622 31.0562452376 0.115029179014 1408536047.19
0.303626709697 0.97931949021 0.0387621404878 11.482112 1.0 0.790464 21.3602201622 31.0562452376 0.144682122131 1408536048.0
0.33816267097 0.978857891948 0.0360778409773 12.005824 1.0 0.790464 21.3602201622 31.0562452376 0.139535208314 1408536048.8
0.347916267097 0.97921806602 0.0201426421111 12.384768 1.0 0.790464 21.3602201622 31.0562452376 0.156179486259 1408536049.65
0.34439162671 0.982124208231 0.0279891068945 12.465344 1.0 0.791744 21.3602201622 31.0562452376 0.219230762288 1408536050.42
0.408839162671 0.984468215214 0.0476322370406 12.187648 1.0 0.795776 21.3602201622 31.0562452376 0.245105025966 1408536051.25
0.453083916267 0.984256088616 0.0620842733977 11.579008 1.0 0.803776 21.3602201622 31.0562452376 0.279615685944 1408536052.06
0.462908391627 0.979776542742 0.0469871824771 10.552 1.0 0.820096 21.3602201622 31.0562452376 0.392283115055 1408536052.89
0.493590839163 0.977705279875 0.0278875621515 9.740288 1.0 0.835648 21.3602201622 31.0562452376 0.37029537269 1408536053.69
0.453459083916 0.976275780637 0.040689843653 8.661632 1.0 0.870784 21.3602201622 31.0562452376 0.325359952623 1408536054.51
0.437745908392 0.976574012458 0.0629370813728 8.436992 1.0 0.882112 21.3602201622 31.0562452376 0.255714435462 1408536055.32
0.435274590839 0.975653334581 0.0773252994023 7.320448 1.0 0.367936 27.1801100811 28.5067470819 0.420466886955 1408536056.21
0.471927459084 0.975932199324 0.081791611137 6.257664 1.0 0.496704 27.1801100811 28.5067470819 0.357076827568 1408536057.05
0.483692745908 0.978167946144 0.0809308359341 5.504576 1.0 0.58176 27.1801100811 28.5067470819 0.315792360277 1408536057.84
0.472269274591 0.979300384697 0.0850337866347 5.183296 1.0 0.632512 27.1801100811 28.5067470819 0.228068544237 1408536058.62
0.467526927459 0.976628932732 0.0698505021105 5.4704 1.0 0.65536 27.1801100811 28.5067470819 0.153057476022 1408536059.4
0.509352692746 0.971484179092 0.052787868695 5.720064 1.0 0.684288 27.1801100811 28.5067470819 0.190926985989 1408536060.21
0.507235269275 0.965842265429 0.0344099512087 6.207872 1.0 0.705856 27.1801100811 28.5067470819 0.154023677694 1408536061.08
0.461123526927 0.96684998343 0.0530917106308 7.118144 1.0 0.72608 27.1801100811 28.5067470819 0.146808121917 1408536061.89
0.460112352693 0.969737486535 0.0649053316246 7.433216 1.0 0.744512 27.1801100811 28.5067470819 0.196368012244 1408536062.67
0.473511235269 0.973894098779 0.0748478804318 7.511616 1.0 0.7632 27.1801100811 28.5067470819 0.216895587647 1408536063.46
0.515351123527 0.977277659825 0.0753084438759 7.431744 1.0 0.775616 27.1801100811 28.5067470819 0.247575242404 1408536064.26
0.541135112353 0.979026305067 0.0716151916716 7.414912 1.0 0.787712 27.1801100811 28.5067470819 0.214906395414 1408536065.07
0.523013511235 0.979585522565 0.0587996353928 7.436928 1.0 0.795392 27.1801100811 28.5067470819 0.219874556146 1408536065.87
0.513101351124 0.976286445343 0.036658105911 7.029248 1.0 0.813824 27.1801100811 28.5067470819 0.306884480141 1408536066.72
0.559810135112 0.975471019388 0.0318140029276 6.864064 1.0 0.82656 27.1801100811 28.5067470819 0.276351491919 1408536067.55
0.525781013511 0.975718853379 0.0372142711929 6.323776 1.0 0.850176 27.1801100811 28.5067470819 0.346038471889 1408536068.39
0.558378101351 0.976312730249 0.0373209330776 6.175616 1.0 0.861824 27.1801100811 28.5067470819 0.281673723576 1408536069.3
0.546337810135 0.976739989152 0.0330742349454 5.786496 1.0 0.878912 27.1801100811 28.5067470819 0.396233334453 1408536070.13
0.485733781014 0.978324284939 0.0418801773062 5.460928 1.0 0.896256 27.1801100811 28.5067470819 0.326040554031 1408536071.0
0.462573378101 0.978789138155 0.0611001565399 5.639232 1.0 0.337088 23.0900550406 22.1595880166 0.202431602028 1408536071.94
0.42695733781 0.976603237505 0.0690204861176 6.027008 1.0 0.448704 23.0900550406 22.1595880166 0.168850651359 1408536072.76
0.418895733781 0.977271711136 0.0713870578816 6.27712 1.0 0.48832 23.0900550406 22.1595880166 0.184320462468 1408536073.54
0.436989573378 0.976627608535 0.0568073097993 6.570688 1.0 0.524352 23.0900550406 22.1595880166 0.170495388637 1408536074.3
0.454998957338 0.974946580393 0.0460427312671 6.8208 1.0 0.566912 23.0900550406 22.1595880166 0.16286055519 1408536075.05
0.466699895734 0.97448679054 0.0350165685447 7.075392 1.0 0.604416 23.0900550406 22.1595880166 0.14749289692 1408536075.82
0.413869989573 0.976757653593 0.0376613655682 7.287488 1.0 0.629376 23.0900550406 22.1595880166 0.176231756131 1408536076.64
0.404986998957 0.98038924229 0.0413236185947 7.127104 1.0 0.663168 23.0900550406 22.1595880166 0.227497644811 1408536077.43
0.395098699896 0.981393982154 0.0375175227246 7.192256 1.0 0.68192 23.0900550406 22.1595880166 0.286038729158 1408536078.22
0.42560986999 0.981631347021 0.0495873940277 6.845824 1.0 0.705984 23.0900550406 22.1595880166 0.441829076288 1408536079.02
0.464660986999 0.981639599078 0.0512195774324 6.458368 1.0 0.72832 23.0900550406 22.1595880166 0.452813700595 1408536079.78
0.4532660987 0.981112387364 0.0755012535084 6.120448 1.0 0.746496 23.0900550406 22.1595880166 0.330266157703 1408536080.59
0.44492660987 0.977042895569 0.0594109056582 6.047488 1.0 0.761536 23.0900550406 22.1595880166 0.270269994029 1408536081.39
0.503492660987 0.971444206859 0.0522317202152 6.185216 1.0 0.770816 23.0900550406 22.1595880166 0.200550394885 1408536082.22
0.518349266099 0.969679475784 0.0466957751621 6.356992 1.0 0.777728 23.0900550406 22.1595880166 0.186770409867 1408536083.11
0.51173492661 0.969839588869 0.0488096196054 6.175744 1.0 0.800064 23.0900550406 22.1595880166 0.190002223032 1408536084.02
0.478673492661 0.96959346761 0.0389259911372 6.506752 1.0 0.803648 23.0900550406 22.1595880166 0.158866582122 1408536084.8
0.457367349266 0.96968955715 0.0258660209603 6.870976 1.0 0.804864 23.0900550406 22.1595880166 0.174147091428 1408536085.72
0.466036734927 0.971516944611 0.0427706387627 7.239872 1.0 0.804864 23.0900550406 22.1595880166 0.152503861622 1408536086.53
0.500203673493 0.972907812044 0.05456028353 7.387328 1.0 0.807552 23.0900550406 22.1595880166 0.196254017029 1408536087.33
0.465820367349 0.975522781845 0.0441633681319 7.758848 1.0 0.80832 23.0900550406 22.1595880166 0.183745505348 1408536088.15
0.438982036735 0.978984974726 0.028518499512 8.163072 1.0 0.80832 23.0900550406 22.1595880166 0.189549587174 1408536089.0
0.402998203673 0.980154687031 0.0286288641789 8.677952 1.0 0.80832 23.0900550406 22.1595880166 0.155516562182 1408536089.77
0.429999820367 0.980260249547 0.0305222540938 9.076992 1.0 0.810944 23.0900550406 22.1595880166 0.204760576528 1408536090.55
0.453399982037 0.979182339598 0.0308505419813 9.250368 1.0 0.811136 23.0900550406 22.1595880166 0.212182553856 1408536091.35
0.490839998204 0.979125470274 0.0412907608007 9.50432 1.0 0.812352 23.0900550406 22.1595880166 0.203386794934 1408536092.15
0.51978399982 0.979198346958 0.056269458852 8.412864 1.0 0.841344 23.0900550406 22.1595880166 0.340806396921 1408536092.97
0.563178399982 0.977822086976 0.0776096172199 7.342144 1.0 0.87904 23.0900550406 22.1595880166 0.26315568945 1408536093.79
0.557617839998 0.975975687553 0.0572964619781 6.922752 1.0 0.899584 23.0900550406 22.1595880166 0.277301548445 1408536094.63
0.495861784 0.973687122499 0.0310210525211 7.272576 1.0 0.344384 26.0450275203 22.9080969878 0.191180094882 1408536095.61
0.4599861784 0.974940475434 0.0302878047602 7.569536 1.0 0.508096 26.0450275203 22.9080969878 0.191929353835 1408536096.46
0.46899861784 0.975149817373 0.018470485212 7.867008 1.0 0.5536 26.0450275203 22.9080969878 0.188591408785 1408536097.3
0.432999861784 0.977262886358 0.02228763088 8.34336 1.0 0.569984 26.0450275203 22.9080969878 0.161918870004 1408536098.14
0.423099986178 0.979107564416 0.0109593736763 8.77888 1.0 0.590464 26.0450275203 22.9080969878 0.170752584142 1408536098.95
0.414909998618 0.979519719117 0.0112458959534 9.20384 1.0 0.604928 26.0450275203 22.9080969878 0.173193746894 1408536099.75
0.434790999862 0.981043324749 0.00960070433449 9.589632 1.0 0.615168 26.0450275203 22.9080969878 0.210647445619 1408536100.5
0.446679099986 0.983658198814 0.0227400913975 9.965376 1.0 0.622528 26.0450275203 22.9080969878 0.209393828853 1408536101.3
0.419067909999 0.984569942643 0.0219137989127 10.428928 1.0 0.626944 26.0450275203 22.9080969878 0.189671324742 1408536102.09
0.414506791 0.984423490128 0.0235845021284 10.940544 1.0 0.6272 26.0450275203 22.9080969878 0.173745343503 1408536102.85
0.3969506791 0.987088416923 0.019388003037 11.379712 1.0 0.630592 26.0450275203 22.9080969878 0.18972445525 1408536103.62
0.39339506791 0.989833884206 0.0242171463618 11.832896 1.0 0.631872 26.0450275203 22.9080969878 0.187533817819 1408536104.31
0.368739506791 0.992778965164 0.0279982706681 12.290176 1.0 0.635776 26.0450275203 22.9080969878 0.198937021203 1408536105.01
0.372573950679 0.992864849457 0.0328688884922 12.665536 1.0 0.64576 26.0450275203 22.9080969878 0.216904619395 1408536105.73
0.354957395068 0.991212795618 0.0265087940847 12.831232 1.0 0.665536 26.0450275203 22.9080969878 0.255617314689 1408536106.46
0.398195739507 0.989122906543 0.0485088506004 12.903296 1.0 0.687744 26.0450275203 22.9080969878 0.222539386227 1408536107.15
0.448419573951 0.986219022086 0.045483578935 12.974528 1.0 0.698368 26.0450275203 22.9080969878 0.215999246424 1408536107.89
0.473241957395 0.984978862933 0.0552603750764 13.068288 1.0 0.703616 26.0450275203 22.9080969878 0.212765616619 1408536108.62
0.43882419574 0.983543328554 0.0351341086918 13.488704 1.0 0.703616 26.0450275203 22.9080969878 0.180061498656 1408536109.4
0.366082419574 0.984043988692 0.0140522447818 14.018368 1.0 0.703616 26.0450275203 22.9080969878 0.180068692354 1408536110.17
0.317408241957 0.98387790594 0.012994820613 14.639744 1.0 0.703616 26.0450275203 22.9080969878 0.139391810316 1408536110.87
0.340440824196 0.982758555453 0.0521985218323 15.155456 1.0 0.703616 26.0450275203 22.9080969878 0.139776620699 1408536111.58
0.34364408242 0.981477346665 0.0638807905467 15.726272 1.0 0.703616 26.0450275203 22.9080969878 0.130660005711 1408536112.35
0.407864408242 0.980697666558 0.0415329779086 15.848448 1.0 0.709696 26.0450275203 22.9080969878 0.22342530747 1408536113.15
