0.3375 0.899685064112 0.230545321592 -154.062144 1.0 0.884928 14.6025496509 27.0768198228 -19.9484235677 1408525957.41
0.50625 0.931006326883 0.123516273513 -115.450688 1.0 0.886784 14.6025496509 27.0768198228 -4.03092594585 1408525959.03
0.652725 0.870867521461 0.0676852433892 -84.434752 1.0 0.288896 -110.198725175 27.3258903849 -1.87666586712 1408525961.56
0.7276725 0.829943739176 0.0440829763382 -69.828352 1.0 0.70624 -110.198725175 27.3258903849 -0.865299712367 1408525964.66
0.77116725 0.811112267775 0.0347440526429 -59.060224 1.0 0.753472 -110.198725175 27.3258903849 -0.845458504089 1408525968.1
0.752116725 0.805773272297 0.037411906949 -53.136832 1.0 0.777536 -110.198725175 27.3258903849 -0.857028233048 1408525971.92
0.8024116725 0.809950636911 0.0343649447401 -48.951744 1.0 0.793984 -110.198725175 27.3258903849 0.0146461495832 1408525975.88
0.80384116725 0.817799305283 0.0325958248595 -39.933696 1.0 0.8304 -110.198725175 27.3258903849 -1.07933690122 1408525979.73
0.797684116725 0.832900866546 0.0389057819917 -35.693824 1.0 0.84736 -110.198725175 27.3258903849 -0.298259858225 1408525983.67
0.783568411673 0.845952266086 0.0489479911882 -31.571264 1.0 0.863616 -110.198725175 27.3258903849 0.0893302734813 1408525987.39
0.765056841167 0.858623485881 0.0577437496613 -29.85664 1.0 0.869952 -110.198725175 27.3258903849 0.0677597959647 1408525990.94
0.766805684117 0.869248113003 0.0561102398537 -22.713344 1.0 0.899712 -110.198725175 27.3258903849 -0.202026499882 1408525994.43
0.799380568412 0.876365264603 0.0504281363127 -16.95712 1.0 0.4816 -50.0993625873 31.6646366531 -0.0878762291131 1408525997.86
0.817938056841 0.88031589155 0.0484681057662 -13.16672 1.0 0.852288 -50.0993625873 31.6646366531 0.128448066766 1408526001.2
0.795493805684 0.884586016848 0.0466095579236 -11.712832 1.0 0.862592 -50.0993625873 31.6646366531 0.11421144792 1408526004.42
0.744649380568 0.890767558833 0.0465481077538 -11.238848 1.0 0.871168 -50.0993625873 31.6646366531 0.136919118608 1408526007.58
0.679264938057 0.895078842925 0.0487608290152 -10.887936 1.0 0.871872 -50.0993625873 31.6646366531 0.189320130252 1408526010.67
0.668226493806 0.900307041073 0.049986548326 -9.379584 1.0 0.884032 -50.0993625873 31.6646366531 0.0140578824597 1408526013.77
0.661722649381 0.907603738969 0.0502834692672 -9.109056 1.0 0.884608 -50.0993625873 31.6646366531 0.207572623989 1408526016.71
0.670072264938 0.913055294736 0.0444013740642 -8.791552 1.0 0.884608 -50.0993625873 31.6646366531 0.184028335374 1408526019.55
0.677207226494 0.917949014848 0.0465044937394 -7.926272 1.0 0.888256 -50.0993625873 31.6646366531 0.139048316968 1408526022.38
0.682420722649 0.923595523312 0.0569974552652 -7.465088 1.0 0.891264 -50.0993625873 31.6646366531 0.164461898667 1408526025.27
0.682042072265 0.92829292654 0.0566680669236 -7.246912 1.0 0.895552 -50.0993625873 31.6646366531 0.198848897517 1408526028.0
0.695504207226 0.930137690819 0.0481788653663 -7.026816 1.0 0.896512 -50.0993625873 31.6646366531 0.224964172488 1408526030.79
0.713950420723 0.932754174244 0.0362688925093 -6.769728 1.0 0.8992 -50.0993625873 31.6646366531 0.242564068927 1408526033.55
0.708595042072 0.935819610455 0.0430877484466 -6.612352 1.0 0.619968 -18.5496812936 34.88740935 0.26131850796 1408526036.4
0.727859504207 0.939507462155 0.0505666033054 -6.610048 1.0 0.729536 -18.5496812936 34.88740935 0.28000545836 1408526038.9
0.716285950421 0.943836106508 0.0673516774156 -6.436672 1.0 0.758336 -18.5496812936 34.88740935 0.218829113483 1408526041.48
0.714228595042 0.946558095732 0.0709432619803 -6.052672 1.0 0.77408 -18.5496812936 34.88740935 0.177669610276 1408526043.89
0.714022859504 0.94910373493 0.0695869601224 -5.737088 1.0 0.782016 -18.5496812936 34.88740935 0.197818178153 1408526046.28
0.71670228595 0.949869460527 0.0637586910109 -5.15744 1.0 0.7888 -18.5496812936 34.88740935 0.177135072581 1408526048.61
0.746670228595 0.952244132297 0.0755954974024 -4.95648 1.0 0.79392 -18.5496812936 34.88740935 0.196079422965 1408526050.91
0.70106702286 0.953888366534 0.0708430894092 -4.854528 1.0 0.80672 -18.5496812936 34.88740935 0.221169227465 1408526053.22
0.737006702286 0.955085931224 0.0728430413484 -4.738048 1.0 0.815808 -18.5496812936 34.88740935 0.200490540151 1408526055.54
0.706400670229 0.953305198664 0.0744638235497 -4.470336 1.0 0.815808 -18.5496812936 34.88740935 0.192346817122 1408526057.88
0.694340067023 0.952268212852 0.0935868320186 -4.185792 1.0 0.817472 -18.5496812936 34.88740935 0.163939662272 1408526060.21
0.695834006702 0.950646555052 0.0982027237832 -4.18976 1.0 0.826176 -18.5496812936 34.88740935 0.230774118361 1408526062.58
0.73918340067 0.948524242678 0.0914536762345 -4.14976 1.0 0.827264 -18.5496812936 34.88740935 0.212101624132 1408526064.91
0.805618340067 0.946989857697 0.0814493551477 -4.337536 1.0 0.840448 -18.5496812936 34.88740935 0.269031589942 1408526067.39
0.793361834007 0.946041610545 0.0757593548481 -4.49344 1.0 0.850048 -18.5496812936 34.88740935 0.310656090869 1408526069.78
0.823636183401 0.946594249728 0.0790806009877 -4.97824 1.0 0.872832 -18.5496812936 34.88740935 0.361049179147 1408526072.26
0.80146361834 0.947869345363 0.0677179499621 -5.047488 1.0 0.8816 -18.5496812936 34.88740935 0.270677959254 1408526074.76
0.794746361834 0.949376362716 0.0819656557981 -5.010624 1.0 0.885824 -18.5496812936 34.88740935 0.214639724056 1408526077.18
0.802174636183 0.949858849554 0.0832129125921 -4.855616 1.0 0.885824 -18.5496812936 34.88740935 0.191545374747 1408526079.54
0.778617463618 0.950554913363 0.0929125469785 -4.685056 1.0 0.885952 -18.5496812936 34.88740935 0.174080532584 1408526081.9
0.755561746362 0.949518288139 0.0973436240159 -4.499072 1.0 0.886272 -18.5496812936 34.88740935 0.175446775453 1408526084.31
0.764056174636 0.94752125454 0.105373424373 -4.418176 1.0 0.88768 -18.5496812936 34.88740935 0.188281667 1408526086.76
0.764905617464 0.946779665894 0.0997977374735 -4.457216 1.0 0.894016 -18.5496812936 34.88740935 0.213757862644 1408526089.24
0.760490561746 0.946876208032 0.0945708822028 -4.494912 1.0 0.580608 2.22515935318 45.2288445933 0.241326565501 1408526091.76
0.768149056175 0.947211926826 0.0907832899494 -4.466304 1.0 0.777536 2.22515935318 45.2288445933 0.218028859873 1408526094.01
0.796814905617 0.947281800383 0.0877140174584 -4.472768 1.0 0.798016 2.22515935318 45.2288445933 0.212423698248 1408526096.38
0.764581490562 0.947376145682 0.0771560171483 -4.939264 1.0 0.836224 2.22515935318 45.2288445933 0.246035718945 1408526098.83
0.727158149056 0.946591677945 0.0684675753456 -5.463616 1.0 0.8752 2.22515935318 45.2288445933 0.248872007697 1408526101.27
0.748615814906 0.943497719689 0.0549851301309 -5.43584 1.0 0.8912 2.22515935318 45.2288445933 0.207688442726 1408526103.66
0.780461581491 0.942103954236 0.0556129951458 -5.660544 1.0 0.629504 4.11257967659 29.7912043086 0.301191650309 1408526106.21
0.823246158149 0.941897456706 0.0738467328594 -5.578752 1.0 0.803072 4.11257967659 29.7912043086 0.225524040284 1408526108.49
0.820324615815 0.944236078236 0.0831973848588 -5.532672 1.0 0.84096 4.11257967659 29.7912043086 0.224740613773 1408526110.83
0.833532461581 0.946097547907 0.0826996005193 -5.176576 1.0 0.859328 4.11257967659 29.7912043086 0.172699626569 1408526113.12
0.848353246158 0.947903885789 0.0784651120722 -4.871424 1.0 0.866496 4.11257967659 29.7912043086 0.169363502585 1408526115.4
0.816535324616 0.949651877091 0.0761044191487 -4.741376 1.0 0.874304 4.11257967659 29.7912043086 0.211437880648 1408526117.66
0.746753532462 0.94940119147 0.0682943851853 -4.534016 1.0 0.876672 4.11257967659 29.7912043086 0.17994817519 1408526119.98
0.714575353246 0.949887611317 0.0837956097478 -4.342464 1.0 0.878848 4.11257967659 29.7912043086 0.179129379085 1408526122.24
0.725757535325 0.949901244643 0.081207653521 -4.227584 1.0 0.886144 4.11257967659 29.7912043086 0.220314283062 1408526124.45
0.714275753532 0.949412285996 0.0775381381284 -4.142464 1.0 0.895104 4.11257967659 29.7912043086 0.230610603559 1408526126.76
0.710427575353 0.950115579908 0.0660644874474 -4.028288 1.0 0.549952 7.0562898383 26.474988627 0.226612071032 1408526129.24
0.718142757535 0.953070578899 0.0809035343168 -4.068672 1.0 0.725568 7.0562898383 26.474988627 0.234414622613 1408526131.48
0.725214275754 0.955942059303 0.0926613899702 -4.093632 1.0 0.763072 7.0562898383 26.474988627 0.236000862135 1408526133.7
0.728621427575 0.956735451104 0.083794423441 -4.188416 1.0 0.80448 7.0562898383 26.474988627 0.252407988248 1408526136.07
0.692062142758 0.956684791519 0.0848609012312 -3.98336 1.0 0.815552 7.0562898383 26.474988627 0.194395855244 1408526138.4
0.673106214276 0.955110897214 0.0857852985433 -3.718464 1.0 0.826368 7.0562898383 26.474988627 0.168884581717 1408526140.68
0.646910621428 0.952925792993 0.0854457811439 -3.481152 1.0 0.834752 7.0562898383 26.474988627 0.190522494922 1408526143.0
0.632591062143 0.951904019594 0.0863950285535 -3.155328 1.0 0.835392 7.0562898383 26.474988627 0.147164996073 1408526145.27
0.643759106214 0.951375889887 0.0929792754791 -2.914048 1.0 0.840128 7.0562898383 26.474988627 0.14315435153 1408526147.44
0.637675910621 0.949877275676 0.094505339103 -2.931968 1.0 0.848896 7.0562898383 26.474988627 0.199929056361 1408526149.69
0.656867591062 0.947620277029 0.116597371867 -2.75712 1.0 0.8512 7.0562898383 26.474988627 0.156564768281 1408526151.94
0.676786759106 0.946506734688 0.120298690811 -2.529216 1.0 0.8512 7.0562898383 26.474988627 0.135313786874 1408526154.23
0.659878675911 0.946167164691 0.118232297562 -2.332992 1.0 0.851776 7.0562898383 26.474988627 0.141075952715 1408526156.47
0.677087867591 0.946200833333 0.115440970382 -2.16032 1.0 0.85472 7.0562898383 26.474988627 0.134380050539 1408526158.73
0.704908786759 0.945396959444 0.120672434033 -2.091904 1.0 0.86624 7.0562898383 26.474988627 0.142859456622 1408526161.03
0.796790878676 0.945714528994 0.123355300963 -2.45536 1.0 0.88448 7.0562898383 26.474988627 0.239832786514 1408526163.3
0.784379087868 0.94677815649 0.117894549101 -2.524608 1.0 0.88864 7.0562898383 26.474988627 0.193750496921 1408526165.61
0.819137908787 0.946914710659 0.105194461986 -2.473472 1.0 0.7968 12.0281449191 32.1812928555 0.185813263485 1408526168.04
0.864013790879 0.948808494593 0.0853475540249 -3.3824 1.0 0.894912 12.0281449191 32.1812928555 0.244020348525 1408526170.35
0.818101379088 0.949856436099 0.0719013675066 -3.475072 1.0 0.749376 7.01407245957 18.455655974 0.168261170151 1408526172.77
0.783810137909 0.950382753328 0.0635048792786 -3.326272 1.0 0.831936 7.01407245957 18.455655974 0.15284537643 1408526175.08
0.754281013791 0.949041709879 0.051550182622 -3.215488 1.0 0.868224 7.01407245957 18.455655974 0.180999667333 1408526177.35
0.781928101379 0.948147264858 0.0506995955701 -3.209664 1.0 0.897216 7.01407245957 18.455655974 0.213083569739 1408526179.59
0.806292810138 0.946935542184 0.0492874277929 -3.223744 1.0 0.789888 5.50703622979 13.7697034686 0.250989312182 1408526182.02
0.757429281014 0.94774873883 0.055120210815 -3.2336 1.0 0.850176 5.50703622979 13.7697034686 0.253349907137 1408526184.22
0.766042928101 0.947474697038 0.0581999228266 -3.084864 1.0 0.868224 5.50703622979 13.7697034686 0.205045819794 1408526186.61
0.73990429281 0.946816398248 0.0595132702177 -2.888704 1.0 0.874944 5.50703622979 13.7697034686 0.191246965097 1408526188.91
0.724690429281 0.946687208942 0.0441257816299 -2.712192 1.0 0.877312 5.50703622979 13.7697034686 0.21548735294 1408526191.35
0.737569042928 0.947203667004 0.0480864108352 -2.522112 1.0 0.885312 5.50703622979 13.7697034686 0.193744259017 1408526193.62
0.708256904293 0.946177728532 0.0471408932518 -2.313216 1.0 0.89248 5.50703622979 13.7697034686 0.19033662522 1408526195.99
0.733225690429 0.945504652895 0.0483732796945 -2.163648 1.0 0.898752 5.50703622979 13.7697034686 0.196726386368 1408526198.36
0.712322569043 0.944236524236 0.0451014390437 -1.985472 1.0 0.89984 5.50703622979 13.7697034686 0.196316030708 1408526200.67
0.707532256904 0.944737417868 0.0492428630537 -1.802176 1.0 0.679488 7.25351811489 17.621109645 0.210625201394 1408526203.13
0.72505322569 0.945124980257 0.0558501993732 -1.569664 1.0 0.72448 7.25351811489 17.621109645 0.201449357661 1408526205.44
0.712405322569 0.946549626522 0.0629955351439 -1.390016 1.0 0.74272 7.25351811489 17.621109645 0.195797231647 1408526207.7
0.718340532257 0.947915012034 0.0589458197398 -1.4352 1.0 0.77984 7.25351811489 17.621109645 0.242695086544 1408526209.98
0.672134053226 0.948935583682 0.0596363428694 -1.305792 1.0 0.795968 7.25351811489 17.621109645 0.203909781986 1408526212.29
0.656713405323 0.949071954064 0.0667774694398 -0.980608 1.0 0.797184 7.25351811489 17.621109645 0.158163433685 1408526214.55
0.658771340532 0.947817020787 0.0651723957272 -0.674752 1.0 0.79744 7.25351811489 17.621109645 0.172251062616 1408526216.77
0.653577134053 0.94783938871 0.0629708474824 -0.377472 1.0 0.798208 7.25351811489 17.621109645 0.170337244685 1408526219.03
0.655757713405 0.948226205784 0.0539486787941 -0.145088 1.0 0.800064 7.25351811489 17.621109645 0.184042445654 1408526221.36
0.709975771341 0.94911810383 0.055996223283 -0.01376 1.0 0.800576 7.25351811489 17.621109645 0.191212737336 1408526223.64
0.700997577134 0.950010912278 0.0638104303494 0.205568 1.0 0.801984 7.25351811489 17.621109645 0.199203042347 1408526226.0
0.709999757713 0.949494493577 0.0578472368417 0.097536 1.0 0.818176 7.25351811489 17.621109645 0.289051279724 1408526228.34
0.713599975771 0.949701141639 0.0564249731917 0.255232 1.0 0.821504 7.25351811489 17.621109645 0.241415008347 1408526230.71
0.722059997577 0.950919580199 0.0540422444711 0.227776 1.0 0.831488 7.25351811489 17.621109645 0.305830400451 1408526233.14
0.681505999758 0.95276193512 0.0711668561879 0.453184 1.0 0.832256 7.25351811489 17.621109645 0.203374425114 1408526235.57
0.678350599976 0.954245442089 0.0724505175975 0.771392 1.0 0.832256 7.25351811489 17.621109645 0.174585320243 1408526237.97
0.690635059998 0.955055253659 0.0712714227993 1.056768 1.0 0.83232 7.25351811489 17.621109645 0.169317243658 1408526240.26
0.660363506 0.957527937371 0.0705360256856 1.265024 1.0 0.833024 7.25351811489 17.621109645 0.183485183859 1408526242.58
0.6492363506 0.959618960565 0.0726882573164 1.585344 1.0 0.833216 7.25351811489 17.621109645 0.148959250626 1408526244.89
0.58602363506 0.960589070184 0.0685631375301 1.829888 1.0 0.833216 7.25351811489 17.621109645 0.156213012263 1408526247.17
0.613902363506 0.960628237826 0.0738231383174 1.955456 1.0 0.833472 7.25351811489 17.621109645 0.178928282167 1408526249.46
0.682390236351 0.95994262641 0.0676092351469 1.87008 1.0 0.839936 7.25351811489 17.621109645 0.214759814874 1408526251.77
0.682039023635 0.959872613041 0.0809333147155 2.053056 1.0 0.839936 7.25351811489 17.621109645 0.1901759926 1408526254.12
0.721603902364 0.959714842531 0.0765664345753 1.923712 1.0 0.845184 7.25351811489 17.621109645 0.212799480304 1408526256.46
0.726460390236 0.959148652298 0.06867647229 1.7264 1.0 0.849664 7.25351811489 17.621109645 0.246474807678 1408526258.76
0.739546039024 0.958546668085 0.0656320303578 1.361664 1.0 0.862144 7.25351811489 17.621109645 0.288239426859 1408526261.12
0.783154603902 0.959975504395 0.0610760098317 0.32768 1.0 0.891904 7.25351811489 17.621109645 0.401832949876 1408526263.43
0.77401546039 0.961620301261 0.0680668127847 -0.459072 1.0 0.711232 17.1267590574 40.2037977777 0.276655320684 1408526265.87
0.738901546039 0.964126116835 0.0699138507916 -0.706368 1.0 0.80064 17.1267590574 40.2037977777 0.194494485532 1408526268.11
0.755190154604 0.96520992107 0.0763957384153 -0.649472 1.0 0.826944 17.1267590574 40.2037977777 0.19904806757 1408526270.32
0.77481901546 0.96618107728 0.0835753560646 0.546752 1.0 0.856512 17.1267590574 40.2037977777 0.159670327177 1408526272.57
0.795681901546 0.966088798239 0.0840707744486 1.598912 1.0 0.897024 17.1267590574 40.2037977777 0.149886192651 1408526274.73
0.849968190155 0.963838085275 0.0748921710666 1.538944 1.0 0.794048 11.0633795287 25.5468818944 0.199185259068 1408526277.23
0.806796819015 0.962045356349 0.0760483571617 1.622976 1.0 0.851584 11.0633795287 25.5468818944 0.172726082821 1408526279.44
0.777279681902 0.960303804581 0.0662226259753 1.66496 1.0 0.87776 11.0633795287 25.5468818944 0.18939894814 1408526281.67
0.79592796819 0.959116883501 0.0628602401786 1.769856 1.0 0.887488 11.0633795287 25.5468818944 0.194742439996 1408526283.9
0.787892796819 0.958149634193 0.0698025999005 1.906432 1.0 0.891584 11.0633795287 25.5468818944 0.178705422053 1408526286.06
0.733089279682 0.95982317322 0.0692632011215 2.072448 1.0 0.896768 11.0633795287 25.5468818944 0.189026427456 1408526288.22
0.741108927968 0.961648741196 0.0587235800493 2.230272 1.0 0.453952 8.53168976436 20.0276919505 0.188921435002 1408526290.43
0.760810892797 0.964318902407 0.0561657834595 2.410048 1.0 0.753728 8.53168976436 20.0276919505 0.200761537797 1408526292.59
0.75378108928 0.965919315401 0.050140259384 2.59712 1.0 0.77952 8.53168976436 20.0276919505 0.227880070606 1408526294.69
0.708978108928 0.967760239512 0.047253854716 2.774208 1.0 0.805952 8.53168976436 20.0276919505 0.224583384758 1408526296.81
0.716197810893 0.970202014241 0.0533153904874 3.003392 1.0 0.811904 8.53168976436 20.0276919505 0.214067199401 1408526298.93
0.746619781089 0.971455557757 0.0574826636248 3.127232 1.0 0.823616 8.53168976436 20.0276919505 0.237238844224 1408526300.93
0.771261978109 0.971769571774 0.0597133795394 3.114048 1.0 0.841408 8.53168976436 20.0276919505 0.255621769788 1408526303.1
0.788126197811 0.972687574316 0.0636593823623 3.03648 1.0 0.862144 8.53168976436 20.0276919505 0.260275072601 1408526305.25
0.760112619781 0.971196522069 0.0682228210314 2.990848 1.0 0.877696 8.53168976436 20.0276919505 0.234534321526 1408526307.46
0.727611261978 0.969588515849 0.0524793731217 2.423232 1.0 0.894144 8.53168976436 20.0276919505 0.358216740113 1408526309.76
0.715361126198 0.969695311021 0.0379288573727 1.861504 1.0 0.56 9.26584488218 20.7183554719 0.390196827602 1408526312.05
0.74923611262 0.971432545357 0.0397341206744 1.692992 1.0 0.768 9.26584488218 20.7183554719 0.315657026402 1408526314.2
0.723823611262 0.973721041503 0.0401678107648 1.735168 1.0 0.7888 9.26584488218 20.7183554719 0.261819662813 1408526316.33
0.758182361126 0.975771671712 0.036051490651 1.726848 1.0 0.806656 9.26584488218 20.7183554719 0.282242167706 1408526318.38
0.740918236113 0.975614275404 0.0418057909638 1.895488 1.0 0.813312 9.26584488218 20.7183554719 0.231611023256 1408526320.42
0.746391823611 0.975614744355 0.0532684109664 2.046592 1.0 0.825344 9.26584488218 20.7183554719 0.207332448999 1408526322.43
0.728039182361 0.975634917456 0.0574715433714 2.310528 1.0 0.825344 9.26584488218 20.7183554719 0.201088784325 1408526324.44
0.695603918236 0.975235453431 0.0597309149404 2.45408 1.0 0.826944 9.26584488218 20.7183554719 0.218862942059 1408526326.47
0.707660391824 0.972720501931 0.0487813232598 2.493568 1.0 0.8352 9.26584488218 20.7183554719 0.22256751376 1408526328.58
0.649466039182 0.970818008692 0.0385508080908 2.578432 1.0 0.846208 9.26584488218 20.7183554719 0.239644884482 1408526330.67
0.666146603918 0.970268424945 0.046333312956 2.510976 1.0 0.860736 9.26584488218 20.7183554719 0.256996162982 1408526332.79
0.714614660392 0.970798483314 0.0486550979191 1.995264 1.0 0.896832 9.26584488218 20.7183554719 0.323416463587 1408526334.94
0.744661466039 0.970903615771 0.0524698087496 1.570688 1.0 0.7504 10.6329224411 22.4978772675 0.284582673815 1408526337.25
0.758466146604 0.971029956835 0.0441663795303 1.395392 1.0 0.80704 10.6329224411 22.4978772675 0.288749073916 1408526339.43
0.76524661466 0.972013088982 0.0533055894228 1.37472 1.0 0.83008 10.6329224411 22.4978772675 0.277496977605 1408526341.59
0.782124661466 0.973792910033 0.0528289744987 1.354688 1.0 0.855104 10.6329224411 22.4978772675 0.276638399078 1408526343.73
0.762212466147 0.975388042522 0.0538843296497 1.590976 1.0 0.857216 10.6329224411 22.4978772675 0.238315700178 1408526345.83
0.743121246615 0.976585448356 0.0636889820829 1.598528 1.0 0.87616 10.6329224411 22.4978772675 0.247908857736 1408526347.88
0.696212124661 0.977949023214 0.0710940723217 1.865984 1.0 0.876736 10.6329224411 22.4978772675 0.23541959519 1408526349.99
0.672621212466 0.979222828393 0.0881011090067 2.15104 1.0 0.8768 10.6329224411 22.4978772675 0.221353957399 1408526352.03
0.708962121247 0.977882197087 0.0867670757296 2.239232 1.0 0.884864 10.6329224411 22.4978772675 0.249628815182 1408526354.06
0.723396212125 0.975843490214 0.0836441021155 2.315584 1.0 0.889728 10.6329224411 22.4978772675 0.250305550232 1408526356.15
0.745539621212 0.973922291739 0.0744391667366 2.38176 1.0 0.895104 10.6329224411 22.4978772675 0.249918603228 1408526358.31
0.801753962121 0.973212325881 0.0594093371921 2.374592 1.0 0.636288 10.8164612205 23.3328891533 0.272899489519 1408526360.6
0.799275396212 0.97302269472 0.056401214881 2.202304 1.0 0.822784 10.8164612205 23.3328891533 0.292004020596 1408526362.77
0.804427539621 0.972397450079 0.0692834797894 1.797952 1.0 0.865088 10.8164612205 23.3328891533 0.312248231365 1408526364.85
0.777942753962 0.97109004677 0.0611366319214 1.790976 1.0 0.881472 10.8164612205 23.3328891533 0.259616810128 1408526367.08
0.757294275396 0.968161193834 0.047786400887 1.983552 1.0 0.883136 10.8164612205 23.3328891533 0.218228754918 1408526369.23
0.74532942754 0.968263960807 0.0457377684433 2.151552 1.0 0.890624 10.8164612205 23.3328891533 0.238884798849 1408526371.41
0.700032942754 0.970281043819 0.0442440747771 2.38048 1.0 0.890944 10.8164612205 23.3328891533 0.206363114477 1408526373.53
0.725203294275 0.972715823628 0.0506497706327 2.5024 1.0 0.891904 10.8164612205 23.3328891533 0.229782052569 1408526375.56
0.727720329428 0.974556387921 0.0545145065306 2.414592 1.0 0.8992 10.8164612205 23.3328891533 0.227452067152 1408526377.6
0.747772032943 0.975384039996 0.0446226267425 2.4944 1.0 0.67168 9.90823061027 20.9771846899 0.233390739766 1408526379.8
0.745277203294 0.975372123668 0.0511190720869 2.653696 1.0 0.77184 9.90823061027 20.9771846899 0.22887621862 1408526381.92
0.715327720329 0.976099770738 0.0515862147083 2.857664 1.0 0.787712 9.90823061027 20.9771846899 0.231640521901 1408526383.95
0.741132772033 0.977488585215 0.0553183735479 2.911296 1.0 0.811712 9.90823061027 20.9771846899 0.282474356231 1408526385.92
0.743713277203 0.978422459654 0.0728842879999 2.8288 1.0 0.842048 9.90823061027 20.9771846899 0.273881254214 1408526387.88
0.74127132772 0.97833867052 0.0709614908255 3.017792 1.0 0.846464 9.90823061027 20.9771846899 0.248358552118 1408526389.9
0.742827132772 0.979366811788 0.064917733318 3.09728 1.0 0.855936 9.90823061027 20.9771846899 0.267462333769 1408526391.89
0.726782713277 0.980902216186 0.0612839400479 2.948544 1.0 0.874368 9.90823061027 20.9771846899 0.299051390529 1408526393.82
0.762078271328 0.98283266093 0.0577052962463 2.118848 1.0 0.192896 8.95411530514 19.1789012734 0.33990048716 1408526395.84
0.776407827133 0.983014989268 0.0531529860252 1.826432 1.0 0.763264 8.95411530514 19.1789012734 0.284414176705 1408526397.88
0.732840782713 0.982107010059 0.056679145156 1.76224 1.0 0.807424 8.95411530514 19.1789012734 0.25257591367 1408526399.81
0.759084078271 0.980408643845 0.0517348313363 1.667136 1.0 0.84512 8.95411530514 19.1789012734 0.283829252118 1408526401.79
0.794108407827 0.977992417202 0.0461580430535 1.409728 1.0 0.8848 8.95411530514 19.1789012734 0.326886141295 1408526403.77
0.768810840783 0.976671343471 0.0387710579389 1.307136 1.0 0.506944 6.97705765257 14.3580836447 0.319361150805 1408526405.91
0.740181084078 0.977711309207 0.036546780923 1.354688 1.0 0.796608 6.97705765257 14.3580836447 0.3040799996 1408526408.01
0.777818108408 0.978128401114 0.0446431724132 1.47392 1.0 0.82912 6.97705765257 14.3580836447 0.272126292319 1408526409.97
0.803181810841 0.978002653749 0.0595199767509 1.532608 1.0 0.855488 6.97705765257 14.3580836447 0.251863360129 1408526412.01
0.780518181084 0.976515903265 0.0633517640441 1.592512 1.0 0.874688 6.97705765257 14.3580836447 0.24189558086 1408526414.11
0.761151818108 0.974453564753 0.0598270839142 1.693952 1.0 0.89056 6.97705765257 14.3580836447 0.24123380078 1408526416.27
0.766415181811 0.972451149003 0.0617416575428 1.795584 1.0 0.541696 6.48852882628 13.5591688947 0.227935429605 1408526418.64
0.758841518181 0.970783895561 0.0783827577275 1.806784 1.0 0.793792 6.48852882628 13.5591688947 0.227783175659 1408526420.78
0.798584151818 0.969573918118 0.0645217187077 1.892416 1.0 0.815808 6.48852882628 13.5591688947 0.233900089988 1408526422.91
0.758458415182 0.968534687336 0.0642473202788 2.01792 1.0 0.829568 6.48852882628 13.5591688947 0.240701509794 1408526425.07
0.749945841518 0.967861998763 0.0610491291649 2.159936 1.0 0.83936 6.48852882628 13.5591688947 0.228162810609 1408526427.29
0.763494584152 0.968004899846 0.0464628428125 2.364544 1.0 0.842112 6.48852882628 13.5591688947 0.209310917927 1408526429.49
0.766649458415 0.96750750329 0.0383934845031 2.432512 1.0 0.850048 6.48852882628 13.5591688947 0.225314899262 1408526431.62
0.761564945842 0.967815208743 0.0317537239912 2.451904 1.0 0.861888 6.48852882628 13.5591688947 0.238075642873 1408526433.82
0.772756494584 0.968610925827 0.0339943681647 2.609408 1.0 0.862464 6.48852882628 13.5591688947 0.236211733567 1408526436.04
0.783775649458 0.969631968866 0.0359195486554 2.496448 1.0 0.875712 6.48852882628 13.5591688947 0.307288600927 1408526438.24
0.758777564946 0.970949201968 0.0447126964575 2.629056 1.0 0.881152 6.48852882628 13.5591688947 0.261269805786 1408526440.43
0.699577756495 0.971593692396 0.0567988328506 2.874432 1.0 0.883712 6.48852882628 13.5591688947 0.216986585371 1408526442.65
0.665757775649 0.971834856781 0.0512343317658 3.158272 1.0 0.88384 6.48852882628 13.5591688947 0.229286548857 1408526444.82
0.651575777565 0.972381837236 0.0504247338974 3.49056 1.0 0.88384 6.48852882628 13.5591688947 0.21585044295 1408526447.07
0.616857577756 0.972179944392 0.0396400856978 3.842944 1.0 0.88384 6.48852882628 13.5591688947 0.196089474646 1408526449.35
0.579185757776 0.971115104629 0.0409712449485 4.175744 1.0 0.885632 6.48852882628 13.5591688947 0.196932714144 1408526451.6
0.627618575778 0.971241505199 0.0485519258763 4.348352 1.0 0.892288 6.48852882628 13.5591688947 0.208997501022 1408526453.79
0.609061857578 0.972104181925 0.0558342153891 4.206848 1.0 0.445952 11.7442644131 25.5258639254 0.225593936324 1408526456.12
0.639606185758 0.972921534843 0.0538448679955 4.420608 1.0 0.6448 11.7442644131 25.5258639254 0.228766614843 1408526458.25
0.633660618576 0.974293317973 0.0554074727767 4.742976 1.0 0.6608 11.7442644131 25.5258639254 0.216920474068 1408526460.42
0.640266061858 0.975066467512 0.0580959568433 5.008576 1.0 0.6768 11.7442644131 25.5258639254 0.219024528033 1408526462.45
0.634626606186 0.974073474781 0.0631755681303 5.286144 1.0 0.68736 11.7442644131 25.5258639254 0.191471399797 1408526464.52
0.645762660619 0.97104820228 0.0683569668614 5.424064 1.0 0.704704 11.7442644131 25.5258639254 0.221562670463 1408526466.63
0.668476266062 0.967187361283 0.0581524621365 5.309376 1.0 0.73504 11.7442644131 25.5258639254 0.265402426173 1408526468.78
0.675247626606 0.964669978882 0.0571972550655 5.331648 1.0 0.752832 11.7442644131 25.5258639254 0.259096161664 1408526470.98
0.730824762661 0.964893522421 0.0524850420184 5.04352 1.0 0.78976 11.7442644131 25.5258639254 0.322791540072 1408526473.22
0.711182476266 0.967961943677 0.0430379122493 4.934912 1.0 0.81472 11.7442644131 25.5258639254 0.340577361557 1408526475.51
0.730818247627 0.972485725603 0.0468062717937 4.471616 1.0 0.862336 11.7442644131 25.5258639254 0.300724861146 1408526477.65
0.696781824763 0.97488928867 0.0590207733787 4.272192 1.0 0.880128 11.7442644131 25.5258639254 0.276979904455 1408526479.79
0.705078182476 0.975313917431 0.0713425495403 4.004736 1.0 0.898816 11.7442644131 25.5258639254 0.25149942863 1408526481.81
0.720307818248 0.974723052073 0.070895558862 3.728064 1.0 0.574016 12.3721322066 26.6303549011 0.306634955569 1408526484.01
0.681330781825 0.97377354921 0.0634938482424 3.499904 1.0 0.727872 12.3721322066 26.6303549011 0.347509787023 1408526486.01
0.698133078182 0.973482041887 0.0642468611488 3.032704 1.0 0.781248 12.3721322066 26.6303549011 0.386190403629 1408526488.1
0.716913307818 0.974486226744 0.0644797093373 2.557888 1.0 0.823104 12.3721322066 26.6303549011 0.359647313854 1408526490.14
0.702591330782 0.973326135569 0.0585216209118 2.39616 1.0 0.842624 12.3721322066 26.6303549011 0.273424613181 1408526492.23
0.709259133078 0.971610260552 0.0632416760375 2.06464 1.0 0.867648 12.3721322066 26.6303549011 0.242164873351 1408526494.33
0.730625913308 0.968462643142 0.0637038747708 1.649344 1.0 0.896192 12.3721322066 26.6303549011 0.28039863354 1408526496.39
0.739062591331 0.966874965984 0.0517539868809 1.674944 1.0 0.637376 9.68606610329 20.5209564069 0.230820846039 1408526498.69
0.726406259133 0.965662973401 0.0472891076863 1.775936 1.0 0.758848 9.68606610329 20.5209564069 0.231597165028 1408526500.82
0.729640625913 0.965386312 0.062086671154 1.740288 1.0 0.814656 9.68606610329 20.5209564069 0.215678495792 1408526502.95
0.756964062591 0.965663730371 0.061696296615 1.47392 1.0 0.86784 9.68606610329 20.5209564069 0.256698609811 1408526505.15
0.804696406259 0.968277896989 0.0702307941303 1.046848 1.0 0.193152 6.84303305164 15.16010875 0.268798514445 1408526507.5
0.804969640626 0.969459428826 0.0792658222515 1.091328 1.0 0.793216 6.84303305164 15.16010875 0.218074008478 1408526509.83
0.794196964063 0.969900508345 0.0759094481078 1.145408 1.0 0.84064 6.84303305164 15.16010875 0.21256309132 1408526511.94
0.825519696406 0.970256841002 0.0708620221066 1.225344 1.0 0.869184 6.84303305164 15.16010875 0.226051334617 1408526514.11
0.836751969641 0.970376435754 0.0650756030871 1.245952 1.0 0.8912 6.84303305164 15.16010875 0.234828703732 1408526516.3
0.807275196964 0.970606155893 0.0663464196877 1.241856 1.0 0.737216 5.92151652582 12.5692358936 0.249199027466 1408526518.61
0.797127519696 0.971929954239 0.0625355363464 1.238464 1.0 0.849088 5.92151652582 12.5692358936 0.250489060237 1408526520.79
0.78891275197 0.971802169896 0.0652722499193 1.361728 1.0 0.864832 5.92151652582 12.5692358936 0.213560720284 1408526522.92
0.806091275197 0.971200426382 0.0751297954958 1.283136 1.0 0.889664 5.92151652582 12.5692358936 0.238239867597 1408526524.97
0.82670912752 0.969768284124 0.0828233223896 1.293056 1.0 0.548096 4.96075826291 10.8293483717 0.247108124324 1408526527.15
0.839570912752 0.969319838253 0.0928384891092 1.183616 1.0 0.855104 4.96075826291 10.8293483717 0.276892554232 1408526529.3
0.805757091275 0.969399319823 0.0861112749131 1.20352 1.0 0.889152 4.96075826291 10.8293483717 0.247916164245 1408526531.41
0.778975709128 0.969576757569 0.0903424982134 1.28064 1.0 0.213952 3.98037913146 8.89228811177 0.22407062607 1408526533.6
0.755597570913 0.968326770746 0.0954187225183 1.410688 1.0 0.766528 3.98037913146 8.89228811177 0.222200262643 1408526535.8
