0.1242 0.899860014886 0.46109706717 -201.56608 1.0 0.466432 18.9381041499 20.9350157461 -8.63123016433 1408518391.8
0.27612 0.966284328378 0.397346040175 -178.82144 1.0 0.515392 18.9381041499 20.9350157461 -3.54181438452 1408518392.21
0.304812 0.945445833924 0.316900788528 -161.530624 1.0 0.554432 18.9381041499 20.9350157461 -2.41921867002 1408518392.91
0.3517812 0.925082930182 0.263544320241 -150.067968 1.0 0.5808 18.9381041499 20.9350157461 -1.18987423239 1408518393.8
0.40327812 0.908668361325 0.211770848701 -138.483968 1.0 0.610624 18.9381041499 20.9350157461 -1.3434629831 1408518394.81
0.456127812 0.896876926072 0.184552694109 -124.042048 1.0 0.652224 18.9381041499 20.9350157461 -1.11687409836 1408518395.95
0.4380127812 0.888536304902 0.15873835417 -118.54848 1.0 0.65952 18.9381041499 20.9350157461 -0.100543404789 1408518397.09
0.43620127812 0.880823829769 0.12321264312 -109.788928 1.0 0.683072 18.9381041499 20.9350157461 -0.237188618332 1408518398.35
0.419820127812 0.875969479931 0.101380300911 -104.57728 1.0 0.686912 18.9381041499 20.9350157461 -0.225039476894 1408518399.6
0.374982012781 0.879023865489 0.0852309545046 -103.55104 1.0 0.68864 18.9381041499 20.9350157461 0.0648517552188 1408518400.79
0.374998201278 0.883576631556 0.0707142244723 -100.57632 1.0 0.69312 18.9381041499 20.9350157461 -0.183614845386 1408518401.92
0.351599820128 0.890305871672 0.0759051924371 -96.709184 1.0 0.697216 18.9381041499 20.9350157461 -0.540361394485 1408518403.02
0.328559982013 0.89468885227 0.079055059346 -93.077952 1.0 0.708096 18.9381041499 20.9350157461 -0.386977242584 1408518404.1
0.328955998201 0.897127218499 0.0705080641953 -91.502144 1.0 0.713024 18.9381041499 20.9350157461 0.0378007956149 1408518405.17
0.36229559982 0.901026761193 0.0811015537369 -89.9424 1.0 0.715968 18.9381041499 20.9350157461 -0.0325818337913 1408518406.25
0.360229559982 0.906822144788 0.0623971091725 -89.289024 1.0 0.716224 18.9381041499 20.9350157461 0.0954749972988 1408518407.34
0.329422955998 0.910968588145 0.0617808761691 -88.646912 1.0 0.716224 18.9381041499 20.9350157461 0.090759611307 1408518408.35
0.3191422956 0.915340472047 0.0821284125279 -88.019776 1.0 0.716352 18.9381041499 20.9350157461 0.0986302923905 1408518409.37
0.30551422956 0.921836103319 0.0767053030113 -87.407808 1.0 0.716352 18.9381041499 20.9350157461 0.103500775318 1408518410.37
0.335651422956 0.924751633996 0.0877295990174 -84.803584 1.0 0.71968 18.9381041499 20.9350157461 -0.220162595584 1408518411.32
0.398965142296 0.928469438114 0.100494209752 -79.796608 1.0 0.721344 18.9381041499 20.9350157461 -0.51350797624 1408518412.29
0.42239651423 0.931386259816 0.084994692574 -72.982528 1.0 0.72864 18.9381041499 20.9350157461 -0.930557545059 1408518413.29
0.431939651423 0.930882069898 0.0908099986066 -66.698624 1.0 0.738624 18.9381041499 20.9350157461 -0.612301337742 1408518414.26
0.405893965142 0.930741557806 0.0738805396481 -64.483968 1.0 0.739712 18.9381041499 20.9350157461 -0.000172294984267 1408518415.33
0.373589396514 0.930988033282 0.0705957606644 -62.720192 1.0 0.744768 18.9381041499 20.9350157461 -0.188317908659 1408518416.31
0.352358939651 0.932316977339 0.0668911400918 -62.068544 1.0 0.744768 18.9381041499 20.9350157461 0.0834482945074 1408518417.25
0.318735893965 0.931264722469 0.0652900079811 -60.920256 1.0 0.744768 18.9381041499 20.9350157461 -0.00812312147198 1408518418.18
0.349573589397 0.930233185716 0.0647687524438 -59.030784 1.0 0.744768 18.9381041499 20.9350157461 -0.550805807922 1408518419.14
0.33555735894 0.9322926835 0.0716126955167 -57.156288 1.0 0.746816 18.9381041499 20.9350157461 -0.378864611859 1408518420.12
0.321555735894 0.932125932814 0.0893275314671 -56.447616 1.0 0.747776 18.9381041499 20.9350157461 0.10664642222 1408518421.05
0.343555573589 0.932874974129 0.0891518743217 -55.337024 1.0 0.750464 18.9381041499 20.9350157461 -0.0541849645756 1408518422.02
0.337655557359 0.932008590033 0.0841798205525 -55.033024 1.0 0.750464 18.9381041499 20.9350157461 0.194118286062 1408518422.96
0.361365555736 0.929166575216 0.0846725703877 -54.610816 1.0 0.750464 18.9381041499 20.9350157461 0.137657730187 1408518423.95
0.346636555574 0.92802288262 0.075734061912 -54.024256 1.0 0.750464 18.9381041499 20.9350157461 0.106529579815 1408518424.96
0.363163655557 0.926978043084 0.0786034850203 -53.576256 1.0 0.750464 18.9381041499 20.9350157461 0.148985242479 1408518425.92
0.343216365556 0.928948803575 0.0738179448735 -53.429888 1.0 0.751168 18.9381041499 20.9350157461 0.22088429944 1408518426.87
0.353821636556 0.928396885413 0.0800606288061 -53.374592 1.0 0.751424 18.9381041499 20.9350157461 0.183943334431 1408518427.86
0.362082163656 0.929781909445 0.103165445754 -53.255552 1.0 0.75168 18.9381041499 20.9350157461 0.132308932878 1408518428.78
0.382708216366 0.929840610995 0.0830844039739 -52.919232 1.0 0.752128 18.9381041499 20.9350157461 0.13894109844 1408518429.68
0.392870821637 0.931953310294 0.0715449792407 -52.514496 1.0 0.75296 18.9381041499 20.9350157461 0.155342810233 1408518430.6
0.391187082164 0.936429934199 0.0759685547704 -51.708288 1.0 0.755456 18.9381041499 20.9350157461 0.0102068948964 1408518431.49
0.381118708216 0.940296576809 0.0905597376348 -52.2432 1.0 0.755456 18.9381041499 20.9350157461 0.243088894528 1408518432.37
0.367511870822 0.941361463179 0.109384301029 -52.23136 1.0 0.755456 18.9381041499 20.9350157461 0.138729810012 1408518433.24
0.406651187082 0.941768805889 0.119043095063 -50.184064 1.0 0.76608 18.9381041499 20.9350157461 0.220159763094 1408518434.12
0.425865118708 0.94033986008 0.122344208263 -45.058112 1.0 0.79168 18.9381041499 20.9350157461 0.107577785116 1408518434.99
0.463786511871 0.937386782712 0.112539713724 -39.237696 1.0 0.821696 18.9381041499 20.9350157461 0.0150793012359 1408518435.87
0.483778651187 0.936484739062 0.109478987241 -30.96448 1.0 0.862336 18.9381041499 20.9350157461 -0.457183739973 1408518436.78
0.497477865119 0.936182436446 0.113568070207 -27.033856 1.0 0.875456 18.9381041499 20.9350157461 -0.262127547115 1408518437.64
0.433147786512 0.93639973809 0.119192885534 -25.511616 1.0 0.879104 18.9381041499 20.9350157461 0.0967577004242 1408518438.56
0.470814778651 0.935062170307 0.116143663684 -24.041536 1.0 0.881216 18.9381041499 20.9350157461 0.0769342836308 1408518439.41
0.429581477865 0.937210730078 0.107290873796 -23.421696 1.0 0.882624 18.9381041499 20.9350157461 0.108946818305 1408518440.32
0.435358147787 0.938451071146 0.0784874251367 -22.040832 1.0 0.883136 18.9381041499 20.9350157461 0.076713063323 1408518441.21
0.430535814779 0.93975821437 0.0600099020633 -21.474304 1.0 0.883648 18.9381041499 20.9350157461 0.201480362312 1408518442.11
0.403953581478 0.944153372479 0.0480154958622 -20.553472 1.0 0.883712 18.9381041499 20.9350157461 0.135183328892 1408518443.05
0.369795358148 0.946505054481 0.0649143349347 -18.724544 1.0 0.884928 18.9381041499 20.9350157461 -0.0418642369765 1408518443.93
0.333979535815 0.94798265467 0.084814664641 -17.592448 1.0 0.885696 18.9381041499 20.9350157461 0.0364460552319 1408518444.8
0.323197953581 0.947752355653 0.0881232141354 -16.222784 1.0 0.885696 18.9381041499 20.9350157461 0.103313185012 1408518445.67
0.363519795358 0.9444423612 0.0923766228931 -15.429632 1.0 0.88736 18.9381041499 20.9350157461 0.127894822878 1408518446.56
0.373851979536 0.944267886282 0.0894839647301 -14.580928 1.0 0.889024 18.9381041499 20.9350157461 0.10475478674 1408518447.48
0.357785197954 0.944650057 0.0839005685642 -14.102592 1.0 0.889152 18.9381041499 20.9350157461 0.149347579085 1408518448.39
0.399378519795 0.94507017485 0.0911782078701 -13.781504 1.0 0.889152 18.9381041499 20.9350157461 0.16778690413 1408518449.28
0.41433785198 0.944862466087 0.106522461701 -13.834432 1.0 0.889472 18.9381041499 20.9350157461 0.200803301142 1408518450.2
0.457233785198 0.941919184111 0.0926296420501 -13.599104 1.0 0.889536 18.9381041499 20.9350157461 0.145250212973 1408518451.12
0.45432337852 0.939276515964 0.101093243135 -13.289344 1.0 0.889536 18.9381041499 20.9350157461 0.155087563391 1408518452.07
0.499932337852 0.936912019701 0.108016789217 -12.996992 1.0 0.889664 18.9381041499 20.9350157461 0.16698274953 1408518453.01
0.505393233785 0.934030098226 0.0934847901817 -12.452416 1.0 0.892672 18.9381041499 20.9350157461 0.175900136445 1408518453.97
0.529339323379 0.932520885711 0.0808173112656 -12.937088 1.0 0.892672 18.9381041499 20.9350157461 0.318990811801 1408518454.94
0.537133932338 0.9343579989 0.0686277219014 -12.887296 1.0 0.892672 18.9381041499 20.9350157461 0.249452752884 1408518455.92
0.561313393234 0.937428858298 0.0768147902833 -12.818496 1.0 0.892736 18.9381041499 20.9350157461 0.21154507051 1408518456.87
0.500731339323 0.934821507733 0.0835685881779 -12.844736 1.0 0.893056 18.9381041499 20.9350157461 0.245189180363 1408518457.86
0.506373133932 0.93181069817 0.0892842045874 -12.730688 1.0 0.893056 18.9381041499 20.9350157461 0.237807192931 1408518458.82
0.494337313393 0.931138119646 0.0856819968362 -12.616064 1.0 0.893056 18.9381041499 20.9350157461 0.235014581553 1408518459.76
0.499433731339 0.927639555897 0.0650185534445 -12.764672 1.0 0.893056 18.9381041499 20.9350157461 0.2805284368 1408518460.71
0.476543373134 0.927616231651 0.0662568472384 -12.293632 1.0 0.893056 18.9381041499 20.9350157461 0.126969330903 1408518461.67
0.452654337313 0.927718081683 0.0656671284508 -11.932416 1.0 0.893056 18.9381041499 20.9350157461 0.1404829142 1408518462.67
0.450265433731 0.930502482796 0.061765204632 -11.43648 1.0 0.893056 18.9381041499 20.9350157461 0.144542226605 1408518463.66
0.397826543373 0.932929807679 0.0909415743537 -11.033664 1.0 0.893056 18.9381041499 20.9350157461 0.163657751223 1408518464.61
0.371882654337 0.937221091562 0.106758792749 -10.509504 1.0 0.893056 18.9381041499 20.9350157461 0.124584762455 1408518465.54
0.408888265434 0.939869039076 0.123923708419 -9.569152 1.0 0.896512 18.9381041499 20.9350157461 0.00814272009638 1408518466.46
0.395488826543 0.938279181789 0.125840883008 -9.03712 1.0 0.897344 18.9381041499 20.9350157461 0.0997524385203 1408518467.34
0.431948882654 0.936654809616 0.109385103716 -8.410624 1.0 0.047872 -74.530947925 49.3318744044 0.0704762129296 1408518468.29
0.464394888265 0.934363749294 0.104698390698 -9.019328 1.0 0.501504 -74.530947925 49.3318744044 0.210466829058 1408518469.32
0.500939488827 0.934035832061 0.104926621218 -10.562496 1.0 0.588864 -74.530947925 49.3318744044 0.279255879456 1408518470.26
0.519893948883 0.933867950295 0.131631400872 -10.224192 1.0 0.620928 -74.530947925 49.3318744044 0.162169989942 1408518471.11
0.490289394888 0.932658816386 0.169020627013 -10.202112 1.0 0.6448 -74.530947925 49.3318744044 0.170071683707 1408518472.0
0.454028939489 0.929894889558 0.166793364155 -9.801728 1.0 0.650112 -74.530947925 49.3318744044 0.116841741571 1408518472.91
0.484602893949 0.927536458492 0.15934179385 -9.568064 1.0 0.66912 -74.530947925 49.3318744044 0.12835916864 1408518473.82
0.474160289395 0.927388246372 0.157734358482 -8.722176 1.0 0.689856 -74.530947925 49.3318744044 0.109451969167 1408518474.75
0.457816028939 0.930752189545 0.139058450905 -7.498624 1.0 0.712128 -74.530947925 49.3318744044 0.137580718904 1408518475.67
0.458881602894 0.932236661253 0.153916207915 -6.004992 1.0 0.738368 -74.530947925 49.3318744044 0.0924277019225 1408518476.61
0.489588160289 0.932211785155 0.153718112411 -4.576768 1.0 0.770624 -74.530947925 49.3318744044 0.0990851398244 1408518477.51
0.489058816029 0.930741956252 0.13817580794 -4.817536 1.0 0.801344 -74.530947925 49.3318744044 0.162115109659 1408518478.42
0.506105881603 0.929625453365 0.104573493036 -4.775872 1.0 0.815808 -74.530947925 49.3318744044 0.198916469592 1408518479.34
0.46191058816 0.929784013354 0.103730816669 -4.363584 1.0 0.828928 -74.530947925 49.3318744044 0.187620278731 1408518480.36
0.457491058816 0.932561681512 0.109196519374 -4.189184 1.0 0.84256 -74.530947925 49.3318744044 0.203427810443 1408518481.32
0.466949105882 0.936508013234 0.113844334018 -4.091904 1.0 0.857664 -74.530947925 49.3318744044 0.216634100579 1408518482.29
0.497594910588 0.9410377768 0.129774842933 -4.196288 1.0 0.87552 -74.530947925 49.3318744044 0.267514329216 1408518483.22
0.471859491059 0.943663885994 0.116921864128 -4.47584 1.0 0.29568 -28.7654739625 32.4548131397 0.323814796169 1408518484.25
0.433285949106 0.945423442948 0.136361519483 -4.17984 1.0 0.467776 -28.7654739625 32.4548131397 0.17182648185 1408518485.17
0.418628594911 0.943548946724 0.117384622176 -3.8944 1.0 0.511296 -28.7654739625 32.4548131397 0.150512729993 1408518486.05
0.424362859491 0.942258968929 0.120476028059 -3.701888 1.0 0.560832 -28.7654739625 32.4548131397 0.143587270789 1408518486.88
0.404236285949 0.944262203984 0.132285908758 -3.607744 1.0 0.609088 -28.7654739625 32.4548131397 0.146518472364 1408518487.76
0.364423628595 0.944863927988 0.128612743857 -3.09504 1.0 0.634432 -28.7654739625 32.4548131397 0.109412241589 1408518488.62
0.328942362859 0.943038843798 0.139365204713 -2.624384 1.0 0.647488 -28.7654739625 32.4548131397 0.127804158253 1408518489.47
0.337994236286 0.941604313651 0.136766305475 -2.297152 1.0 0.665664 -28.7654739625 32.4548131397 0.164967917626 1408518490.34
0.359599423629 0.939285904761 0.139695899048 -1.72544 1.0 0.66656 -28.7654739625 32.4548131397 0.0840543086837 1408518491.22
0.365359942363 0.93814598872 0.134649270494 -1.200064 1.0 0.66656 -28.7654739625 32.4548131397 0.107544360245 1408518492.19
0.387535994236 0.939296396239 0.13533908729 -0.838912 1.0 0.667264 -28.7654739625 32.4548131397 0.176110420348 1408518493.06
0.450953599424 0.940950195206 0.13980559078 -0.646656 1.0 0.678528 -28.7654739625 32.4548131397 0.182099872699 1408518493.97
0.433895359942 0.941978446262 0.113192390135 -0.607232 1.0 0.695744 -28.7654739625 32.4548131397 0.223682373786 1408518494.92
0.442989535994 0.946443285661 0.116209463744 -0.895872 1.0 0.72672 -28.7654739625 32.4548131397 0.257438594679 1408518495.89
0.465498953599 0.950700903457 0.104997763871 -0.8032 1.0 0.744384 -28.7654739625 32.4548131397 0.236450350562 1408518496.75
0.42994989536 0.95166999688 0.114938273909 -0.83904 1.0 0.755968 -28.7654739625 32.4548131397 0.272589116608 1408518497.64
0.469594989536 0.952976858334 0.112957330965 -0.594304 1.0 0.760704 -28.7654739625 32.4548131397 0.206160274632 1408518498.57
0.423159498954 0.952140790298 0.0966387930533 -0.348032 1.0 0.763584 -28.7654739625 32.4548131397 0.164343441216 1408518499.48
0.380715949895 0.947964452877 0.0586394887378 -0.242304 1.0 0.767552 -28.7654739625 32.4548131397 0.216360216983 1408518500.4
0.41247159499 0.945816621949 0.048651736854 0.02656 1.0 0.769344 -28.7654739625 32.4548131397 0.209797965183 1408518501.28
0.461547159499 0.946249181741 0.0834058275304 0.127424 1.0 0.770304 -28.7654739625 32.4548131397 0.211421672144 1408518502.16
0.47725471595 0.946735444957 0.0863014934363 -0.060224 1.0 0.775552 -28.7654739625 32.4548131397 0.310801258818 1408518503.07
0.457225471595 0.945771937688 0.0736325550793 0.248064 1.0 0.775552 -28.7654739625 32.4548131397 0.185060529722 1408518503.94
0.413822547159 0.946538878684 0.0825733200188 0.477376 1.0 0.775616 -28.7654739625 32.4548131397 0.190711999003 1408518504.83
0.483282254716 0.946380311966 0.0835273277754 1.057728 1.0 0.780736 -28.7654739625 32.4548131397 0.138486226459 1408518505.76
0.432628225472 0.947165326212 0.0669844925424 1.822912 1.0 0.789888 -28.7654739625 32.4548131397 0.112442754449 1408518506.66
0.409562822547 0.949351525222 0.0750919110624 2.450944 1.0 0.793856 -28.7654739625 32.4548131397 0.135943265985 1408518507.56
0.409956282255 0.950886748733 0.064011691177 2.89376 1.0 0.793856 -28.7654739625 32.4548131397 0.187603703478 1408518508.45
0.389295628225 0.952100928051 0.0500251494754 3.41888 1.0 0.793856 -28.7654739625 32.4548131397 0.15508359401 1408518509.35
0.349429562823 0.954847996791 0.0530189815258 3.94976 1.0 0.793856 -28.7654739625 32.4548131397 0.142331727163 1408518510.23
0.390442956282 0.957414230994 0.0692570309724 4.496512 1.0 0.793856 -28.7654739625 32.4548131397 0.130099392159 1408518511.05
0.381044295628 0.961660724608 0.0567043808273 5.092608 1.0 0.793856 -28.7654739625 32.4548131397 0.133521232017 1408518511.9
0.384604429563 0.963788494939 0.0474095579205 5.54752 1.0 0.79392 -28.7654739625 32.4548131397 0.177117937276 1408518512.64
0.402960442956 0.963837286542 0.0560711595498 5.793664 1.0 0.794176 -28.7654739625 32.4548131397 0.248822429192 1408518513.42
0.431796044296 0.963659896383 0.062183201015 5.928384 1.0 0.794176 -28.7654739625 32.4548131397 0.278209145617 1408518514.25
0.43377960443 0.96463616112 0.085402255923 5.82208 1.0 0.800256 -28.7654739625 32.4548131397 0.283508335076 1408518515.02
0.445677960443 0.964701599839 0.0960795102054 5.996224 1.0 0.803328 -28.7654739625 32.4548131397 0.225950464525 1408518515.81
0.423467796044 0.964824126229 0.129822087971 5.940288 1.0 0.81568 -28.7654739625 32.4548131397 0.211408058909 1408518516.61
0.427546779604 0.962275835706 0.1273489958 6.03552 1.0 0.818304 -28.7654739625 32.4548131397 0.167338059409 1408518517.44
0.42165467796 0.957879713501 0.0988456095344 5.813568 1.0 0.824576 -28.7654739625 32.4548131397 0.215684475311 1408518518.26
0.403965467796 0.954943596843 0.0771590410673 5.704768 1.0 0.835584 -28.7654739625 32.4548131397 0.222744195373 1408518519.16
0.39409654678 0.953845158087 0.0769516923941 5.079936 1.0 0.85856 -28.7654739625 32.4548131397 0.24111549134 1408518520.07
0.418309654678 0.951737517313 0.0747844447377 5.057344 1.0 0.870528 -28.7654739625 32.4548131397 0.151752853805 1408518520.97
0.366730965468 0.949975412459 0.0822558773439 5.3808 1.0 0.876352 -28.7654739625 32.4548131397 0.145647675477 1408518521.88
0.384973096547 0.946607518592 0.0721359232628 5.386624 1.0 0.886464 -28.7654739625 32.4548131397 0.146261961469 1408518522.77
0.425497309655 0.944194645278 0.083288333533 4.649152 1.0 0.084096 8.11726301874 36.1003845419 0.197484431986 1408518523.65
0.442149730965 0.939593343602 0.0895464456494 2.871808 1.0 0.453696 8.11726301874 36.1003845419 0.296565915594 1408518524.64
0.462714973097 0.936596635014 0.0886154407461 1.697088 1.0 0.519936 8.11726301874 36.1003845419 0.173376316126 1408518525.51
0.44857149731 0.936132680194 0.0870497713689 1.01504 1.0 0.581888 8.11726301874 36.1003845419 0.201916533459 1408518526.4
0.475957149731 0.93600255972 0.084601673794 0.382528 1.0 0.648448 8.11726301874 36.1003845419 0.294396847071 1408518527.27
0.521895714973 0.936036729357 0.0829905367768 0.358592 1.0 0.68672 8.11726301874 36.1003845419 0.265013663258 1408518528.18
0.547189571497 0.936749499843 0.0753487853154 0.390336 1.0 0.716672 8.11726301874 36.1003845419 0.306797745628 1408518529.17
0.51641895715 0.937958774559 0.079688677798 0.570944 1.0 0.732928 8.11726301874 36.1003845419 0.219386056002 1408518530.11
0.473741895715 0.936202181393 0.0726024593821 0.70592 1.0 0.741696 8.11726301874 36.1003845419 0.193369723277 1408518531.05
0.510874189571 0.933752815508 0.0509144533823 0.882816 1.0 0.747456 8.11726301874 36.1003845419 0.212388309092 1408518532.0
0.473187418957 0.934989338384 0.0462470564199 0.962176 1.0 0.76128 8.11726301874 36.1003845419 0.232686415126 1408518532.92
0.488318741896 0.941482933634 0.057932611997 1.169536 1.0 0.77472 8.11726301874 36.1003845419 0.226575019736 1408518533.86
0.47723187419 0.947000537241 0.0739868256352 0.873216 1.0 0.810752 8.11726301874 36.1003845419 0.360475894636 1408518534.71
0.449123187419 0.950209584172 0.0910449407669 0.396352 1.0 0.87328 8.11726301874 36.1003845419 0.39945742043 1408518535.54
0.424712318742 0.950756057737 0.0870494055767 1.33344 1.0 0.118528 11.0586315094 24.4053597791 0.197467333027 1408518536.4
0.420471231874 0.950336401614 0.0923371281942 1.603136 1.0 0.440128 11.0586315094 24.4053597791 0.182609716199 1408518537.34
0.420947123187 0.946966818456 0.103644691377 1.70496 1.0 0.498624 11.0586315094 24.4053597791 0.202950188245 1408518538.13
0.420994712319 0.941843589201 0.0952637889646 2.032704 1.0 0.54912 11.0586315094 24.4053597791 0.164843763194 1408518539.01
0.461499471232 0.938793203232 0.0712710738127 2.277376 1.0 0.600512 11.0586315094 24.4053597791 0.206782056831 1408518539.89
0.490749947123 0.937134112892 0.049516472725 2.318272 1.0 0.661184 11.0586315094 24.4053597791 0.284304258558 1408518540.79
0.499074994712 0.94012331583 0.0444593799257 2.281344 1.0 0.715648 11.0586315094 24.4053597791 0.279651039927 1408518541.7
0.489107499471 0.944892565594 0.0604885690837 2.037568 1.0 0.76864 11.0586315094 24.4053597791 0.293478315461 1408518542.6
0.482710749947 0.947798115779 0.0776447522438 1.881984 1.0 0.813184 11.0586315094 24.4053597791 0.301615655638 1408518543.48
0.471271074995 0.947686220411 0.086560941363 2.108992 1.0 0.829952 11.0586315094 24.4053597791 0.207961944922 1408518544.37
0.509727107499 0.943132408798 0.0810802981565 2.237248 1.0 0.841152 11.0586315094 24.4053597791 0.210733068788 1408518545.28
0.51807271075 0.938570189025 0.101319043022 2.422272 1.0 0.846528 11.0586315094 24.4053597791 0.215513739095 1408518546.2
0.506307271075 0.937341474119 0.115245393481 2.674944 1.0 0.851264 11.0586315094 24.4053597791 0.191651804822 1408518547.15
0.466430727107 0.933802982299 0.0904940108726 3.129728 1.0 0.854272 11.0586315094 24.4053597791 0.167502439576 1408518548.06
0.417443072711 0.93142674684 0.0771623495679 3.56448 1.0 0.857792 11.0586315094 24.4053597791 0.178653507335 1408518548.99
0.435044307271 0.931752121395 0.0851526780453 3.84864 1.0 0.86176 11.0586315094 24.4053597791 0.166873189324 1408518549.91
0.435904430727 0.935715976458 0.0766827252809 4.164288 1.0 0.86752 11.0586315094 24.4053597791 0.16006558577 1408518550.79
0.405390443073 0.940393105126 0.0879580224453 4.600832 1.0 0.868224 11.0586315094 24.4053597791 0.178821739967 1408518551.68
0.474339044307 0.944218602524 0.100961162962 4.993088 1.0 0.868352 11.0586315094 24.4053597791 0.160158183494 1408518552.54
0.459633904431 0.945664307313 0.0953994634881 5.370944 1.0 0.869632 11.0586315094 24.4053597791 0.152179140913 1408518553.4
0.445563390443 0.946039624983 0.103592724468 5.68032 1.0 0.871488 11.0586315094 24.4053597791 0.153554203165 1408518554.28
0.490056339044 0.942993507832 0.10165755052 5.893312 1.0 0.874112 11.0586315094 24.4053597791 0.146647099868 1408518555.18
0.533205633904 0.938672721914 0.0717745427785 5.822464 1.0 0.881088 11.0586315094 24.4053597791 0.206993276368 1408518556.12
0.55552056339 0.937439891634 0.0809375855784 5.551744 1.0 0.889408 11.0586315094 24.4053597791 0.212595534469 1408518557.07
0.503752056339 0.94102040844 0.0830827444506 5.53408 1.0 0.899776 11.0586315094 24.4053597791 0.191899702647 1408518558.01
0.523775205634 0.941811452622 0.0808373172088 5.339456 1.0 0.301568 18.0293157547 23.3968023232 0.202729443853 1408518559.06
0.508677520563 0.939183223074 0.0730925916373 5.311872 1.0 0.508672 18.0293157547 23.3968023232 0.177718971212 1408518560.01
0.483767752056 0.934017264259 0.0801557362828 4.969536 1.0 0.564992 18.0293157547 23.3968023232 0.158931775178 1408518560.96
0.479476775206 0.931864975235 0.0806669174784 4.82976 1.0 0.603456 18.0293157547 23.3968023232 0.158169480609 1408518561.87
0.479947677521 0.929468150229 0.077714054565 4.270336 1.0 0.653632 18.0293157547 23.3968023232 0.196694135942 1408518562.87
0.489894767752 0.931652291683 0.0951617765348 4.16416 1.0 0.684736 18.0293157547 23.3968023232 0.185119110132 1408518563.86
0.473789476775 0.931595928636 0.105689991407 3.74464 1.0 0.721408 18.0293157547 23.3968023232 0.188527682957 1408518564.84
0.535178947678 0.930246763794 0.103333390502 3.629632 1.0 0.788352 18.0293157547 23.3968023232 0.160197501585 1408518565.79
0.576417894768 0.926800293537 0.0927145970168 3.277056 1.0 0.845824 18.0293157547 23.3968023232 0.194547897739 1408518566.79
0.598541789477 0.923248584782 0.0882613178494 3.161088 1.0 0.872448 18.0293157547 23.3968023232 0.207534178123 1408518567.82
0.583654178948 0.922008280111 0.0678386755262 3.206464 1.0 0.89152 18.0293157547 23.3968023232 0.19213538205 1408518568.87
0.552465417895 0.923835820489 0.053036269515 3.260416 1.0 0.36192 14.5146578773 17.1224311079 0.192849408408 1408518570.0
0.527746541789 0.929434289561 0.0542652822419 3.487552 1.0 0.571648 14.5146578773 17.1224311079 0.168518501771 1408518571.04
0.479374654179 0.934634555124 0.0479439122464 3.852672 1.0 0.591488 14.5146578773 17.1224311079 0.173205487481 1408518572.0
0.433137465418 0.940229319671 0.0448023157573 4.345536 1.0 0.600128 14.5146578773 17.1224311079 0.153548821036 1408518572.91
0.478913746542 0.942485329307 0.0315074785329 4.663616 1.0 0.627648 14.5146578773 17.1224311079 0.194835661342 1408518573.87
0.478091374654 0.946944563821 0.0483225396627 4.7984 1.0 0.64896 14.5146578773 17.1224311079 0.246361933696 1408518574.77
0.469909137465 0.95092814657 0.0449551107057 5.219968 1.0 0.654272 14.5146578773 17.1224311079 0.187251482589 1408518575.71
0.452890913747 0.951561459714 0.0450494929384 5.624064 1.0 0.655872 14.5146578773 17.1224311079 0.172148216146 1408518576.6
0.466489091375 0.949701220606 0.0431386991664 5.884224 1.0 0.666432 14.5146578773 17.1224311079 0.177105240915 1408518577.42
0.472348909137 0.947573924226 0.032411069647 6.165504 1.0 0.675648 14.5146578773 17.1224311079 0.18003933522 1408518578.27
0.492734890914 0.946711565574 0.0293725675698 6.435392 1.0 0.681152 14.5146578773 17.1224311079 0.217648931527 1408518579.14
0.489373489091 0.949474866468 0.0343471030395 6.562688 1.0 0.697984 14.5146578773 17.1224311079 0.225064764467 1408518580.02
0.483637348909 0.954806866235 0.0453018621721 6.796352 1.0 0.699264 14.5146578773 17.1224311079 0.260454596537 1408518580.88
0.485763734891 0.962552729403 0.0426392695175 7.247104 1.0 0.700096 14.5146578773 17.1224311079 0.199131999513 1408518581.75
0.467076373489 0.967177166889 0.0279704130185 7.59072 1.0 0.703488 14.5146578773 17.1224311079 0.220104926794 1408518582.61
0.444507637349 0.972141609822 0.0272898572244 7.938368 1.0 0.704192 14.5146578773 17.1224311079 0.24536332281 1408518583.41
0.375650763735 0.978019446957 0.0588336390322 7.991232 1.0 0.713792 14.5146578773 17.1224311079 0.29780905522 1408518584.23
0.357065076373 0.979817091772 0.0870174259536 8.224256 1.0 0.721792 14.5146578773 17.1224311079 0.257712794636 1408518584.92
0.353406507637 0.978727947914 0.0999127284225 8.540096 1.0 0.726464 14.5146578773 17.1224311079 0.197401599235 1408518585.66
0.325140650764 0.978789796425 0.125495857701 9.023936 1.0 0.727936 14.5146578773 17.1224311079 0.149223755798 1408518586.35
0.335814065076 0.978642788648 0.130312070739 9.058048 1.0 0.735616 14.5146578773 17.1224311079 0.238057375756 1408518586.99
0.385481406508 0.977320889621 0.118902928703 9.359424 1.0 0.73728 14.5146578773 17.1224311079 0.214379004261 1408518587.66
0.402148140651 0.97386854974 0.12258756019 9.13472 1.0 0.750336 14.5146578773 17.1224311079 0.294467975686 1408518588.43
0.456014814065 0.97003360039 0.126520195981 8.273024 1.0 0.7776 14.5146578773 17.1224311079 0.416091556266 1408518589.2
0.523501481407 0.966919110616 0.1191463159 7.192128 1.0 0.820224 14.5146578773 17.1224311079 0.479158842017 1408518590.01
0.487050148141 0.964324551207 0.0929142538791 7.183296 1.0 0.831296 14.5146578773 17.1224311079 0.233512756015 1408518590.86
0.516705014814 0.961214187825 0.0730764574866 7.29952 1.0 0.8352 14.5146578773 17.1224311079 0.237406672944 1408518591.68
0.518770501481 0.956678550368 0.0617304254179 7.276032 1.0 0.842368 14.5146578773 17.1224311079 0.280481603073 1408518592.51
0.475777050148 0.954660291532 0.0558345514351 7.318912 1.0 0.847232 14.5146578773 17.1224311079 0.252182153415 1408518593.35
0.465177705015 0.951309179722 0.0602522381432 7.154112 1.0 0.854592 14.5146578773 17.1224311079 0.244174688859 1408518594.23
0.506417770501 0.945627396804 0.0640891791434 7.01856 1.0 0.857984 14.5146578773 17.1224311079 0.265990610216 1408518595.06
0.52584177705 0.94366627592 0.063778912187 6.610368 1.0 0.87456 14.5146578773 17.1224311079 0.262158541796 1408518595.98
0.528684177705 0.947889032939 0.0621935838229 6.538688 1.0 0.875328 14.5146578773 17.1224311079 0.250773947752 1408518596.84
0.517268417771 0.953763762096 0.0577770185074 6.123136 1.0 0.880256 14.5146578773 17.1224311079 0.26957914289 1408518597.73
0.492726841777 0.958244590474 0.072840818922 6.204672 1.0 0.885376 14.5146578773 17.1224311079 0.212368375404 1408518598.54
0.461472684178 0.96276572957 0.0795990636819 5.940288 1.0 0.89792 14.5146578773 17.1224311079 0.259756757532 1408518599.42
0.403447268418 0.96315847477 0.0894343147633 5.835584 1.0 0.108096 25.2573289387 23.8753525359 0.156620795314 1408518600.24
0.425544726842 0.960918663375 0.115184637644 5.835008 1.0 0.414464 25.2573289387 23.8753525359 0.140596644732 1408518601.09
0.424154472684 0.955092224048 0.100324581386 5.606912 1.0 0.485952 25.2573289387 23.8753525359 0.187094939338 1408518601.88
0.463615447268 0.952223476522 0.102105356382 5.075136 1.0 0.541504 25.2573289387 23.8753525359 0.164367214639 1408518602.69
0.467561544727 0.949668663187 0.0822391756238 4.78496 1.0 0.594368 25.2573289387 23.8753525359 0.238397789476 1408518603.52
0.498556154473 0.950085741766 0.0784940500687 4.177216 1.0 0.66432 25.2573289387 23.8753525359 0.312528333658 1408518604.36
0.511555615447 0.951727565074 0.0644093465029 4.360768 1.0 0.688384 25.2573289387 23.8753525359 0.183662012833 1408518605.27
0.492155561545 0.956280828056 0.0683185360859 4.402432 1.0 0.722368 25.2573289387 23.8753525359 0.172897916042 1408518606.18
0.465015556154 0.959352985893 0.0488820617659 4.711232 1.0 0.736256 25.2573289387 23.8753525359 0.179115194738 1408518607.02
0.470401555615 0.961731929605 0.0300665303371 4.85216 1.0 0.753024 25.2573289387 23.8753525359 0.231793732395 1408518607.81
0.455640155562 0.96491869699 0.0441488635227 5.135744 1.0 0.760384 25.2573289387 23.8753525359 0.19549765468 1408518608.6
0.474864015556 0.96719152566 0.0634229053099 5.22208 1.0 0.77728 25.2573289387 23.8753525359 0.255898832588 1408518609.38
0.474086401556 0.969751677967 0.0869019281152 5.472384 1.0 0.786368 25.2573289387 23.8753525359 0.238496664417 1408518610.13
0.425408640156 0.971376388907 0.0818794373154 5.675392 1.0 0.795712 25.2573289387 23.8753525359 0.236499229643 1408518610.92
0.408840864016 0.971007289489 0.098587333984 5.697024 1.0 0.8096 25.2573289387 23.8753525359 0.215337752099 1408518611.71
0.387384086402 0.969870948902 0.122372500516 5.842816 1.0 0.820992 25.2573289387 23.8753525359 0.18400793163 1408518612.48
0.37443840864 0.968542193456 0.0982267756352 5.691776 1.0 0.83936 25.2573289387 23.8753525359 0.218821672211 1408518613.25
0.404643840864 0.968247567677 0.101436343007 5.83296 1.0 0.852352 25.2573289387 23.8753525359 0.201888424875 1408518614.03
0.412164384086 0.966305541914 0.0991271400314 6.25984 1.0 0.852736 25.2573289387 23.8753525359 0.170571420153 1408518614.85
0.376016438409 0.964342635041 0.101474147731 6.641536 1.0 0.854656 25.2573289387 23.8753525359 0.184930538227 1408518615.66
0.411101643841 0.961851029156 0.108509839999 6.496448 1.0 0.873792 25.2573289387 23.8753525359 0.288870366652 1408518616.5
0.442510164384 0.959163109275 0.101613536487 6.361024 1.0 0.88512 25.2573289387 23.8753525359 0.327461836573 1408518617.34
