0.118 0.999650071235 0.12828411913 0.896755555556 0.103244444444 0.103244444444 0 0 0.88938458695 1409466415.9
0.17 0.933056916967 0.0408392115013 1.69582222222 0.152088888889 0.152088888889 0 0 0.680413763048 1409466416.76
0.171 0.862745021694 0.022337653988 2.45488888889 0.183555555556 0.183555555556 0 0 0.583187712855 1409466418.08
0.216 0.825447102796 0.016614707822 3.12493333333 0.221333333333 0.221333333333 0 0 0.506284105812 1409466419.69
0.2 0.813426261922 0.013823513173 3.85804444444 0.233377777778 0.233377777778 0 0 0.501139277532 1409466421.45
0.213 0.814296006598 0.0142687640326 4.60222222222 0.240177777778 0.240177777778 0 0 0.509582237229 1409466423.25
0.23 0.822233718265 0.0181260256361 5.26626666667 0.253911111111 0.253911111111 0 0 0.517654432454 1409466425.11
0.233 0.831316166192 0.0223383834523 5.98897777778 0.2608 0.2608 0 0 0.554455650917 1409466426.63
0.229 0.839478876779 0.0273056860811 6.71875555556 0.263333333333 0.263333333333 0 0 0.578864157229 1409466427.92
0.245 0.847165731692 0.033106682657 7.4348 0.266266666667 0.266266666667 0 0 0.594775137738 1409466429.24
0.265 0.854313210601 0.0360897020202 7.96111111111 0.282755555556 0.282755555556 0 0 0.565940150816 1409466430.78
0.295 0.856825961103 0.0367145613582 8.56311111111 0.291422222222 0.291422222222 0 0 0.58077426192 1409466432.22
0.3 0.86482761487 0.0352508409601 9.13186666667 0.303111111111 0.303111111111 0 0 0.592034501648 1409466434.02
0.27 0.876044358753 0.0316094775721 9.78915555556 0.306888888889 0.306888888889 0 0 0.592453803901 1409466435.79
0.253 0.890610596114 0.0272112614245 10.4152444444 0.314044444444 0.314044444444 0 0 0.59856281862 1409466437.47
0.286 0.903348764169 0.0245892261893 11.1072 0.317155555556 0.317155555556 0 0 0.612134084259 1409466439.0
0.231 0.913411717614 0.0263982103081 11.8525777778 0.317155555556 0.317155555556 0 0 0.60297672685 1409466440.21
0.251 0.920378677576 0.0299710997736 12.5655111111 0.3176 0.3176 0 0 0.581480926368 1409466441.33
0.266 0.924659873627 0.0309485375992 13.2767555556 0.318311111111 0.318311111111 0 0 0.588516874328 1409466442.64
0.236 0.92890033409 0.0266815283941 13.8936444444 0.323244444444 0.323244444444 0 0 0.561717013546 1409466444.0
0.209 0.937102557226 0.022985248644 14.4380888889 0.333777777778 0.333777777778 0 0 0.620080152324 1409466445.25
0.227 0.94500752135 0.0216640069015 14.9388888889 0.346888888889 0.346888888889 0 0 0.637344246157 1409466446.55
0.186 0.949118218419 0.017115929753 15.6072444444 0.352222222222 0.352222222222 0 0 0.637050739705 1409466447.82
0.227 0.95071327953 0.0147955660497 16.0482666667 0.366888888889 0.366888888889 0 0 0.633112207774 1409466449.08
0.215 0.95156876832 0.0140111728476 16.4766222222 0.380088888889 0.380088888889 0 0 0.640924907923 1409466450.27
0.243 0.953779881204 0.0116006732389 16.9737777778 0.388133333333 0.388133333333 0 0 0.660167766518 1409466451.47
0.213 0.959033663558 0.00925372660781 17.4619555556 0.397466666667 0.397466666667 0 0 0.692641437111 1409466452.69
0.202 0.965254314695 0.00892503204488 17.9013777778 0.408488888889 0.408488888889 0 0 0.690408454637 1409466454.04
0.214 0.971100050117 0.00916056942029 18.4581333333 0.416355555556 0.416355555556 0 0 0.72569609249 1409466454.97
0.2 0.975992413493 0.00877026802659 19.1262222222 0.419688888889 0.419688888889 0 0 0.774545803149 1409466455.96
0.186 0.979961901997 0.0134253725055 19.7221333333 0.4244 0.4244 0 0 0.795908889806 1409466456.97
0.183 0.982373830595 0.013688302108 20.446 0.427155555556 0.427155555556 0 0 0.823930949273 1409466457.97
0.174 0.984921056365 0.0109475127592 21.1093777778 0.430488888889 0.430488888889 0 0 0.809015467252 1409466459.19
0.173 0.986324029095 0.0116802087397 21.8030222222 0.434088888889 0.434088888889 0 0 0.826180470465 1409466460.13
0.159 0.987444295181 0.0140208956395 22.3130222222 0.441511111111 0.441511111111 0 0 0.822415596986 1409466461.22
0.196 0.988173545517 0.0160804223391 22.5645333333 0.453644444444 0.453644444444 0 0 0.797135807783 1409466462.22
0.187 0.987437532314 0.0145157624636 22.9730666667 0.461644444444 0.461644444444 0 0 0.776245449276 1409466463.3
0.205 0.987827009209 0.0140334992272 23.2266666667 0.473866666667 0.473866666667 0 0 0.771898983718 1409466464.42
0.194 0.988096737558 0.00995513758255 23.4570666667 0.487155555556 0.487155555556 0 0 0.777517024512 1409466465.44
0.188 0.989335300521 0.00727547812313 24.0363111111 0.492933333333 0.492933333333 0 0 0.806734152349 1409466466.43
0.164 0.989577950673 0.00541457759904 24.7120444444 0.496622222222 0.496622222222 0 0 0.840289456755 1409466467.46
0.155 0.991523117089 0.00605032780831 25.0331111111 0.5084 0.5084 0 0 0.829234483241 1409466468.48
0.153 0.994138889242 0.00766158243499 25.3547555556 0.519644444444 0.519644444444 0 0 0.818419906859 1409466469.51
0.174 0.99447477065 0.00645562704512 25.6471555556 0.5304 0.5304 0 0 0.787231128608 1409466470.49
0.166 0.993662877602 0.00648146339342 25.9522222222 0.5412 0.5412 0 0 0.77174262468 1409466471.47
0.162 0.993384101951 0.00652871318682 26.38 0.549644444444 0.549644444444 0 0 0.791668345182 1409466472.25
0.209 0.992934638837 0.00706432154349 26.6618666667 0.559644444444 0.559644444444 0 0 0.770162645006 1409466473.05
0.212 0.993808884597 0.00873056288504 27.1413333333 0.563866666667 0.563866666667 0 0 0.80047848481 1409466473.89
0.201 0.993716485112 0.0111028617386 27.2059111111 0.573866666667 0.573866666667 0 0 0.79300025481 1409466474.81
0.21 0.993835819577 0.0104703593344 27.3367555556 0.583066666667 0.583066666667 0 0 0.795343272089 1409466475.97
0.203 0.99314342394 0.0103493123379 27.5034666667 0.591555555556 0.591555555556 0 0 0.79580438839 1409466477.06
0.251 0.993619449524 0.0139549318006 27.4618666667 0.605022222222 0.605022222222 0 0 0.795825035391 1409466478.19
0.234 0.994076339312 0.020214580988 27.5484888889 0.6172 0.6172 0 0 0.806510849044 1409466479.24
0.22 0.994223297365 0.0197994727198 27.6178666667 0.63 0.63 0 0 0.817354671217 1409466480.37
0.257 0.993162296033 0.0172749199413 27.5097777778 0.644888888889 0.644888888889 0 0 0.797761338125 1409466481.48
0.228 0.991905596844 0.0178051373618 27.4071111111 0.656933333333 0.656933333333 0 0 0.780684475653 1409466482.56
0.254 0.99046689571 0.0167500875786 27.096 0.674533333333 0.674533333333 0 0 0.772602969509 1409466483.51
0.264 0.989869303397 0.0200082091006 27.2138666667 0.684355555556 0.684355555556 0 0 0.785815242917 1409466484.47
0.269 0.988225175807 0.0236916286495 26.3135555556 0.711644444444 0.711644444444 0 0 0.769943135046 1409466485.62
0.279 0.985677038519 0.0245182655862 25.2089333333 0.74 0.74 0 0 0.741095410417 1409466486.72
0.294 0.982893906453 0.0242812057112 24.2872444444 0.760666666667 0.760666666667 0 0 0.710843813691 1409466487.96
0.292 0.982389858891 0.0278578836795 23.9095111111 0.771688888889 0.771688888889 0 0 0.704641028886 1409466489.1
0.256 0.981626163708 0.0299724691728 23.2064444444 0.786488888889 0.786488888889 0 0 0.689690586677 1409466490.32
0.288 0.98137670361 0.0314724109169 21.9009777778 0.800044444444 0.800044444444 0 0 0.668096475637 1409466491.31
0.325 0.981547901082 0.0302401537609 21.5598666667 0.805333333333 0.805333333333 0 0 0.68563352537 1409466492.49
0.259 0.982399415928 0.0316062091946 21.2336888889 0.814044444444 0.814044444444 0 0 0.707241837527 1409466493.61
0.253 0.983657695045 0.0303859958657 21.3933333333 0.818888888889 0.818888888889 0 0 0.7020800339 1409466494.84
0.264 0.985573466139 0.0343363199377 21.5323555556 0.821733333333 0.821733333333 0 0 0.709503596107 1409466495.94
0.277 0.986090498738 0.0372337961773 21.5635555556 0.823777777778 0.823777777778 0 0 0.731117257992 1409466496.87
0.291 0.984527166793 0.0382280508051 21.2195111111 0.825955555556 0.825955555556 0 0 0.738092981552 1409466497.88
0.297 0.983797832381 0.0402744246821 20.9454222222 0.829022222222 0.829022222222 0 0 0.727352848091 1409466498.91
0.29 0.98263466303 0.0392439052512 20.3122666667 0.838488888889 0.838488888889 0 0 0.736920488294 1409466500.05
0.282 0.982647811045 0.0409984714417 19.0899111111 0.849866666667 0.849866666667 0 0 0.709500556788 1409466501.18
0.346 0.982610402118 0.0404941349145 18.6417777778 0.857955555556 0.857955555556 0 0 0.714978929692 1409466502.1
0.312 0.981728108692 0.0395283364347 17.3704 0.871733333333 0.871733333333 0 0 0.706326009937 1409466503.06
0.32 0.980076301568 0.0355887021141 17.4872444444 0.872088888889 0.872088888889 0 0 0.71040039223 1409466504.22
0.335 0.98016733073 0.0302975794196 17.2455555556 0.8724 0.8724 0 0 0.713321015398 1409466505.46
0.319 0.981686282294 0.028392731921 16.9472444444 0.8724 0.8724 0 0 0.727887521746 1409466506.63
0.313 0.982793648186 0.0285268557174 16.6273777778 0.873644444444 0.873644444444 0 0 0.72444315642 1409466507.59
0.339 0.982641868898 0.0363210177506 16.1121333333 0.878755555556 0.878755555556 0 0 0.699740851583 1409466508.83
0.371 0.98192133982 0.0429439907294 15.0247111111 0.889777777778 0.889777777778 0 0 0.685078841817 1409466510.09
0.383 0.981073860617 0.0433481143599 13.4275555556 0.911288888889 0.311644444444 81 95.0800099373 0.67683114733 1409466511.4
0.375 0.978761071795 0.0376873320121 12.8652444444 0.9188 0.415111111111 81 95.0800099373 0.675874001495 1409466512.7
0.349 0.977531234894 0.0327788243457 12.2464 0.929022222222 0.448044444444 81 95.0800099373 0.677393696057 1409466513.77
0.361 0.977086247391 0.031173784239 11.3928888889 0.940977777778 0.4876 81 95.0800099373 0.660257815629 1409466514.95
0.318 0.977330382522 0.0304364488432 11.4118222222 0.947688888889 0.500711111111 81 95.0800099373 0.666087753006 1409466515.83
0.311 0.977438920462 0.0267050269627 11.6912444444 0.951288888889 0.508666666667 81 95.0800099373 0.675099455682 1409466516.71
0.343 0.978611830998 0.0268253250354 11.7683555556 0.957555555556 0.517244444444 81 95.0800099373 0.70654095343 1409466517.66
0.279 0.981541067959 0.0278469657533 12.2213777778 0.958488888889 0.524533333333 81 95.0800099373 0.697458769959 1409466518.55
0.243 0.983267994214 0.0222626048349 12.6244 0.960622222222 0.529822222222 81 95.0800099373 0.706728499605 1409466519.5
0.252 0.984701643324 0.0210768683741 12.4856444444 0.967466666667 0.544133333333 81 95.0800099373 0.679710845005 1409466520.69
0.291 0.985123145456 0.0244278896001 12.5224444444 0.973066666667 0.553733333333 81 95.0800099373 0.708543766328 1409466521.9
0.239 0.985728916324 0.0280838727464 12.9068 0.975244444444 0.561644444444 81 95.0800099373 0.740614646304 1409466522.85
0.255 0.984618225839 0.0321888486699 12.0787555556 0.988355555556 0.590622222222 81 95.0800099373 0.715361204233 1409466523.98
0.27 0.982288553147 0.0337424007554 12.5356 0.989155555556 0.600488888889 81 95.0800099373 0.743041389714 1409466525.02
0.267 0.982107896318 0.0338825068702 13.0162666667 0.989422222222 0.608622222222 81 95.0800099373 0.735280713006 1409466526.09
0.263 0.981613485413 0.0301446539849 13.4633333333 0.989733333333 0.617688888889 81 95.0800099373 0.730349543411 1409466527.05
0.28 0.979620116033 0.0297566924581 13.8096444444 0.990222222222 0.624266666667 81 95.0800099373 0.70353076897 1409466528.2
0.293 0.979806219997 0.0253892742544 13.7379555556 0.994666666667 0.639555555556 81 95.0800099373 0.682280233104 1409466529.2
0.281 0.981876581095 0.0255263472292 13.6115111111 0.997155555556 0.661822222222 81 95.0800099373 0.722027904812 1409466530.37
0.301 0.984026193325 0.0292905993523 13.3931111111 0.999333333333 0.682577777778 81 95.0800099373 0.734976755331 1409466531.45
0.31 0.984828425579 0.0326627336676 13.1846666667 1.0 0.705155555556 81 95.0800099373 0.74020093915 1409466532.38
0.332 0.985322144248 0.0345690527182 12.8098222222 1.0 0.728622222222 81 95.0800099373 0.734034445561 1409466533.38
0.326 0.986486908617 0.0370296565961 12.5562222222 1.0 0.748266666667 81 95.0800099373 0.73791391094 1409466534.27
0.316 0.987187566007 0.036626832519 12.3958222222 1.0 0.768844444444 81 95.0800099373 0.725040328007 1409466535.26
0.302 0.987272305072 0.0412710797513 12.2729777778 1.0 0.786622222222 81 95.0800099373 0.734608035364 1409466536.21
0.313 0.98624054966 0.0428224771303 12.2097333333 1.0 0.800533333333 81 95.0800099373 0.735860849658 1409466537.44
0.324 0.984940547767 0.0387347818048 11.8591555556 1.0 0.823066666667 81 95.0800099373 0.717472474582 1409466538.68
0.346 0.982972168634 0.0333567007369 11.6128 1.0 0.839511111111 81 95.0800099373 0.704723764541 1409466539.71
0.349 0.981110963099 0.0305678149447 11.4848 1.0 0.857333333333 81 95.0800099373 0.732813958639 1409466540.63
0.327 0.980233448683 0.0259603498004 11.3701333333 1.0 0.874444444444 81 95.0800099373 0.72375268849 1409466541.57
0.308 0.980974592898 0.0223257354918 10.8471111111 1.0 0.0625333333333 55.5 63.5135480165 0.74735855155 1409466542.84
0.33 0.981571866942 0.0196304498105 10.6755111111 1.0 0.330666666667 55.5 63.5135480165 0.719083691561 1409466544.2
0.32 0.983637921473 0.0175419461602 9.99822222222 1.0 0.3884 55.5 63.5135480165 0.701424831911 1409466545.1
0.317 0.985725505043 0.0145101749118 9.98955555556 1.0 0.422666666667 55.5 63.5135480165 0.712202487442 1409466545.93
0.291 0.98803340208 0.0144486628872 10.5195555556 1.0 0.4364 55.5 63.5135480165 0.742062520238 1409466546.76
0.274 0.990590105236 0.0198259528688 11.0908 1.0 0.444266666667 55.5 63.5135480165 0.748242318811 1409466547.59
0.294 0.990792790588 0.0198237077912 11.5698222222 1.0 0.456266666667 55.5 63.5135480165 0.751110064123 1409466548.45
0.306 0.990089611628 0.0206892810693 11.7273777778 1.0 0.473466666667 55.5 63.5135480165 0.731193517866 1409466549.25
0.309 0.98979014258 0.0298009527958 11.6759111111 1.0 0.497288888889 55.5 63.5135480165 0.723063218044 1409466550.09
0.351 0.987809186496 0.0321923597807 11.8759111111 1.0 0.516266666667 55.5 63.5135480165 0.734202009615 1409466550.95
0.353 0.985525044171 0.0237333104377 11.3333777778 1.0 0.549244444444 55.5 63.5135480165 0.703893532332 1409466551.83
0.329 0.986520659636 0.0234520089215 11.7459555556 1.0 0.557466666667 55.5 63.5135480165 0.733111371334 1409466552.75
0.348 0.987631315178 0.0246255588636 11.8435111111 1.0 0.574444444444 55.5 63.5135480165 0.738869471871 1409466553.58
0.34 0.986340850361 0.0224991300559 11.9284444444 1.0 0.590666666667 55.5 63.5135480165 0.733557170297 1409466554.45
0.307 0.984672503612 0.0212864087677 11.9705333333 1.0 0.606088888889 55.5 63.5135480165 0.701482777565 1409466555.45
0.355 0.983448965837 0.021340444285 11.9453777778 1.0 0.622666666667 55.5 63.5135480165 0.691421994231 1409466556.38
0.36 0.98252974801 0.0265320336273 12.0472888889 1.0 0.635022222222 55.5 63.5135480165 0.689589441541 1409466557.25
0.35 0.980915587185 0.0251742198213 11.9364888889 1.0 0.6568 55.5 63.5135480165 0.689317872326 1409466558.17
0.363 0.979184015811 0.0217446001426 11.9406666667 1.0 0.677644444444 55.5 63.5135480165 0.697097227055 1409466559.06
0.34 0.979723929128 0.0216641160742 12.1308 1.0 0.691644444444 55.5 63.5135480165 0.705918618775 1409466559.98
0.373 0.980922490332 0.0235809160981 12.3284444444 1.0 0.702844444444 55.5 63.5135480165 0.711833791751 1409466560.86
0.354 0.980963119175 0.0213189041583 12.1523111111 1.0 0.724311111111 55.5 63.5135480165 0.712790312343 1409466561.88
0.329 0.982954771069 0.0224441040429 12.1881333333 1.0 0.738355555556 55.5 63.5135480165 0.736576716592 1409466563.02
0.381 0.98378693679 0.022230346192 11.9862666667 1.0 0.755422222222 55.5 63.5135480165 0.725451339341 1409466564.26
0.352 0.983219955761 0.0220874953577 12.084 1.0 0.765022222222 55.5 63.5135480165 0.712255384756 1409466565.46
0.332 0.983062041269 0.0191086477016 12.1184888889 1.0 0.775244444444 55.5 63.5135480165 0.726492496574 1409466566.64
0.331 0.98284379866 0.0217205979796 12.4098222222 1.0 0.782088888889 55.5 63.5135480165 0.733871765127 1409466567.83
0.339 0.981745315575 0.0248206793668 12.6033777778 1.0 0.789288888889 55.5 63.5135480165 0.736452275504 1409466569.0
0.336 0.982453393568 0.0220978820239 12.6824888889 1.0 0.799155555556 55.5 63.5135480165 0.729851729236 1409466570.09
0.346 0.984417198176 0.0267927727931 12.8968888889 1.0 0.807155555556 55.5 63.5135480165 0.728723103846 1409466570.96
0.306 0.9853385549 0.0309892274026 13.2131111111 1.0 0.814311111111 55.5 63.5135480165 0.745750898662 1409466572.2
0.291 0.984386908072 0.0299906654282 13.1756 1.0 0.829955555556 55.5 63.5135480165 0.741908172073 1409466573.38
0.282 0.98322797266 0.0300075801731 13.3671555556 1.0 0.841822222222 55.5 63.5135480165 0.745260871278 1409466574.48
0.255 0.980965506035 0.0274802568153 13.7948 1.0 0.848666666667 55.5 63.5135480165 0.73816981102 1409466575.54
0.299 0.98022245901 0.0275485548966 14.226 1.0 0.854222222222 55.5 63.5135480165 0.732089122481 1409466576.52
0.277 0.981438779343 0.0382957657918 14.5365333333 1.0 0.859333333333 55.5 63.5135480165 0.706498358797 1409466577.63
0.29 0.980057978855 0.0400567120881 14.6205777778 1.0 0.866755555556 55.5 63.5135480165 0.689814985778 1409466578.84
0.329 0.977794824707 0.0358125326465 14.5298666667 1.0 0.874133333333 55.5 63.5135480165 0.66857141572 1409466579.96
0.313 0.976585394577 0.0352893252187 14.7023111111 1.0 0.879377777778 55.5 63.5135480165 0.668542438846 1409466581.15
0.321 0.977765859337 0.0359288147499 14.7108444444 1.0 0.887288888889 55.5 63.5135480165 0.662278357994 1409466582.37
0.344 0.979328836823 0.0298081253937 14.8148888889 1.0 0.8908 55.5 63.5135480165 0.684221127996 1409466583.41
0.31 0.981881226411 0.0275836247822 15.0408888889 1.0 0.895288888889 55.5 63.5135480165 0.714987735036 1409466584.29
0.305 0.985375602219 0.0254771713505 14.9531111111 1.0 0.189777777778 48.75 52.9393640161 0.739200041264 1409466585.5
0.3 0.986396180203 0.019779202175 15.2871555556 1.0 0.316444444444 48.75 52.9393640161 0.742695169495 1409466586.61
0.279 0.987088793749 0.0148788899768 15.3428888889 1.0 0.345333333333 48.75 52.9393640161 0.727690013239 1409466587.79
0.29 0.989227297233 0.014188045009 15.3385777778 1.0 0.368977777778 48.75 52.9393640161 0.739904625818 1409466588.97
0.301 0.991805548458 0.0164782349676 15.6778666667 1.0 0.388488888889 48.75 52.9393640161 0.754663580416 1409466589.94
0.294 0.992987642198 0.0171077362255 15.9131111111 1.0 0.408933333333 48.75 52.9393640161 0.767902457905 1409466590.99
0.293 0.993475420837 0.0196817032186 15.7204444444 1.0 0.444266666667 48.75 52.9393640161 0.755118713675 1409466591.99
0.333 0.992200356899 0.0189971566511 15.9864 1.0 0.458 48.75 52.9393640161 0.758718422131 1409466592.77
0.312 0.989808804743 0.0148231746222 15.9444888889 1.0 0.474933333333 48.75 52.9393640161 0.721367480167 1409466593.56
0.326 0.988663312066 0.0164982478668 14.9110222222 1.0 0.511244444444 48.75 52.9393640161 0.712108694248 1409466594.36
0.334 0.988507293487 0.0182361369477 14.1934222222 1.0 0.548888888889 48.75 52.9393640161 0.720965215772 1409466595.15
0.322 0.988249078702 0.0202424188439 13.9417777778 1.0 0.576844444444 48.75 52.9393640161 0.71800199416 1409466595.92
0.328 0.987493531939 0.022313587302 13.6454222222 1.0 0.603022222222 48.75 52.9393640161 0.725048153047 1409466596.97
0.343 0.986145685612 0.0254050831665 13.0530222222 1.0 0.630222222222 48.75 52.9393640161 0.714885492833 1409466597.82
0.324 0.984262048249 0.0218926225033 12.7106222222 1.0 0.657333333333 48.75 52.9393640161 0.730789920391 1409466598.72
0.343 0.984269722552 0.0240889224339 12.4367555556 1.0 0.681066666667 48.75 52.9393640161 0.714747469245 1409466599.79
0.363 0.984842796099 0.0264173271836 12.2447111111 1.0 0.697688888889 48.75 52.9393640161 0.700594506056 1409466601.01
0.351 0.984420333904 0.0278351938648 12.1925333333 1.0 0.712133333333 48.75 52.9393640161 0.712687819284 1409466602.0
0.381 0.983890208717 0.0295187188078 12.0768888889 1.0 0.725511111111 48.75 52.9393640161 0.704936174108 1409466603.3
0.389 0.983072431304 0.0265085308305 11.4989333333 1.0 0.751066666667 48.75 52.9393640161 0.690833190999 1409466604.57
0.403 0.982815835317 0.028997473951 11.0542666667 1.0 0.771333333333 48.75 52.9393640161 0.690809143526 1409466605.85
0.413 0.983004196283 0.0281286779929 10.5326666667 1.0 0.7956 48.75 52.9393640161 0.711921794061 1409466607.04
0.409 0.983003806185 0.0291543177149 9.92884444444 1.0 0.825866666667 48.75 52.9393640161 0.702843963415 1409466608.15
0.377 0.983765254968 0.0304377457905 9.6068 1.0 0.846 48.75 52.9393640161 0.731189231701 1409466609.26
0.359 0.983312963609 0.0406330437702 9.00706666667 1.0 0.871555555556 48.75 52.9393640161 0.731437411734 1409466610.18
0.389 0.980074368728 0.0383009971744 8.39004444444 1.0 0.895911111111 48.75 52.9393640161 0.691656689689 1409466611.32
0.434 0.977595480401 0.0333200971163 7.39524444444 1.0 0.365911111111 37.375 39.8901014626 0.676905784722 1409466612.71
0.401 0.976518009442 0.0309962187503 7.00977777778 1.0 0.463111111111 37.375 39.8901014626 0.662588562475 1409466613.92
0.397 0.977420143962 0.0282406953934 6.8328 1.0 0.514266666667 37.375 39.8901014626 0.660887388415 1409466615.18
0.445 0.979158105101 0.0259701099842 6.7508 1.0 0.561644444444 37.375 39.8901014626 0.664971596266 1409466616.21
0.41 0.982246410461 0.0250071431792 6.61791111111 1.0 0.602 37.375 39.8901014626 0.67877557983 1409466617.39
0.41 0.985069290627 0.027135913034 6.69702222222 1.0 0.631688888889 37.375 39.8901014626 0.705740852089 1409466618.59
0.35 0.985882699142 0.0273262215823 6.89386666667 1.0 0.651688888889 37.375 39.8901014626 0.717333089604 1409466619.55
0.367 0.984797893801 0.0246990091878 7.30786666667 1.0 0.658311111111 37.375 39.8901014626 0.697172150862 1409466620.61
0.331 0.983643583176 0.0204972946722 7.81884444444 1.0 0.661466666667 37.375 39.8901014626 0.699372014322 1409466621.66
0.345 0.984639541952 0.0211377951514 8.26773333333 1.0 0.667066666667 37.375 39.8901014626 0.709544962657 1409466622.84
0.33 0.985064342617 0.0164979339239 8.58391111111 1.0 0.678444444444 37.375 39.8901014626 0.696797813883 1409466624.07
0.313 0.98590381723 0.0168719045464 8.68271111111 1.0 0.701288888889 37.375 39.8901014626 0.710046667914 1409466625.26
0.299 0.987572108792 0.0147361562226 9.10071111111 1.0 0.707822222222 37.375 39.8901014626 0.716078413182 1409466626.51
0.292 0.988869597735 0.0111763318212 9.67342222222 1.0 0.711555555556 37.375 39.8901014626 0.739000408874 1409466627.71
0.267 0.990879161209 0.012725987474 10.0323111111 1.0 0.727155555556 37.375 39.8901014626 0.727553754087 1409466628.68
0.257 0.992222952373 0.0125759277106 10.4823111111 1.0 0.737022222222 37.375 39.8901014626 0.745092520422 1409466629.61
0.246 0.992639314872 0.0136351869088 10.7761777778 1.0 0.7588 37.375 39.8901014626 0.749390877933 1409466630.65
0.252 0.99308107356 0.0176635246686 11.2723555556 1.0 0.7684 37.375 39.8901014626 0.752645100908 1409466631.59
0.246 0.991843825461 0.0166635238663 11.8070666667 1.0 0.773244444444 37.375 39.8901014626 0.748066704641 1409466632.61
0.256 0.990568227731 0.0142619952431 12.4025777778 1.0 0.7744 37.375 39.8901014626 0.764467490928 1409466633.55
0.271 0.990750404942 0.0141863417097 12.8362666667 1.0 0.780222222222 37.375 39.8901014626 0.762357292104 1409466634.5
0.261 0.991249473677 0.0135714143064 13.3064888889 1.0 0.784533333333 37.375 39.8901014626 0.779268010195 1409466635.36
0.278 0.992039901251 0.0141691879892 13.8699555556 1.0 0.787555555556 37.375 39.8901014626 0.795426405687 1409466636.12
0.27 0.992174329827 0.0150887223557 14.1889777778 1.0 0.791022222222 37.375 39.8901014626 0.778234189613 1409466637.27
0.282 0.99135243142 0.0151992900504 14.4347111111 1.0 0.797688888889 37.375 39.8901014626 0.782022356694 1409466638.23
0.289 0.990446833592 0.0157353909921 14.6873333333 1.0 0.802622222222 37.375 39.8901014626 0.765277295311 1409466639.05
0.279 0.990273842434 0.0178196092468 14.6260444444 1.0 0.8132 37.375 39.8901014626 0.755730656015 1409466639.9
0.277 0.989922759612 0.0172931800053 14.9567111111 1.0 0.816 37.375 39.8901014626 0.759647182288 1409466640.78
0.291 0.989352420918 0.0184607875673 15.1334666667 1.0 0.819511111111 37.375 39.8901014626 0.748262081933 1409466641.68
0.253 0.988155498502 0.017433094178 15.4018666667 1.0 0.824133333333 37.375 39.8901014626 0.727725463496 1409466642.86
0.335 0.988012034327 0.0182760606654 15.5672888889 1.0 0.8312 37.375 39.8901014626 0.73211459834 1409466644.06
0.29 0.987968934717 0.0223910584986 15.3551111111 1.0 0.841688888889 37.375 39.8901014626 0.724736276933 1409466644.98
0.304 0.986858420363 0.0252960229319 15.1621333333 1.0 0.851911111111 37.375 39.8901014626 0.732332228599 1409466646.16
0.333 0.98542463558 0.0213854709685 15.0438222222 1.0 0.858311111111 37.375 39.8901014626 0.724790298801 1409466647.1
0.312 0.985247955764 0.0234784366286 14.5061777778 1.0 0.868355555556 37.375 39.8901014626 0.724195441977 1409466647.98
0.333 0.983454267931 0.021648762139 14.3163111111 1.0 0.877733333333 37.375 39.8901014626 0.719495870745 1409466649.21
0.364 0.98377803152 0.0256579622183 13.9925333333 1.0 0.889866666667 37.375 39.8901014626 0.713600525137 1409466650.1
0.355 0.985249704851 0.0323305906209 13.8931555556 1.0 0.897822222222 37.375 39.8901014626 0.711835175883 1409466650.98
0.34 0.986583788991 0.0339430537344 13.6554222222 1.0 0.281066666667 37.6875 39.7736852318 0.728005956099 1409466652.25
0.385 0.984922574889 0.0291145530165 13.7529333333 1.0 0.378666666667 37.6875 39.7736852318 0.701527062292 1409466653.49
0.368 0.984395173769 0.0245684088601 13.9846222222 1.0 0.4172 37.6875 39.7736852318 0.700477385401 1409466654.67
0.356 0.984565548669 0.0220081241172 14.0435111111 1.0 0.454977777778 37.6875 39.7736852318 0.712227113039 1409466655.85
0.397 0.984686918981 0.024143570331 14.0204444444 1.0 0.491911111111 37.6875 39.7736852318 0.704146836807 1409466656.96
0.375 0.984903092832 0.0265128712127 14.0884444444 1.0 0.518711111111 37.6875 39.7736852318 0.71748722035 1409466658.05
0.353 0.984664545332 0.0333210700941 13.9556888889 1.0 0.551422222222 37.6875 39.7736852318 0.727565079815 1409466659.26
0.39 0.982884201055 0.0291089008027 13.3816 1.0 0.592177777778 37.6875 39.7736852318 0.716387443164 1409466660.38
0.369 0.981219667682 0.0256136722104 12.9216888889 1.0 0.627644444444 37.6875 39.7736852318 0.701552925316 1409466661.64
0.361 0.982514654581 0.0192519239115 13.0953777778 1.0 0.643911111111 37.6875 39.7736852318 0.717087197411 1409466662.66
0.366 0.986054043238 0.0201618453246 13.304 1.0 0.655644444444 37.6875 39.7736852318 0.724334917161 1409466663.9
0.333 0.988697545971 0.0225452178939 13.4125777778 1.0 0.669066666667 37.6875 39.7736852318 0.745888484058 1409466664.84
0.293 0.988763965905 0.0252185172951 13.6270666667 1.0 0.681288888889 37.6875 39.7736852318 0.757333045688 1409466665.98
0.288 0.989228118155 0.0281651662881 13.9354666667 1.0 0.692533333333 37.6875 39.7736852318 0.746503708533 1409466667.1
0.304 0.989260986968 0.0262954861695 13.7719111111 1.0 0.712755555556 37.6875 39.7736852318 0.737175119252 1409466668.09
0.301 0.986992234745 0.0271923488129 12.9786222222 1.0 0.744577777778 37.6875 39.7736852318 0.694092110995 1409466668.95
0.348 0.984593801823 0.028177188221 12.2132444444 1.0 0.7792 37.6875 39.7736852318 0.678041372525 1409466669.88
0.348 0.982427980654 0.0268750916443 11.6488444444 1.0 0.803688888889 37.6875 39.7736852318 0.655979256309 1409466670.97
0.401 0.982724408146 0.0317725879573 11.0193333333 1.0 0.825822222222 37.6875 39.7736852318 0.663664073643 1409466672.09
0.423 0.983717283418 0.0336322286184 11.1444888889 1.0 0.831822222222 37.6875 39.7736852318 0.667866236347 1409466672.92
0.383 0.982237466531 0.0319294697578 11.0624444444 1.0 0.842222222222 37.6875 39.7736852318 0.672683071896 1409466673.76
0.383 0.980361803519 0.0261280246461 11.1457333333 1.0 0.8488 37.6875 39.7736852318 0.680090770089 1409466674.66
0.354 0.9804872925 0.023582556301 11.2055111111 1.0 0.854888888889 37.6875 39.7736852318 0.702981889027 1409466675.51
0.371 0.982765629823 0.0305294951317 11.1994666667 1.0 0.864577777778 37.6875 39.7736852318 0.718107800849 1409466676.5
0.381 0.984286714025 0.0324910132907 10.1966222222 1.0 0.890044444444 37.6875 39.7736852318 0.705677979632 1409466677.73
0.372 0.985034203224 0.0286725692738 9.55333333333 1.0 0.198488888889 31.34375 33.3562741354 0.710534711552 1409466678.8
0.397 0.983548372499 0.0219591607165 8.84084444444 1.0 0.406533333333 31.34375 33.3562741354 0.710069663323 1409466679.88
0.403 0.983886484664 0.0210939798292 8.07386666667 1.0 0.455777777778 31.34375 33.3562741354 0.712102662499 1409466681.12
0.379 0.985210394941 0.020535828819 7.63093333333 1.0 0.492933333333 31.34375 33.3562741354 0.720301598768 1409466682.36
0.348 0.986422023441 0.0216812787765 7.95853333333 1.0 0.518755555556 31.34375 33.3562741354 0.750049942275 1409466683.56
0.383 0.986058393267 0.0214710380903 8.29124444444 1.0 0.539155555556 31.34375 33.3562741354 0.746398658291 1409466684.73
0.358 0.985590901453 0.01869817161 8.59791111111 1.0 0.556755555556 31.34375 33.3562741354 0.732433481258 1409466685.72
0.402 0.986760638889 0.0195926366127 8.91671111111 1.0 0.5688 31.34375 33.3562741354 0.739545317191 1409466686.94
0.352 0.987344287414 0.0188344991925 8.91728888889 1.0 0.593377777778 31.34375 33.3562741354 0.744956467769 1409466688.05
0.363 0.987751880046 0.018039411743 9.0604 1.0 0.613111111111 31.34375 33.3562741354 0.746732076704 1409466688.93
0.35 0.989358260578 0.0165065281699 9.20964444444 1.0 0.628444444444 31.34375 33.3562741354 0.745958305376 1409466689.94
0.345 0.990858890423 0.016090225845 9.51124444444 1.0 0.645066666667 31.34375 33.3562741354 0.760347513801 1409466691.0
0.346 0.991304118448 0.01477199122 9.92102222222 1.0 0.656755555556 31.34375 33.3562741354 0.751078999251 1409466692.12
0.31 0.991319242377 0.0139053062053 10.3174666667 1.0 0.668355555556 31.34375 33.3562741354 0.762691901521 1409466693.05
0.271 0.991376187213 0.0136157819563 10.6210666667 1.0 0.681022222222 31.34375 33.3562741354 0.767132468056 1409466693.91
0.276 0.991643161208 0.0134718012065 11.0679555556 1.0 0.690444444444 31.34375 33.3562741354 0.769361318831 1409466695.13
0.297 0.992539983174 0.011315943915 11.4130222222 1.0 0.700666666667 31.34375 33.3562741354 0.79134222888 1409466696.29
0.27 0.993355486164 0.00911250663704 11.9751111111 1.0 0.702488888889 31.34375 33.3562741354 0.794878580329 1409466697.38
0.283 0.994262743611 0.00893470822024 12.4707555556 1.0 0.705866666667 31.34375 33.3562741354 0.802906150543 1409466698.47
0.252 0.995364901018 0.00950664744379 13.0481333333 1.0 0.708266666667 31.34375 33.3562741354 0.813490455225 1409466699.58
0.252 0.99548479215 0.0111329034237 13.5561333333 1.0 0.711688888889 31.34375 33.3562741354 0.814363188693 1409466700.63
0.252 0.995280036906 0.0101348309927 14.0644444444 1.0 0.715822222222 31.34375 33.3562741354 0.800243735389 1409466701.7
0.249 0.994316923512 0.00961474367201 14.5363555556 1.0 0.719022222222 31.34375 33.3562741354 0.793231760453 1409466702.83
0.261 0.993349360407 0.00908367003461 14.892 1.0 0.723422222222 31.34375 33.3562741354 0.767218565311 1409466703.89
0.275 0.993714316872 0.011070886108 15.3295111111 1.0 0.727911111111 31.34375 33.3562741354 0.755990586071 1409466704.97
0.262 0.993504358717 0.0116226651758 15.8710222222 1.0 0.728133333333 31.34375 33.3562741354 0.7565148893 1409466706.01
0.275 0.993033942893 0.0120288863564 16.2515555556 1.0 0.733511111111 31.34375 33.3562741354 0.770111893891 1409466707.07
0.283 0.992333142598 0.0102367976087 16.4994666667 1.0 0.743022222222 31.34375 33.3562741354 0.722743016014 1409466708.21
0.275 0.993167315005 0.00961064639205 16.9865333333 1.0 0.746533333333 31.34375 33.3562741354 0.734013389837 1409466709.3
0.274 0.994774775516 0.0119673626637 17.4034666667 1.0 0.750977777778 31.34375 33.3562741354 0.750499468111 1409466710.31
0.278 0.996529635325 0.0148487582109 17.9783555556 1.0 0.752266666667 31.34375 33.3562741354 0.781861940722 1409466711.2
0.263 0.996299409617 0.0172803181472 18.2996888889 1.0 0.755466666667 31.34375 33.3562741354 0.783186704568 1409466712.26
0.262 0.995213888567 0.016177137064 18.5805777778 1.0 0.760088888889 31.34375 33.3562741354 0.784325958859 1409466713.31
0.286 0.994072392316 0.0141611385536 18.9160888889 1.0 0.763288888889 31.34375 33.3562741354 0.760481435737 1409466714.16
0.261 0.993317541153 0.0135781864911 18.8352888889 1.0 0.774755555556 31.34375 33.3562741354 0.746067509097 1409466715.01
0.257 0.992943270857 0.0109613217472 18.8195111111 1.0 0.786622222222 31.34375 33.3562741354 0.748152164527 1409466716.04
0.25 0.992519279335 0.0158185148209 18.5849777778 1.0 0.800177777778 31.34375 33.3562741354 0.738830392299 1409466717.0
0.243 0.991958716942 0.0257278740577 18.4045777778 1.0 0.816222222222 31.34375 33.3562741354 0.760190266412 1409466718.01
0.273 0.991039802697 0.0305053543206 18.0904 1.0 0.8344 31.34375 33.3562741354 0.752386945954 1409466719.12
0.287 0.989423829807 0.030449123721 17.3032 1.0 0.860844444444 31.34375 33.3562741354 0.737328507127 1409466720.27
0.306 0.988550092641 0.0326341132167 16.6643111111 1.0 0.877688888889 31.34375 33.3562741354 0.720265554608 1409466721.41
0.329 0.98831184231 0.0391003129672 15.3104 1.0 0.115288888889 36.171875 38.6680896319 0.705557837997 1409466722.71
0.357 0.986747753032 0.0459567299904 14.4415555556 1.0 0.367955555556 36.171875 38.6680896319 0.710044456895 1409466723.72
0.374 0.982611866544 0.0516630167963 13.5196444444 1.0 0.419911111111 36.171875 38.6680896319 0.690661649595 1409466724.88
0.379 0.977070795494 0.0575178496513 13.2444888889 1.0 0.449511111111 36.171875 38.6680896319 0.658617828108 1409466726.17
0.373 0.971798920157 0.0517886755892 12.8998222222 1.0 0.475688888889 36.171875 38.6680896319 0.647242641288 1409466727.44
0.369 0.970000182057 0.0421628758634 13.0819111111 1.0 0.493066666667 36.171875 38.6680896319 0.636695739853 1409466728.6
0.381 0.972619535444 0.0421335133853 13.5148444444 1.0 0.5 36.171875 38.6680896319 0.673123302955 1409466729.66
0.352 0.97505213448 0.0444944528283 13.8569333333 1.0 0.508933333333 36.171875 38.6680896319 0.689113172751 1409466730.63
0.341 0.974518091149 0.036638681673 14.0679111111 1.0 0.522311111111 36.171875 38.6680896319 0.695634994425 1409466731.51
0.34 0.974125566961 0.0279876378253 14.4236 1.0 0.530666666667 36.171875 38.6680896319 0.692597816373 1409466732.36
0.313 0.97770945924 0.0252935176218 14.8230666667 1.0 0.537955555556 36.171875 38.6680896319 0.69540173088 1409466733.66
0.311 0.982203151875 0.0205674788704 14.8866666667 1.0 0.553733333333 36.171875 38.6680896319 0.711213137438 1409466734.87
0.296 0.986439770083 0.0190405392395 15.0481333333 1.0 0.566133333333 36.171875 38.6680896319 0.73746676055 1409466736.01
0.273 0.988928969656 0.0166559482901 15.1097777778 1.0 0.580311111111 36.171875 38.6680896319 0.749985723967 1409466737.15
0.248 0.990249764063 0.0137440382578 15.4144888889 1.0 0.589511111111 36.171875 38.6680896319 0.73450441665 1409466738.3
0.266 0.991275312999 0.0143668030015 15.4475111111 1.0 0.6048 36.171875 38.6680896319 0.755980080618 1409466739.35
0.239 0.991555171895 0.0167682711617 15.8456888889 1.0 0.614222222222 36.171875 38.6680896319 0.765833439876 1409466740.34
0.245 0.991536405909 0.0200334546628 16.1750222222 1.0 0.622577777778 36.171875 38.6680896319 0.779032969939 1409466741.4
0.251 0.989805211967 0.015395717286 16.5187555556 1.0 0.6328 36.171875 38.6680896319 0.780594158729 1409466742.56
0.279 0.989616973304 0.0157003310677 16.6434222222 1.0 0.647777777778 36.171875 38.6680896319 0.770477493831 1409466743.6
0.242 0.990982581662 0.0175559883368 16.8764 1.0 0.662222222222 36.171875 38.6680896319 0.759449750554 1409466744.47
0.265 0.991510894998 0.0173982236654 17.0143111111 1.0 0.677288888889 36.171875 38.6680896319 0.719256036505 1409466745.3
0.264 0.990781745745 0.0142190524528 16.7644 1.0 0.699288888889 36.171875 38.6680896319 0.700284662204 1409466746.07
0.259 0.992048649207 0.0153619859223 16.5444 1.0 0.721511111111 36.171875 38.6680896319 0.716142764516 1409466747.19
0.266 0.992809312232 0.0215478121284 16.5318222222 1.0 0.738755555556 36.171875 38.6680896319 0.721741439851 1409466748.29
0.268 0.991742997506 0.021608359407 16.7572444444 1.0 0.750044444444 36.171875 38.6680896319 0.734692855615 1409466749.26
0.282 0.989512647669 0.016923480814 16.6692444444 1.0 0.765688888889 36.171875 38.6680896319 0.701638873113 1409466750.47
0.275 0.988675559894 0.0168910368819 16.8016444444 1.0 0.777866666667 36.171875 38.6680896319 0.709909416819 1409466751.58
0.282 0.98853617484 0.0171816130558 16.7129777778 1.0 0.786755555556 36.171875 38.6680896319 0.710326205455 1409466752.71
0.268 0.988417235328 0.0143362663435 16.7436 1.0 0.795333333333 36.171875 38.6680896319 0.694495170276 1409466753.87
0.297 0.990097914936 0.0124584082457 16.3033333333 1.0 0.811288888889 36.171875 38.6680896319 0.689276744811 1409466754.87
0.262 0.991383890801 0.0116759414752 16.6392888889 1.0 0.814711111111 36.171875 38.6680896319 0.693720271421 1409466755.74
0.258 0.991597236716 0.0128288281712 16.9810222222 1.0 0.819422222222 36.171875 38.6680896319 0.695411542149 1409466756.69
0.285 0.991309971247 0.0136943181294 17.1191111111 1.0 0.824355555556 36.171875 38.6680896319 0.698826122446 1409466757.65
0.263 0.992313842225 0.0110349017119 16.7129777778 1.0 0.836755555556 36.171875 38.6680896319 0.701925007938 1409466758.49
0.281 0.993630985229 0.0150852892173 16.3134222222 1.0 0.850622222222 36.171875 38.6680896319 0.734521225111 1409466759.33
0.247 0.993035048259 0.013628986289 15.9678222222 1.0 0.863377777778 36.171875 38.6680896319 0.736395799064 1409466760.12
0.266 0.992480378839 0.0121338493758 15.7777777778 1.0 0.876222222222 36.171875 38.6680896319 0.751995088814 1409466760.86
0.238 0.99252777672 0.0120599183869 16.0545333333 1.0 0.882577777778 36.171875 38.6680896319 0.76059736985 1409466761.64
0.294 0.992404188655 0.0142208174044 16.3545333333 1.0 0.888044444444 36.171875 38.6680896319 0.748222216642 1409466762.67
0.261 0.992381873183 0.0174764664578 16.8104444444 1.0 0.888755555556 36.171875 38.6680896319 0.734639467745 1409466763.75
0.296 0.991151510072 0.0167021181426 16.8965333333 1.0 0.893955555556 36.171875 38.6680896319 0.719402507773 1409466764.8
0.295 0.989867659714 0.0125488331873 16.5230222222 1.0 0.257555555556 39.0859375 40.7570987958 0.723973766758 1409466766.15
0.286 0.990623483186 0.0139729943903 16.6090666667 1.0 0.323511111111 39.0859375 40.7570987958 0.731078479764 1409466767.28
0.326 0.991394171735 0.0199025537951 16.6385333333 1.0 0.364533333333 39.0859375 40.7570987958 0.73527573535 1409466768.3
0.315 0.991034543421 0.0253456642749 16.5284 1.0 0.391777777778 39.0859375 40.7570987958 0.723669375031 1409466769.43
0.313 0.989443277572 0.0225624062919 16.5550222222 1.0 0.418177777778 39.0859375 40.7570987958 0.725068900182 1409466770.53
0.312 0.988199021315 0.0167260898642 16.9926222222 1.0 0.427777777778 39.0859375 40.7570987958 0.711855051878 1409466771.66
0.31 0.988560734309 0.0155073144817 17.0409333333 1.0 0.444444444444 39.0859375 40.7570987958 0.726698849573 1409466772.79
0.326 0.989562770195 0.0200286886655 16.8965333333 1.0 0.468133333333 39.0859375 40.7570987958 0.712989620586 1409466773.91
0.333 0.990416934897 0.0253229770884 16.7036888889 1.0 0.496444444444 39.0859375 40.7570987958 0.730933974659 1409466774.78
0.344 0.989928785519 0.0269106189224 15.8728444444 1.0 0.536977777778 39.0859375 40.7570987958 0.730674479264 1409466775.64
0.376 0.988430042542 0.0274178143531 15.5851111111 1.0 0.5656 39.0859375 40.7570987958 0.72611271361 1409466776.55
0.349 0.985923703704 0.0280926607643 14.4201333333 1.0 0.614177777778 39.0859375 40.7570987958 0.709619617127 1409466777.52
0.37 0.985154143333 0.0272133277135 13.5795111111 1.0 0.651822222222 39.0859375 40.7570987958 0.680573429067 1409466778.69
0.372 0.986569290232 0.0249396371286 12.7137777778 1.0 0.687688888889 39.0859375 40.7570987958 0.685822577826 1409466779.58
0.322 0.98781765645 0.0201734889143 12.6529333333 1.0 0.703244444444 39.0859375 40.7570987958 0.692056006159 1409466780.67
0.298 0.988218216453 0.0182946783584 13.0801333333 1.0 0.709066666667 39.0859375 40.7570987958 0.723652601995 1409466781.76
0.297 0.988645820854 0.0238894739116 13.318 1.0 0.719022222222 39.0859375 40.7570987958 0.719034841675 1409466782.6
0.288 0.988458142522 0.0216923287061 13.5257333333 1.0 0.730266666667 39.0859375 40.7570987958 0.7366956876 1409466783.6
0.279 0.987112337445 0.01702076003 13.8757333333 1.0 0.739733333333 39.0859375 40.7570987958 0.723514126141 1409466784.87
0.284 0.98704446797 0.0171615884119 14.3050222222 1.0 0.748 39.0859375 40.7570987958 0.736597104909 1409466786.12
0.28 0.987929158018 0.0165244732536 14.3975555556 1.0 0.763688888889 39.0859375 40.7570987958 0.7288508591 1409466787.18
0.27 0.989527514306 0.0185780915464 14.5601333333 1.0 0.776355555556 39.0859375 40.7570987958 0.716140963707 1409466788.02
0.288 0.989921935881 0.0214762154251 14.7299111111 1.0 0.787644444444 39.0859375 40.7570987958 0.73597185933 1409466789.02
0.3 0.988769753896 0.0212739208617 14.6521333333 1.0 0.802133333333 39.0859375 40.7570987958 0.719553567075 1409466790.2
0.294 0.987255871855 0.0184827197199 14.7268444444 1.0 0.815333333333 39.0859375 40.7570987958 0.69813230303 1409466791.37
0.307 0.987291461761 0.0174439202024 14.8056888889 1.0 0.823111111111 39.0859375 40.7570987958 0.698282167083 1409466792.42
0.289 0.988018724189 0.0170632577539 14.7142222222 1.0 0.834177777778 39.0859375 40.7570987958 0.699817515621 1409466793.47
0.285 0.988163993825 0.0163754993663 14.7621777778 1.0 0.845288888889 39.0859375 40.7570987958 0.671700714418 1409466794.31
0.314 0.987661860409 0.0168608224177 14.7134666667 1.0 0.852355555556 39.0859375 40.7570987958 0.689793938804 1409466795.23
0.317 0.987960289815 0.0225688531655 14.7288 1.0 0.861377777778 39.0859375 40.7570987958 0.694069542248 1409466796.4
0.315 0.987980211699 0.0198919304277 14.4344888889 1.0 0.876044444444 39.0859375 40.7570987958 0.693406308912 1409466797.43
0.295 0.987409130511 0.0177438727023 14.2437777778 1.0 0.891288888889 39.0859375 40.7570987958 0.694510350664 1409466798.54
0.31 0.987651303848 0.0142971279991 14.1474666667 1.0 0.897066666667 39.0859375 40.7570987958 0.694718898097 1409466799.65
0.297 0.989213708892 0.0154326968897 13.1356444444 1.0 0.0849777777778 36.04296875 38.0359724173 0.708435679228 1409466800.77
0.284 0.990490294292 0.0142950330413 12.7472 1.0 0.299066666667 36.04296875 38.0359724173 0.735596373554 1409466801.85
0.275 0.990895975606 0.0115160666935 13.0175111111 1.0 0.325111111111 36.04296875 38.0359724173 0.761907085731 1409466802.7
0.295 0.992184835691 0.012930242242 13.2312 1.0 0.355555555556 36.04296875 38.0359724173 0.76558461747 1409466803.57
0.294 0.992957074114 0.0152019048681 13.3250222222 1.0 0.390666666667 36.04296875 38.0359724173 0.797228731223 1409466804.62
0.274 0.99276997072 0.0215498533842 13.4831111111 1.0 0.4188 36.04296875 38.0359724173 0.787768280202 1409466805.84
0.293 0.991505189809 0.0232535090815 13.5028444444 1.0 0.446666666667 36.04296875 38.0359724173 0.771403917253 1409466806.91
0.32 0.989902131986 0.0251584063846 13.2714666667 1.0 0.477377777778 36.04296875 38.0359724173 0.762095255307 1409466807.71
0.338 0.988309701378 0.0295558962515 12.5794222222 1.0 0.516933333333 36.04296875 38.0359724173 0.74391561818 1409466808.69
0.353 0.987958332662 0.0392783545346 11.9553333333 1.0 0.551333333333 36.04296875 38.0359724173 0.723549084532 1409466809.57
0.347 0.986741083309 0.0470763638831 11.6644 1.0 0.578577777778 36.04296875 38.0359724173 0.713863218456 1409466810.41
0.361 0.985212557031 0.0470886177507 11.1370222222 1.0 0.617422222222 36.04296875 38.0359724173 0.695364567707 1409466811.41
0.397 0.982500126207 0.0465821718229 10.6187111111 1.0 0.656 36.04296875 38.0359724173 0.692583112488 1409466812.42
0.358 0.979172493685 0.0390779705169 10.3115555556 1.0 0.679511111111 36.04296875 38.0359724173 0.673133278674 1409466813.35
0.371 0.977732085645 0.0369148404479 9.48906666667 1.0 0.720222222222 36.04296875 38.0359724173 0.673140378391 1409466814.33
0.342 0.977753757207 0.0271155316673 9.48026666667 1.0 0.7372 36.04296875 38.0359724173 0.698421126856 1409466815.37
0.35 0.979258510811 0.0253639654736 9.28084444444 1.0 0.752488888889 36.04296875 38.0359724173 0.695307356724 1409466816.44
0.358 0.981601866012 0.0244047835036 9.41524444444 1.0 0.762133333333 36.04296875 38.0359724173 0.706433736021 1409466817.32
0.366 0.984015329153 0.0264481048459 9.55822222222 1.0 0.768755555556 36.04296875 38.0359724173 0.706704607752 1409466818.5
0.333 0.985490039661 0.0289424055884 9.55164444444 1.0 0.782622222222 36.04296875 38.0359724173 0.712998897369 1409466819.72
0.34 0.984825082707 0.0247640713856 8.89546666667 1.0 0.809244444444 36.04296875 38.0359724173 0.700944555408 1409466820.87
0.334 0.983923849193 0.0195917238248 8.7168 1.0 0.825688888889 36.04296875 38.0359724173 0.698251402145 1409466821.75
0.327 0.984968982595 0.0198627825511 9.01102222222 1.0 0.831333333333 36.04296875 38.0359724173 0.713508449726 1409466822.62
0.309 0.986601966898 0.0212676433039 9.3344 1.0 0.836222222222 36.04296875 38.0359724173 0.707772788906 1409466823.61
0.343 0.987050689535 0.0188986794402 9.76102222222 1.0 0.8388 36.04296875 38.0359724173 0.711794377334 1409466824.63
0.32 0.9873336701 0.0173916838558 10.0731111111 1.0 0.8452 36.04296875 38.0359724173 0.708369912789 1409466825.61
0.332 0.988018732074 0.0161877250405 10.2687555556 1.0 0.855955555556 36.04296875 38.0359724173 0.716184010002 1409466826.58
0.302 0.989599683956 0.0153566521309 10.5164 1.0 0.865466666667 36.04296875 38.0359724173 0.70733384354 1409466827.46
0.288 0.990775112219 0.014090955557 10.6716888889 1.0 0.874577777778 36.04296875 38.0359724173 0.697728505439 1409466828.31
0.315 0.991654696314 0.0102496106045 10.8806666667 1.0 0.885955555556 36.04296875 38.0359724173 0.710689738207 1409466829.14
0.278 0.993303167825 0.0121470489179 11.1427555556 1.0 0.8948 36.04296875 38.0359724173 0.72316504207 1409466829.95
0.29 0.993547149893 0.0115774785213 11.1303111111 1.0 0.125777777778 33.521484375 34.02919367 0.708827142793 1409466830.97
0.249 0.993448856685 0.00962743907957 11.5017777778 1.0 0.274044444444 33.521484375 34.02919367 0.72480023367 1409466831.9
0.259 0.994278611212 0.00840837408949 11.9128888889 1.0 0.301688888889 33.521484375 34.02919367 0.740334334834 1409466832.77
0.262 0.995257650476 0.0138237893613 12.4080444444 1.0 0.3216 33.521484375 34.02919367 0.775513348813 1409466833.87
0.236 0.994439575974 0.0104882052915 12.8846666667 1.0 0.335911111111 33.521484375 34.02919367 0.767007476969 1409466835.03
0.269 0.993350087496 0.0109342888937 13.3030666667 1.0 0.355155555556 33.521484375 34.02919367 0.759453658938 1409466836.1
0.28 0.993290952064 0.0154790779958 13.4411111111 1.0 0.384266666667 33.521484375 34.02919367 0.73754184768 1409466837.09
0.278 0.992545203433 0.012948160351 13.6500888889 1.0 0.406977777778 33.521484375 34.02919367 0.736708650598 1409466838.0
0.268 0.991397772117 0.010280321784 14.0637333333 1.0 0.420844444444 33.521484375 34.02919367 0.728744774572 1409466839.08
0.281 0.992121917593 0.0115277877907 14.3219111111 1.0 0.441244444444 33.521484375 34.02919367 0.726659556738 1409466839.91
0.259 0.992763770165 0.0138531186136 14.4649777778 1.0 0.467066666667 33.521484375 34.02919367 0.726630832665 1409466840.92
0.281 0.99245023842 0.0150774772458 14.4549777778 1.0 0.494977777778 33.521484375 34.02919367 0.750247784552 1409466842.02
0.273 0.991755245592 0.016054043973 14.7188888889 1.0 0.513422222222 33.521484375 34.02919367 0.771722795291 1409466843.05
0.259 0.991761380726 0.0150957334526 15.2027555556 1.0 0.522888888889 33.521484375 34.02919367 0.768480599024 1409466843.87
0.292 0.992296410397 0.0159684959542 15.6044444444 1.0 0.534444444444 33.521484375 34.02919367 0.752633039246 1409466844.7
0.283 0.992737873672 0.0136328144993 15.9239111111 1.0 0.549422222222 33.521484375 34.02919367 0.755860877662 1409466845.55
0.27 0.993567359594 0.0117297901023 16.3193777778 1.0 0.559777777778 33.521484375 34.02919367 0.756451920855 1409466846.37
0.282 0.994204152221 0.0108271582388 16.4885333333 1.0 0.576222222222 33.521484375 34.02919367 0.776872650471 1409466847.2
0.258 0.993946985362 0.00981233627941 16.5549333333 1.0 0.592755555556 33.521484375 34.02919367 0.769826257788 1409466848.07
0.299 0.994118247537 0.0118864269818 16.9111111111 1.0 0.601066666667 33.521484375 34.02919367 0.768947538065 1409466848.86
0.292 0.993839155029 0.0172337069091 16.9272 1.0 0.6144 33.521484375 34.02919367 0.766027953555 1409466849.75
0.287 0.99113490486 0.0206058364543 16.8288 1.0 0.630177777778 33.521484375 34.02919367 0.754222580418 1409466850.69
0.314 0.988542284872 0.0253005345374 16.7841333333 1.0 0.643377777778 33.521484375 34.02919367 0.739379305977 1409466851.88
0.304 0.986716691391 0.0278902269033 17.0303555556 1.0 0.649688888889 33.521484375 34.02919367 0.761249536808 1409466853.06
0.286 0.983837710657 0.0257444619246 17.2923111111 1.0 0.6556 33.521484375 34.02919367 0.778481185618 1409466854.24
0.284 0.982628810157 0.0243477623245 17.4000888889 1.0 0.6648 33.521484375 34.02919367 0.757952847135 1409466855.42
0.335 0.983117773672 0.0239196333535 16.9984 1.0 0.681511111111 33.521484375 34.02919367 0.742711752585 1409466856.53
0.325 0.98464919245 0.0202601178305 16.6955555556 1.0 0.694933333333 33.521484375 34.02919367 0.754410152247 1409466857.56
0.297 0.986706244051 0.0201267775239 16.4456 1.0 0.707111111111 33.521484375 34.02919367 0.767706939675 1409466858.68
0.29 0.988667794057 0.0210459782791 16.5798222222 1.0 0.714266666667 33.521484375 34.02919367 0.769042293764 1409466859.77
0.289 0.989401310085 0.0243179812535 16.6277777778 1.0 0.724977777778 33.521484375 34.02919367 0.7959004363 1409466860.82
0.232 0.988842694004 0.0196180795132 17.0637777778 1.0 0.728622222222 33.521484375 34.02919367 0.799928203363 1409466861.86
0.256 0.989668296204 0.0159453658916 17.4747555556 1.0 0.732488888889 33.521484375 34.02919367 0.799761100519 1409466862.95
0.235 0.990937779833 0.0118967727641 17.9434666667 1.0 0.736711111111 33.521484375 34.02919367 0.802906412778 1409466864.0
0.273 0.992731278973 0.0131937783283 18.3588 1.0 0.740933333333 33.521484375 34.02919367 0.79008676647 1409466864.88
0.298 0.993918088932 0.0127977666543 18.5607555556 1.0 0.746044444444 33.521484375 34.02919367 0.772974430698 1409466865.83
0.298 0.993521624434 0.0105229864154 18.5869333333 1.0 0.750311111111 33.521484375 34.02919367 0.754483583006 1409466866.93
0.295 0.992939018073 0.0119608359725 18.5816888889 1.0 0.760088888889 33.521484375 34.02919367 0.727781585607 1409466868.14
0.299 0.991855336621 0.00974807786619 18.7301333333 1.0 0.767777777778 33.521484375 34.02919367 0.729109985125 1409466869.2
0.299 0.99188017138 0.00961349252287 18.9194666667 1.0 0.772977777778 33.521484375 34.02919367 0.729587642688 1409466870.26
0.292 0.992607041418 0.00970310744573 18.8948 1.0 0.781911111111 33.521484375 34.02919367 0.768818210752 1409466871.31
0.301 0.993378684289 0.0084107986996 19.0408444444 1.0 0.785111111111 33.521484375 34.02919367 0.76421250899 1409466872.42
0.281 0.994079973264 0.0104274904462 18.8792888889 1.0 0.794666666667 33.521484375 34.02919367 0.75005395827 1409466873.3
0.284 0.994229283943 0.0104546876818 18.9169777778 1.0 0.799644444444 33.521484375 34.02919367 0.737145799416 1409466874.32
0.248 0.994506436632 0.00832022475809 19.1154222222 1.0 0.804355555556 33.521484375 34.02919367 0.741260173631 1409466875.36
0.249 0.99484102341 0.0111802366851 19.2597777778 1.0 0.8056 33.521484375 34.02919367 0.72695164492 1409466876.43
0.23 0.996036002014 0.0200196268156 19.4708444444 1.0 0.809777777778 33.521484375 34.02919367 0.756835197944 1409466877.32
0.245 0.995566471803 0.0237479884164 19.5694222222 1.0 0.813466666667 33.521484375 34.02919367 0.775162754531 1409466878.29
0.259 0.993288438969 0.0203296904943 19.6004888889 1.0 0.815955555556 33.521484375 34.02919367 0.752861121685 1409466879.37
0.285 0.991348336033 0.0196035528615 19.1420444444 1.0 0.829644444444 33.521484375 34.02919367 0.742847043603 1409466880.52
0.307 0.990143425138 0.020084874294 18.6833333333 1.0 0.842355555556 33.521484375 34.02919367 0.72126427358 1409466881.67
0.302 0.988645807903 0.0190823606786 18.2095111111 1.0 0.854844444444 33.521484375 34.02919367 0.703506935073 1409466882.78
0.333 0.987506073085 0.0177850528518 17.8889777778 1.0 0.861911111111 33.521484375 34.02919367 0.71608006155 1409466883.7
0.314 0.987338558927 0.0136394551042 17.8049777778 1.0 0.865422222222 33.521484375 34.02919367 0.720517727542 1409466884.56
0.293 0.989801589721 0.0155145037429 18.2081333333 1.0 0.867422222222 33.521484375 34.02919367 0.735440493725 1409466885.36
0.272 0.991311764452 0.0141978098978 18.7658666667 1.0 0.867466666667 33.521484375 34.02919367 0.744855848882 1409466886.2
0.276 0.992062578199 0.0157148975129 19.1869777778 1.0 0.8684 33.521484375 34.02919367 0.746261045069 1409466887.1
0.262 0.991369624553 0.0152983658162 19.5299111111 1.0 0.868711111111 33.521484375 34.02919367 0.733537209063 1409466887.91
0.288 0.990972503196 0.0130066722877 19.5579555556 1.0 0.869777777778 33.521484375 34.02919367 0.741186528794 1409466888.67
0.28 0.992271843017 0.0112897014221 18.8440888889 1.0 0.877244444444 33.521484375 34.02919367 0.749195090824 1409466889.7
0.261 0.99390445256 0.0140263469598 18.0420888889 1.0 0.887644444444 33.521484375 34.02919367 0.756443592284 1409466890.75
0.292 0.993783718853 0.0197389852308 18.0749333333 1.0 0.891733333333 33.521484375 34.02919367 0.752728747412 1409466891.77
0.294 0.992423105712 0.0233230357449 17.2971555556 1.0 0.894177777778 33.521484375 34.02919367 0.738502697585 1409466892.83
0.314 0.989558149664 0.0211777348656 17.0909333333 1.0 0.896044444444 33.521484375 34.02919367 0.702482193849 1409466893.94
0.339 0.987369636486 0.0232596445725 17.0307111111 1.0 0.897644444444 33.521484375 34.02919367 0.694162500748 1409466894.89
0.385 0.986739866707 0.0317668989624 16.2617777778 1.0 0.209644444444 49.2607421875 49.5203567895 0.689494054937 1409466896.23
0.328 0.986223827387 0.0277759389264 16.0892888889 1.0 0.371333333333 49.2607421875 49.5203567895 0.695571963212 1409466897.59
0.345 0.985856529541 0.0239056079951 15.874 1.0 0.416577777778 49.2607421875 49.5203567895 0.691081669538 1409466898.78
0.344 0.985984375171 0.0249852534393 15.3677333333 1.0 0.470177777778 49.2607421875 49.5203567895 0.725540700567 1409466899.78
0.35 0.984801504922 0.019787253177 14.6344888889 1.0 0.512711111111 49.2607421875 49.5203567895 0.719126685768 1409466900.81
0.32 0.986077398713 0.0206854088423 14.0681333333 1.0 0.543955555556 49.2607421875 49.5203567895 0.712104309764 1409466902.02
0.317 0.98717705019 0.0194236337586 12.9300888889 1.0 0.582266666667 49.2607421875 49.5203567895 0.702285814113 1409466903.15
0.326 0.987725747521 0.0168107310499 11.5823555556 1.0 0.623688888889 49.2607421875 49.5203567895 0.717256727356 1409466904.0
0.329 0.988755549686 0.0217392219084 10.4811555556 1.0 0.655777777778 49.2607421875 49.5203567895 0.735456316274 1409466905.13
0.328 0.988542131503 0.020735334381 10.0824 1.0 0.676666666667 49.2607421875 49.5203567895 0.765047184358 1409466906.18
0.338 0.987423880488 0.0234902552393 9.79564444444 1.0 0.696266666667 49.2607421875 49.5203567895 0.748366184165 1409466907.39
0.342 0.985451247802 0.025617422343 9.86862222222 1.0 0.709733333333 49.2607421875 49.5203567895 0.74048384239 1409466908.42
0.362 0.983254212402 0.0252993363715 9.95457777778 1.0 0.725511111111 49.2607421875 49.5203567895 0.707744986184 1409466909.48
0.364 0.982648881949 0.0256106736794 9.84466666667 1.0 0.743466666667 49.2607421875 49.5203567895 0.701482075778 1409466910.44
0.346 0.983005374216 0.028854090583 9.79302222222 1.0 0.756622222222 49.2607421875 49.5203567895 0.720727942974 1409466911.61
0.382 0.982785015096 0.0295884930195 9.4816 1.0 0.774711111111 49.2607421875 49.5203567895 0.717437645474 1409466912.74
0.368 0.982295575605 0.0322119566692 9.23768888889 1.0 0.799511111111 49.2607421875 49.5203567895 0.71148599946 1409466913.96
0.365 0.981382217943 0.0293377050049 8.59613333333 1.0 0.832222222222 49.2607421875 49.5203567895 0.691574896971 1409466915.18
0.357 0.98100940083 0.0266517292724 7.88813333333 1.0 0.861688888889 49.2607421875 49.5203567895 0.680868609928 1409466916.38
0.381 0.982301422629 0.0291001638636 7.60502222222 1.0 0.879733333333 49.2607421875 49.5203567895 0.679320592548 1409466917.49
0.355 0.982755180238 0.0258318072603 7.10568888889 1.0 0.899777777778 49.2607421875 49.5203567895 0.678121330691 1409466918.65
0.347 0.982742682464 0.0237553686986 6.80244444444 1.0 0.342577777778 35.1303710938 36.5139609055 0.672454544878 1409466920.1
0.395 0.983303517265 0.0230098926989 6.72822222222 1.0 0.421777777778 35.1303710938 36.5139609055 0.689768641901 1409466921.34
0.383 0.984767991821 0.0234174052808 6.42564444444 1.0 0.476 35.1303710938 36.5139609055 0.68299993539 1409466922.27
0.4 0.986242762508 0.0262004186564 6.44626666667 1.0 0.512133333333 35.1303710938 36.5139609055 0.694862168425 1409466923.12
0.385 0.986750314375 0.0254071475385 6.49693333333 1.0 0.543288888889 35.1303710938 36.5139609055 0.697062698105 1409466923.97
0.39 0.986062148502 0.0253662989931 6.64275555556 1.0 0.570444444444 35.1303710938 36.5139609055 0.693452164493 1409466924.9
0.352 0.984702659367 0.0219151005481 6.99337777778 1.0 0.5868 35.1303710938 36.5139609055 0.69651482638 1409466925.83
0.365 0.984879405221 0.021285295963 7.38906666667 1.0 0.599866666667 35.1303710938 36.5139609055 0.683291257848 1409466927.0
0.347 0.986584359777 0.0191800171173 7.82502222222 1.0 0.613733333333 35.1303710938 36.5139609055 0.694689044782 1409466928.18
0.307 0.988488656371 0.0188167329481 8.10533333333 1.0 0.6332 35.1303710938 36.5139609055 0.697817256134 1409466929.32
0.291 0.990019657809 0.0243428042956 8.43111111111 1.0 0.646044444444 35.1303710938 36.5139609055 0.734120594639 1409466930.52
0.306 0.989496724079 0.0240706347522 8.93875555556 1.0 0.654577777778 35.1303710938 36.5139609055 0.730792182029 1409466931.51
0.297 0.987653507316 0.0172873574294 9.45177777778 1.0 0.658933333333 35.1303710938 36.5139609055 0.707643835518 1409466932.4
0.293 0.98710264255 0.0128636103708 10.0264 1.0 0.662844444444 35.1303710938 36.5139609055 0.720877802403 1409466933.47
0.269 0.989336377532 0.0109258117158 10.6555111111 1.0 0.663688888889 35.1303710938 36.5139609055 0.730801263148 1409466934.61
0.231 0.991283967661 0.00897021995349 11.1310222222 1.0 0.665333333333 35.1303710938 36.5139609055 0.757677304335 1409466935.53
0.254 0.99341663324 0.00988076433989 11.8089777778 1.0 0.665422222222 35.1303710938 36.5139609055 0.805154245031 1409466936.38
0.278 0.994961981582 0.00826412331866 12.4598222222 1.0 0.665422222222 35.1303710938 36.5139609055 0.813923336039 1409466937.47
0.233 0.996853659976 0.00807752954479 13.1297777778 1.0 0.665422222222 35.1303710938 36.5139609055 0.815328335033 1409466938.52
0.248 0.997468184259 0.00738926192216 13.7084444444 1.0 0.666177777778 35.1303710938 36.5139609055 0.814932420444 1409466939.53
0.222 0.997716880599 0.00899746077044 14.3232 1.0 0.666222222222 35.1303710938 36.5139609055 0.813533892559 1409466940.56
0.227 0.997715384142 0.00713713906481 14.9606222222 1.0 0.667377777778 35.1303710938 36.5139609055 0.799886232296 1409466941.66
0.234 0.996581527383 0.00602691878743 15.5668 1.0 0.668266666667 35.1303710938 36.5139609055 0.781210411177 1409466942.72
0.265 0.99639330151 0.00722534963268 15.9470666667 1.0 0.676177777778 35.1303710938 36.5139609055 0.770872362742 1409466943.51
0.244 0.996886836401 0.00729439501459 16.2798666667 1.0 0.681866666667 35.1303710938 36.5139609055 0.773994916107 1409466944.57
0.274 0.996735254855 0.0053746473116 16.3320444444 1.0 0.692177777778 35.1303710938 36.5139609055 0.766830202828 1409466945.58
0.319 0.996532722505 0.00462851710809 16.2422222222 1.0 0.706355555556 35.1303710938 36.5139609055 0.756593077308 1409466946.51
0.281 0.997039854814 0.00808745908975 16.7026666667 1.0 0.708844444444 35.1303710938 36.5139609055 0.766300764752 1409466947.36
0.271 0.996752143909 0.0117468632715 16.9557777778 1.0 0.711733333333 35.1303710938 36.5139609055 0.762681633996 1409466948.3
0.278 0.99564642688 0.0112898417029 17.3893333333 1.0 0.712711111111 35.1303710938 36.5139609055 0.780601982041 1409466949.37
0.306 0.993813031783 0.0111486313889 17.7095555556 1.0 0.712711111111 35.1303710938 36.5139609055 0.76980534075 1409466950.42
0.303 0.993238570928 0.0119355424589 18.0249777778 1.0 0.712933333333 35.1303710938 36.5139609055 0.776666519675 1409466951.5
0.277 0.993250067721 0.0137544919855 18.3581777778 1.0 0.713066666667 35.1303710938 36.5139609055 0.784089262735 1409466952.59
0.302 0.992754650211 0.0124141336852 18.6135555556 1.0 0.7152 35.1303710938 36.5139609055 0.784949789673 1409466953.71
0.3 0.992752340465 0.0150658397562 18.4167111111 1.0 0.720577777778 35.1303710938 36.5139609055 0.76973495232 1409466954.86
0.294 0.992520425617 0.0192639905876 18.2870222222 1.0 0.7284 35.1303710938 36.5139609055 0.755733502972 1409466956.0
0.298 0.990903998343 0.0173547906403 18.2201777778 1.0 0.736222222222 35.1303710938 36.5139609055 0.743617705097 1409466957.06
0.361 0.98959319425 0.0179541082941 17.5770666667 1.0 0.751022222222 35.1303710938 36.5139609055 0.737196243669 1409466957.98
0.353 0.988919608334 0.0179846644241 17.0643555556 1.0 0.764933333333 35.1303710938 36.5139609055 0.722356289945 1409466958.87
0.353 0.988767786104 0.0178877250127 16.7748 1.0 0.778088888889 35.1303710938 36.5139609055 0.737656565981 1409466959.76
0.365 0.98884254105 0.0168397083399 16.6024444444 1.0 0.787688888889 35.1303710938 36.5139609055 0.720966538487 1409466960.64
0.392 0.990046764371 0.0215503158916 15.9551555556 1.0 0.812133333333 35.1303710938 36.5139609055 0.718209180739 1409466961.47
0.397 0.989310448395 0.0239898848774 15.6050666667 1.0 0.825733333333 35.1303710938 36.5139609055 0.715367231794 1409466962.33
0.367 0.986820457168 0.021985694995 15.1510666667 1.0 0.8392 35.1303710938 36.5139609055 0.694118175824 1409466963.42
0.37 0.985488324972 0.0269328027775 14.7880444444 1.0 0.853244444444 35.1303710938 36.5139609055 0.688313001802 1409466964.35
0.371 0.983200382098 0.0316536520913 13.8882666667 1.0 0.869822222222 35.1303710938 36.5139609055 0.67833458802 1409466965.43
0.379 0.980992071827 0.0367638155082 13.0836888889 1.0 0.884 35.1303710938 36.5139609055 0.654142654743 1409466966.49
0.409 0.97751477809 0.0310856597061 12.5972444444 1.0 0.891955555556 35.1303710938 36.5139609055 0.646979078395 1409466967.34
0.366 0.977109372834 0.0276865389754 12.4904 1.0 0.895733333333 35.1303710938 36.5139609055 0.638176568627 1409466968.52
0.399 0.978742454015 0.032056879434 12.3067111111 1.0 0.898133333333 35.1303710938 36.5139609055 0.643147954363 1409466969.62
0.369 0.979255486163 0.0349011956053 12.0448888889 1.0 0.275022222222 42.5651855469 43.8540559151 0.641429885118 1409466971.05
0.413 0.979352270268 0.0352657967308 11.7380444444 1.0 0.428755555556 42.5651855469 43.8540559151 0.660785609072 1409466972.35
0.413 0.979183149554 0.0341889966735 11.716 1.0 0.473244444444 42.5651855469 43.8540559151 0.658721599932 1409466973.56
0.433 0.978100649129 0.0329053091377 11.3825333333 1.0 0.517333333333 42.5651855469 43.8540559151 0.66069045544 1409466974.58
0.389 0.978566281555 0.0376490698251 11.1648 1.0 0.557155555556 42.5651855469 43.8540559151 0.670247154527 1409466975.51
0.389 0.97748331987 0.0339955435959 10.7744444444 1.0 0.600488888889 42.5651855469 43.8540559151 0.65183657103 1409466976.46
0.385 0.977542811542 0.0331948049347 10.7137333333 1.0 0.621822222222 42.5651855469 43.8540559151 0.648141838134 1409466977.3
0.4 0.978344983068 0.0298691050969 9.91831111111 1.0 0.653866666667 42.5651855469 43.8540559151 0.653671277857 1409466978.21
0.382 0.980540738903 0.0253292273455 10.1116888889 1.0 0.674311111111 42.5651855469 43.8540559151 0.658873676761 1409466979.15
0.359 0.983310119039 0.0248537398699 10.0912444444 1.0 0.696177777778 42.5651855469 43.8540559151 0.656673218571 1409466980.04
0.313 0.985343284058 0.0230219861093 10.0571555556 1.0 0.717555555556 42.5651855469 43.8540559151 0.705493059345 1409466980.97
0.287 0.987198987855 0.024001145936 9.9784 1.0 0.732977777778 42.5651855469 43.8540559151 0.740617783401 1409466982.2
0.309 0.98740409362 0.0223166847181 9.48466666667 1.0 0.763022222222 42.5651855469 43.8540559151 0.747542158657 1409466983.42
0.302 0.98808016403 0.0200889400834 9.09422222222 1.0 0.784888888889 42.5651855469 43.8540559151 0.746534334728 1409466984.62
0.284 0.989635140639 0.0196801221904 9.50248888889 1.0 0.791288888889 42.5651855469 43.8540559151 0.747778620476 1409466985.84
0.254 0.991531667568 0.0202838233493 10.0407555556 1.0 0.794133333333 42.5651855469 43.8540559151 0.768280770032 1409466986.96
0.244 0.992728573048 0.0235946039029 10.5568888889 1.0 0.796888888889 42.5651855469 43.8540559151 0.80109174724 1409466987.97
0.299 0.992745868239 0.0265204682967 10.8069777778 1.0 0.804533333333 42.5651855469 43.8540559151 0.788743066659 1409466988.93
0.296 0.991647894554 0.023561328008 11.0968444444 1.0 0.8112 42.5651855469 43.8540559151 0.777964600436 1409466990.07
0.314 0.988895769991 0.0203828329635 11.1728 1.0 0.823555555556 42.5651855469 43.8540559151 0.743744857356 1409466991.21
0.329 0.98701723534 0.0150214012159 11.3551111111 1.0 0.829644444444 42.5651855469 43.8540559151 0.727802017193 1409466992.32
0.298 0.987613484643 0.0139740647947 11.7119111111 1.0 0.832622222222 42.5651855469 43.8540559151 0.713382406413 1409466993.32
0.307 0.9904256814 0.0137308031927 12.0390666667 1.0 0.835688888889 42.5651855469 43.8540559151 0.748650346957 1409466994.17
0.301 0.992502616091 0.0136371692411 12.2717777778 1.0 0.838355555556 42.5651855469 43.8540559151 0.751111002666 1409466995.02
0.286 0.993855012403 0.0116035957206 11.8752444444 1.0 0.848533333333 42.5651855469 43.8540559151 0.747460157272 1409466995.9
0.274 0.993446088104 0.0104239906626 11.7727111111 1.0 0.857377777778 42.5651855469 43.8540559151 0.738774219908 1409466996.93
0.288 0.993239862634 0.0114114985732 11.5056 1.0 0.872622222222 42.5651855469 43.8540559151 0.726682441969 1409466997.88
0.285 0.993098310755 0.0108063523607 11.6082666667 1.0 0.883333333333 42.5651855469 43.8540559151 0.737496119742 1409466998.69
0.271 0.993076498735 0.010902495739 11.8996 1.0 0.891288888889 42.5651855469 43.8540559151 0.750996674914 1409466999.5
0.286 0.993142700014 0.0101120173781 12.1551555556 1.0 0.898933333333 42.5651855469 43.8540559151 0.727424930014 1409467000.31
0.27 0.993620668368 0.00978767306808 12.1371111111 1.0 0.168444444444 36.2825927734 37.2189824749 0.720266527906 1409467001.16
0.288 0.994112582456 0.0128030200913 12.3008888889 1.0 0.308177777778 36.2825927734 37.2189824749 0.737449405424 1409467002.21
0.283 0.993242203101 0.0160934939426 12.2541777778 1.0 0.348088888889 36.2825927734 37.2189824749 0.723019817937 1409467003.22
0.329 0.991141431609 0.0143597302238 12.1110222222 1.0 0.391288888889 36.2825927734 37.2189824749 0.733345938742 1409467004.32
0.321 0.990041598339 0.012789489794 11.9389777778 1.0 0.4316 36.2825927734 37.2189824749 0.743031078834 1409467005.15
0.334 0.990208727458 0.0113351449633 11.9084888889 1.0 0.463244444444 36.2825927734 37.2189824749 0.75418285163 1409467006.03
0.357 0.991995284974 0.0112563387473 11.9383111111 1.0 0.498311111111 36.2825927734 37.2189824749 0.735466048863 1409467007.03
0.342 0.993794419409 0.0110082289072 11.9940888889 1.0 0.522533333333 36.2825927734 37.2189824749 0.733605949535 1409467007.87
0.323 0.994565076284 0.0118217726579 11.9988888889 1.0 0.545111111111 36.2825927734 37.2189824749 0.743375535654 1409467008.69
0.347 0.994561448427 0.0119751874606 11.7246222222 1.0 0.574933333333 36.2825927734 37.2189824749 0.726964815247 1409467009.54
0.343 0.993736308146 0.0132830156723 11.2536 1.0 0.611111111111 36.2825927734 37.2189824749 0.725360092543 1409467010.44
0.342 0.992702211658 0.0157011557825 11.1144888889 1.0 0.635244444444 36.2825927734 37.2189824749 0.720690467133 1409467011.45
0.337 0.991501258996 0.0139772036932 10.8990666667 1.0 0.664977777778 36.2825927734 37.2189824749 0.726425881764 1409467012.59
0.341 0.990698640156 0.0186128267818 11.2040444444 1.0 0.673955555556 36.2825927734 37.2189824749 0.713684770446 1409467013.71
0.344 0.989996054308 0.0200020654061 11.3835111111 1.0 0.686355555556 36.2825927734 37.2189824749 0.730818438435 1409467014.8
0.323 0.989454783179 0.0182056757669 11.6654666667 1.0 0.694355555556 36.2825927734 37.2189824749 0.71722105398 1409467015.87
0.33 0.989227575617 0.0195651236935 11.7724 1.0 0.710755555556 36.2825927734 37.2189824749 0.725632062744 1409467016.89
0.33 0.987921388209 0.01806390748 11.7193333333 1.0 0.727466666667 36.2825927734 37.2189824749 0.707777262564 1409467017.78
0.34 0.98726156861 0.0161231152135 11.8597777778 1.0 0.737644444444 36.2825927734 37.2189824749 0.70811043335 1409467018.61
0.332 0.988995768302 0.0182887010447 12.2840888889 1.0 0.741644444444 36.2825927734 37.2189824749 0.731867036259 1409467019.58
0.326 0.989941450403 0.0186206075073 12.7393333333 1.0 0.745422222222 36.2825927734 37.2189824749 0.744983783531 1409467020.49
0.293 0.989668892146 0.0212614754387 13.0596888889 1.0 0.751555555556 36.2825927734 37.2189824749 0.754315573011 1409467021.33
0.311 0.988624668155 0.0179570924997 13.1604444444 1.0 0.758133333333 36.2825927734 37.2189824749 0.741396399829 1409467022.19
0.294 0.987833101824 0.0153809348538 13.4312444444 1.0 0.7628 36.2825927734 37.2189824749 0.742473554965 1409467023.07
0.319 0.989140388906 0.0127396308139 13.6728444444 1.0 0.767733333333 36.2825927734 37.2189824749 0.756358490484 1409467024.19
0.325 0.991260969935 0.0106903790858 13.6129333333 1.0 0.780355555556 36.2825927734 37.2189824749 0.771926985134 1409467025.27
0.281 0.9935264655 0.0103173769581 14.1171555556 1.0 0.782222222222 36.2825927734 37.2189824749 0.770884591222 1409467026.16
0.25 0.994598458521 0.0128507358076 14.4372888889 1.0 0.786311111111 36.2825927734 37.2189824749 0.773492166492 1409467027.1
0.313 0.99389009546 0.0129064118918 14.4503555556 1.0 0.798266666667 36.2825927734 37.2189824749 0.759970752187 1409467028.14
0.289 0.992435574849 0.00956628516003 14.3356 1.0 0.811466666667 36.2825927734 37.2189824749 0.745378103119 1409467029.09
0.261 0.992987302607 0.00923359008025 13.9975555556 1.0 0.828355555556 36.2825927734 37.2189824749 0.734546784788 1409467029.88
0.257 0.993871918611 0.010227945739 13.9993333333 1.0 0.839422222222 36.2825927734 37.2189824749 0.750760307271 1409467030.93
0.257 0.994022870739 0.010907691225 14.5415111111 1.0 0.840666666667 36.2825927734 37.2189824749 0.742285133615 1409467031.93
0.253 0.993882671605 0.0078345456214 14.834 1.0 0.844444444444 36.2825927734 37.2189824749 0.75190486009 1409467032.96
0.242 0.994609531237 0.00769800453881 15.2403111111 1.0 0.845288888889 36.2825927734 37.2189824749 0.748566841752 1409467034.03
0.271 0.995586632523 0.00906480134218 15.6191111111 1.0 0.848933333333 36.2825927734 37.2189824749 0.761104425346 1409467035.19
0.288 0.995817654588 0.0100797937055 16.0576888889 1.0 0.851155555556 36.2825927734 37.2189824749 0.760699871038 1409467036.15
0.307 0.995086928443 0.0133424640378 15.9028444444 1.0 0.8616 36.2825927734 37.2189824749 0.754805595348 1409467037.13
0.309 0.99336363061 0.0183375109778 15.9499111111 1.0 0.866088888889 36.2825927734 37.2189824749 0.725591338456 1409467038.22
0.288 0.992330894004 0.0179407807877 16.1463555556 1.0 0.867244444444 36.2825927734 37.2189824749 0.731790927048 1409467039.32
0.328 0.990571983777 0.0175489666339 15.9978666667 1.0 0.870133333333 36.2825927734 37.2189824749 0.710044736976 1409467040.4
0.317 0.989202115367 0.0177015492275 15.942 1.0 0.8752 36.2825927734 37.2189824749 0.721765332945 1409467041.4
0.329 0.98951604717 0.0249177666022 15.8221333333 1.0 0.879733333333 36.2825927734 37.2189824749 0.709550375553 1409467042.55
0.311 0.98850863477 0.0252782578672 15.5237333333 1.0 0.888666666667 36.2825927734 37.2189824749 0.696870230064 1409467043.62
0.346 0.985251937343 0.0216315545809 15.1414666667 1.0 0.896 36.2825927734 37.2189824749 0.682272899605 1409467044.52
0.309 0.983691623728 0.0256213517675 14.9139111111 1.0 0.239066666667 40.6412963867 40.69472278 0.684095762852 1409467045.53
0.356 0.983394305405 0.0238437387643 14.5043111111 1.0 0.368088888889 40.6412963867 40.69472278 0.695430341109 1409467046.58
0.356 0.983815321288 0.018722866899 14.3113777778 1.0 0.41 40.6412963867 40.69472278 0.696555111073 1409467047.52
0.333 0.985104818387 0.0221910358031 14.2183111111 1.0 0.436533333333 40.6412963867 40.69472278 0.709552749011 1409467048.49
0.346 0.98654516249 0.0229089021466 13.7306666667 1.0 0.476888888889 40.6412963867 40.69472278 0.70887832447 1409467049.4
0.329 0.98663923217 0.0250288897403 13.3674666667 1.0 0.509777777778 40.6412963867 40.69472278 0.713153948531 1409467050.7
0.32 0.985437922245 0.0266952805877 12.8562666667 1.0 0.539733333333 40.6412963867 40.69472278 0.733983949987 1409467051.93
0.316 0.982719721664 0.0231992439889 12.6328444444 1.0 0.565777777778 40.6412963867 40.69472278 0.736841134486 1409467053.08
0.317 0.982781619631 0.021103043477 12.6363111111 1.0 0.584 40.6412963867 40.69472278 0.707165440016 1409467054.26
0.296 0.984664151853 0.0230764218592 12.4585333333 1.0 0.609111111111 40.6412963867 40.69472278 0.689668365623 1409467055.43
0.338 0.986275577085 0.0268830451266 11.9972888889 1.0 0.640533333333 40.6412963867 40.69472278 0.680111401433 1409467056.6
0.357 0.986664410921 0.027974716504 11.9874666667 1.0 0.655866666667 40.6412963867 40.69472278 0.670803853611 1409467057.74
0.349 0.986006187001 0.0305560934245 11.6069777778 1.0 0.679866666667 40.6412963867 40.69472278 0.663595415142 1409467058.85
0.381 0.983401503343 0.0311412153201 11.4619111111 1.0 0.700977777778 40.6412963867 40.69472278 0.649775048925 1409467060.05
0.376 0.980743792078 0.0306357929344 10.8612888889 1.0 0.725022222222 40.6412963867 40.69472278 0.644565660992 1409467061.09
0.399 0.978991702449 0.0316577621685 9.89391111111 1.0 0.759155555556 40.6412963867 40.69472278 0.623266318452 1409467061.99
0.407 0.978322967669 0.0310419038505 9.51022222222 1.0 0.782533333333 40.6412963867 40.69472278 0.622586725648 1409467062.88
0.384 0.978678608531 0.0325820541839 9.12035555556 1.0 0.802222222222 40.6412963867 40.69472278 0.618185634414 1409467064.08
0.373 0.979931054629 0.0353400881069 8.91382222222 1.0 0.820355555556 40.6412963867 40.69472278 0.638495179747 1409467065.23
0.396 0.978951057418 0.0337830551828 8.93493333333 1.0 0.8288 40.6412963867 40.69472278 0.620527262935 1409467066.38
0.316 0.979219148664 0.0330885734781 9.05657777778 1.0 0.8348 40.6412963867 40.69472278 0.626168790532 1409467067.5
0.355 0.979671222748 0.0315664425415 9.4156 1.0 0.8388 40.6412963867 40.69472278 0.635937281982 1409467068.37
0.345 0.979086776698 0.0341841452695 9.87595555556 1.0 0.8388 40.6412963867 40.69472278 0.638562659686 1409467069.24
0.35 0.978367868899 0.0378772715394 10.1717333333 1.0 0.838844444444 40.6412963867 40.69472278 0.636622335427 1409467070.13
0.374 0.97712842253 0.0337582398568 10.3331111111 1.0 0.840177777778 40.6412963867 40.69472278 0.626317017341 1409467071.15
0.422 0.978159018233 0.0303279471353 10.4284444444 1.0 0.840977777778 40.6412963867 40.69472278 0.624858230104 1409467072.18
0.437 0.98108222943 0.0317988986338 10.4568444444 1.0 0.844177777778 40.6412963867 40.69472278 0.649836796572 1409467073.12
0.438 0.981358100858 0.0320186744863 10.3804 1.0 0.847822222222 40.6412963867 40.69472278 0.645178561105 1409467074.08
0.425 0.980927675816 0.0330505725603 10.306 1.0 0.855111111111 40.6412963867 40.69472278 0.662215492009 1409467074.97
0.407 0.979013741176 0.0287845730896 10.2432 1.0 0.8612 40.6412963867 40.69472278 0.666454065306 1409467075.89
0.44 0.979553201268 0.0303509463559 10.2994666667 1.0 0.868088888889 40.6412963867 40.69472278 0.659399099924 1409467076.86
0.417 0.980957725656 0.034253505969 10.4552444444 1.0 0.872533333333 40.6412963867 40.69472278 0.667831071018 1409467078.03
0.421 0.982046434897 0.0359974997919 10.2201777778 1.0 0.883466666667 40.6412963867 40.69472278 0.672010069331 1409467079.24
0.409 0.982304615474 0.0346204268964 9.38022222222 1.0 0.272222222222 36.8206481934 37.7554569882 0.669350482714 1409467080.65
0.429 0.981687880213 0.0323056862874 8.9252 1.0 0.458888888889 36.8206481934 37.7554569882 0.656104495611 1409467081.97
0.408 0.981176440132 0.0250300915279 8.80817777778 1.0 0.504977777778 36.8206481934 37.7554569882 0.657429495724 1409467083.21
0.42 0.982354677105 0.0257141319095 8.62368888889 1.0 0.548266666667 36.8206481934 37.7554569882 0.656988202839 1409467084.54
0.365 0.983844876147 0.0248876600364 8.57795555556 1.0 0.575022222222 36.8206481934 37.7554569882 0.679531466039 1409467085.74
0.385 0.984753788371 0.0204209125263 8.66528888889 1.0 0.590933333333 36.8206481934 37.7554569882 0.687735759141 1409467086.64
0.356 0.98711196582 0.0174143637394 8.87222222222 1.0 0.609066666667 36.8206481934 37.7554569882 0.69848132797 1409467087.53
0.308 0.989474144697 0.013083589248 9.19102222222 1.0 0.6236 36.8206481934 37.7554569882 0.739470968431 1409467088.44
0.317 0.991886843365 0.0101405604064 9.59293333333 1.0 0.6332 36.8206481934 37.7554569882 0.750174226702 1409467089.3
0.306 0.994384294112 0.00883532645639 9.8656 1.0 0.647111111111 36.8206481934 37.7554569882 0.764397402882 1409467090.13
0.288 0.995876189751 0.00756763007175 10.3215111111 1.0 0.655955555556 36.8206481934 37.7554569882 0.776418092681 1409467090.9
0.276 0.996404228459 0.00658691259376 10.6357777778 1.0 0.666088888889 36.8206481934 37.7554569882 0.771671927347 1409467091.87
0.266 0.996691778879 0.00721710536824 11.1232444444 1.0 0.670177777778 36.8206481934 37.7554569882 0.781342978213 1409467092.69
0.272 0.9967690683 0.00735955118602 11.3032 1.0 0.682222222222 36.8206481934 37.7554569882 0.778663728815 1409467093.55
0.291 0.996583104574 0.00678228858844 11.6072 1.0 0.690666666667 36.8206481934 37.7554569882 0.799593521838 1409467094.42
0.28 0.996260969366 0.0088602774965 11.6142666667 1.0 0.7072 36.8206481934 37.7554569882 0.790462847014 1409467095.46
0.263 0.995527230449 0.0037432225339 11.9019555556 1.0 0.717111111111 36.8206481934 37.7554569882 0.791971089416 1409467096.44
0.242 0.996701160679 0.00603483704536 12.4196888889 1.0 0.718088888889 36.8206481934 37.7554569882 0.795148026217 1409467097.51
0.27 0.997323599924 0.00719517835541 12.9925333333 1.0 0.718088888889 36.8206481934 37.7554569882 0.804880520869 1409467098.62
0.269 0.997219450095 0.00920693527166 13.3879111111 1.0 0.722622222222 36.8206481934 37.7554569882 0.799947993451 1409467099.59
0.302 0.996436354355 0.00717767630496 13.6758666667 1.0 0.728444444444 36.8206481934 37.7554569882 0.796635583915 1409467100.58
0.269 0.996257776603 0.00797322085816 13.9342666667 1.0 0.735822222222 36.8206481934 37.7554569882 0.773977298418 1409467101.76
0.26 0.996331456559 0.00878805501588 13.9507555556 1.0 0.746533333333 36.8206481934 37.7554569882 0.785516665334 1409467102.83
0.275 0.995902971518 0.00891133111662 14.2488 1.0 0.751511111111 36.8206481934 37.7554569882 0.781572162641 1409467103.68
0.264 0.995887291981 0.00981547166505 14.8112 1.0 0.7528 36.8206481934 37.7554569882 0.796967814365 1409467104.66
0.29 0.995411179971 0.0117912887113 15.2514666667 1.0 0.755155555556 36.8206481934 37.7554569882 0.799898168854 1409467105.61
0.267 0.994693738946 0.0138603159347 15.6057333333 1.0 0.759822222222 36.8206481934 37.7554569882 0.777518325506 1409467106.55
0.272 0.994077941145 0.0132678767401 15.5183111111 1.0 0.768933333333 36.8206481934 37.7554569882 0.762538712358 1409467107.56
0.329 0.993601986404 0.0115712282106 15.4934222222 1.0 0.776888888889 36.8206481934 37.7554569882 0.760318152789 1409467108.51
0.31 0.993240887543 0.0148393907264 15.4577333333 1.0 0.783155555556 36.8206481934 37.7554569882 0.758228243552 1409467109.67
0.358 0.991424971281 0.0195001993339 14.9952888889 1.0 0.791955555556 36.8206481934 37.7554569882 0.732159449661 1409467110.81
0.34 0.988861560605 0.023758458227 14.7530222222 1.0 0.798355555556 36.8206481934 37.7554569882 0.700140418559 1409467111.65
0.34 0.985579805321 0.0220800482122 14.7628888889 1.0 0.800177777778 36.8206481934 37.7554569882 0.683859941661 1409467112.66
0.366 0.984033873302 0.0221960148646 14.9973333333 1.0 0.800622222222 36.8206481934 37.7554569882 0.668125356438 1409467113.82
0.33 0.983680005306 0.0223032799539 15.2151111111 1.0 0.800711111111 36.8206481934 37.7554569882 0.671626145224 1409467114.88
0.392 0.983343850605 0.0247799961432 15.3384888889 1.0 0.802755555556 36.8206481934 37.7554569882 0.666537775911 1409467116.03
0.356 0.983580931201 0.0206104304302 15.3207555556 1.0 0.804844444444 36.8206481934 37.7554569882 0.67267465682 1409467117.25
0.391 0.983871152263 0.0198067566536 15.3792888889 1.0 0.808488888889 36.8206481934 37.7554569882 0.671376565533 1409467118.52
0.358 0.985255660124 0.0185854774135 15.5474222222 1.0 0.811866666667 36.8206481934 37.7554569882 0.719429822837 1409467119.64
0.329 0.987313237738 0.0139952282578 15.9156444444 1.0 0.814488888889 36.8206481934 37.7554569882 0.749852998872 1409467120.86
0.28 0.990537790526 0.0124949725141 16.0842666667 1.0 0.822266666667 36.8206481934 37.7554569882 0.769632502169 1409467121.88
0.315 0.992339139669 0.0134008191328 16.3959111111 1.0 0.828266666667 36.8206481934 37.7554569882 0.771552891067 1409467122.95
0.266 0.992802096737 0.0136422231011 16.4548888889 1.0 0.837422222222 36.8206481934 37.7554569882 0.772323980355 1409467123.77
0.301 0.993439342923 0.0114738540193 16.4011111111 1.0 0.847377777778 36.8206481934 37.7554569882 0.791024916968 1409467124.63
0.269 0.993595332447 0.0144083549172 16.3362666667 1.0 0.860133333333 36.8206481934 37.7554569882 0.799004163759 1409467125.67
0.262 0.99285645516 0.0157415738651 15.9364 1.0 0.873733333333 36.8206481934 37.7554569882 0.79996982633 1409467126.85
0.293 0.992427044447 0.0166819980835 15.8129777778 1.0 0.880533333333 36.8206481934 37.7554569882 0.787110436852 1409467127.96
0.288 0.991621992121 0.0200407901338 15.5503111111 1.0 0.891111111111 36.8206481934 37.7554569882 0.789858675538 1409467129.01
0.3 0.989575543624 0.0248305922455 15.1876444444 1.0 0.893155555556 36.8206481934 37.7554569882 0.760103787408 1409467130.07
0.313 0.987267081825 0.0249674878417 14.7308444444 1.0 0.0606222222222 42.9103240967 44.4878909907 0.748105861452 1409467131.26
0.314 0.985621410093 0.0261419170754 14.5093777778 1.0 0.328488888889 42.9103240967 44.4878909907 0.752623610878 1409467132.61
0.34 0.98394595367 0.025016152484 13.964 1.0 0.374844444444 42.9103240967 44.4878909907 0.732783391394 1409467133.55
0.336 0.982383273626 0.029891573807 13.9143555556 1.0 0.404311111111 42.9103240967 44.4878909907 0.729753878391 1409467134.46
0.376 0.980331410482 0.0363873124491 12.9491555556 1.0 0.458177777778 42.9103240967 44.4878909907 0.70374668969 1409467135.35
0.403 0.976959858449 0.033985700833 12.0890666667 1.0 0.514844444444 42.9103240967 44.4878909907 0.682617902139 1409467136.29
0.407 0.975455611345 0.0398659689058 10.5552888889 1.0 0.578488888889 42.9103240967 44.4878909907 0.670701815361 1409467137.27
0.409 0.974025954643 0.0515653662627 8.66875555556 1.0 0.640222222222 42.9103240967 44.4878909907 0.652746999924 1409467138.24
0.424 0.970438532492 0.0462011734037 7.54551111111 1.0 0.684088888889 42.9103240967 44.4878909907 0.644952067067 1409467139.17
0.44 0.968143137186 0.0425112387089 6.18964444444 1.0 0.728622222222 42.9103240967 44.4878909907 0.622683876148 1409467140.2
0.448 0.968691988294 0.0417554196451 6.10324444444 1.0 0.751866666667 42.9103240967 44.4878909907 0.611237986743 1409467141.15
0.481 0.969246724318 0.0299410657257 6.16417777778 1.0 0.771333333333 42.9103240967 44.4878909907 0.611109779522 1409467142.12
0.429 0.974655863502 0.0276548955539 6.146 1.0 0.792177777778 42.9103240967 44.4878909907 0.637609056573 1409467143.43
0.481 0.978983611851 0.0270391854129 6.2708 1.0 0.807644444444 42.9103240967 44.4878909907 0.656798572767 1409467144.6
0.431 0.981469364784 0.0214200853508 6.59302222222 1.0 0.811822222222 42.9103240967 44.4878909907 0.672638532055 1409467145.75
0.401 0.984660300576 0.0184523004836 6.86515555556 1.0 0.821377777778 42.9103240967 44.4878909907 0.699538534788 1409467146.75
0.378 0.988181827086 0.016041249854 7.14537777778 1.0 0.832977777778 42.9103240967 44.4878909907 0.707149676821 1409467147.64
0.346 0.99064620615 0.0151816680896 7.59693333333 1.0 0.838266666667 42.9103240967 44.4878909907 0.738473510562 1409467148.46
0.317 0.991259206771 0.0109356960471 8.17297777778 1.0 0.842444444444 42.9103240967 44.4878909907 0.763423552942 1409467149.27
0.286 0.992773424481 0.0114329467414 8.74582222222 1.0 0.846 42.9103240967 44.4878909907 0.782803560451 1409467150.07
0.284 0.993507587284 0.0107659028278 9.19906666667 1.0 0.851288888889 42.9103240967 44.4878909907 0.788989111206 1409467151.21
0.301 0.993912022546 0.0116679708372 9.51368888889 1.0 0.859377777778 42.9103240967 44.4878909907 0.772000034972 1409467152.35
0.258 0.994011396345 0.00817021435514 9.94551111111 1.0 0.863422222222 42.9103240967 44.4878909907 0.785536036055 1409467153.3
0.248 0.994953122077 0.00689020156675 10.3523111111 1.0 0.867955555556 42.9103240967 44.4878909907 0.800663786699 1409467154.37
0.256 0.995881861358 0.00691466298493 10.7193777778 1.0 0.872 42.9103240967 44.4878909907 0.806796009788 1409467155.44
0.264 0.996744958972 0.00832375414097 11.2543555556 1.0 0.873155555556 42.9103240967 44.4878909907 0.810710676231 1409467156.47
0.275 0.996940815833 0.0083185946012 11.7949333333 1.0 0.875111111111 42.9103240967 44.4878909907 0.805242195442 1409467157.45
0.261 0.996648200547 0.00695587530967 12.2233777778 1.0 0.879288888889 42.9103240967 44.4878909907 0.806709956853 1409467158.32
0.275 0.996938055114 0.00609062631731 12.6267555556 1.0 0.881955555556 42.9103240967 44.4878909907 0.796925309292 1409467159.11
0.269 0.996746091899 0.00370251307197 13.0908444444 1.0 0.882311111111 42.9103240967 44.4878909907 0.794378525251 1409467159.9
0.272 0.997201207817 0.00492782959013 13.6001777778 1.0 0.883644444444 42.9103240967 44.4878909907 0.798432928728 1409467160.74
0.248 0.997632364371 0.00772864710666 14.2441777778 1.0 0.883644444444 42.9103240967 44.4878909907 0.821851337244 1409467161.57
0.243 0.997020493092 0.00694551345861 14.7897777778 1.0 0.8844 42.9103240967 44.4878909907 0.819332888906 1409467162.34
0.271 0.996795542797 0.0056480423613 15.4367111111 1.0 0.8844 42.9103240967 44.4878909907 0.813888117601 1409467163.45
0.27 0.997515876794 0.00606778653815 16.012 1.0 0.8848 42.9103240967 44.4878909907 0.813506112153 1409467164.26
0.257 0.997911357124 0.0087248034905 16.4866222222 1.0 0.885555555556 42.9103240967 44.4878909907 0.796898074074 1409467165.18
0.292 0.997203492054 0.00965987244301 16.3193777778 1.0 0.895244444444 42.9103240967 44.4878909907 0.777175084968 1409467166.25
0.294 0.996508323546 0.0109284032918 16.4476 1.0 0.115333333333 39.9551620483 40.2244634788 0.766753218086 1409467167.49
0.299 0.996191669833 0.0145977650723 16.3944888889 1.0 0.294888888889 39.9551620483 40.2244634788 0.774697039287 1409467168.76
0.317 0.994521962947 0.0154156859918 16.6170666667 1.0 0.3264 39.9551620483 40.2244634788 0.744217348809 1409467169.93
0.319 0.99205644304 0.0178555320572 16.3641333333 1.0 0.376266666667 39.9551620483 40.2244634788 0.733206626322 1409467171.04
0.323 0.98981044046 0.0174952626757 15.8438222222 1.0 0.418133333333 39.9551620483 40.2244634788 0.724452094662 1409467172.21
0.341 0.988514965555 0.0152776469434 15.1645333333 1.0 0.461644444444 39.9551620483 40.2244634788 0.716105985475 1409467173.39
0.327 0.988924833936 0.0172663627462 14.6108444444 1.0 0.494711111111 39.9551620483 40.2244634788 0.721726147495 1409467174.53
0.338 0.989825512094 0.0268030544838 14.6832 1.0 0.512044444444 39.9551620483 40.2244634788 0.723305668088 1409467175.7
0.371 0.988149045112 0.0306937653647 14.1992888889 1.0 0.544977777778 39.9551620483 40.2244634788 0.719889051845 1409467176.82
0.368 0.985207641319 0.0297684706581 13.5884888889 1.0 0.579155555556 39.9551620483 40.2244634788 0.707918715972 1409467177.9
0.402 0.983165754779 0.0282452804558 13.2540888889 1.0 0.605733333333 39.9551620483 40.2244634788 0.692450875388 1409467178.96
0.375 0.98179072274 0.021731075221 13.0293333333 1.0 0.628888888889 39.9551620483 40.2244634788 0.679080145063 1409467179.9
0.378 0.98342504007 0.0182715076649 13.1502666667 1.0 0.641688888889 39.9551620483 40.2244634788 0.681358430783 1409467180.86
0.402 0.985616345961 0.0202713850287 13.2020444444 1.0 0.659866666667 39.9551620483 40.2244634788 0.681353060569 1409467181.67
0.369 0.985742339292 0.0205949575453 13.2657333333 1.0 0.672533333333 39.9551620483 40.2244634788 0.670648215867 1409467182.47
0.389 0.984705795388 0.0225041543502 13.2276 1.0 0.6868 39.9551620483 40.2244634788 0.657629036682 1409467183.32
0.402 0.983940367557 0.0250464518283 13.3666666667 1.0 0.694755555556 39.9551620483 40.2244634788 0.664567804686 1409467184.29
0.367 0.983785407405 0.0220701202262 13.4808 1.0 0.703555555556 39.9551620483 40.2244634788 0.680980101032 1409467185.3
0.327 0.984590478433 0.024821645392 13.0817333333 1.0 0.722666666667 39.9551620483 40.2244634788 0.707152587208 1409467186.24
0.329 0.98489879017 0.0227378579144 13.0654222222 1.0 0.735111111111 39.9551620483 40.2244634788 0.712346100367 1409467187.39
0.356 0.984308089387 0.0219488136948 12.7269333333 1.0 0.7568 39.9551620483 40.2244634788 0.691399271242 1409467188.39
0.337 0.984104861282 0.0221381143242 11.8365777778 1.0 0.787066666667 39.9551620483 40.2244634788 0.671710744131 1409467189.49
0.335 0.983929365938 0.0250586788046 11.3833777778 1.0 0.808488888889 39.9551620483 40.2244634788 0.652703697662 1409467190.63
0.361 0.983897599372 0.0285044210522 10.7243555556 1.0 0.833111111111 39.9551620483 40.2244634788 0.650748820525 1409467191.78
0.403 0.982380917695 0.0308694400023 10.0650222222 1.0 0.853066666667 39.9551620483 40.2244634788 0.630298490533 1409467192.94
0.438 0.98165063417 0.027396631246 9.87595555556 1.0 0.866711111111 39.9551620483 40.2244634788 0.653762688697 1409467194.07
0.393 0.982823101432 0.0282584519097 9.66742222222 1.0 0.878133333333 39.9551620483 40.2244634788 0.672903399333 1409467195.24
0.438 0.983508463584 0.0307567913495 9.76471111111 1.0 0.880355555556 39.9551620483 40.2244634788 0.672770141281 1409467196.4
0.394 0.982003725676 0.0303687730816 9.39057777778 1.0 0.8872 39.9551620483 40.2244634788 0.668368334788 1409467197.61
0.425 0.980088548032 0.0332865284558 9.32546666667 1.0 0.8936 39.9551620483 40.2244634788 0.656615455039 1409467198.74
0.454 0.978739154698 0.0341458651494 9.16817777778 1.0 0.0401777777778 34.9775810242 36.5272817691 0.654669630271 1409467200.01
