0.069 0.999650071235 1.14748877624e-06 0.923822222222 0.0761777777778 0.0761777777778 0 0 0.88531763953 1409472591.35
0.118 0.934544108959 6.40125349475e-12 1.7648 0.1176 0.1176 0 0 0.682051450409 1409472591.76
0.165 0.865684331607 4.27059691608e-12 2.54173333333 0.152755555556 0.152755555556 0 0 0.573423973935 1409472592.32
0.165 0.831180749808 1.45337069275e-11 3.32511111111 0.1688 0.1688 0 0 0.539812511696 1409472593.19
0.162 0.824994452051 3.9904571843e-11 4.11048888889 0.179111111111 0.179111111111 0 0 0.52039298162 1409472594.34
0.199 0.82958730796 1.68352351235e-10 4.86595555556 0.189955555556 0.189955555556 0 0 0.507940282878 1409472595.22
0.199 0.840134741451 1.0459327919e-09 5.65431111111 0.193688888889 0.193688888889 0 0 0.521679175349 1409472596.14
0.185 0.853557953904 8.74219248815e-10 6.47595555556 0.193955555556 0.193955555556 0 0 0.544481821694 1409472597.15
0.163 0.872187879774 6.21990488388e-07 7.314 0.193955555556 0.193955555556 0 0 0.571467006998 1409472598.08
0.156 0.889035151899 9.10701651778e-07 8.17666666667 0.193955555556 0.193955555556 0 0 0.634881243445 1409472598.93
0.116 0.899893287945 7.31944107706e-06 9.03533333333 0.194977777778 0.194977777778 0 0 0.644279247977 1409472599.79
0.136 0.908692230869 2.42259863089e-06 9.8716 0.196577777778 0.196577777778 0 0 0.634932105287 1409472600.53
0.161 0.914509905189 8.87632016351e-06 10.6815111111 0.197644444444 0.197644444444 0 0 0.602956696283 1409472601.23
0.154 0.923617059337 4.31918310192e-05 11.5177777778 0.197644444444 0.197644444444 0 0 0.604732898448 1409472601.91
0.183 0.931831730633 0.000111019462777 12.3244 0.197777777778 0.197777777778 0 0 0.597192896207 1409472602.58
0.153 0.942477273486 0.000232662229433 13.1702666667 0.197777777778 0.197777777778 0 0 0.624541824031 1409472603.24
0.137 0.949475621078 0.000460692470424 14.0235555556 0.197777777778 0.197777777778 0 0 0.606946449574 1409472603.98
0.141 0.95188216801 0.00103099365596 14.8815111111 0.197777777778 0.197777777778 0 0 0.600076698296 1409472604.65
0.152 0.951695047802 0.00070340611658 15.7421777778 0.197777777778 0.197777777778 0 0 0.621263545958 1409472605.36
0.128 0.955218095821 0.000130109930175 16.6200444444 0.197777777778 0.197777777778 0 0 0.646781759878 1409472606.14
0.124 0.956492691183 0.00020729099435 17.4848888889 0.197777777778 0.197777777778 0 0 0.609894111712 1409472606.74
0.14 0.95659742233 0.000688555179019 18.3282222222 0.197777777778 0.197777777778 0 0 0.592480258197 1409472607.58
0.118 0.956568503317 0.00119593557249 19.1809777778 0.197777777778 0.197777777778 0 0 0.607363598412 1409472608.41
0.128 0.956542760104 0.00104332353032 19.9896888889 0.197777777778 0.197777777778 0 0 0.622810905915 1409472608.98
0.151 0.959355782931 0.00150600345724 20.7007111111 0.197777777778 0.197777777778 0 0 0.631035457684 1409472609.73
0.16 0.965416754832 0.00160696574434 21.4596444444 0.198222222222 0.198222222222 0 0 0.682798776981 1409472610.33
0.155 0.974010246156 0.0010241582246 22.0905333333 0.205333333333 0.205333333333 0 0 0.730197290175 1409472610.91
0.137 0.982518830768 0.00151668381718 22.7273333333 0.2136 0.2136 0 0 0.810200291977 1409472611.49
0.109 0.989222027487 0.00156080370773 23.3909777778 0.220711111111 0.220711111111 0 0 0.816612811838 1409472612.19
0.125 0.993170002154 0.00116179737051 24.2753333333 0.220755555556 0.220755555556 0 0 0.847868109139 1409472612.65
0.096 0.995655692218 0.000760787481695 25.1532888889 0.220844444444 0.220844444444 0 0 0.841932881703 1409472613.22
0.125 0.996780792572 0.000423778509965 26.002 0.222044444444 0.222044444444 0 0 0.849042800746 1409472613.92
0.098 0.9971649118 0.000686973624813 26.7140444444 0.227644444444 0.227644444444 0 0 0.837345190396 1409472614.46
0.098 0.997961699717 0.00242852670866 27.3678222222 0.234311111111 0.234311111111 0 0 0.824602307328 1409472614.94
0.076 0.998775972189 0.00152679204757 28.1812888889 0.236844444444 0.236844444444 0 0 0.85363366606 1409472615.46
0.091 0.998857013536 0.00118561525493 29.0168444444 0.238577777778 0.238577777778 0 0 0.873159410749 1409472615.93
0.087 0.998720828541 0.000759143231089 29.8693777778 0.240044444444 0.240044444444 0 0 0.875282798462 1409472616.39
0.091 0.998669016821 0.000940925009624 30.7422222222 0.240711111111 0.240711111111 0 0 0.875132080044 1409472616.93
0.083 0.998520494315 0.000674961475246 31.5898666667 0.242311111111 0.242311111111 0 0 0.880733835191 1409472617.54
0.108 0.998551618482 0.00040625022207 32.4457777778 0.243466666667 0.243466666667 0 0 0.89593573754 1409472618.2
0.093 0.99869250493 0.000840652817406 33.3376888889 0.244 0.244 0 0 0.903603287014 1409472618.87
0.09 0.998845108788 0.0010371384179 34.1946666667 0.244933333333 0.244933333333 0 0 0.899530888881 1409472619.56
0.08 0.999394606934 0.00152251251381 34.9178222222 0.248311111111 0.248311111111 0 0 0.875921697074 1409472620.26
0.07 0.999719005804 0.00115200150061 35.7038222222 0.251422222222 0.251422222222 0 0 0.925325438031 1409472620.71
0.072 0.999681017857 0.00260054260737 36.3293777778 0.258133333333 0.258133333333 0 0 0.904192788048 1409472621.44
0.07 0.999474474797 0.00283821597639 37.2157333333 0.259022222222 0.259022222222 0 0 0.923956785605 1409472622.06
0.052 0.999338617368 0.00277665374639 37.9880444444 0.262222222222 0.262222222222 0 0 0.926679492017 1409472622.56
0.071 0.999538767971 0.00311873908418 38.8908888889 0.262577777778 0.262577777778 0 0 0.926918733499 1409472622.96
0.082 0.999586037265 0.00381516647037 39.6092 0.266 0.266 0 0 0.901094683884 1409472623.4
0.089 0.999383936713 0.00255701976743 40.2096444444 0.272311111111 0.272311111111 0 0 0.862990969852 1409472623.86
0.101 0.998936749703 0.00160664756623 40.8181333333 0.276266666667 0.276266666667 0 0 0.837809897152 1409472624.48
0.095 0.999141569828 0.00134249162884 41.5114666667 0.2764 0.2764 0 0 0.844278461651 1409472624.97
0.109 0.999076791911 0.000735266521444 42.0471111111 0.280266666667 0.280266666667 0 0 0.850154018367 1409472625.55
0.11 0.999578957626 0.000263304774107 42.6226222222 0.280977777778 0.280977777778 0 0 0.873586875659 1409472626.0
0.107 0.999942527483 0.000955371462964 43.0699111111 0.285466666667 0.285466666667 0 0 0.867406648718 1409472626.54
0.1 0.999795806743 0.00155815654546 43.6055555556 0.289644444444 0.289644444444 0 0 0.863348717384 1409472627.23
0.116 0.999604257497 0.00135048780578 44.1228 0.291911111111 0.291911111111 0 0 0.846074663588 1409472627.92
0.122 0.999311261493 0.00112261992888 44.7168444444 0.293377777778 0.293377777778 0 0 0.854452938635 1409472628.62
0.098 0.99941826439 0.00136123480902 45.5209777778 0.293377777778 0.293377777778 0 0 0.8753551198 1409472629.27
0.126 0.999471817824 0.0012434724437 46.2368888889 0.294311111111 0.294311111111 0 0 0.862338793469 1409472629.73
0.112 0.999537475699 0.00164631641532 46.4635111111 0.299822222222 0.299822222222 0 0 0.847304803617 1409472630.21
0.137 0.99941296358 0.00354593121796 46.7612444444 0.306088888889 0.306088888889 0 0 0.854171038124 1409472630.71
0.121 0.998999260595 0.00603983704047 47.0730222222 0.313644444444 0.313644444444 0 0 0.85233923186 1409472631.27
0.129 0.998211009548 0.00959657279487 47.0853777778 0.325822222222 0.325822222222 0 0 0.830586596047 1409472631.77
0.143 0.997197513483 0.00759587743957 46.4971111111 0.345866666667 0.345866666667 0 0 0.803856506412 1409472632.29
0.157 0.995812416089 0.00569868414375 45.7452888889 0.363911111111 0.363911111111 0 0 0.783083059237 1409472632.91
0.176 0.995756731134 0.00574647809124 44.9577777778 0.385155555556 0.385155555556 0 0 0.774728740703 1409472633.48
0.179 0.996510950662 0.00638823942535 44.8272 0.395244444444 0.395244444444 0 0 0.784128965573 1409472633.97
0.182 0.996661659583 0.0107964565584 44.2873777778 0.412355555556 0.412355555556 0 0 0.796667486362 1409472634.5
0.154 0.995284024887 0.0116816829018 43.7465777778 0.430133333333 0.430133333333 0 0 0.762208369168 1409472635.27
0.182 0.993111562701 0.0107852633861 42.8690666667 0.453688888889 0.453688888889 0 0 0.73677893023 1409472635.98
0.181 0.992607159426 0.00994929695456 42.2526222222 0.472711111111 0.472711111111 0 0 0.723341478765 1409472636.77
0.207 0.993521353351 0.012247589316 41.592 0.491022222222 0.491022222222 0 0 0.712048599769 1409472637.55
0.211 0.993651363619 0.0125488614951 41.5316444444 0.501066666667 0.501066666667 0 0 0.725290597999 1409472638.31
0.225 0.993196645194 0.0161385865733 41.4940888889 0.511333333333 0.511333333333 0 0 0.743378746571 1409472638.97
0.189 0.991687494262 0.0170710497908 40.0062222222 0.536933333333 0.536933333333 0 0 0.719777941562 1409472639.56
0.224 0.989777100569 0.0182769683108 39.1681777778 0.556933333333 0.556933333333 0 0 0.699774252205 1409472640.19
0.203 0.988649491497 0.020590148648 39.1059555556 0.567155555556 0.567155555556 0 0 0.718041336241 1409472641.02
0.204 0.987890552988 0.0170115001642 39.2329777778 0.574133333333 0.574133333333 0 0 0.713129561423 1409472641.87
0.206 0.989074215952 0.0150684763257 39.4750666667 0.577911111111 0.577911111111 0 0 0.725865973136 1409472642.7
0.212 0.990973368016 0.0188284006231 39.2152444444 0.585377777778 0.585377777778 0 0 0.734079724752 1409472643.39
0.206 0.99053798286 0.019265475083 38.7538666667 0.598666666667 0.598666666667 0 0 0.721134814557 1409472644.02
0.233 0.98916916273 0.0167176283163 38.608 0.607777777778 0.607777777778 0 0 0.704039335753 1409472644.86
0.196 0.988932531837 0.0149591923319 38.7533777778 0.612933333333 0.612933333333 0 0 0.687618751604 1409472645.68
0.2 0.990962424469 0.019004853823 38.72 0.620222222222 0.620222222222 0 0 0.707667494725 1409472646.33
0.227 0.991222706978 0.0243788595258 38.9183111111 0.624266666667 0.624266666667 0 0 0.692460513538 1409472646.86
0.221 0.989417924889 0.030382430886 38.4703555556 0.634355555556 0.634355555556 0 0 0.690005680864 1409472647.42
0.225 0.985492505646 0.0280739096338 36.8981777778 0.657644444444 0.657644444444 0 0 0.658903064063 1409472648.21
0.245 0.982557947858 0.0288027429726 35.9082666667 0.672133333333 0.672133333333 0 0 0.631643867567 1409472649.0
0.256 0.981755873717 0.0315844339149 34.4012888889 0.695866666667 0.695866666667 0 0 0.640852366515 1409472649.72
0.25 0.980429998724 0.0317585274789 33.2929777778 0.713911111111 0.713911111111 0 0 0.636648947411 1409472650.34
0.261 0.979650116811 0.0318863897315 32.8265777778 0.724311111111 0.724311111111 0 0 0.632831548964 1409472651.04
0.262 0.978818200066 0.034353373372 31.1976 0.748177777778 0.748177777778 0 0 0.64679142896 1409472651.71
0.228 0.977227089406 0.03507333801 31.5048444444 0.752222222222 0.752222222222 0 0 0.652947770986 1409472652.26
0.288 0.975703463858 0.0340902332644 30.0991111111 0.7736 0.7736 0 0 0.661332995155 1409472652.85
0.261 0.976235504865 0.0325913076465 29.1372 0.790133333333 0.790133333333 0 0 0.665814417581 1409472653.53
0.242 0.978190477172 0.0311774972797 28.9936444444 0.796622222222 0.796622222222 0 0 0.68925720679 1409472654.37
0.247 0.979695138077 0.0359787968763 28.8098666667 0.804355555556 0.804355555556 0 0 0.669176738558 1409472655.19
0.229 0.978462902457 0.0356577458201 28.0333333333 0.817733333333 0.817733333333 0 0 0.649987725451 1409472655.93
0.242 0.976650370826 0.0305440752748 27.7317333333 0.826266666667 0.826266666667 0 0 0.634823347085 1409472656.58
0.218 0.977524133672 0.0292025777915 26.9241333333 0.839955555556 0.839955555556 0 0 0.650892336155 1409472657.24
0.202 0.980160251437 0.0374232308905 25.0813777778 0.861288888889 0.861288888889 0 0 0.667221731669 1409472657.94
0.25 0.979082447473 0.0372558542493 24.4182222222 0.872533333333 0.872533333333 0 0 0.661494145615 1409472658.49
0.216 0.976271228988 0.0412208747835 23.5931555556 0.8832 0.8832 0 0 0.672242457822 1409472659.11
0.267 0.974483273177 0.0454040596901 22.7376 0.889866666667 0.889866666667 0 0 0.670838785217 1409472659.69
0.252 0.971266441043 0.0479210945087 20.7425777778 0.906044444444 0.100533333333 105 69.0233180523 0.651225389817 1409472660.32
0.242 0.967971024203 0.0441309192491 20.6048 0.908711111111 0.271066666667 105 69.0233180523 0.649190895304 1409472661.2
0.283 0.96848065375 0.0449455111492 20.7784444444 0.911066666667 0.295288888889 105 69.0233180523 0.647518766902 1409472661.8
0.271 0.970951538961 0.0470970059416 20.7332888889 0.914444444444 0.334177777778 105 69.0233180523 0.651066873024 1409472662.41
0.281 0.971525992175 0.0476043294905 20.6425333333 0.917555555556 0.376533333333 105 69.0233180523 0.61645921475 1409472662.98
0.318 0.970666566189 0.0521513207756 20.3882222222 0.922888888889 0.407066666667 105 69.0233180523 0.627943473635 1409472663.55
0.338 0.968167748293 0.0464031247137 19.8038666667 0.930088888889 0.439777777778 105 69.0233180523 0.598748373622 1409472664.19
0.34 0.968501767425 0.0485012559465 19.3784444444 0.938355555556 0.456933333333 105 69.0233180523 0.601835270999 1409472664.92
0.31 0.969513276166 0.0509681239174 19.1319111111 0.943733333333 0.4744 105 69.0233180523 0.610621698756 1409472665.59
0.297 0.968892238606 0.0491720439085 18.8112444444 0.948533333333 0.498488888889 105 69.0233180523 0.645671938416 1409472666.42
0.28 0.96979604033 0.0505812149859 18.7183555556 0.951244444444 0.517777777778 105 69.0233180523 0.640900371666 1409472667.28
0.275 0.968890225483 0.0508879150156 18.9246222222 0.951466666667 0.532355555556 105 69.0233180523 0.64411372954 1409472668.14
0.282 0.967297044385 0.0465224357487 18.9738666667 0.952 0.551022222222 105 69.0233180523 0.623967579716 1409472668.78
0.296 0.968396690881 0.0465805434121 19.0752888889 0.953022222222 0.566133333333 105 69.0233180523 0.600553131478 1409472669.42
0.28 0.969833146242 0.0495835729392 18.9361333333 0.955955555556 0.5808 105 69.0233180523 0.599453323395 1409472670.05
0.267 0.970044678461 0.0434333464038 18.1792888889 0.957688888889 0.6168 105 69.0233180523 0.613484676469 1409472670.67
0.285 0.9713908618 0.044747689349 17.0307111111 0.964755555556 0.6468 105 69.0233180523 0.607022781181 1409472671.25
0.257 0.972016446505 0.0439697182891 16.1730666667 0.968755555556 0.678755555556 105 69.0233180523 0.61654626941 1409472672.0
0.253 0.972429892246 0.044525288143 14.6608888889 0.980933333333 0.709288888889 105 69.0233180523 0.595070419473 1409472672.67
0.264 0.972336788278 0.0389984593011 13.8228 0.988444444444 0.731555555556 105 69.0233180523 0.590121824014 1409472673.27
0.28 0.973925473159 0.0364481336333 13.3695111111 0.990711111111 0.751244444444 105 69.0233180523 0.583448658022 1409472673.86
0.234 0.976630072098 0.0391143183789 13.3428888889 0.993377777778 0.764933333333 105 69.0233180523 0.623657337244 1409472674.45
0.238 0.976894123789 0.0412198889536 13.4551111111 0.996266666667 0.776711111111 105 69.0233180523 0.64571673957 1409472675.05
0.249 0.974703188735 0.0356922688979 13.1774222222 0.999511111111 0.793422222222 105 69.0233180523 0.638322513082 1409472675.63
0.244 0.975527724901 0.0360808989669 13.0782222222 0.999511111111 0.810133333333 105 69.0233180523 0.626810594507 1409472676.21
0.253 0.976270985789 0.0333315861229 13.1085333333 0.999777777778 0.822133333333 105 69.0233180523 0.640099218723 1409472676.96
0.255 0.978115380107 0.0307394571697 13.4808888889 0.999777777778 0.825644444444 105 69.0233180523 0.649149484228 1409472677.62
0.237 0.979889781774 0.0248686002591 13.7894666667 0.999777777778 0.832488888889 105 69.0233180523 0.666659699995 1409472678.46
0.217 0.982821405592 0.0239843308662 14.0181777778 0.999777777778 0.838044444444 105 69.0233180523 0.661192467176 1409472679.18
0.223 0.984808744189 0.0250264576991 14.7544 0.999777777778 0.838044444444 105 69.0233180523 0.689068215882 1409472679.77
0.208 0.985196926139 0.0177432688764 15.1859555556 0.999777777778 0.842933333333 105 69.0233180523 0.676414404203 1409472680.35
0.2 0.987270797204 0.0143743870554 15.8655555556 0.999777777778 0.843688888889 105 69.0233180523 0.689667806134 1409472680.93
0.172 0.990251304555 0.0138706560493 16.3262222222 0.999777777778 0.846888888889 105 69.0233180523 0.693878695065 1409472681.58
0.153 0.992098540868 0.0132528443249 16.9738666667 0.999777777778 0.848355555556 105 69.0233180523 0.7125542045 1409472682.08
0.141 0.992510894196 0.011818849786 17.6212888889 0.999777777778 0.850844444444 105 69.0233180523 0.716306181225 1409472682.56
0.161 0.992884507573 0.0128190481386 18.2227555556 0.999777777778 0.852133333333 105 69.0233180523 0.732289206856 1409472683.1
0.167 0.992491717132 0.0147690323826 18.6161777778 0.999777777778 0.856933333333 105 69.0233180523 0.732686200386 1409472683.65
0.161 0.990964589828 0.0110262961375 18.9188444444 0.999777777778 0.862533333333 105 69.0233180523 0.705228290145 1409472684.28
0.136 0.991276406351 0.0103519900991 19.4756 0.999777777778 0.865555555556 105 69.0233180523 0.715225359067 1409472684.88
0.155 0.992943453023 0.0102837004065 19.9133333333 0.999777777778 0.867244444444 105 69.0233180523 0.723702122727 1409472685.42
0.139 0.994880319142 0.00863170175463 20.3634666667 0.999777777778 0.869688888889 105 69.0233180523 0.772087895574 1409472685.94
0.137 0.995407345463 0.00596339546601 20.7212 0.999777777778 0.874355555556 105 69.0233180523 0.75499846311 1409472686.41
0.127 0.996444869715 0.00625704471664 21.4425333333 0.999777777778 0.874844444444 105 69.0233180523 0.767133637044 1409472687.1
0.156 0.996882504131 0.0059736861657 21.9101777778 0.999777777778 0.879022222222 105 69.0233180523 0.772612834732 1409472687.7
0.141 0.99694832635 0.00892907286491 22.4047111111 0.999777777778 0.881066666667 105 69.0233180523 0.791056316662 1409472688.39
0.142 0.995894022317 0.0111943199985 22.4363111111 0.999777777778 0.886844444444 105 69.0233180523 0.750470445759 1409472689.15
0.153 0.994288691247 0.00804274339594 22.5385333333 0.999777777778 0.896533333333 105 69.0233180523 0.745398661529 1409472689.67
0.142 0.994054127994 0.00567180429304 22.8510666667 0.999777777778 0.0235111111111 76.0 49.5590366125 0.763473682031 1409472690.28
0.142 0.995502413516 0.00762881490781 23.324 0.999777777778 0.131777777778 76.0 49.5590366125 0.771065030961 1409472690.8
0.135 0.996246660255 0.00987835989199 23.8739111111 0.999777777778 0.143511111111 76.0 49.5590366125 0.785118147936 1409472691.46
0.137 0.995440767555 0.00816633260566 23.8158222222 0.999777777778 0.168266666667 76.0 49.5590366125 0.7521102677 1409472692.03
0.168 0.995071925087 0.00614109978708 23.8417333333 0.999777777778 0.189022222222 76.0 49.5590366125 0.729466843665 1409472692.54
0.163 0.996019872448 0.00764065234093 23.8735555556 0.999777777778 0.2092 76.0 49.5590366125 0.738806583757 1409472693.05
0.155 0.996538182155 0.00791338706622 24.1908444444 0.999777777778 0.230266666667 76.0 49.5590366125 0.753551953745 1409472693.59
0.132 0.996482198763 0.00647797571805 24.5888444444 0.999777777778 0.240533333333 76.0 49.5590366125 0.800343130633 1409472694.27
0.154 0.996532752153 0.00653664982041 25.1395111111 0.999777777778 0.251022222222 76.0 49.5590366125 0.813111490324 1409472694.77
0.17 0.996918147388 0.00586239358233 25.1630222222 0.999777777778 0.273733333333 76.0 49.5590366125 0.807933233571 1409472695.36
0.172 0.997248825751 0.00684146398936 24.8669333333 0.999777777778 0.301644444444 76.0 49.5590366125 0.789619202747 1409472695.95
0.189 0.997164993512 0.00928782854186 25.0659555556 0.999777777778 0.319377777778 76.0 49.5590366125 0.809570770546 1409472696.5
0.207 0.996190733752 0.00714705451352 25.2842222222 0.999777777778 0.3364 76.0 49.5590366125 0.787356923818 1409472697.19
0.173 0.995554796127 0.00513864416634 25.6836888889 0.999777777778 0.348444444444 76.0 49.5590366125 0.78197448014 1409472697.85
0.15 0.996429306866 0.00651631514681 26.0238666667 0.999777777778 0.363155555556 76.0 49.5590366125 0.814743054006 1409472698.44
0.18 0.996790220876 0.0089921492988 26.342 0.999777777778 0.377955555556 76.0 49.5590366125 0.827884737263 1409472699.08
0.191 0.996452260449 0.0112716039152 26.5531555556 0.999777777778 0.392844444444 76.0 49.5590366125 0.839750347873 1409472699.75
0.196 0.995431152804 0.00896317083044 26.4570222222 0.999777777778 0.414088888889 76.0 49.5590366125 0.835905940508 1409472700.45
0.195 0.994703682575 0.00834392720903 26.6499555556 0.999777777778 0.428266666667 76.0 49.5590366125 0.822054282479 1409472701.03
0.185 0.995050426665 0.0161483159192 26.9389777778 0.999777777778 0.440044444444 76.0 49.5590366125 0.809852551301 1409472701.56
0.213 0.993107694929 0.0139403976239 27.5823555556 0.999777777778 0.442444444444 76.0 49.5590366125 0.797009931274 1409472702.18
0.181 0.991806027757 0.0117565644748 28.2287111111 0.999777777778 0.443866666667 76.0 49.5590366125 0.766612482316 1409472702.77
0.17 0.992538705111 0.0121355509369 28.8756444444 0.999777777778 0.444711111111 76.0 49.5590366125 0.746960235755 1409472703.28
0.204 0.993628054506 0.012646410032 29.3944444444 0.999777777778 0.448755555556 76.0 49.5590366125 0.746060224592 1409472703.83
0.211 0.993880174534 0.0128154971909 29.9230666667 0.999777777778 0.453644444444 76.0 49.5590366125 0.760098532705 1409472704.41
0.198 0.99394645568 0.0150356616937 30.3836888889 0.999777777778 0.459511111111 76.0 49.5590366125 0.774185841568 1409472705.0
0.186 0.993529407753 0.0153534911067 30.8490666667 0.999777777778 0.465066666667 76.0 49.5590366125 0.783259737217 1409472705.85
0.164 0.992252355024 0.0164525814025 31.2093777778 0.999777777778 0.474355555556 76.0 49.5590366125 0.779210239637 1409472706.51
0.193 0.990119090432 0.0165532231478 31.2973333333 0.999777777778 0.487955555556 76.0 49.5590366125 0.758302292029 1409472707.07
0.207 0.989174464305 0.0177593559169 31.3628888889 0.999777777778 0.500977777778 76.0 49.5590366125 0.745175043805 1409472707.61
0.189 0.988841462171 0.0210751890794 31.5873777778 0.999777777778 0.509911111111 76.0 49.5590366125 0.738387001286 1409472708.18
0.208 0.98806602208 0.0231750931147 31.8300444444 0.999777777778 0.519377777778 76.0 49.5590366125 0.713745772365 1409472708.77
0.2 0.986444700272 0.0226323944925 31.9518666667 0.999777777778 0.531911111111 76.0 49.5590366125 0.724431893984 1409472709.39
0.207 0.98548264666 0.0261144587722 31.9355111111 0.999777777778 0.545822222222 76.0 49.5590366125 0.732470985389 1409472710.04
0.229 0.983469403373 0.0276016371451 31.7590666667 0.999777777778 0.563333333333 76.0 49.5590366125 0.716703031862 1409472710.65
0.239 0.981941318713 0.0348368578176 31.0905777778 0.999777777778 0.588977777778 76.0 49.5590366125 0.661566240114 1409472711.38
0.256 0.978877769535 0.0357315759221 30.0315555556 0.999777777778 0.615955555556 76.0 49.5590366125 0.605571204305 1409472712.0
0.249 0.976750197077 0.0312872397366 29.9354666667 0.999777777778 0.6292 76.0 49.5590366125 0.636052584928 1409472712.71
0.278 0.977367483947 0.0302503183076 28.5852 0.999777777778 0.653466666667 76.0 49.5590366125 0.634414564114 1409472713.35
0.242 0.980064338405 0.0345247518948 28.3165777778 0.999777777778 0.664311111111 76.0 49.5590366125 0.649182097726 1409472713.93
0.242 0.979754904188 0.0377091836531 27.9175111111 0.999777777778 0.6768 76.0 49.5590366125 0.662489814999 1409472714.51
0.226 0.977672792309 0.0371266444814 27.7940888889 1.0 0.683866666667 76.0 49.5590366125 0.685277157461 1409472715.11
0.196 0.975161047359 0.0352306731831 28.2102222222 1.0 0.686444444444 76.0 49.5590366125 0.689530822457 1409472715.68
0.242 0.974937864024 0.0317083026491 28.5568 1.0 0.688 76.0 49.5590366125 0.694416418712 1409472716.35
0.236 0.977650927884 0.0321913724865 28.9876 1.0 0.688844444444 76.0 49.5590366125 0.701685634309 1409472716.9
0.235 0.979427266397 0.037451103975 29.4374222222 1.0 0.689066666667 76.0 49.5590366125 0.698613222556 1409472717.51
0.239 0.979069025794 0.0370141064293 29.6211555556 1.0 0.690533333333 76.0 49.5590366125 0.690639419909 1409472718.09
0.228 0.977329657602 0.0356584819102 29.7185777778 1.0 0.693022222222 76.0 49.5590366125 0.680130324869 1409472718.7
0.256 0.97601682701 0.0373410689823 29.7116888889 1.0 0.697733333333 76.0 49.5590366125 0.669691943855 1409472719.28
0.227 0.975486413446 0.039890821238 29.16 1.0 0.7124 76.0 49.5590366125 0.649128340541 1409472719.97
0.23 0.974410466585 0.0401538511633 29.3036444444 1.0 0.718266666667 76.0 49.5590366125 0.651868590882 1409472720.72
0.222 0.974631270251 0.0426881282379 29.1842666667 1.0 0.727688888889 76.0 49.5590366125 0.639818391408 1409472721.41
0.22 0.973655089241 0.0380864227263 28.1665333333 1.0 0.744088888889 76.0 49.5590366125 0.622830207106 1409472722.07
0.257 0.975232549564 0.0350237460889 27.2817777778 1.0 0.762266666667 76.0 49.5590366125 0.62635618732 1409472722.78
0.234 0.977518069925 0.0363173430309 27.3528888889 1.0 0.768977777778 76.0 49.5590366125 0.65924902248 1409472723.37
0.268 0.979397490677 0.0332849752333 26.7713333333 1.0 0.781777777778 76.0 49.5590366125 0.641351824946 1409472724.08
0.265 0.979154513531 0.03855820901 25.5018666667 1.0 0.804622222222 76.0 49.5590366125 0.650926650595 1409472724.93
0.25 0.977805304842 0.0382041119203 24.8028888889 1.0 0.817333333333 76.0 49.5590366125 0.657267499582 1409472725.68
0.258 0.976422942273 0.0377713212812 24.3535111111 1.0 0.826488888889 76.0 49.5590366125 0.664391378859 1409472726.47
0.255 0.975097251348 0.0397549917663 24.1504 1.0 0.834711111111 76.0 49.5590366125 0.671778263459 1409472727.39
0.246 0.974461854847 0.0366202955957 22.8035111111 1.0 0.852 76.0 49.5590366125 0.657133352254 1409472728.32
0.256 0.97642419797 0.0380282341528 21.8042222222 1.0 0.869333333333 76.0 49.5590366125 0.661923312037 1409472729.12
0.229 0.977520313281 0.0365054476333 19.7634222222 1.0 0.8932 76.0 49.5590366125 0.654121642089 1409472729.79
0.264 0.978252698719 0.0352791270095 17.7337777778 1.0 0.201644444444 69.5 44.7123277783 0.634328502061 1409472730.51
0.266 0.978608139188 0.0396518092812 16.7485777778 1.0 0.272977777778 69.5 44.7123277783 0.640756522158 1409472731.28
0.249 0.977324994914 0.0410395686707 16.4993777778 1.0 0.291244444444 69.5 44.7123277783 0.651477172174 1409472732.05
0.282 0.974662559441 0.042751919488 15.4245333333 1.0 0.331955555556 69.5 44.7123277783 0.638444511566 1409472732.91
0.256 0.971716745622 0.0383618866587 14.2321333333 1.0 0.372044444444 69.5 44.7123277783 0.633232572237 1409472733.71
0.279 0.972684946631 0.0395950791775 13.9729333333 1.0 0.3964 69.5 44.7123277783 0.644153805516 1409472734.44
0.268 0.973530023127 0.0434466244761 14.1058666667 1.0 0.411111111111 69.5 44.7123277783 0.658420290418 1409472735.05
0.261 0.973770769929 0.0428892499761 13.2296444444 1.0 0.440044444444 69.5 44.7123277783 0.661439398419 1409472735.76
0.275 0.973299015325 0.042244943057 13.1744 1.0 0.462177777778 69.5 44.7123277783 0.64912911816 1409472736.69
0.242 0.973325666054 0.0429441627971 13.5466222222 1.0 0.476488888889 69.5 44.7123277783 0.650393555586 1409472737.61
0.261 0.97258506739 0.0400658051857 13.8484444444 1.0 0.492533333333 69.5 44.7123277783 0.656235922114 1409472738.25
0.264 0.973107173212 0.0427542045106 13.6164444444 1.0 0.5112 69.5 44.7123277783 0.623722817037 1409472738.85
0.27 0.973255532347 0.0392395335866 13.2804 1.0 0.532222222222 69.5 44.7123277783 0.619542005952 1409472739.46
0.248 0.974554131387 0.0376366307897 13.1828 1.0 0.554133333333 69.5 44.7123277783 0.628563340519 1409472740.19
0.28 0.975996098247 0.037730941101 12.9494222222 1.0 0.582355555556 69.5 44.7123277783 0.616887083031 1409472740.8
0.318 0.976924658791 0.0345748291529 13.0609333333 1.0 0.599111111111 69.5 44.7123277783 0.629383169558 1409472741.61
0.304 0.977927035511 0.0395860312348 13.0215555556 1.0 0.622666666667 69.5 44.7123277783 0.612754877631 1409472742.33
0.294 0.976712894931 0.0406321502541 12.626 1.0 0.651777777778 69.5 44.7123277783 0.613422086012 1409472743.09
0.292 0.974705374666 0.0401973851979 12.7332444444 1.0 0.667466666667 69.5 44.7123277783 0.626136777373 1409472743.75
0.296 0.973334120829 0.0356627132396 12.5292888889 1.0 0.683555555556 69.5 44.7123277783 0.613587195932 1409472744.39
0.277 0.975685705183 0.0382497869793 12.9874666667 1.0 0.685955555556 69.5 44.7123277783 0.64400571209 1409472745.22
0.25 0.976860603018 0.0316246920116 13.4160888889 1.0 0.693244444444 69.5 44.7123277783 0.639392206915 1409472746.02
0.246 0.979389416581 0.0276333243677 13.8111111111 1.0 0.700533333333 69.5 44.7123277783 0.667596181833 1409472746.6
0.262 0.982307679297 0.0231396646251 14.1670666667 1.0 0.709111111111 69.5 44.7123277783 0.676502175501 1409472747.29
0.231 0.985027922252 0.0206674755091 14.1658222222 1.0 0.724533333333 69.5 44.7123277783 0.69397467976 1409472748.09
0.259 0.986941719579 0.0229649176996 14.1556888889 1.0 0.736888888889 69.5 44.7123277783 0.709550868292 1409472748.62
0.248 0.986993986974 0.0197034756155 14.5084 1.0 0.743555555556 69.5 44.7123277783 0.71888289468 1409472749.37
0.245 0.987150532163 0.0181053189149 14.7005777778 1.0 0.7464 69.5 44.7123277783 0.700417251629 1409472750.01
0.272 0.988741170698 0.0207255509532 14.8844888889 1.0 0.753822222222 69.5 44.7123277783 0.709651131268 1409472750.74
0.252 0.989128991982 0.0279904518515 15.27 1.0 0.759866666667 69.5 44.7123277783 0.709683602352 1409472751.45
0.26 0.987003133628 0.0271744880518 15.5569333333 1.0 0.764488888889 69.5 44.7123277783 0.702693539074 1409472752.23
0.251 0.984850402982 0.0261659966247 15.6360888889 1.0 0.767866666667 69.5 44.7123277783 0.694552459877 1409472752.85
0.257 0.983249612785 0.0274885081254 15.6173777778 1.0 0.778844444444 69.5 44.7123277783 0.706868164657 1409472753.44
0.253 0.982595467139 0.0331526463276 15.6842666667 1.0 0.789911111111 69.5 44.7123277783 0.718409124977 1409472754.1
0.262 0.980289854862 0.0388323915365 15.9821333333 1.0 0.7972 69.5 44.7123277783 0.740412268366 1409472754.92
0.279 0.97682927363 0.0320321707575 15.9497333333 1.0 0.810444444444 69.5 44.7123277783 0.728158868088 1409472755.62
0.226 0.977254994348 0.0243430568893 16.2925333333 1.0 0.815022222222 69.5 44.7123277783 0.695273173928 1409472756.4
0.245 0.982114648544 0.0229701582091 16.6724888889 1.0 0.819066666667 69.5 44.7123277783 0.698341697523 1409472757.07
0.234 0.985615208799 0.0247624299094 17.1701333333 1.0 0.8228 69.5 44.7123277783 0.711646605691 1409472757.85
0.26 0.986972797848 0.0261737004692 17.5031555556 1.0 0.827333333333 69.5 44.7123277783 0.687043090118 1409472758.54
0.201 0.986427926774 0.025380701309 17.9487111111 1.0 0.8296 69.5 44.7123277783 0.677779788839 1409472759.12
0.231 0.985758135465 0.0204897468976 18.2296 1.0 0.834577777778 69.5 44.7123277783 0.65417367271 1409472759.97
0.233 0.986445910994 0.0195954474193 17.9702222222 1.0 0.847911111111 69.5 44.7123277783 0.666330992053 1409472760.62
0.258 0.988133247603 0.0221282081021 18.2407111111 1.0 0.854577777778 69.5 44.7123277783 0.683809002586 1409472761.28
0.247 0.988318701726 0.0242190312055 18.2319555556 1.0 0.861022222222 69.5 44.7123277783 0.687941388316 1409472761.85
0.257 0.986326379092 0.0218689089986 17.95 1.0 0.876711111111 69.5 44.7123277783 0.670784278416 1409472762.55
0.241 0.985722806175 0.0180822651493 18.0382666667 1.0 0.887955555556 69.5 44.7123277783 0.673981679981 1409472763.25
0.228 0.987334436385 0.0174945544066 18.3690666667 1.0 0.8952 69.5 44.7123277783 0.699416463053 1409472763.81
0.212 0.989158025386 0.0192773582515 18.8194666667 1.0 0.00102222222222 58.75 39.6006412804 0.707019932408 1409472764.68
0.195 0.989083715083 0.017650799738 19.4770666667 1.0 0.197155555556 58.75 39.6006412804 0.695914557379 1409472765.44
0.202 0.989253628401 0.0153662427221 20.2389777778 1.0 0.211333333333 58.75 39.6006412804 0.696252956792 1409472765.97
0.198 0.989898670651 0.0159237481512 20.6972 1.0 0.2276 58.75 39.6006412804 0.701669976475 1409472766.47
0.168 0.990541875545 0.0128925506306 21.4913333333 1.0 0.229377777778 58.75 39.6006412804 0.726010497637 1409472766.97
0.168 0.991613714883 0.0122060130722 22.1537777778 1.0 0.236711111111 58.75 39.6006412804 0.732959603562 1409472767.59
0.13 0.992455314403 0.0116469318109 22.4976888889 1.0 0.249911111111 58.75 39.6006412804 0.744222416812 1409472768.12
0.186 0.992870756219 0.0115523152829 22.9740888889 1.0 0.257955555556 58.75 39.6006412804 0.735318328897 1409472768.6
0.142 0.992866497558 0.0142470172567 22.8804888889 1.0 0.274888888889 58.75 39.6006412804 0.7274705311 1409472769.14
0.128 0.99196304915 0.0136758742668 23.1747111111 1.0 0.283555555556 58.75 39.6006412804 0.716482517573 1409472769.91
0.098 0.991014418524 0.0108406901374 23.5246666667 1.0 0.290711111111 58.75 39.6006412804 0.718084035257 1409472770.65
0.122 0.99185373783 0.0120010485207 24.2418666667 1.0 0.292711111111 58.75 39.6006412804 0.751606627633 1409472771.29
0.119 0.992513358004 0.012674542349 25.0533777778 1.0 0.293555555556 58.75 39.6006412804 0.770522960595 1409472771.79
0.121 0.99268300589 0.0121603688624 25.8393777778 1.0 0.294444444444 58.75 39.6006412804 0.79138421862 1409472772.4
0.126 0.992171418502 0.0122213218309 26.628 1.0 0.294933333333 58.75 39.6006412804 0.790092996585 1409472772.9
0.113 0.99183269805 0.0116729992749 27.4542222222 1.0 0.295377777778 58.75 39.6006412804 0.788416022649 1409472773.38
0.099 0.991940474425 0.0123938036856 27.9197333333 1.0 0.300488888889 58.75 39.6006412804 0.782180404647 1409472773.99
0.115 0.99187173827 0.0132624512496 28.6636 1.0 0.302177777778 58.75 39.6006412804 0.792195153127 1409472774.53
0.097 0.991695968311 0.0144252043293 28.9616888889 1.0 0.309288888889 58.75 39.6006412804 0.782641903334 1409472775.08
0.117 0.990722933957 0.0159675931801 29.5468 1.0 0.3136 58.75 39.6006412804 0.794953954611 1409472775.59
0.151 0.989618931488 0.0187463357617 30.1684444444 1.0 0.317866666667 58.75 39.6006412804 0.827841020614 1409472776.12
0.155 0.987585764607 0.019289491077 30.2072 1.0 0.342533333333 58.75 39.6006412804 0.784211131485 1409472776.66
0.192 0.986621310277 0.0198990683029 30.4078666667 1.0 0.3608 58.75 39.6006412804 0.762049115696 1409472777.39
0.203 0.986496185397 0.0223052553716 30.5985333333 1.0 0.380177777778 58.75 39.6006412804 0.730246821544 1409472778.01
0.182 0.98571316167 0.0213591825232 30.6718222222 1.0 0.402311111111 58.75 39.6006412804 0.696635639957 1409472778.6
0.214 0.986225788475 0.0219127319493 30.8490666667 1.0 0.421377777778 58.75 39.6006412804 0.671914330578 1409472779.13
0.205 0.986067034855 0.0201998425585 30.6104888889 1.0 0.450622222222 58.75 39.6006412804 0.655966946363 1409472779.7
0.233 0.98678534742 0.0183431912169 30.7588 1.0 0.463644444444 58.75 39.6006412804 0.696025621511 1409472780.2
0.233 0.988072335469 0.0202060992042 30.5419111111 1.0 0.484177777778 58.75 39.6006412804 0.708871830602 1409472780.79
0.213 0.98882396135 0.0181980161134 30.3291555556 1.0 0.503066666667 58.75 39.6006412804 0.716165013181 1409472781.39
0.23 0.988936490065 0.0162247028715 30.3330222222 1.0 0.517688888889 58.75 39.6006412804 0.695963837353 1409472781.97
0.233 0.990072805967 0.012384498034 30.3535111111 1.0 0.532266666667 58.75 39.6006412804 0.694783002533 1409472782.49
0.2 0.99182299378 0.0114736087196 30.5555555556 1.0 0.544711111111 58.75 39.6006412804 0.697150569995 1409472783.06
0.199 0.993575445516 0.0141413987289 30.8894222222 1.0 0.551822222222 58.75 39.6006412804 0.712196898875 1409472783.82
0.213 0.993237454471 0.0181366101604 30.9377333333 1.0 0.564711111111 58.75 39.6006412804 0.709567315366 1409472784.46
0.22 0.991106745721 0.0138483759003 30.6679111111 1.0 0.583466666667 58.75 39.6006412804 0.694151228338 1409472784.99
0.236 0.99034310304 0.0133250016751 29.9176888889 1.0 0.608133333333 58.75 39.6006412804 0.692164635015 1409472785.66
0.208 0.990909224331 0.0129770484373 30.0900444444 1.0 0.617822222222 58.75 39.6006412804 0.715470815658 1409472786.47
0.21 0.992072755769 0.0141362874284 30.4334222222 1.0 0.625511111111 58.75 39.6006412804 0.724009578789 1409472787.03
0.195 0.992716860111 0.0129628913795 30.3668444444 1.0 0.639288888889 58.75 39.6006412804 0.713259200004 1409472787.59
0.222 0.992894522062 0.0145861297317 30.4851111111 1.0 0.651555555556 58.75 39.6006412804 0.702118354349 1409472788.23
0.224 0.991971871064 0.0127600894485 30.6418666667 1.0 0.662488888889 58.75 39.6006412804 0.696758952653 1409472788.96
0.211 0.991997475524 0.0128619918252 30.4429333333 1.0 0.678266666667 58.75 39.6006412804 0.676608641374 1409472789.79
0.198 0.992378313716 0.0118458271562 30.7235111111 1.0 0.6852 58.75 39.6006412804 0.694906290463 1409472790.46
0.197 0.993171750646 0.0100305806441 30.562 1.0 0.701688888889 58.75 39.6006412804 0.716374896851 1409472791.13
0.2 0.994610062528 0.0130802407755 30.9184444444 1.0 0.709244444444 58.75 39.6006412804 0.755441348288 1409472791.68
0.18 0.993870741355 0.0149105331645 31.6139111111 1.0 0.709911111111 58.75 39.6006412804 0.752532030172 1409472792.24
0.197 0.991962591456 0.0106374297156 31.8816888889 1.0 0.714577777778 58.75 39.6006412804 0.717458402531 1409472792.96
0.164 0.992447137191 0.00799087759136 31.9172444444 1.0 0.721422222222 58.75 39.6006412804 0.711318170408 1409472793.76
0.193 0.99466267068 0.0143041159219 31.6319555556 1.0 0.735066666667 58.75 39.6006412804 0.730132732304 1409472794.46
0.184 0.994039005259 0.0207105942826 31.9748888889 1.0 0.737422222222 58.75 39.6006412804 0.724276922015 1409472795.06
0.177 0.992264747567 0.0225713365413 31.9545333333 1.0 0.744222222222 58.75 39.6006412804 0.712272327218 1409472795.55
0.208 0.989463946952 0.0182843430079 31.8047111111 1.0 0.754311111111 58.75 39.6006412804 0.711926736772 1409472796.14
0.195 0.987745188767 0.0156042859923 31.0207555556 1.0 0.771111111111 58.75 39.6006412804 0.708821508891 1409472796.75
0.227 0.988818280747 0.0152623969528 30.9915111111 1.0 0.779288888889 58.75 39.6006412804 0.712560412562 1409472797.33
0.162 0.990661898575 0.0134261812861 31.1239555556 1.0 0.785066666667 58.75 39.6006412804 0.744187092894 1409472798.14
0.164 0.992353067726 0.0125559778906 31.5146666667 1.0 0.787066666667 58.75 39.6006412804 0.779971608749 1409472798.73
0.19 0.993589854521 0.0120136292257 31.8686222222 1.0 0.788888888889 58.75 39.6006412804 0.772276313572 1409472799.33
0.196 0.99391129803 0.0133648338383 32.304 1.0 0.791244444444 58.75 39.6006412804 0.772646741529 1409472799.84
0.205 0.992889544738 0.0119951804692 32.6576888889 1.0 0.794088888889 58.75 39.6006412804 0.754639986004 1409472800.36
0.197 0.992109949991 0.0111075312696 32.6761333333 1.0 0.800977777778 58.75 39.6006412804 0.746698724539 1409472800.91
0.161 0.992303298497 0.0121975314471 31.9544888889 1.0 0.816488888889 58.75 39.6006412804 0.760658368359 1409472801.55
0.162 0.992851640009 0.0123308382842 31.4279555556 1.0 0.830222222222 58.75 39.6006412804 0.767791500016 1409472802.11
0.146 0.992820301441 0.010724953127 30.8094666667 1.0 0.8448 58.75 39.6006412804 0.783259941541 1409472802.69
0.165 0.993621738884 0.00673265454139 31.202 1.0 0.849333333333 58.75 39.6006412804 0.786663840315 1409472803.46
0.164 0.995665556804 0.00554441214379 31.9086666667 1.0 0.850088888889 58.75 39.6006412804 0.791365364358 1409472804.13
0.145 0.997200393771 0.00625571751278 32.3047111111 1.0 0.853422222222 58.75 39.6006412804 0.807952039715 1409472804.74
0.143 0.99746249706 0.0056884531389 32.7596 1.0 0.8556 58.75 39.6006412804 0.826670946438 1409472805.29
0.13 0.997114270425 0.00541970464541 32.6026222222 1.0 0.8608 58.75 39.6006412804 0.795026501426 1409472805.87
0.155 0.996902933834 0.00534784450533 33.0583555556 1.0 0.863288888889 58.75 39.6006412804 0.797183814794 1409472806.37
0.151 0.996862246558 0.00844231209378 32.9924888889 1.0 0.866311111111 58.75 39.6006412804 0.788847569898 1409472806.95
0.131 0.995752000201 0.0107564838107 32.9979111111 1.0 0.8676 58.75 39.6006412804 0.780947758375 1409472807.58
0.133 0.993898037914 0.012969360357 32.6847111111 1.0 0.876044444444 58.75 39.6006412804 0.735457959462 1409472808.08
0.149 0.991132774578 0.0157496127103 32.4853777778 1.0 0.878133333333 58.75 39.6006412804 0.712157790355 1409472808.63
0.168 0.988591950828 0.015515638919 32.8863555556 1.0 0.879511111111 58.75 39.6006412804 0.709039329956 1409472809.15
0.15 0.988222222375 0.0171323640844 33.5011555556 1.0 0.879822222222 58.75 39.6006412804 0.705582624029 1409472809.66
0.176 0.988581379986 0.0181161584205 33.2345333333 1.0 0.887511111111 58.75 39.6006412804 0.74018196589 1409472810.26
0.149 0.988662162271 0.022814701593 33.4465777778 1.0 0.889866666667 58.75 39.6006412804 0.750310688097 1409472810.8
0.143 0.987406294837 0.0215702824422 33.3493333333 1.0 0.892311111111 58.75 39.6006412804 0.763440835431 1409472811.36
0.117 0.986087140638 0.0253091401497 32.8379555556 1.0 0.898933333333 58.75 39.6006412804 0.783503403037 1409472812.13
0.144 0.984046989076 0.0291140103175 32.8812444444 1.0 0.0235555555556 69.375 43.8711656481 0.801688805983 1409472812.9
0.14 0.982025224245 0.0317618483981 32.6715555556 1.0 0.150755555556 69.375 43.8711656481 0.783166591208 1409472813.77
0.151 0.980460160145 0.0323971227431 32.124 1.0 0.1776 69.375 43.8711656481 0.775269866187 1409472814.54
0.178 0.978617056178 0.0303535395953 31.8061777778 1.0 0.202444444444 69.375 43.8711656481 0.765824786028 1409472815.07
0.174 0.978599422893 0.0320417328186 31.9806222222 1.0 0.217377777778 69.375 43.8711656481 0.76082205767 1409472815.7
0.187 0.979603410477 0.0348580989178 31.9764 1.0 0.233733333333 69.375 43.8711656481 0.752507351904 1409472816.33
0.161 0.978848372671 0.0385697447579 31.9922666667 1.0 0.247955555556 69.375 43.8711656481 0.718848212857 1409472816.99
0.227 0.975479583495 0.0374262055431 30.7428 1.0 0.278444444444 69.375 43.8711656481 0.664678286494 1409472817.55
0.206 0.973838087463 0.0343855664926 29.7761333333 1.0 0.3004 69.375 43.8711656481 0.641731769013 1409472818.09
0.204 0.975894143555 0.0318720648306 29.47 1.0 0.315866666667 69.375 43.8711656481 0.6682195585 1409472818.63
0.206 0.979039829412 0.0325082554654 29.0984444444 1.0 0.333911111111 69.375 43.8711656481 0.669188147326 1409472819.26
0.218 0.980563244736 0.0355245755986 27.7770222222 1.0 0.362755555556 69.375 43.8711656481 0.682379080028 1409472819.93
0.214 0.979655381776 0.0316287582521 26.6300444444 1.0 0.391555555556 69.375 43.8711656481 0.652806191542 1409472820.51
0.228 0.979280156342 0.0260113127847 25.6027555556 1.0 0.418577777778 69.375 43.8711656481 0.636287642554 1409472821.11
0.247 0.981439173307 0.0265080407506 25.0357777778 1.0 0.438266666667 69.375 43.8711656481 0.640666325507 1409472821.73
0.218 0.983859196088 0.0285158776216 23.9592888889 1.0 0.463155555556 69.375 43.8711656481 0.647622336601 1409472822.24
0.22 0.984347447966 0.0321045446374 23.4371111111 1.0 0.485333333333 69.375 43.8711656481 0.649144394012 1409472822.77
0.204 0.982334203404 0.0330737483281 22.6711111111 1.0 0.512444444444 69.375 43.8711656481 0.652040723651 1409472823.33
0.22 0.979421708592 0.0402629800129 22.1956444444 1.0 0.536088888889 69.375 43.8711656481 0.638581480588 1409472823.98
0.254 0.97599344465 0.0405841670774 21.0359111111 1.0 0.574 69.375 43.8711656481 0.616463175021 1409472824.6
0.28 0.974717706093 0.0396250485218 20.2178666667 1.0 0.603822222222 69.375 43.8711656481 0.63081266013 1409472825.22
0.263 0.974136822092 0.0374340284053 18.9707111111 1.0 0.643866666667 69.375 43.8711656481 0.638507566738 1409472826.03
0.266 0.974997350593 0.046843486817 18.4972888889 1.0 0.672044444444 69.375 43.8711656481 0.634913512984 1409472826.89
0.246 0.972873134676 0.0513501608626 17.8254222222 1.0 0.703377777778 69.375 43.8711656481 0.635053191693 1409472827.63
0.278 0.9679767331 0.047600096734 15.6250222222 1.0 0.762888888889 69.375 43.8711656481 0.595787676221 1409472828.23
0.295 0.966560038494 0.0338292881453 14.3274666667 1.0 0.799511111111 69.375 43.8711656481 0.598068959385 1409472828.85
0.309 0.971429431215 0.0326658752053 12.7055111111 1.0 0.836266666667 69.375 43.8711656481 0.626152348738 1409472829.51
0.35 0.977385624505 0.0336817996146 11.6956 1.0 0.870222222222 69.375 43.8711656481 0.633368106518 1409472830.11
0.275 0.980938725507 0.0355272784752 11.3822666667 1.0 0.887688888889 69.375 43.8711656481 0.670821263124 1409472830.8
0.272 0.980959626326 0.031400516184 10.5585333333 1.0 0.192044444444 49.1875 31.1539173797 0.681715660464 1409472831.5
0.259 0.981688253965 0.0360829198967 10.4121333333 1.0 0.299244444444 49.1875 31.1539173797 0.69298809984 1409472832.16
0.231 0.980135616568 0.0319390532419 10.1639111111 1.0 0.329822222222 49.1875 31.1539173797 0.711625121755 1409472832.74
0.235 0.979622825962 0.0308637959049 9.53955555556 1.0 0.373066666667 49.1875 31.1539173797 0.69916400195 1409472833.36
0.26 0.980294043886 0.031336325399 8.97195555556 1.0 0.431955555556 49.1875 31.1539173797 0.681465298706 1409472834.13
0.223 0.980818128556 0.0296954792552 8.86755555556 1.0 0.473466666667 49.1875 31.1539173797 0.670769469492 1409472834.73
0.273 0.981265130692 0.0341597675214 8.48937777778 1.0 0.525244444444 49.1875 31.1539173797 0.643200461395 1409472835.35
0.242 0.980862449906 0.0283452265739 8.90733333333 1.0 0.541688888889 49.1875 31.1539173797 0.672490821795 1409472836.09
0.249 0.981408009811 0.0224746745643 9.2156 1.0 0.556311111111 49.1875 31.1539173797 0.666986141642 1409472836.97
0.223 0.984394641586 0.0221494537557 9.44488888889 1.0 0.573377777778 49.1875 31.1539173797 0.679634561146 1409472837.83
0.218 0.986969193952 0.0219059477735 9.8784 1.0 0.583333333333 49.1875 31.1539173797 0.703903834669 1409472838.67
0.21 0.987425080566 0.0155897992652 10.3712888889 1.0 0.594044444444 49.1875 31.1539173797 0.716329726299 1409472839.53
0.209 0.98922036632 0.0139185347828 10.9551555556 1.0 0.601511111111 49.1875 31.1539173797 0.72224624672 1409472840.25
0.204 0.989928516131 0.0118703742855 11.4524444444 1.0 0.615022222222 49.1875 31.1539173797 0.733691254178 1409472840.77
0.192 0.992532067678 0.00895631278681 12.074 1.0 0.623111111111 49.1875 31.1539173797 0.779216373656 1409472841.37
0.196 0.995209125128 0.00822726775931 12.7594222222 1.0 0.6292 49.1875 31.1539173797 0.786457205961 1409472841.88
0.167 0.996643004638 0.00938322049745 13.4042666667 1.0 0.633733333333 49.1875 31.1539173797 0.808045074297 1409472842.49
0.161 0.997376726336 0.0155705867278 13.8156444444 1.0 0.642577777778 49.1875 31.1539173797 0.784953487613 1409472843.0
0.135 0.996676265433 0.0174956212545 14.2397777778 1.0 0.650666666667 49.1875 31.1539173797 0.814470388003 1409472843.69
0.152 0.995515974134 0.0144983110546 14.7380888889 1.0 0.6556 49.1875 31.1539173797 0.822378850142 1409472844.27
0.14 0.994271144564 0.0128725660723 15.4918666667 1.0 0.656666666667 49.1875 31.1539173797 0.83135310863 1409472844.76
0.113 0.992284991381 0.0156831964809 16.0810666667 1.0 0.6612 49.1875 31.1539173797 0.821028358101 1409472845.35
0.159 0.989598650485 0.0208146535739 16.6672888889 1.0 0.668577777778 49.1875 31.1539173797 0.767436005222 1409472845.93
0.147 0.986308108975 0.0190620448785 17.2306666667 1.0 0.676 49.1875 31.1539173797 0.70067543851 1409472846.46
0.166 0.985251271253 0.0199118977419 17.7432444444 1.0 0.681066666667 49.1875 31.1539173797 0.674309885779 1409472846.95
0.161 0.986153432371 0.0231173162061 18.3376444444 1.0 0.684177777778 49.1875 31.1539173797 0.667864996281 1409472847.64
0.156 0.986431209701 0.0207003998352 19.0331555556 1.0 0.684488888889 49.1875 31.1539173797 0.672977697099 1409472848.32
0.156 0.986582554218 0.0164696054454 19.4296 1.0 0.687822222222 49.1875 31.1539173797 0.668048267368 1409472848.93
0.152 0.98852167781 0.012127281939 20.0839555556 1.0 0.688133333333 49.1875 31.1539173797 0.679588191775 1409472849.46
0.113 0.991456501246 0.0124801808587 20.8679555556 1.0 0.688133333333 49.1875 31.1539173797 0.697839865615 1409472850.0
0.141 0.992970342867 0.0118938187281 21.5811111111 1.0 0.688222222222 49.1875 31.1539173797 0.716287518251 1409472850.54
0.137 0.993558286172 0.00681900589198 22.2977333333 1.0 0.688222222222 49.1875 31.1539173797 0.770494324424 1409472851.08
0.122 0.995195015678 0.00473715980086 23.0948888889 1.0 0.688222222222 49.1875 31.1539173797 0.792628468105 1409472851.67
0.13 0.997186478012 0.00460762927342 23.6414222222 1.0 0.688222222222 49.1875 31.1539173797 0.800634927353 1409472852.16
0.098 0.998238692501 0.00575758613382 24.4444888889 1.0 0.688222222222 49.1875 31.1539173797 0.802003863866 1409472852.86
0.12 0.998063920902 0.00444771890669 24.9270666667 1.0 0.688222222222 49.1875 31.1539173797 0.802186178123 1409472853.42
0.132 0.997706031169 0.00316552243447 25.3088444444 1.0 0.688222222222 49.1875 31.1539173797 0.788211974114 1409472854.06
0.136 0.998120756508 0.00462915981296 25.7868888889 1.0 0.689777777778 49.1875 31.1539173797 0.80440281403 1409472854.58
0.119 0.997798188721 0.00635139142512 26.4716444444 1.0 0.689911111111 49.1875 31.1539173797 0.785280679971 1409472855.15
0.134 0.996813594853 0.0074743113295 27.0311555556 1.0 0.6936 49.1875 31.1539173797 0.797895310755 1409472855.88
0.155 0.995429440074 0.00480577487935 27.388 1.0 0.695288888889 49.1875 31.1539173797 0.760814004439 1409472856.44
0.121 0.995947056896 0.00474413843859 27.7973777778 1.0 0.697466666667 49.1875 31.1539173797 0.780499198673 1409472857.12
0.128 0.997081861882 0.00644350248542 28.0946666667 1.0 0.700044444444 49.1875 31.1539173797 0.778897326703 1409472857.64
0.149 0.997167087419 0.00829943544862 28.6925777778 1.0 0.702622222222 49.1875 31.1539173797 0.801644295852 1409472858.19
0.127 0.996128747696 0.00835426940529 29.1078222222 1.0 0.705955555556 49.1875 31.1539173797 0.769638246139 1409472858.85
0.133 0.995203648014 0.00721196420376 29.8484444444 1.0 0.706 49.1875 31.1539173797 0.7588418202 1409472859.59
0.107 0.994741968624 0.00651723299208 30.3403555556 1.0 0.7072 49.1875 31.1539173797 0.749338753418 1409472860.09
0.114 0.995149751866 0.00857272720031 31.0530222222 1.0 0.7072 49.1875 31.1539173797 0.720404777995 1409472860.56
0.103 0.995182403979 0.00604147295855 31.4497333333 1.0 0.7072 49.1875 31.1539173797 0.735851391436 1409472861.03
0.117 0.996204486498 0.00906046763281 32.0691555556 1.0 0.7072 49.1875 31.1539173797 0.780626771024 1409472861.51
0.13 0.995491345052 0.00945114585747 32.4368 1.0 0.7072 49.1875 31.1539173797 0.772179121531 1409472862.09
0.112 0.994153526575 0.00711136418893 32.8601333333 1.0 0.7072 49.1875 31.1539173797 0.757734915669 1409472862.62
0.15 0.993904589216 0.0094505308574 33.3937777778 1.0 0.7072 49.1875 31.1539173797 0.769594961306 1409472863.13
0.127 0.994056220454 0.0116358418294 34.1599555556 1.0 0.7072 49.1875 31.1539173797 0.766803488474 1409472863.64
0.158 0.993185563625 0.0115187881258 34.8252888889 1.0 0.7072 49.1875 31.1539173797 0.718334147008 1409472864.12
0.142 0.992379296487 0.00857319636686 35.3144888889 1.0 0.7072 49.1875 31.1539173797 0.723234667479 1409472864.59
0.147 0.993309740534 0.00647876333775 35.9264444444 1.0 0.7072 49.1875 31.1539173797 0.722924028309 1409472865.07
0.145 0.9954033155 0.00613987796755 36.5056888889 1.0 0.7072 49.1875 31.1539173797 0.758049325968 1409472865.81
0.14 0.996750410732 0.0071541489226 36.9534666667 1.0 0.707377777778 49.1875 31.1539173797 0.771142939236 1409472866.38
0.152 0.996857399245 0.00813763033106 37.4123555556 1.0 0.708533333333 49.1875 31.1539173797 0.777907577597 1409472866.89
0.163 0.995769805784 0.00989241304029 37.2531555556 1.0 0.714755555556 49.1875 31.1539173797 0.750176542648 1409472867.41
0.132 0.993930201157 0.00891188171813 36.7082666667 1.0 0.727733333333 49.1875 31.1539173797 0.719030961463 1409472868.11
0.16 0.993516684003 0.00974220818325 36.8749777778 1.0 0.732088888889 49.1875 31.1539173797 0.731832163584 1409472868.81
0.164 0.993681083841 0.0115276441015 37.1293777778 1.0 0.732088888889 49.1875 31.1539173797 0.733348146573 1409472869.26
0.142 0.993598500621 0.0128496498051 37.7728 1.0 0.732088888889 49.1875 31.1539173797 0.742826317506 1409472869.9
0.155 0.992373392528 0.0131221997499 38.1376 1.0 0.732977777778 49.1875 31.1539173797 0.717163261167 1409472870.46
0.143 0.991602970582 0.0134549508056 38.5356 1.0 0.736 49.1875 31.1539173797 0.719593957182 1409472871.04
0.126 0.991063649135 0.0173320103121 38.9251555556 1.0 0.739333333333 49.1875 31.1539173797 0.664206336228 1409472871.61
0.158 0.990767570886 0.0182296023295 39.1556 1.0 0.7424 49.1875 31.1539173797 0.639635171545 1409472872.21
0.169 0.990405126473 0.0214836778973 39.0173777778 1.0 0.748577777778 49.1875 31.1539173797 0.674171021499 1409472872.75
0.158 0.98798215657 0.0254443177155 39.0408888889 1.0 0.754533333333 49.1875 31.1539173797 0.638634035054 1409472873.49
0.207 0.984240324424 0.0199921250287 38.7994666667 1.0 0.760622222222 49.1875 31.1539173797 0.613072715924 1409472874.15
0.164 0.984343486119 0.0216269499287 38.4349333333 1.0 0.765244444444 49.1875 31.1539173797 0.609856081269 1409472874.74
0.17 0.985800428083 0.0237525124378 38.5235555556 1.0 0.767422222222 49.1875 31.1539173797 0.627726465575 1409472875.5
0.193 0.986023474279 0.026916218513 37.7635555556 1.0 0.771022222222 49.1875 31.1539173797 0.618520891045 1409472876.06
0.191 0.984730401522 0.028883894597 35.9846666667 1.0 0.778844444444 49.1875 31.1539173797 0.637001782907 1409472876.74
0.235 0.982595222463 0.029070286618 35.7115555556 1.0 0.7824 49.1875 31.1539173797 0.617099003772 1409472877.43
0.236 0.980592756721 0.0294533420287 35.3289333333 1.0 0.784311111111 49.1875 31.1539173797 0.604808898071 1409472878.0
0.232 0.980144087085 0.025841458658 35.0764444444 1.0 0.788266666667 49.1875 31.1539173797 0.625872763654 1409472878.68
0.191 0.981565747709 0.0249689835749 35.3180888889 1.0 0.789466666667 49.1875 31.1539173797 0.635741484988 1409472879.17
0.218 0.981906632238 0.0274995937355 35.5746222222 1.0 0.789866666667 49.1875 31.1539173797 0.653174549727 1409472879.69
0.184 0.980692373293 0.0309345621545 35.3497777778 1.0 0.79 49.1875 31.1539173797 0.669188477326 1409472880.2
0.232 0.978260738803 0.0305729849859 35.2526222222 1.0 0.79 49.1875 31.1539173797 0.680573973892 1409472880.93
0.198 0.978601964753 0.0318226525967 35.3092 1.0 0.790755555556 49.1875 31.1539173797 0.691270399297 1409472881.53
0.203 0.979771633646 0.0351820244656 34.9011111111 1.0 0.795955555556 49.1875 31.1539173797 0.704299482907 1409472882.07
0.207 0.980533459546 0.0360355350533 34.0057333333 1.0 0.804888888889 49.1875 31.1539173797 0.696459986383 1409472882.68
0.196 0.978667960287 0.0365498302408 33.1672888889 1.0 0.817733333333 49.1875 31.1539173797 0.669083836711 1409472883.23
0.203 0.976689687041 0.0323937468479 33.0791555556 1.0 0.822933333333 49.1875 31.1539173797 0.661026222449 1409472883.78
0.228 0.977773433261 0.0306268564353 32.6533777778 1.0 0.834266666667 49.1875 31.1539173797 0.664111308021 1409472884.42
0.231 0.980335283939 0.030705023686 32.5091111111 1.0 0.842755555556 49.1875 31.1539173797 0.667780185213 1409472884.95
0.211 0.981289610926 0.0320728579887 32.4038666667 1.0 0.849333333333 49.1875 31.1539173797 0.659676977803 1409472885.62
0.2 0.981229925569 0.0296003711309 32.5453777778 1.0 0.854044444444 49.1875 31.1539173797 0.669960095498 1409472886.13
0.204 0.981082947737 0.0272546159765 33.0084444444 1.0 0.856177777778 49.1875 31.1539173797 0.671311924625 1409472886.79
0.21 0.982058160327 0.0279083153504 33.1254666667 1.0 0.861377777778 49.1875 31.1539173797 0.645844566235 1409472887.48
0.188 0.982717882778 0.0276980826162 33.4562222222 1.0 0.865733333333 49.1875 31.1539173797 0.688350742673 1409472888.0
0.211 0.981850583843 0.0269509464897 33.2060888889 1.0 0.874666666667 49.1875 31.1539173797 0.66696142024 1409472888.68
0.229 0.981266273748 0.0258182894099 33.2271111111 1.0 0.881288888889 49.1875 31.1539173797 0.655510767771 1409472889.44
0.216 0.982711229194 0.0253579547971 33.6663111111 1.0 0.8836 49.1875 31.1539173797 0.655650323602 1409472890.15
0.197 0.983826753073 0.0243456675299 33.8539111111 1.0 0.887288888889 49.1875 31.1539173797 0.652107793224 1409472890.8
0.209 0.983701945656 0.0261347479642 34.1221333333 1.0 0.889111111111 49.1875 31.1539173797 0.651759469774 1409472891.43
0.213 0.983812150392 0.0271477579957 34.1726666667 1.0 0.891155555556 49.1875 31.1539173797 0.669321793968 1409472892.22
0.214 0.982973962422 0.0244073013522 34.1802666667 1.0 0.893911111111 49.1875 31.1539173797 0.641930576276 1409472893.04
0.198 0.983724130873 0.0250761640615 33.9844888889 1.0 0.898444444444 49.1875 31.1539173797 0.649277152908 1409472893.61
0.217 0.983458272241 0.0305022835446 33.5918222222 1.0 0.002 76.09375 47.0746811964 0.647086329537 1409472894.22
0.23 0.982355472545 0.025952379528 33.3921777778 1.0 0.220088888889 76.09375 47.0746811964 0.644609645394 1409472894.95
0.226 0.982196971915 0.0280083750439 33.0314222222 1.0 0.243822222222 76.09375 47.0746811964 0.654932451757 1409472895.79
0.185 0.982212141864 0.0279675195842 32.8045333333 1.0 0.259244444444 76.09375 47.0746811964 0.687706357082 1409472896.49
0.189 0.982066948389 0.0308382649306 32.9429777778 1.0 0.2688 76.09375 47.0746811964 0.673001321706 1409472897.15
0.199 0.981687897986 0.031576403016 33.0247111111 1.0 0.284 76.09375 47.0746811964 0.666893794993 1409472897.65
0.211 0.98006029752 0.0313042603763 32.3212 1.0 0.3028 76.09375 47.0746811964 0.641135801324 1409472898.38
0.2 0.979754647233 0.0328064160595 31.9646222222 1.0 0.325155555556 76.09375 47.0746811964 0.630705533685 1409472899.16
0.191 0.979391069387 0.0310257118322 32.1281777778 1.0 0.335111111111 76.09375 47.0746811964 0.618101447575 1409472899.83
0.187 0.97965221627 0.0318391948492 32.3008444444 1.0 0.344844444444 76.09375 47.0746811964 0.6180092635 1409472900.46
0.191 0.980320633785 0.0340083266803 32.4356 1.0 0.355822222222 76.09375 47.0746811964 0.635792761801 1409472901.2
0.206 0.97980632301 0.0352921769947 32.3044 1.0 0.368933333333 76.09375 47.0746811964 0.632805139704 1409472901.88
0.196 0.978341477249 0.0328406401176 31.9356444444 1.0 0.389288888889 76.09375 47.0746811964 0.625149318066 1409472902.43
0.216 0.978594587356 0.0328973046834 32.2732 1.0 0.398666666667 76.09375 47.0746811964 0.640284530271 1409472903.01
0.196 0.978760164418 0.0336727158287 32.0348 1.0 0.418044444444 76.09375 47.0746811964 0.633577782081 1409472903.61
0.211 0.979153304795 0.0349675976496 31.4312 1.0 0.440977777778 76.09375 47.0746811964 0.64230509593 1409472904.18
0.234 0.978933217369 0.0370975841822 30.4117333333 1.0 0.468355555556 76.09375 47.0746811964 0.671125246454 1409472904.82
0.24 0.97711555076 0.0325047213037 28.5233777778 1.0 0.504666666667 76.09375 47.0746811964 0.65024155581 1409472905.46
0.239 0.977906018974 0.0382552429691 26.9756888889 1.0 0.530666666667 76.09375 47.0746811964 0.666363287915 1409472906.02
0.267 0.97704546794 0.0400854357433 23.9129777778 1.0 0.572711111111 76.09375 47.0746811964 0.650793031092 1409472906.63
0.275 0.974910873379 0.0383221560185 23.1690222222 1.0 0.590977777778 76.09375 47.0746811964 0.660944276325 1409472907.21
0.25 0.974171290885 0.0370826036842 21.1697777778 1.0 0.622088888889 76.09375 47.0746811964 0.648983179306 1409472907.82
0.272 0.975689263832 0.0402120673474 18.8149777778 1.0 0.659733333333 76.09375 47.0746811964 0.65410577003 1409472908.46
0.23 0.975739029758 0.0370990345677 16.4939111111 1.0 0.695644444444 76.09375 47.0746811964 0.63616156756 1409472909.16
0.265 0.977121247425 0.0361330519913 15.4355555556 1.0 0.718444444444 76.09375 47.0746811964 0.646508671185 1409472909.78
0.267 0.978329797997 0.0359005325827 14.9219555556 1.0 0.735111111111 76.09375 47.0746811964 0.650709459962 1409472910.4
0.276 0.979062735197 0.0358468697091 14.674 1.0 0.748088888889 76.09375 47.0746811964 0.670836375491 1409472911.03
0.232 0.978918408031 0.0356258650062 14.8283555556 1.0 0.758133333333 76.09375 47.0746811964 0.692046980433 1409472911.92
0.243 0.97854287285 0.0365002913539 14.7740888889 1.0 0.776488888889 76.09375 47.0746811964 0.67224670912 1409472912.83
0.267 0.978666475978 0.0390274308593 14.8385777778 1.0 0.791955555556 76.09375 47.0746811964 0.667907167539 1409472913.51
0.265 0.976818943666 0.0356484229849 15.2107555556 1.0 0.796444444444 76.09375 47.0746811964 0.658223118794 1409472914.13
0.267 0.976972868366 0.032221967056 15.8424444444 1.0 0.798666666667 76.09375 47.0746811964 0.685245319515 1409472914.76
0.25 0.978515226143 0.026958063837 16.4508444444 1.0 0.800222222222 76.09375 47.0746811964 0.685254505257 1409472915.48
0.246 0.981417326264 0.0245179956121 16.9435111111 1.0 0.800533333333 76.09375 47.0746811964 0.689518033932 1409472916.34
0.227 0.984828049736 0.0214432438515 17.4223111111 1.0 0.801333333333 76.09375 47.0746811964 0.690823342326 1409472917.09
0.211 0.987301347754 0.0151033500585 17.9614666667 1.0 0.801644444444 76.09375 47.0746811964 0.724908497508 1409472917.8
0.211 0.990112687991 0.0134171753949 18.4177333333 1.0 0.801644444444 76.09375 47.0746811964 0.72665455548 1409472918.44
0.202 0.991921408232 0.0089684423669 18.9408444444 1.0 0.801688888889 76.09375 47.0746811964 0.749420750701 1409472919.05
0.204 0.993953429932 0.0101753145255 19.5104 1.0 0.801688888889 76.09375 47.0746811964 0.748847225335 1409472919.73
0.192 0.994970211158 0.0146297411535 19.8991555556 1.0 0.801688888889 76.09375 47.0746811964 0.761209906196 1409472920.44
0.171 0.993498012692 0.0133334139229 20.3121333333 1.0 0.801688888889 76.09375 47.0746811964 0.748706349097 1409472921.16
0.212 0.992360880541 0.0130029190472 20.6659111111 1.0 0.801688888889 76.09375 47.0746811964 0.745034144833 1409472921.73
0.184 0.992454739503 0.0139286714738 20.7855111111 1.0 0.8044 76.09375 47.0746811964 0.745015445014 1409472922.42
0.195 0.992563250178 0.0116440779283 21.0823111111 1.0 0.809777777778 76.09375 47.0746811964 0.774986818911 1409472923.07
0.209 0.992967109525 0.0132472038711 21.3367111111 1.0 0.816444444444 76.09375 47.0746811964 0.766913723581 1409472923.56
0.184 0.992530223712 0.0152901508243 21.1580888889 1.0 0.826666666667 76.09375 47.0746811964 0.765313910445 1409472924.28
0.188 0.991869104397 0.0167737294301 21.5166222222 1.0 0.832 76.09375 47.0746811964 0.739668748204 1409472924.9
0.184 0.990735774369 0.0148039644836 21.2210666667 1.0 0.846844444444 76.09375 47.0746811964 0.746197014543 1409472925.57
0.217 0.990278796965 0.0175984846302 21.5528 1.0 0.851777777778 76.09375 47.0746811964 0.688296716635 1409472926.39
0.198 0.989370969432 0.0186606423729 21.1363111111 1.0 0.866888888889 76.09375 47.0746811964 0.706505367865 1409472927.07
0.197 0.988701791453 0.0240056474001 20.2835555556 1.0 0.882133333333 76.09375 47.0746811964 0.705562084472 1409472927.87
0.223 0.986773804275 0.0264778378872 20.2394222222 1.0 0.889644444444 76.09375 47.0746811964 0.696745115513 1409472928.4
0.254 0.984256035357 0.0315739839834 20.0414666667 1.0 0.899377777778 76.09375 47.0746811964 0.673302237987 1409472929.16
0.251 0.980633783976 0.0260977538056 19.9089777778 1.0 0.199244444444 64.546875 41.2064441014 0.67712172127 1409472929.89
0.248 0.981073625715 0.0254903386997 19.6907555556 1.0 0.277466666667 64.546875 41.2064441014 0.66444559468 1409472930.58
0.265 0.983633364857 0.0270414485638 19.2581777778 1.0 0.318133333333 64.546875 41.2064441014 0.673446363376 1409472931.47
0.253 0.984274855321 0.031210704829 19.0697333333 1.0 0.350933333333 64.546875 41.2064441014 0.662332976684 1409472932.28
0.255 0.982505523651 0.0294885374076 18.3807555556 1.0 0.393777777778 64.546875 41.2064441014 0.642990796705 1409472932.99
0.264 0.981174154867 0.026499833044 18.0633777778 1.0 0.420977777778 64.546875 41.2064441014 0.633094831845 1409472933.61
0.253 0.982257688907 0.023763297891 18.1476888889 1.0 0.445333333333 64.546875 41.2064441014 0.661370674295 1409472934.25
0.267 0.984518032474 0.0231977206034 17.9918666667 1.0 0.473644444444 64.546875 41.2064441014 0.660093254026 1409472934.86
0.246 0.98632734465 0.0228356750661 17.5580444444 1.0 0.500088888889 64.546875 41.2064441014 0.668605028203 1409472935.44
0.253 0.986746883946 0.0211439482335 17.5354222222 1.0 0.519155555556 64.546875 41.2064441014 0.65621992613 1409472936.04
0.251 0.987414330005 0.0222121370546 17.5029333333 1.0 0.542044444444 64.546875 41.2064441014 0.663232699822 1409472936.64
0.257 0.986996741134 0.02795741864 17.6709333333 1.0 0.558088888889 64.546875 41.2064441014 0.685939996539 1409472937.36
0.243 0.985632641605 0.0301913314174 18.0502666667 1.0 0.5688 64.546875 41.2064441014 0.672734406417 1409472937.89
0.247 0.982933933698 0.0283730594941 18.3573777778 1.0 0.578577777778 64.546875 41.2064441014 0.657138261558 1409472938.46
0.257 0.981138972999 0.0289048604114 18.4599111111 1.0 0.591911111111 64.546875 41.2064441014 0.625866503452 1409472939.05
0.276 0.981407671042 0.0365116485075 18.8154222222 1.0 0.598888888889 64.546875 41.2064441014 0.639691981507 1409472939.61
0.267 0.978900340783 0.0356591808466 18.9961777778 1.0 0.612444444444 64.546875 41.2064441014 0.652455313552 1409472940.23
0.271 0.976838066872 0.0277264622595 18.7260888889 1.0 0.634622222222 64.546875 41.2064441014 0.628408384713 1409472941.13
0.241 0.978349485097 0.0223517444123 18.8048888889 1.0 0.645244444444 64.546875 41.2064441014 0.631971711037 1409472941.78
0.243 0.981175264934 0.0173271243781 18.9615111111 1.0 0.655155555556 64.546875 41.2064441014 0.641490509468 1409472942.47
0.236 0.985538718764 0.0167358555772 19.2349333333 1.0 0.661777777778 64.546875 41.2064441014 0.686915099562 1409472943.02
0.203 0.989082921591 0.0227749848337 19.6608888889 1.0 0.670444444444 64.546875 41.2064441014 0.730085011911 1409472943.85
0.2 0.989678750646 0.0241545644699 19.4388888889 1.0 0.689644444444 64.546875 41.2064441014 0.712028041179 1409472944.55
0.203 0.987131735993 0.0195634965829 19.5023555556 1.0 0.7004 64.546875 41.2064441014 0.704688494738 1409472945.19
0.189 0.986195430786 0.0203247907767 19.9619555556 1.0 0.705333333333 64.546875 41.2064441014 0.708039162608 1409472945.69
0.206 0.98609854894 0.0195061868423 19.8990222222 1.0 0.718444444444 64.546875 41.2064441014 0.695774141758 1409472946.22
0.196 0.988363281243 0.0194239736295 20.3972 1.0 0.722133333333 64.546875 41.2064441014 0.733478738067 1409472946.83
0.2 0.989835955567 0.0172662213731 21.054 1.0 0.724977777778 64.546875 41.2064441014 0.782455423228 1409472947.37
0.181 0.99056313924 0.0198340711201 21.5532888889 1.0 0.729955555556 64.546875 41.2064441014 0.78505894916 1409472947.89
0.18 0.989827588653 0.0216541150193 21.8179555556 1.0 0.737822222222 64.546875 41.2064441014 0.77280533659 1409472948.44
0.213 0.988492926705 0.0199105289722 21.5351111111 1.0 0.752711111111 64.546875 41.2064441014 0.73825234765 1409472949.04
0.188 0.987745460253 0.0206090665415 21.9627111111 1.0 0.758622222222 64.546875 41.2064441014 0.7615302136 1409472949.71
0.204 0.987345023776 0.0197286755746 22.1721777778 1.0 0.768088888889 64.546875 41.2064441014 0.737534917435 1409472950.32
0.211 0.987491439855 0.0183618390283 22.6630666667 1.0 0.773244444444 64.546875 41.2064441014 0.750984239625 1409472950.87
0.158 0.988732335429 0.0172237607406 23.0226666667 1.0 0.779911111111 64.546875 41.2064441014 0.767222554585 1409472951.46
0.162 0.989686942221 0.0189781522759 23.0648 1.0 0.788533333333 64.546875 41.2064441014 0.754043605687 1409472952.1
0.178 0.989312483018 0.0232559468125 23.1719555556 1.0 0.795111111111 64.546875 41.2064441014 0.7426971437 1409472952.67
0.213 0.988191091763 0.0236338520856 22.4898666667 1.0 0.811155555556 64.546875 41.2064441014 0.698990999616 1409472953.21
0.224 0.985896488145 0.0208532647491 22.6584 1.0 0.817022222222 64.546875 41.2064441014 0.687525573297 1409472953.86
0.204 0.985828289641 0.0189036692139 22.6640888889 1.0 0.826177777778 64.546875 41.2064441014 0.684832763687 1409472954.55
0.19 0.987253145071 0.0172240485481 23.2422666667 1.0 0.826711111111 64.546875 41.2064441014 0.736816450584 1409472955.11
0.179 0.98934428757 0.0192291876313 23.8212 1.0 0.828355555556 64.546875 41.2064441014 0.75927303067 1409472955.72
0.18 0.989355402373 0.0148453947531 24.2107111111 1.0 0.832622222222 64.546875 41.2064441014 0.731817745019 1409472956.49
0.187 0.990648552589 0.0150187095326 24.7983111111 1.0 0.833688888889 64.546875 41.2064441014 0.740355807191 1409472957.24
0.186 0.991461650866 0.0170906774644 25.3525333333 1.0 0.835377777778 64.546875 41.2064441014 0.761350137736 1409472957.79
0.204 0.990836730609 0.0200015895429 25.4516888889 1.0 0.844 64.546875 41.2064441014 0.751633957 1409472958.43
0.201 0.989235701236 0.0247806613558 25.3159111111 1.0 0.852844444444 64.546875 41.2064441014 0.739800289901 1409472958.98
0.227 0.986717617597 0.0286796179334 24.6463555556 1.0 0.868355555556 64.546875 41.2064441014 0.725655309331 1409472959.57
0.221 0.982673458506 0.0254752751314 24.4288 1.0 0.879688888889 64.546875 41.2064441014 0.6949321913 1409472960.15
0.228 0.981651553427 0.024128384483 23.1069777778 1.0 0.0972 56.7734375 36.1310240412 0.684949454972 1409472960.77
0.23 0.983775881368 0.0235170898645 22.0668 1.0 0.262 56.7734375 36.1310240412 0.678191637736 1409472961.46
0.237 0.986142612697 0.0246068133475 21.4247555556 1.0 0.3012 56.7734375 36.1310240412 0.691815787261 1409472962.03
0.248 0.986358086407 0.0250334806858 20.5063555556 1.0 0.349955555556 56.7734375 36.1310240412 0.670584415774 1409472962.61
0.21 0.985689588776 0.0278772335698 19.3906222222 1.0 0.393822222222 56.7734375 36.1310240412 0.657500012939 1409472963.41
0.229 0.984060316437 0.0237355533892 17.6385333333 1.0 0.450488888889 56.7734375 36.1310240412 0.645080542079 1409472964.28
0.248 0.983857290911 0.0255916004717 16.4114666667 1.0 0.493955555556 56.7734375 36.1310240412 0.652558327113 1409472965.09
0.247 0.984298121548 0.0286980305268 15.2238666667 1.0 0.543955555556 56.7734375 36.1310240412 0.653475527373 1409472965.84
0.263 0.98372659244 0.0306161698944 13.9872 1.0 0.5856 56.7734375 36.1310240412 0.639422576291 1409472966.43
0.235 0.982028579683 0.0320426984568 13.8668444444 1.0 0.6024 56.7734375 36.1310240412 0.636016868431 1409472967.02
0.235 0.980234987991 0.0314452366169 13.04 1.0 0.636977777778 56.7734375 36.1310240412 0.611085240005 1409472967.69
0.258 0.979786737412 0.0298972634938 13.5281333333 1.0 0.643555555556 56.7734375 36.1310240412 0.625876660827 1409472968.48
0.252 0.980264301996 0.0302708662465 13.9385777778 1.0 0.650088888889 56.7734375 36.1310240412 0.632940730752 1409472969.11
0.253 0.980952495866 0.0288422388203 14.1723111111 1.0 0.663244444444 56.7734375 36.1310240412 0.657380339662 1409472969.66
0.229 0.981841334236 0.0290424655642 14.3171111111 1.0 0.6736 56.7734375 36.1310240412 0.645753300591 1409472970.23
0.226 0.982269659027 0.029042385884 14.7952888889 1.0 0.682355555556 56.7734375 36.1310240412 0.647587042777 1409472970.83
0.222 0.98272386686 0.0284979843512 15.0813333333 1.0 0.693866666667 56.7734375 36.1310240412 0.664087687673 1409472971.44
0.251 0.982603716656 0.0276325030182 14.5824444444 1.0 0.721688888889 56.7734375 36.1310240412 0.660682338451 1409472972.04
0.222 0.982757744927 0.030233799232 14.9942666667 1.0 0.726755555556 56.7734375 36.1310240412 0.68237528607 1409472972.65
0.209 0.981325867422 0.0275220158631 15.6057777778 1.0 0.728 56.7734375 36.1310240412 0.668986894593 1409472973.48
0.237 0.981712284861 0.0192747345987 15.9560888889 1.0 0.730488888889 56.7734375 36.1310240412 0.656186181018 1409472974.1
0.216 0.985301064967 0.0166408144488 16.1048888889 1.0 0.733866666667 56.7734375 36.1310240412 0.680545882665 1409472974.67
0.218 0.989253759674 0.0146842148912 16.2549777778 1.0 0.739288888889 56.7734375 36.1310240412 0.705917830767 1409472975.29
0.216 0.991722189531 0.0141476459915 16.4542222222 1.0 0.746711111111 56.7734375 36.1310240412 0.719689536375 1409472975.87
0.181 0.992739487598 0.0136847734604 17.0996444444 1.0 0.748844444444 56.7734375 36.1310240412 0.752301914701 1409472976.4
0.186 0.992564296122 0.0121138611393 17.358 1.0 0.754177777778 56.7734375 36.1310240412 0.723419891893 1409472977.1
0.179 0.992685878386 0.0104029264988 17.9798666667 1.0 0.756266666667 56.7734375 36.1310240412 0.746057160513 1409472977.74
0.188 0.993270025919 0.0117546339306 17.8997777778 1.0 0.769066666667 56.7734375 36.1310240412 0.763710975451 1409472978.28
0.187 0.993521400589 0.0115143660699 18.1740888889 1.0 0.777733333333 56.7734375 36.1310240412 0.790291223958 1409472978.89
0.178 0.993193576247 0.0120710789972 17.9062222222 1.0 0.794622222222 56.7734375 36.1310240412 0.765667298197 1409472979.64
0.185 0.993074223478 0.0167695294429 18.1738666667 1.0 0.804444444444 56.7734375 36.1310240412 0.778565212962 1409472980.14
0.167 0.99134419243 0.0182766719992 18.3756 1.0 0.814488888889 56.7734375 36.1310240412 0.788227220673 1409472980.8
0.185 0.988614370662 0.0176692135726 18.9490222222 1.0 0.8196 56.7734375 36.1310240412 0.795657422219 1409472981.53
0.163 0.987580863679 0.0171217469075 19.5506666667 1.0 0.821911111111 56.7734375 36.1310240412 0.797380397898 1409472982.07
0.167 0.98828830216 0.0159733766914 20.2081777778 1.0 0.823777777778 56.7734375 36.1310240412 0.794225964364 1409472982.7
0.171 0.989862557194 0.0171469794473 20.7624444444 1.0 0.826 56.7734375 36.1310240412 0.798449054903 1409472983.33
0.145 0.990205391131 0.0168388927919 21.4255111111 1.0 0.828577777778 56.7734375 36.1310240412 0.821267984122 1409472983.93
0.153 0.989920131997 0.0207667038093 22.0662666667 1.0 0.8324 56.7734375 36.1310240412 0.830827766239 1409472984.55
0.139 0.987799863605 0.0235446834856 22.5427111111 1.0 0.839866666667 56.7734375 36.1310240412 0.821607870528 1409472985.25
0.146 0.984908716545 0.0198094045041 22.6992 1.0 0.849955555556 56.7734375 36.1310240412 0.794263383048 1409472985.75
0.159 0.985288240493 0.0188425175339 22.2643555556 1.0 0.867022222222 56.7734375 36.1310240412 0.744463278406 1409472986.24
0.15 0.986919900905 0.020523479456 21.8666222222 1.0 0.881244444444 56.7734375 36.1310240412 0.703052405993 1409472986.87
0.176 0.988026396587 0.0186779927566 21.5813777778 1.0 0.890311111111 56.7734375 36.1310240412 0.707595035575 1409472987.44
0.175 0.988914722428 0.0179913044669 22.0819555556 1.0 0.892088888889 56.7734375 36.1310240412 0.697122456687 1409472988.0
0.189 0.989554076005 0.0156543551329 22.4890222222 1.0 0.894311111111 56.7734375 36.1310240412 0.711436399397 1409472988.63
0.16 0.990299712292 0.0155798106204 23.0334666667 1.0 0.894533333333 56.7734375 36.1310240412 0.70168400931 1409472989.38
0.163 0.990807443865 0.0154377281053 23.4279111111 1.0 0.897555555556 56.7734375 36.1310240412 0.706244987242 1409472990.11
0.18 0.990731703009 0.0155334726513 24.1196444444 1.0 0.897777777778 56.7734375 36.1310240412 0.715263797284 1409472990.8
0.156 0.990678788869 0.0140973824776 24.4431555556 1.0 0.0521333333333 52.38671875 33.4231245113 0.715553772751 1409472991.49
0.159 0.99094405177 0.0152349829677 25.0864444444 1.0 0.161866666667 52.38671875 33.4231245113 0.729176766737 1409472992.33
0.159 0.991132677716 0.0149153699104 25.3979111111 1.0 0.179911111111 52.38671875 33.4231245113 0.732529902188 1409472993.02
0.142 0.991374670796 0.0175937544866 25.7709333333 1.0 0.193777777778 52.38671875 33.4231245113 0.762542304322 1409472993.56
0.179 0.990145374308 0.0176432082538 26.2856 1.0 0.204933333333 52.38671875 33.4231245113 0.780886304838 1409472994.05
0.153 0.989208104051 0.0187817145302 26.6665333333 1.0 0.218533333333 52.38671875 33.4231245113 0.777483258332 1409472994.55
0.165 0.988729737754 0.0208505701325 26.5960888889 1.0 0.241688888889 52.38671875 33.4231245113 0.772647131513 1409472995.05
0.171 0.988027808521 0.018209470765 26.5124 1.0 0.264577777778 52.38671875 33.4231245113 0.77997915059 1409472995.7
0.172 0.988172830896 0.0218655188054 26.3277333333 1.0 0.290666666667 52.38671875 33.4231245113 0.783105560234 1409472996.45
0.181 0.987616567616 0.0205532219668 26.4440444444 1.0 0.306088888889 52.38671875 33.4231245113 0.793530048043 1409472997.15
0.184 0.986923464306 0.0174261524771 26.7543555556 1.0 0.3204 52.38671875 33.4231245113 0.801394097499 1409472997.67
0.159 0.987784291183 0.0170945908328 26.7959111111 1.0 0.337733333333 52.38671875 33.4231245113 0.804811958908 1409472998.18
0.143 0.988777710779 0.0216432003954 26.822 1.0 0.3552 52.38671875 33.4231245113 0.788146727082 1409472998.71
0.162 0.9873095406 0.0215679736864 27.5702666667 1.0 0.358088888889 52.38671875 33.4231245113 0.785514026072 1409472999.25
0.178 0.986006655029 0.0232336803548 27.5640444444 1.0 0.376488888889 52.38671875 33.4231245113 0.754000900473 1409472999.86
0.158 0.985246718826 0.0253439794926 27.2878666667 1.0 0.395555555556 52.38671875 33.4231245113 0.710646715893 1409473000.55
0.191 0.983675269187 0.0275669297044 26.4638666667 1.0 0.423466666667 52.38671875 33.4231245113 0.679568093073 1409473001.21
0.173 0.982070159255 0.0258735971037 26.5610222222 1.0 0.434888888889 52.38671875 33.4231245113 0.677481842578 1409473001.79
0.204 0.982191385502 0.0282448070666 26.8272444444 1.0 0.444 52.38671875 33.4231245113 0.673211749399 1409473002.54
0.177 0.982533961692 0.0333792294724 27.0504888889 1.0 0.453288888889 52.38671875 33.4231245113 0.671101426355 1409473003.28
0.187 0.981263795356 0.0320544930539 26.9288888889 1.0 0.467288888889 52.38671875 33.4231245113 0.663248047259 1409473003.94
0.215 0.979348543777 0.021732731189 26.8117333333 1.0 0.4828 52.38671875 33.4231245113 0.639298633971 1409473004.59
0.206 0.982113266724 0.0206147357178 26.5814666667 1.0 0.4996 52.38671875 33.4231245113 0.644526746483 1409473005.24
0.21 0.984958076385 0.0216870473895 27.0482222222 1.0 0.504044444444 52.38671875 33.4231245113 0.644237642536 1409473005.76
0.193 0.987181924576 0.0224539852138 26.8586222222 1.0 0.521333333333 52.38671875 33.4231245113 0.66925114166 1409473006.4
0.206 0.986612996195 0.0221957837894 26.7929333333 1.0 0.534844444444 52.38671875 33.4231245113 0.660800189082 1409473006.95
0.225 0.985876142301 0.0242239436572 26.2916444444 1.0 0.554577777778 52.38671875 33.4231245113 0.657398210564 1409473007.53
0.231 0.984771614077 0.0237115982039 24.9026222222 1.0 0.588577777778 52.38671875 33.4231245113 0.655122571195 1409473008.15
0.219 0.984328817328 0.0228193992464 23.0880888889 1.0 0.629288888889 52.38671875 33.4231245113 0.647504495509 1409473008.98
0.197 0.985065555653 0.0224111708789 22.6255555556 1.0 0.649422222222 52.38671875 33.4231245113 0.65078425324 1409473009.7
0.218 0.985826042654 0.0209347855402 22.2413333333 1.0 0.668844444444 52.38671875 33.4231245113 0.655896308338 1409473010.26
0.211 0.98716728965 0.0193367210634 21.8624 1.0 0.690666666667 52.38671875 33.4231245113 0.677005964965 1409473010.78
0.212 0.98870092327 0.0214580786223 21.8290666667 1.0 0.705377777778 52.38671875 33.4231245113 0.680024221041 1409473011.36
0.231 0.988071399723 0.0248849522384 21.6697777778 1.0 0.720711111111 52.38671875 33.4231245113 0.675506161727 1409473012.19
0.251 0.986363575262 0.0191062566154 21.4602666667 1.0 0.735244444444 52.38671875 33.4231245113 0.672342485071 1409473012.89
0.217 0.985987072085 0.0250792016106 20.7114666667 1.0 0.7596 52.38671875 33.4231245113 0.667370246927 1409473013.53
0.217 0.986887203728 0.0300182997265 20.4804888889 1.0 0.774622222222 52.38671875 33.4231245113 0.678350776011 1409473014.15
0.236 0.986438805949 0.033729624039 19.9193333333 1.0 0.793288888889 52.38671875 33.4231245113 0.672333413502 1409473014.74
0.223 0.984346313908 0.0269209593528 19.6343111111 1.0 0.808044444444 52.38671875 33.4231245113 0.663682370819 1409473015.5
0.223 0.983384729539 0.0230536034489 19.3963555556 1.0 0.821377777778 52.38671875 33.4231245113 0.675279259503 1409473016.09
0.256 0.984005201385 0.0253227094189 19.0883111111 1.0 0.833466666667 52.38671875 33.4231245113 0.671494679543 1409473016.73
0.255 0.985157758837 0.023958924728 18.7195555556 1.0 0.844577777778 52.38671875 33.4231245113 0.67337456149 1409473017.5
0.237 0.986291762475 0.0262720969349 19.2340444444 1.0 0.847155555556 52.38671875 33.4231245113 0.69879732938 1409473018.29
0.219 0.985918309519 0.0214009493896 19.8078666667 1.0 0.848177777778 52.38671875 33.4231245113 0.720440820841 1409473018.95
0.21 0.986772212934 0.0214904411054 20.0150666667 1.0 0.8552 52.38671875 33.4231245113 0.714875424298 1409473019.58
0.21 0.987049096647 0.0208412840315 20.3722222222 1.0 0.8596 52.38671875 33.4231245113 0.723159742236 1409473020.41
0.219 0.987375671074 0.0205201076053 20.5430222222 1.0 0.864711111111 52.38671875 33.4231245113 0.716672456597 1409473021.1
0.217 0.987572906296 0.0175821826841 20.5103111111 1.0 0.868133333333 52.38671875 33.4231245113 0.688677020981 1409473021.81
0.226 0.988874275583 0.0186061010939 20.9538666667 1.0 0.869111111111 52.38671875 33.4231245113 0.690356586605 1409473022.41
0.204 0.989575927271 0.0210858634872 21.2626222222 1.0 0.869822222222 52.38671875 33.4231245113 0.689498528343 1409473023.12
0.198 0.989114851698 0.0194790321909 21.4188444444 1.0 0.870666666667 52.38671875 33.4231245113 0.687349797856 1409473023.73
0.234 0.988148165043 0.0181189263605 21.6346222222 1.0 0.872844444444 52.38671875 33.4231245113 0.651276282884 1409473024.31
0.186 0.987915284246 0.0180049553328 21.9135555556 1.0 0.875377777778 52.38671875 33.4231245113 0.630320604614 1409473024.86
0.201 0.988333046617 0.0225837483444 22.1927555556 1.0 0.8764 52.38671875 33.4231245113 0.649237336131 1409473025.46
0.208 0.986876742781 0.0208306501508 22.0307111111 1.0 0.877555555556 52.38671875 33.4231245113 0.625516494858 1409473025.97
0.189 0.986994445094 0.0205570241824 21.7761777778 1.0 0.881733333333 52.38671875 33.4231245113 0.655472597118 1409473026.75
0.163 0.986644443809 0.019401792637 22.1307111111 1.0 0.884933333333 52.38671875 33.4231245113 0.65744177384 1409473027.52
0.18 0.987193724286 0.0203468370059 21.9719555556 1.0 0.889733333333 52.38671875 33.4231245113 0.672955277554 1409473028.22
0.195 0.987570472509 0.0176794186907 21.9092 1.0 0.893733333333 52.38671875 33.4231245113 0.671839831201 1409473028.89
0.178 0.989017558497 0.0197611535131 22.0470222222 1.0 0.896177777778 52.38671875 33.4231245113 0.694645434681 1409473029.67
0.176 0.988654526043 0.0182977535707 22.3555555556 1.0 0.898711111111 52.38671875 33.4231245113 0.721884108803 1409473030.19
0.187 0.988665200748 0.0173025358445 22.6466222222 1.0 0.0543555555556 56.693359375 36.3646662033 0.704988618267 1409473030.76
0.141 0.988953380048 0.0161700010232 23.3135555556 1.0 0.137555555556 56.693359375 36.3646662033 0.755995690536 1409473031.33
0.131 0.989999479741 0.016690781784 23.4078222222 1.0 0.1612 56.693359375 36.3646662033 0.713130508313 1409473031.86
0.126 0.990547234076 0.0221072107784 23.4370222222 1.0 0.179822222222 56.693359375 36.3646662033 0.717514287948 1409473032.34
0.141 0.988518187706 0.0159604751251 23.8023555556 1.0 0.191822222222 56.693359375 36.3646662033 0.737247886427 1409473032.9
0.134 0.988721710805 0.0133741040309 24.2417333333 1.0 0.199511111111 56.693359375 36.3646662033 0.721473175525 1409473033.49
0.119 0.99076642899 0.0126269057177 24.8879555556 1.0 0.204622222222 56.693359375 36.3646662033 0.740570421635 1409473034.25
0.124 0.992581994084 0.014811676251 25.5831111111 1.0 0.209155555556 56.693359375 36.3646662033 0.743922043744 1409473034.98
0.109 0.992410158279 0.0142906309868 25.9183111111 1.0 0.219377777778 56.693359375 36.3646662033 0.754578019662 1409473035.72
0.129 0.991087779037 0.0151704591237 25.7512888889 1.0 0.237066666667 56.693359375 36.3646662033 0.75083811129 1409473036.47
0.133 0.989971888295 0.0155466003756 25.0737333333 1.0 0.261955555556 56.693359375 36.3646662033 0.749635692174 1409473037.0
0.135 0.989344763292 0.0155247767496 25.2956888889 1.0 0.273377777778 56.693359375 36.3646662033 0.760950047145 1409473037.49
0.143 0.989550569291 0.0164266045322 25.4959111111 1.0 0.288533333333 56.693359375 36.3646662033 0.759937716127 1409473038.03
0.163 0.989826647737 0.0157332806744 25.8731111111 1.0 0.300577777778 56.693359375 36.3646662033 0.748425753 1409473038.61
0.171 0.989862964864 0.0155944414117 26.0322222222 1.0 0.32 56.693359375 36.3646662033 0.698099633267 1409473039.3
0.16 0.990153166334 0.0184290685569 26.1158666667 1.0 0.340444444444 56.693359375 36.3646662033 0.70906524876 1409473039.84
0.162 0.989470829433 0.0231211852364 26.5605333333 1.0 0.351066666667 56.693359375 36.3646662033 0.730086844718 1409473040.4
0.163 0.987069277192 0.0231802321553 26.8035111111 1.0 0.3668 56.693359375 36.3646662033 0.730148642401 1409473041.06
0.175 0.984740825252 0.0229717033073 26.7592888889 1.0 0.387377777778 56.693359375 36.3646662033 0.725342192096 1409473041.6
0.169 0.983891487017 0.0264462443427 26.9765333333 1.0 0.402222222222 56.693359375 36.3646662033 0.720013013567 1409473042.26
0.191 0.98308547311 0.0312512725662 27.1480444444 1.0 0.412266666667 56.693359375 36.3646662033 0.697806498494 1409473042.85
0.197 0.98140922798 0.0317914158013 26.8542666667 1.0 0.432266666667 56.693359375 36.3646662033 0.660586432818 1409473043.66
0.22 0.979568634313 0.0309437064274 26.7031555556 1.0 0.446844444444 56.693359375 36.3646662033 0.664071997613 1409473044.48
0.26 0.978243065132 0.0312810264388 26.4443555556 1.0 0.467377777778 56.693359375 36.3646662033 0.639233606923 1409473045.08
0.215 0.978765554087 0.0309273472717 26.0261333333 1.0 0.484266666667 56.693359375 36.3646662033 0.668951570522 1409473045.92
0.192 0.979094614426 0.0312550090112 25.8420888889 1.0 0.501422222222 56.693359375 36.3646662033 0.71310032899 1409473046.72
0.166 0.979344953416 0.0315367208016 25.8481333333 1.0 0.514266666667 56.693359375 36.3646662033 0.696608012635 1409473047.39
0.197 0.980498649635 0.0272217628658 25.4091555556 1.0 0.537644444444 56.693359375 36.3646662033 0.671356513039 1409473048.12
0.183 0.98250018378 0.0269628160848 25.2741777778 1.0 0.552977777778 56.693359375 36.3646662033 0.680448663439 1409473048.66
0.211 0.983530393451 0.0276206586599 25.1008888889 1.0 0.572044444444 56.693359375 36.3646662033 0.680470442866 1409473049.22
0.191 0.983172013719 0.0254835960594 24.9758222222 1.0 0.591866666667 56.693359375 36.3646662033 0.662440184628 1409473049.94
0.205 0.983299236604 0.0277704909328 25.0648 1.0 0.604666666667 56.693359375 36.3646662033 0.673787614324 1409473050.5
0.18 0.982828024769 0.026015282342 25.1936 1.0 0.618 56.693359375 36.3646662033 0.701742311825 1409473051.07
0.169 0.98294282187 0.020800177992 25.3618666667 1.0 0.630755555556 56.693359375 36.3646662033 0.730148430453 1409473051.61
0.135 0.985234577494 0.0178487423012 25.8649777778 1.0 0.636133333333 56.693359375 36.3646662033 0.773814138372 1409473052.33
0.146 0.988334102641 0.0203289767523 26.2723111111 1.0 0.643066666667 56.693359375 36.3646662033 0.773164452767 1409473052.87
0.13 0.989249825908 0.0255060865475 26.5293333333 1.0 0.653511111111 56.693359375 36.3646662033 0.772793784106 1409473053.37
0.14 0.987171233156 0.0231474840835 26.5800888889 1.0 0.666622222222 56.693359375 36.3646662033 0.750028656494 1409473053.93
0.168 0.984969955686 0.0235328304161 26.2500888889 1.0 0.6852 56.693359375 36.3646662033 0.708784442831 1409473054.51
0.164 0.983818472019 0.0170592837035 26.0484888889 1.0 0.695155555556 56.693359375 36.3646662033 0.681278821872 1409473055.06
0.18 0.9862112794 0.0199984426282 25.6935555556 1.0 0.709644444444 56.693359375 36.3646662033 0.688187442219 1409473055.66
0.189 0.988184323256 0.0225307781278 26.0887111111 1.0 0.7128 56.693359375 36.3646662033 0.71448115076 1409473056.21
0.159 0.98783049579 0.0206763616888 25.9807555556 1.0 0.724888888889 56.693359375 36.3646662033 0.694074083946 1409473056.73
0.181 0.987213919227 0.0198710697917 26.0595555556 1.0 0.733111111111 56.693359375 36.3646662033 0.689931398364 1409473057.45
0.207 0.987301387429 0.0191366457083 24.7948 1.0 0.7584 56.693359375 36.3646662033 0.693928029827 1409473058.01
0.189 0.987881452146 0.0202111630295 24.3681333333 1.0 0.773066666667 56.693359375 36.3646662033 0.706547299184 1409473058.69
0.192 0.988137286417 0.022005113583 24.3044888889 1.0 0.782933333333 56.693359375 36.3646662033 0.691975022434 1409473059.29
0.231 0.987302885086 0.0231238082985 23.6728444444 1.0 0.798488888889 56.693359375 36.3646662033 0.678154020864 1409473060.08
0.213 0.985729435308 0.0199682152497 23.3546666667 1.0 0.811555555556 56.693359375 36.3646662033 0.677150535327 1409473060.84
0.165 0.985667702554 0.0200502679444 22.9764444444 1.0 0.826444444444 56.693359375 36.3646662033 0.664152331648 1409473061.47
0.198 0.98665600374 0.0254047613046 22.6376 1.0 0.839688888889 56.693359375 36.3646662033 0.672922039018 1409473062.08
0.201 0.98617681427 0.0293079444306 22.2037777778 1.0 0.850666666667 56.693359375 36.3646662033 0.648748667241 1409473062.6
0.198 0.983786201522 0.0259204683944 21.8717777778 1.0 0.863377777778 56.693359375 36.3646662033 0.650836779664 1409473063.16
0.194 0.982331250426 0.0263721575261 21.9347111111 1.0 0.872933333333 56.693359375 36.3646662033 0.628286295827 1409473063.79
0.206 0.98223663215 0.025423445097 21.6275111111 1.0 0.886133333333 56.693359375 36.3646662033 0.618003087246 1409473064.32
0.21 0.983072934657 0.0281026441645 21.1974666667 1.0 0.105911111111 55.8466796875 35.2442614931 0.626106383542 1409473064.91
0.225 0.982143361258 0.0329411453628 21.0404 1.0 0.221688888889 55.8466796875 35.2442614931 0.620981826765 1409473065.54
0.235 0.980555340202 0.0325292078206 20.2307111111 1.0 0.265333333333 55.8466796875 35.2442614931 0.605544158638 1409473066.28
0.23 0.979178080738 0.0345336639721 20.4056888889 1.0 0.289777777778 55.8466796875 35.2442614931 0.608647512201 1409473067.12
0.224 0.977868221848 0.033106592102 20.5738666667 1.0 0.308755555556 55.8466796875 35.2442614931 0.625053181668 1409473067.72
0.223 0.977812952883 0.0361033611522 20.8505333333 1.0 0.329111111111 55.8466796875 35.2442614931 0.653215170602 1409473068.25
0.226 0.977770007689 0.0351784799565 20.9258666667 1.0 0.356533333333 55.8466796875 35.2442614931 0.659172303603 1409473068.83
0.248 0.977333551166 0.0328796907807 20.3960444444 1.0 0.383866666667 55.8466796875 35.2442614931 0.65670543907 1409473069.54
0.222 0.978668593108 0.037273733688 20.3220444444 1.0 0.406622222222 55.8466796875 35.2442614931 0.674483066178 1409473070.2
