0.196 0.999650071235 0.00302420593815 0.813377777778 0.186622222222 0.186622222222 0 0 0.911876935781 1409476772.98
0.258 0.934622403072 0.000203557425312 1.49493333333 0.252533333333 0.252533333333 0 0 0.730485936608 1409476774.13
0.319 0.866475530641 0.000141220947852 2.1164 0.294533333333 0.294533333333 0 0 0.622800589095 1409476775.75
0.338 0.827062333914 0.000115957011114 2.7152 0.3212 0.3212 0 0 0.578448579875 1409476777.46
0.346 0.810569434702 0.000123610802317 3.26973333333 0.346444444444 0.346444444444 0 0 0.561979635739 1409476779.79
0.357 0.807969685675 0.000276921211778 3.76884444444 0.372355555556 0.372355555556 0 0 0.549075858308 1409476782.6
0.375 0.809872382391 0.000482270522117 4.23417777778 0.395511111111 0.395511111111 0 0 0.547087319163 1409476785.41
0.403 0.815689783695 0.000648589612866 4.69555555556 0.413244444444 0.413244444444 0 0 0.55144188896 1409476788.29
0.441 0.824008985154 0.000676100257833 5.10786666667 0.433733333333 0.433733333333 0 0 0.559259557308 1409476791.4
0.423 0.832345942162 0.00094578471351 5.40786666667 0.462222222222 0.462222222222 0 0 0.564492313597 1409476794.5
0.427 0.840898092666 0.00145729094075 5.88444444444 0.4704 0.4704 0 0 0.581158871823 1409476797.69
0.434 0.850607948329 0.00199021735939 6.2324 0.490311111111 0.490311111111 0 0 0.605127545753 1409476800.94
0.423 0.857427885479 0.00248965101451 6.65213333333 0.5024 0.5024 0 0 0.619519802231 1409476804.29
0.457 0.862866758016 0.00277607760881 7.08586666667 0.511111111111 0.511111111111 0 0 0.614748238733 1409476807.21
0.396 0.872354963032 0.00325037034772 7.59755555556 0.515466666667 0.515466666667 0 0 0.642683989391 1409476809.92
0.367 0.884507113141 0.0036518678865 8.14102222222 0.519822222222 0.519822222222 0 0 0.677471558103 1409476812.72
0.337 0.893427684939 0.00388231099072 8.69168888889 0.524888888889 0.524888888889 0 0 0.689813611693 1409476815.96
0.377 0.899928589575 0.00366473396862 9.25155555556 0.528488888889 0.528488888889 0 0 0.668942174958 1409476819.23
0.355 0.904866207842 0.00390629753971 9.78524444444 0.532577777778 0.532577777778 0 0 0.655648604954 1409476821.77
0.346 0.908125736223 0.00449125179414 10.3825333333 0.533911111111 0.533911111111 0 0 0.666139230307 1409476824.11
0.375 0.911224076575 0.00473687685884 10.8501333333 0.541777777778 0.541777777778 0 0 0.664015722687 1409476826.99
0.369 0.914615257364 0.00352928222426 11.2447111111 0.552488888889 0.552488888889 0 0 0.636962936221 1409476829.82
0.383 0.917789914888 0.00274946712895 11.7113777778 0.559022222222 0.559022222222 0 0 0.634318360073 1409476832.53
0.37 0.921007349336 0.00403349765665 12.0708 0.564222222222 0.564222222222 0 0 0.613898942113 1409476835.18
0.405 0.924126857727 0.00515145044805 12.4125333333 0.573066666667 0.573066666667 0 0 0.630236540471 1409476837.88
0.39 0.925577193302 0.0050492571237 12.8797777778 0.578266666667 0.578266666667 0 0 0.646238162195 1409476840.75
0.374 0.929684154516 0.00517511452388 13.3643111111 0.583288888889 0.583288888889 0 0 0.664638625312 1409476843.43
0.387 0.931690498481 0.00489928768203 13.9332888889 0.584933333333 0.584933333333 0 0 0.664816747729 1409476846.11
0.337 0.933272052833 0.00366296141822 14.4664 0.588311111111 0.588311111111 0 0 0.679999528111 1409476848.5
0.325 0.935329122124 0.00289396180775 15.0897777778 0.589733333333 0.589733333333 0 0 0.676139325578 1409476850.72
0.304 0.938302505927 0.00214606936726 15.7578666667 0.590044444444 0.590044444444 0 0 0.660998045833 1409476853.17
0.326 0.940764920773 0.00230026024246 16.4552444444 0.590044444444 0.590044444444 0 0 0.660043720768 1409476855.61
0.291 0.943742649647 0.00306484537564 17.1447555556 0.590044444444 0.590044444444 0 0 0.66037035967 1409476857.72
0.3 0.945905441094 0.00368856154175 17.8229777778 0.590044444444 0.590044444444 0 0 0.654474262182 1409476859.67
0.287 0.947839067861 0.00347747896321 18.5210222222 0.590044444444 0.590044444444 0 0 0.666694863085 1409476862.13
0.305 0.948458994883 0.00287082594549 19.2112888889 0.590044444444 0.590044444444 0 0 0.6806025422 1409476864.28
0.301 0.948279340546 0.00193987156786 19.8883555556 0.590044444444 0.590044444444 0 0 0.666374981105 1409476866.55
0.288 0.948822810243 0.001742605352 20.5000888889 0.590044444444 0.590044444444 0 0 0.648361192566 1409476869.3
0.328 0.949907586731 0.00135785332621 21.1421777778 0.590044444444 0.590044444444 0 0 0.621290730896 1409476871.46
0.276 0.950431422951 0.00197757000594 21.7877777778 0.590044444444 0.590044444444 0 0 0.628108292239 1409476873.87
0.274 0.949917877034 0.00283024438482 22.3944 0.590044444444 0.590044444444 0 0 0.635377958608 1409476875.75
0.283 0.949572799804 0.00310540317613 22.9908888889 0.590044444444 0.590044444444 0 0 0.636378189729 1409476877.72
0.313 0.949168015675 0.00231818690202 23.6031111111 0.590044444444 0.590044444444 0 0 0.631319710574 1409476879.69
0.307 0.948158481766 0.00227468485563 24.0850222222 0.590044444444 0.590044444444 0 0 0.624081423899 1409476881.86
0.321 0.947120814287 0.00243301883699 24.6802222222 0.590044444444 0.590044444444 0 0 0.616935808607 1409476883.81
0.332 0.946303305936 0.0028774042768 25.2500888889 0.590044444444 0.590044444444 0 0 0.597312836738 1409476886.05
0.338 0.946203174378 0.00343066727572 25.8935111111 0.590044444444 0.590044444444 0 0 0.601432747136 1409476888.24
0.297 0.945397405632 0.00339633574686 26.5135555556 0.590044444444 0.590044444444 0 0 0.586341055982 1409476890.69
0.308 0.944316481712 0.00338532275886 27.1568444444 0.590044444444 0.590044444444 0 0 0.58797328879 1409476892.71
0.298 0.942989295341 0.00416275633121 27.7898666667 0.590044444444 0.590044444444 0 0 0.579638117767 1409476894.6
0.317 0.942133804515 0.00541255520044 28.3905777778 0.590044444444 0.590044444444 0 0 0.569073872644 1409476896.55
0.304 0.940724399447 0.00508996214407 28.8424888889 0.590044444444 0.590044444444 0 0 0.561144380243 1409476898.78
0.352 0.939166262858 0.00502966242415 29.4025777778 0.590044444444 0.590044444444 0 0 0.568968934753 1409476901.03
0.333 0.937677873649 0.00505723065459 29.9329777778 0.590044444444 0.590044444444 0 0 0.567739275516 1409476903.29
0.339 0.93634118038 0.00522596453891 30.3497333333 0.590044444444 0.590044444444 0 0 0.569927728838 1409476905.3
0.367 0.936013035401 0.00625295228878 30.1913777778 0.590044444444 0.590044444444 0 0 0.556012653392 1409476907.37
0.392 0.935866084257 0.00640009157371 30.2437333333 0.590044444444 0.590044444444 0 0 0.552565473426 1409476909.38
0.414 0.93703802467 0.00495180294028 30.3428444444 0.590044444444 0.590044444444 0 0 0.569780857735 1409476911.59
0.408 0.937261452042 0.00595809326546 30.3676444444 0.591066666667 0.591066666667 0 0 0.584298489986 1409476913.77
0.408 0.937983716697 0.00682100224503 30.5097333333 0.592133333333 0.592133333333 0 0 0.608302710732 1409476916.02
0.427 0.939418807976 0.00721386720052 29.7304888889 0.5964 0.5964 0 0 0.586270050214 1409476918.38
0.424 0.94135113167 0.00706449476069 29.6658666667 0.5972 0.5972 0 0 0.581070792146 1409476920.72
0.418 0.942986852777 0.00712305662242 29.8555555556 0.5972 0.5972 0 0 0.607397385252 1409476923.1
0.41 0.945013008897 0.00647987376182 29.4410222222 0.598533333333 0.598533333333 0 0 0.624638978018 1409476925.33
0.448 0.946098836834 0.00572463443104 29.7432444444 0.600266666667 0.600266666667 0 0 0.622332440267 1409476927.5
0.425 0.946633641441 0.00627937883996 30.0491111111 0.602533333333 0.602533333333 0 0 0.646268749408 1409476929.53
0.411 0.946725934671 0.00747579145736 29.9090222222 0.611288888889 0.611288888889 0 0 0.647483364581 1409476932.05
0.446 0.946743036812 0.00817364785299 29.7052444444 0.621422222222 0.621422222222 0 0 0.639512957018 1409476934.18
0.428 0.949013233604 0.0083785777716 29.5562222222 0.631644444444 0.631644444444 0 0 0.652763850451 1409476936.28
0.409 0.949649889817 0.00845841499265 29.8576444444 0.6348 0.6348 0 0 0.662385254176 1409476938.63
0.405 0.949460010586 0.0101726611159 29.4764888889 0.647555555556 0.647555555556 0 0 0.657776284981 1409476940.93
0.41 0.949219083624 0.0098232714869 29.8863111111 0.648533333333 0.648533333333 0 0 0.647822995497 1409476942.89
0.433 0.948624561249 0.00898749815767 30.188 0.649466666667 0.649466666667 0 0 0.637179247325 1409476944.98
0.397 0.948920907601 0.00841874116988 30.1441777778 0.652222222222 0.652222222222 0 0 0.622475080773 1409476946.95
0.428 0.949248678227 0.00812529926849 30.0598222222 0.657066666667 0.657066666667 0 0 0.599397603283 1409476949.44
0.422 0.949551632143 0.00710941742193 29.8101777778 0.659288888889 0.659288888889 0 0 0.592215786005 1409476951.57
0.428 0.950031381935 0.00695663519467 29.7974666667 0.662488888889 0.662488888889 0 0 0.576692647715 1409476954.0
0.434 0.949545423892 0.00697845281842 29.8003555556 0.6644 0.6644 0 0 0.552593697548 1409476956.16
0.461 0.948454696172 0.00730240371472 29.7097777778 0.67 0.67 0 0 0.551981280218 1409476958.36
0.431 0.947277070071 0.00722079044304 29.702 0.672133333333 0.672133333333 0 0 0.545186089278 1409476960.49
0.481 0.946455003627 0.00711153430063 29.8871111111 0.672444444444 0.672444444444 0 0 0.542332091687 1409476962.5
0.481 0.946626442256 0.00817463009236 29.7166222222 0.674711111111 0.674711111111 0 0 0.532221191314 1409476964.75
0.462 0.946465384224 0.00841664998396 29.7893777778 0.6752 0.6752 0 0 0.527018969705 1409476967.13
0.51 0.945874492881 0.00899615493914 29.6677333333 0.676444444444 0.676444444444 0 0 0.524847758646 1409476969.03
0.543 0.945078069891 0.00787434554597 29.2836888889 0.680266666667 0.680266666667 0 0 0.509848665675 1409476971.16
0.554 0.944853707437 0.00695609489582 29.1273777778 0.685466666667 0.685466666667 0 0 0.521464666454 1409476973.85
0.52 0.946081676168 0.00710338284475 27.9027555556 0.699955555556 0.699955555556 0 0 0.517138992048 1409476976.1
0.545 0.947048890943 0.00670048258116 27.0692 0.712133333333 0.712133333333 0 0 0.515029601704 1409476978.04
0.557 0.947687520838 0.00924762399715 25.9994666667 0.726977777778 0.726977777778 0 0 0.515549696885 1409476979.97
0.543 0.947857599608 0.00905693303162 25.7431111111 0.733244444444 0.733244444444 0 0 0.513938156462 1409476982.21
0.552 0.947637545985 0.00961430663646 25.4804 0.738222222222 0.738222222222 0 0 0.516024219307 1409476984.06
0.58 0.948053726446 0.00949057453344 24.7523555556 0.747644444444 0.747644444444 0 0 0.512484663172 1409476985.89
0.558 0.947871678515 0.00770685612563 24.4131111111 0.752 0.752 0 0 0.513200998242 1409476987.81
0.582 0.949033481459 0.0061580743844 24.2921333333 0.755244444444 0.755244444444 0 0 0.511291885673 1409476990.1
0.569 0.949889877681 0.00694455292471 24.1113333333 0.760888888889 0.760888888889 0 0 0.51894009741 1409476992.44
0.576 0.949970580869 0.00745176563826 23.8255111111 0.767955555556 0.767955555556 0 0 0.51710831092 1409476994.66
0.565 0.949953419207 0.00731545676677 23.9057777778 0.7708 0.7708 0 0 0.519100485255 1409476996.89
0.551 0.950643797524 0.00703308192719 24.1881777778 0.7708 0.7708 0 0 0.539589071495 1409476998.83
0.564 0.951337109592 0.00742490066899 24.5159555556 0.7708 0.7708 0 0 0.539265824007 1409477001.0
0.597 0.951523689411 0.00810014104059 24.6616888889 0.772977777778 0.772977777778 0 0 0.522570009525 1409477003.02
0.574 0.951721362235 0.00804437381862 23.8287111111 0.7848 0.7848 0 0 0.518618861762 1409477005.05
0.56 0.952058405193 0.00737034294051 22.6434666667 0.8 0.8 0 0 0.524767659295 1409477006.9
0.537 0.952582250344 0.00868886614871 22.6440444444 0.803955555556 0.803955555556 0 0 0.532374925276 1409477008.87
0.555 0.952651910301 0.00822532269126 22.8895111111 0.805911111111 0.805911111111 0 0 0.553313406893 1409477011.32
0.514 0.952375566328 0.00858372834384 22.5304888889 0.813377777778 0.813377777778 0 0 0.545372692822 1409477013.38
0.52 0.952497254322 0.00885594156633 21.2659111111 0.829333333333 0.829333333333 0 0 0.537136736926 1409477015.32
0.486 0.952493118796 0.00862153383654 21.4208444444 0.831688888889 0.831688888889 0 0 0.544190397038 1409477017.48
0.477 0.952249590895 0.009874338803 21.4969777778 0.834177777778 0.834177777778 0 0 0.551470992463 1409477019.32
0.5 0.951700731348 0.0125921971362 21.4535555556 0.836088888889 0.836088888889 0 0 0.556141438207 1409477021.08
0.491 0.950537779914 0.0121948161481 21.5638666667 0.8384 0.8384 0 0 0.548188361876 1409477023.15
0.501 0.949134342587 0.012036306324 21.0790666667 0.845511111111 0.845511111111 0 0 0.539069651101 1409477025.19
0.477 0.948102883423 0.0113168096209 20.3526666667 0.854888888889 0.854888888889 0 0 0.530379298294 1409477027.23
0.495 0.947741888914 0.0105627557684 18.3205333333 0.874888888889 0.874888888889 0 0 0.486828758083 1409477029.44
0.484 0.947992220832 0.0107301121472 18.2361777778 0.879155555556 0.879155555556 0 0 0.47989441993 1409477032.01
0.49 0.948055295556 0.0112293629868 17.9681777778 0.884711111111 0.884711111111 0 0 0.457985521463 1409477034.5
0.506 0.948361328028 0.0111027958428 18.0306222222 0.887333333333 0.887333333333 0 0 0.465119750826 1409477036.62
0.5 0.948344681998 0.0109164890768 16.9528444444 0.898977777778 0.898977777778 0 0 0.460978050807 1409477038.59
0.54 0.947959720736 0.0126355147431 15.2128 0.916666666667 0.2688 117 267.603761911 0.458705987863 1409477041.16
0.55 0.94708909486 0.0124773216523 13.4436444444 0.9332 0.562711111111 117 267.603761911 0.465545285331 1409477043.49
0.528 0.946333294723 0.0139203863169 11.7656444444 0.947911111111 0.603911111111 117 267.603761911 0.456016065005 1409477045.43
0.593 0.945076429142 0.0143199722703 10.8774666667 0.955644444444 0.633333333333 117 267.603761911 0.454526149191 1409477047.38
0.569 0.94394989786 0.0152958181938 10.3265333333 0.960088888889 0.660711111111 117 267.603761911 0.446671341187 1409477049.51
0.59 0.94303426482 0.0151852272006 8.47791111111 0.975022222222 0.697155555556 117 267.603761911 0.438786907664 1409477051.49
0.609 0.942891100477 0.017564778607 8.13715555556 0.978488888889 0.713466666667 117 267.603761911 0.451529963748 1409477053.53
0.599 0.942333778276 0.0199533249318 7.7296 0.980888888889 0.738088888889 117 267.603761911 0.443345055851 1409477055.51
0.572 0.941865164334 0.0213567768652 7.08368888889 0.986933333333 0.757155555556 117 267.603761911 0.447721011054 1409477057.34
0.587 0.941130854873 0.0220409837643 6.4856 0.991333333333 0.779466666667 117 267.603761911 0.457202833663 1409477059.23
0.604 0.94013066012 0.0191106288528 5.642 0.997377777778 0.802533333333 117 267.603761911 0.459359959103 1409477061.24
0.606 0.941025905069 0.0181516161211 5.21342222222 0.9976 0.829022222222 117 267.603761911 0.464308924276 1409477063.31
0.628 0.943062747359 0.0181848500273 4.93057777778 0.9976 0.850044444444 117 267.603761911 0.463995216599 1409477065.67
0.637 0.944512774586 0.01800739162 4.65728888889 0.9976 0.870888888889 117 267.603761911 0.458803811466 1409477067.94
0.621 0.945215390321 0.0176918867273 4.42973333333 0.9976 0.890044444444 117 267.603761911 0.487463896073 1409477070.38
0.557 0.94536156611 0.0176329168037 4.29106666667 0.9976 0.026 66.0 149.93870151 0.495499815796 1409477072.64
0.566 0.945791044843 0.0180635814389 4.34835555556 0.9976 0.6064 66.0 149.93870151 0.502429178308 1409477075.23
0.589 0.94611364963 0.0142791569841 4.36195555556 0.9976 0.634888888889 66.0 149.93870151 0.49914255481 1409477077.8
0.576 0.946232270396 0.012156110963 4.42888888889 0.9976 0.658844444444 66.0 149.93870151 0.502047643986 1409477080.09
0.598 0.945923886085 0.0114801616735 4.51991111111 0.9976 0.679688888889 66.0 149.93870151 0.485647615391 1409477082.4
0.608 0.945697271537 0.0123513143395 4.71857777778 0.9976 0.695466666667 66.0 149.93870151 0.463395050348 1409477084.33
0.597 0.945690793655 0.0141795654507 4.89462222222 0.9976 0.707111111111 66.0 149.93870151 0.457734027719 1409477086.48
0.614 0.945185412823 0.0150974567981 4.91448888889 0.9976 0.727911111111 66.0 149.93870151 0.461733578977 1409477088.39
0.62 0.945350737249 0.0125407002473 5.05191111111 0.9976 0.741555555556 66.0 149.93870151 0.454799131227 1409477090.72
0.639 0.944813136228 0.0127947733448 5.08924444444 0.997644444444 0.758888888889 66.0 149.93870151 0.448614692257 1409477093.16
0.692 0.943995190834 0.0136270574013 4.71222222222 0.998666666667 0.788711111111 66.0 149.93870151 0.432923557 1409477095.15
0.705 0.94272512342 0.012592624857 4.4072 0.998755555556 0.814355555556 66.0 149.93870151 0.419498336592 1409477097.08
0.691 0.942203266036 0.0146642661679 4.03053333333 1.0 0.834 66.0 149.93870151 0.414669760284 1409477099.51
0.718 0.94188612272 0.0159235384683 3.64346666667 1.0 0.858311111111 66.0 149.93870151 0.427684276919 1409477102.0
0.66 0.942219996621 0.0164399008164 3.59368888889 1.0 0.872533333333 66.0 149.93870151 0.461160051161 1409477104.03
0.67 0.942889727976 0.0159689197797 3.66377777778 1.0 0.880711111111 66.0 149.93870151 0.456953967486 1409477106.22
0.676 0.944007254127 0.0129689262183 3.66915555556 1.0 0.889955555556 66.0 149.93870151 0.459425119246 1409477108.22
0.635 0.94628982564 0.0122450109298 3.69497777778 1.0 0.898355555556 66.0 149.93870151 0.45342535678 1409477110.44
0.619 0.948430130245 0.0109520242626 3.76431111111 1.0 0.298222222222 42.0 94.6760237813 0.457807046569 1409477112.57
0.612 0.950807959175 0.0105131275836 3.66004444444 1.0 0.647777777778 42.0 94.6760237813 0.461429735225 1409477114.94
0.625 0.952167282784 0.00970343223076 3.91893333333 1.0 0.656977777778 42.0 94.6760237813 0.46704858685 1409477117.31
0.618 0.952471868543 0.0104587654547 4.21946666667 1.0 0.668533333333 42.0 94.6760237813 0.452531884614 1409477119.16
0.585 0.951796752537 0.0115101768655 4.59386666667 1.0 0.675955555556 42.0 94.6760237813 0.440380715724 1409477121.3
0.581 0.95080680328 0.0138226222504 5.01955555556 1.0 0.677022222222 42.0 94.6760237813 0.432727786355 1409477123.47
0.58 0.949819052761 0.0153319857073 5.42351111111 1.0 0.677511111111 42.0 94.6760237813 0.416248917278 1409477125.48
0.535 0.949753546684 0.017324047998 5.86751111111 1.0 0.677733333333 42.0 94.6760237813 0.46423681755 1409477127.36
0.489 0.949928660712 0.0160649137796 6.332 1.0 0.678088888889 42.0 94.6760237813 0.480173506115 1409477129.3
0.502 0.950040408996 0.0150631150903 6.79671111111 1.0 0.678533333333 42.0 94.6760237813 0.480027247236 1409477131.37
0.468 0.950548330038 0.0113843789364 7.26835555556 1.0 0.678533333333 42.0 94.6760237813 0.497795904976 1409477133.5
0.48 0.9513509273 0.00825031240986 7.75826666667 1.0 0.678533333333 42.0 94.6760237813 0.482071775797 1409477135.51
0.468 0.952547079694 0.00843041096074 8.27186666667 1.0 0.678666666667 42.0 94.6760237813 0.497122940469 1409477137.51
0.443 0.953009194265 0.00690688992851 8.79995555556 1.0 0.678666666667 42.0 94.6760237813 0.512867242742 1409477139.47
0.432 0.953244104945 0.00713477611661 9.2828 1.0 0.679511111111 42.0 94.6760237813 0.51464204515 1409477141.84
0.465 0.953248719441 0.00789808902016 9.69328888889 1.0 0.682088888889 42.0 94.6760237813 0.506249004327 1409477144.16
0.462 0.953257023804 0.00719551867492 10.0777333333 1.0 0.682844444444 42.0 94.6760237813 0.493263866638 1409477146.18
0.461 0.953776101565 0.00726195584328 10.5604 1.0 0.6848 42.0 94.6760237813 0.498005508031 1409477148.57
0.454 0.953853258957 0.00570405328036 11.0640444444 1.0 0.6848 42.0 94.6760237813 0.487493605654 1409477150.82
0.491 0.954121072632 0.00612583079534 11.5645777778 1.0 0.6848 42.0 94.6760237813 0.50030290587 1409477152.98
0.445 0.955177724205 0.00465344507389 12.0889777778 1.0 0.685066666667 42.0 94.6760237813 0.542615639133 1409477154.84
0.459 0.955607742461 0.00476791273952 12.6453333333 1.0 0.685155555556 42.0 94.6760237813 0.544980496341 1409477156.87
0.435 0.955847577688 0.00559659434577 13.1900888889 1.0 0.685155555556 42.0 94.6760237813 0.546779361699 1409477158.64
0.413 0.95568452639 0.00562392570972 13.7508888889 1.0 0.685155555556 42.0 94.6760237813 0.55561182469 1409477160.37
0.431 0.955188304709 0.0054381162849 14.3039555556 1.0 0.685155555556 42.0 94.6760237813 0.566453533458 1409477162.74
0.43 0.954490216037 0.00512815178168 14.7814222222 1.0 0.685422222222 42.0 94.6760237813 0.570043233347 1409477164.9
0.399 0.954657789389 0.00375849284472 15.1614666667 1.0 0.689422222222 42.0 94.6760237813 0.541074982507 1409477166.78
0.427 0.955577904361 0.00324696804646 15.7148444444 1.0 0.689422222222 42.0 94.6760237813 0.523723032462 1409477169.15
0.408 0.957401523567 0.00318327627713 16.1564 1.0 0.689422222222 42.0 94.6760237813 0.539598396385 1409477171.13
0.387 0.959952861631 0.0034586457092 16.7317333333 1.0 0.689422222222 42.0 94.6760237813 0.570972209408 1409477173.35
0.405 0.961121195923 0.00558873625751 17.3307111111 1.0 0.689422222222 42.0 94.6760237813 0.577948003668 1409477174.99
0.379 0.962181937096 0.00525634593597 17.9458222222 1.0 0.689422222222 42.0 94.6760237813 0.5893590875 1409477176.78
0.397 0.962363026746 0.0059537137893 18.4897777778 1.0 0.689422222222 42.0 94.6760237813 0.582740183724 1409477179.1
0.419 0.96238257529 0.00675347518681 19.0362666667 1.0 0.689422222222 42.0 94.6760237813 0.586390756477 1409477181.35
0.419 0.963470553029 0.00789707513863 19.6007555556 1.0 0.689422222222 42.0 94.6760237813 0.582379398408 1409477183.16
0.397 0.964526296036 0.0113381974548 19.8851555556 1.0 0.689422222222 42.0 94.6760237813 0.575299998271 1409477185.05
0.429 0.964504883211 0.0126351430328 20.4036 1.0 0.689555555556 42.0 94.6760237813 0.584542980474 1409477187.08
0.418 0.96441139981 0.0129047689663 20.8925777778 1.0 0.6896 42.0 94.6760237813 0.60231105421 1409477189.18
0.439 0.963530938004 0.0114395949064 21.3550222222 1.0 0.6896 42.0 94.6760237813 0.610973520569 1409477191.02
0.44 0.962021494261 0.00890435976654 21.8079111111 1.0 0.6896 42.0 94.6760237813 0.614571585643 1409477193.15
0.447 0.960743465025 0.00881280892076 22.2232 1.0 0.6896 42.0 94.6760237813 0.612603034881 1409477195.63
0.445 0.959193974332 0.00880393187713 22.5039111111 1.0 0.6896 42.0 94.6760237813 0.575522303066 1409477197.56
0.46 0.957310294211 0.010454903145 22.6468888889 1.0 0.6896 42.0 94.6760237813 0.551388928783 1409477199.93
0.458 0.956347289122 0.0113703718785 22.8885333333 1.0 0.6896 42.0 94.6760237813 0.545981126547 1409477202.02
0.454 0.956009938797 0.0111043517658 23.1327555556 1.0 0.6896 42.0 94.6760237813 0.554777123654 1409477203.93
0.472 0.955591226761 0.0111339718911 23.5634666667 1.0 0.6896 42.0 94.6760237813 0.557725136571 1409477206.05
0.478 0.955506265076 0.0125798320361 23.876 1.0 0.6896 42.0 94.6760237813 0.571449544396 1409477208.2
0.486 0.955516090996 0.0139685230803 24.0262666667 1.0 0.690088888889 42.0 94.6760237813 0.572829492239 1409477210.58
0.477 0.956371733665 0.0152250679321 24.2886222222 1.0 0.690711111111 42.0 94.6760237813 0.590092572521 1409477212.44
0.472 0.958115574498 0.015949736688 24.5175555556 1.0 0.691733333333 42.0 94.6760237813 0.592293383383 1409477214.59
0.455 0.960971426166 0.0185019108217 24.0847111111 1.0 0.694888888889 42.0 94.6760237813 0.615606044598 1409477216.93
0.407 0.963498547071 0.0194373649222 24.1231111111 1.0 0.697022222222 42.0 94.6760237813 0.694276318563 1409477219.19
0.435 0.965259780784 0.0160724233934 24.1022222222 1.0 0.701244444444 42.0 94.6760237813 0.666836662277 1409477221.0
0.423 0.965870164676 0.0142931743079 23.8673777778 1.0 0.708888888889 42.0 94.6760237813 0.713605975168 1409477223.23
0.407 0.965675268686 0.0150036238438 22.7228 1.0 0.730088888889 42.0 94.6760237813 0.729943092704 1409477225.16
0.435 0.966696844979 0.0147351358426 22.0691555556 1.0 0.744977777778 42.0 94.6760237813 0.694884125557 1409477227.09
0.453 0.967376320915 0.0146755442105 21.6040444444 1.0 0.756355555556 42.0 94.6760237813 0.679549767554 1409477229.41
0.42 0.968263626538 0.0145049000524 20.2843555556 1.0 0.779288888889 42.0 94.6760237813 0.651065271339 1409477231.28
0.429 0.968715687902 0.0160002134394 18.9989333333 1.0 0.802088888889 42.0 94.6760237813 0.619281481262 1409477233.14
0.473 0.968567627657 0.0158799993529 17.8860444444 1.0 0.8196 42.0 94.6760237813 0.607967153537 1409477235.18
0.458 0.968548350894 0.0140973556695 16.4630666667 1.0 0.840666666667 42.0 94.6760237813 0.602407473578 1409477236.95
0.449 0.96860931528 0.0150494120165 16.2355111111 1.0 0.847955555556 42.0 94.6760237813 0.620419505299 1409477238.7
0.462 0.968575593056 0.0174803363074 15.2930222222 1.0 0.865288888889 42.0 94.6760237813 0.631367208945 1409477240.5
0.467 0.968033735609 0.0168467339361 14.5499111111 1.0 0.879822222222 42.0 94.6760237813 0.613471251974 1409477242.26
0.511 0.967681304251 0.0159459995286 13.4636 1.0 0.889377777778 42.0 94.6760237813 0.595300620239 1409477244.17
0.507 0.96799021992 0.0144165959662 13.2652 1.0 0.893822222222 42.0 94.6760237813 0.589371421412 1409477245.99
0.488 0.968303854711 0.0138793038177 13.0072 1.0 0.8944 42.0 94.6760237813 0.58248548317 1409477247.84
0.487 0.969281550952 0.0130505418732 12.394 1.0 0.0262222222222 54.5 116.161611468 0.583256624198 1409477249.8
0.496 0.970004464978 0.0143918471755 12.1657777778 1.0 0.500222222222 54.5 116.161611468 0.608898274356 1409477252.29
0.524 0.970356469655 0.013319591629 11.7186666667 1.0 0.533377777778 54.5 116.161611468 0.598678004857 1409477254.4
0.515 0.970498573196 0.0142188548431 11.6506222222 1.0 0.566177777778 54.5 116.161611468 0.587314468166 1409477256.27
0.507 0.970420405044 0.015693014942 11.1214666667 1.0 0.590177777778 54.5 116.161611468 0.56827299616 1409477258.58
0.541 0.970073298634 0.0176380651027 10.2237777778 1.0 0.631288888889 54.5 116.161611468 0.542162189035 1409477260.65
0.521 0.968773537852 0.0153703597692 9.57066666667 1.0 0.663955555556 54.5 116.161611468 0.535921906875 1409477262.99
0.498 0.96891089131 0.0132775352404 8.82195555556 1.0 0.683422222222 54.5 116.161611468 0.548410876384 1409477264.68
0.486 0.970145517176 0.0139809604182 9.01391111111 1.0 0.693911111111 54.5 116.161611468 0.55540918114 1409477266.46
0.475 0.971185773815 0.0149305816036 9.04311111111 1.0 0.706977777778 54.5 116.161611468 0.584064854315 1409477268.16
0.462 0.971405172144 0.0140974191468 9.13364444444 1.0 0.718577777778 54.5 116.161611468 0.587138219886 1409477269.95
0.489 0.971589632157 0.0132288254511 9.3252 1.0 0.727911111111 54.5 116.161611468 0.580077062634 1409477271.96
0.473 0.971672134648 0.0147864165269 9.23453333333 1.0 0.745288888889 54.5 116.161611468 0.571002381173 1409477273.65
0.468 0.971760066395 0.0160516049192 9.25168888889 1.0 0.7604 54.5 116.161611468 0.585879268082 1409477275.56
0.497 0.972122877038 0.0154931664174 8.51862222222 1.0 0.789022222222 54.5 116.161611468 0.586917071961 1409477277.3
0.464 0.972642547052 0.0144261358601 7.80613333333 1.0 0.814711111111 54.5 116.161611468 0.626844705875 1409477279.4
0.491 0.972822747256 0.0138616200074 7.19195555556 1.0 0.842888888889 54.5 116.161611468 0.605285644376 1409477281.17
0.443 0.973703838342 0.0155515801948 7.34488888889 1.0 0.856622222222 54.5 116.161611468 0.663641596302 1409477283.5
0.437 0.973727396116 0.0173120439937 7.45728888889 1.0 0.869555555556 54.5 116.161611468 0.657499847558 1409477285.36
0.458 0.972614393854 0.0178814555225 7.2916 1.0 0.887511111111 54.5 116.161611468 0.639894505011 1409477287.07
0.475 0.971637511511 0.0218558432024 6.48977777778 1.0 0.193333333333 37.25 77.6178892404 0.634865311555 1409477289.35
0.447 0.971121494297 0.0219633537967 5.73893333333 1.0 0.464577777778 37.25 77.6178892404 0.663335082732 1409477291.56
0.468 0.97030796667 0.0197583298676 5.83226666667 1.0 0.497688888889 37.25 77.6178892404 0.672539672611 1409477293.7
0.443 0.971053516338 0.0209924751684 6.03128888889 1.0 0.525333333333 37.25 77.6178892404 0.692449894646 1409477295.7
0.409 0.972186163403 0.021459240866 6.10191111111 1.0 0.550444444444 37.25 77.6178892404 0.718118755649 1409477297.51
0.441 0.97249807194 0.0212095591742 5.85022222222 1.0 0.593422222222 37.25 77.6178892404 0.719821409331 1409477299.52
0.474 0.972066029612 0.020421097701 6.11408888889 1.0 0.616977777778 37.25 77.6178892404 0.717827839454 1409477301.79
0.443 0.971892822014 0.0187903113567 6.47413333333 1.0 0.631644444444 37.25 77.6178892404 0.697218379179 1409477303.81
0.418 0.972036716715 0.0165582932395 6.78235555556 1.0 0.646311111111 37.25 77.6178892404 0.678270199604 1409477305.79
0.452 0.972823850988 0.0143007481831 6.96764444444 1.0 0.666888888889 37.25 77.6178892404 0.649636779831 1409477307.56
0.461 0.974215243146 0.0149075781469 7.10262222222 1.0 0.684222222222 37.25 77.6178892404 0.6430319585 1409477309.4
0.434 0.974668551969 0.0155288851381 7.25342222222 1.0 0.700577777778 37.25 77.6178892404 0.649318898791 1409477311.05
0.419 0.974594874843 0.0152428046993 7.34031111111 1.0 0.722355555556 37.25 77.6178892404 0.655893569347 1409477312.83
0.425 0.974815888802 0.0145728224967 7.55551111111 1.0 0.736666666667 37.25 77.6178892404 0.630378947541 1409477314.73
0.41 0.974907811333 0.0151840033039 7.86853333333 1.0 0.744711111111 37.25 77.6178892404 0.628699816518 1409477316.68
0.428 0.974821998577 0.0160480135329 7.9784 1.0 0.758933333333 37.25 77.6178892404 0.630298294723 1409477318.75
0.425 0.975015449059 0.0183231466324 8.28595555556 1.0 0.767466666667 37.25 77.6178892404 0.649031719954 1409477320.66
0.421 0.974276236472 0.0161505754832 8.28991111111 1.0 0.784577777778 37.25 77.6178892404 0.644541196329 1409477322.4
0.448 0.973945057141 0.0134165743742 8.58751111111 1.0 0.789955555556 37.25 77.6178892404 0.644992008408 1409477324.58
0.459 0.97308396342 0.0131125517081 8.71453333333 1.0 0.796622222222 37.25 77.6178892404 0.642459559008 1409477326.44
0.464 0.972324523265 0.0140432644255 8.47315555556 1.0 0.815733333333 37.25 77.6178892404 0.638110535221 1409477328.23
0.487 0.972321931949 0.013843509277 8.45706666667 1.0 0.829111111111 37.25 77.6178892404 0.638169288703 1409477330.11
0.525 0.972468234231 0.0125131886549 8.56688888889 1.0 0.838933333333 37.25 77.6178892404 0.640551754602 1409477332.66
0.48 0.973229860787 0.0109364967001 8.91075555556 1.0 0.841288888889 37.25 77.6178892404 0.665526576457 1409477334.89
0.46 0.974027127345 0.0108793750838 9.34333333333 1.0 0.8436 37.25 77.6178892404 0.682661568295 1409477336.74
0.464 0.973775766978 0.0111903862761 9.67622222222 1.0 0.845377777778 37.25 77.6178892404 0.685276895732 1409477338.77
0.44 0.973174128565 0.00873710654143 9.96146666667 1.0 0.850577777778 37.25 77.6178892404 0.666609869755 1409477341.25
0.406 0.973313062915 0.00937782385007 10.0713333333 1.0 0.859511111111 37.25 77.6178892404 0.66405133708 1409477343.08
0.402 0.974111339923 0.0101984935698 10.0324888889 1.0 0.874577777778 37.25 77.6178892404 0.687545192033 1409477345.11
0.397 0.973671954405 0.0101098694074 10.0326666667 1.0 0.885955555556 37.25 77.6178892404 0.688666376319 1409477347.0
0.368 0.973007351267 0.00877160572694 10.5017333333 1.0 0.887422222222 37.25 77.6178892404 0.680698595058 1409477348.79
0.366 0.97282538435 0.00896433358538 10.9535555556 1.0 0.888355555556 37.25 77.6178892404 0.661477832639 1409477350.71
0.371 0.973146763864 0.0104377140595 11.4017777778 1.0 0.888844444444 37.25 77.6178892404 0.681575186281 1409477352.61
0.373 0.973422915628 0.0103086489297 11.7600888889 1.0 0.888933333333 37.25 77.6178892404 0.727732288826 1409477354.38
0.354 0.972980727108 0.00954944811378 12.1712888889 1.0 0.889333333333 37.25 77.6178892404 0.702290828129 1409477355.98
0.347 0.97198346578 0.00829634119453 12.6094222222 1.0 0.890666666667 37.25 77.6178892404 0.708663444326 1409477357.77
0.3 0.971535785216 0.00721467664655 13.2138222222 1.0 0.891111111111 37.25 77.6178892404 0.746438661503 1409477359.46
0.311 0.972837244035 0.00715507640137 13.3043555556 1.0 0.891111111111 37.25 77.6178892404 0.661797236723 1409477361.27
0.346 0.974271445507 0.00891729051618 13.6107111111 1.0 0.891244444444 37.25 77.6178892404 0.65260622712 1409477363.3
0.376 0.974659200028 0.010859654341 14.0382666667 1.0 0.891688888889 37.25 77.6178892404 0.681359848138 1409477365.04
0.355 0.974689623595 0.013096208541 14.4958666667 1.0 0.891955555556 37.25 77.6178892404 0.678839627767 1409477366.72
0.377 0.974783165933 0.0141074496751 14.8361777778 1.0 0.892 37.25 77.6178892404 0.680615953322 1409477368.71
0.393 0.974694957647 0.0172438655651 15.2127555556 1.0 0.892133333333 37.25 77.6178892404 0.680245620143 1409477370.59
0.364 0.973666722924 0.0127947889175 15.3034222222 1.0 0.892177777778 37.25 77.6178892404 0.63969132021 1409477372.38
0.43 0.973198471153 0.0132131284609 15.4513333333 1.0 0.892355555556 37.25 77.6178892404 0.622362477147 1409477374.73
0.403 0.972580747996 0.0144098809267 15.5306666667 1.0 0.892355555556 37.25 77.6178892404 0.630443680881 1409477376.4
0.432 0.971659816903 0.0145623815436 15.5296888889 1.0 0.892355555556 37.25 77.6178892404 0.641145637402 1409477378.12
0.451 0.970758304967 0.0120839853922 15.6283111111 1.0 0.892355555556 37.25 77.6178892404 0.649480516064 1409477380.13
0.486 0.970317054023 0.0114041614552 15.6610666667 1.0 0.892355555556 37.25 77.6178892404 0.639361310177 1409477382.22
0.417 0.970924332242 0.0105181417888 16.1056888889 1.0 0.892355555556 37.25 77.6178892404 0.654604724905 1409477384.69
0.394 0.971672249199 0.0121842366096 16.2635555556 1.0 0.892355555556 37.25 77.6178892404 0.672557337187 1409477386.51
0.415 0.971351547724 0.0126442808895 16.2607555556 1.0 0.892355555556 37.25 77.6178892404 0.652643677698 1409477388.3
0.414 0.97091677102 0.0154091682799 16.2715555556 1.0 0.893244444444 37.25 77.6178892404 0.643407299608 1409477390.36
0.446 0.969678756471 0.0135876868278 16.1356888889 1.0 0.894311111111 37.25 77.6178892404 0.635135100499 1409477392.24
0.495 0.968889384895 0.010784509655 15.8561777778 1.0 0.897555555556 37.25 77.6178892404 0.604088936952 1409477394.58
0.478 0.969108907659 0.0103713224166 15.5490666667 1.0 0.279688888889 46.125 92.5946486369 0.584897248522 1409477396.94
0.472 0.969652592451 0.010573960505 15.7734222222 1.0 0.492222222222 46.125 92.5946486369 0.591702142489 1409477399.3
0.445 0.970437666506 0.010349657839 15.2959555556 1.0 0.532533333333 46.125 92.5946486369 0.587981207722 1409477401.47
0.457 0.970866038528 0.0114472796056 15.5728444444 1.0 0.547688888889 46.125 92.5946486369 0.587280078284 1409477403.4
0.463 0.970714151349 0.0127528536267 15.4579555556 1.0 0.568266666667 46.125 92.5946486369 0.583385882645 1409477405.3
0.492 0.970275433822 0.0124544073244 14.8659111111 1.0 0.605733333333 46.125 92.5946486369 0.566627638091 1409477407.26
0.481 0.969667042099 0.0102174133287 14.43 1.0 0.628355555556 46.125 92.5946486369 0.553094030241 1409477409.28
0.495 0.970244975403 0.0115126297594 13.8486222222 1.0 0.655955555556 46.125 92.5946486369 0.538466997238 1409477411.05
0.504 0.970688297801 0.0131351950092 12.5689777778 1.0 0.6928 46.125 92.5946486369 0.535313471714 1409477413.01
0.481 0.97063699171 0.0153500758344 11.7083111111 1.0 0.7196 46.125 92.5946486369 0.526965819183 1409477414.81
0.514 0.969733030394 0.0157710108996 11.0236 1.0 0.7436 46.125 92.5946486369 0.504307162918 1409477417.14
0.486 0.969019508733 0.0149968686802 10.5751555556 1.0 0.759733333333 46.125 92.5946486369 0.47610363849 1409477419.09
0.505 0.968653129968 0.0149217742693 10.0526222222 1.0 0.782311111111 46.125 92.5946486369 0.474113586883 1409477421.15
0.526 0.967829130982 0.0173907678367 10.0526222222 1.0 0.790311111111 46.125 92.5946486369 0.466839870039 1409477422.83
0.511 0.966462470637 0.0171041208942 10.2019555556 1.0 0.795911111111 46.125 92.5946486369 0.476037005142 1409477424.69
0.527 0.965961115462 0.0157467128483 10.3933333333 1.0 0.798088888889 46.125 92.5946486369 0.488019152351 1409477426.39
0.547 0.966309739241 0.0148488294316 10.3696 1.0 0.8056 46.125 92.5946486369 0.480162897589 1409477428.54
0.545 0.96692221511 0.015011963607 10.5364888889 1.0 0.811644444444 46.125 92.5946486369 0.481706980228 1409477430.42
0.518 0.966858144438 0.0145220462438 10.5464888889 1.0 0.816977777778 46.125 92.5946486369 0.488204923505 1409477432.24
0.54 0.96659520509 0.0136771810897 10.34 1.0 0.825822222222 46.125 92.5946486369 0.484214820398 1409477433.92
0.539 0.966611886088 0.0129512643406 10.5390666667 1.0 0.827777777778 46.125 92.5946486369 0.492156691903 1409477436.01
0.582 0.966282000008 0.0134422556134 10.1301777778 1.0 0.839422222222 46.125 92.5946486369 0.477771860792 1409477438.12
0.565 0.966180384284 0.0140228456777 9.22955555556 1.0 0.859511111111 46.125 92.5946486369 0.484403907814 1409477440.2
0.574 0.966112600347 0.0125845149367 8.53551111111 1.0 0.879955555556 46.125 92.5946486369 0.483140558547 1409477442.71
0.532 0.966108830016 0.0132820184437 7.43755555556 1.0 0.0199111111111 35.0625 70.4517528005 0.471836388534 1409477444.58
0.567 0.966049816651 0.0130001990646 7.08648888889 1.0 0.577466666667 35.0625 70.4517528005 0.481325392816 1409477446.69
0.525 0.96677267015 0.0143519375579 7.2352 1.0 0.592933333333 35.0625 70.4517528005 0.527646840627 1409477448.88
0.505 0.96774186293 0.0192407459846 7.43004444444 1.0 0.609111111111 35.0625 70.4517528005 0.557089383692 1409477450.7
0.544 0.967217183769 0.0188708610877 7.39368888889 1.0 0.6304 35.0625 70.4517528005 0.551995373018 1409477452.53
0.548 0.965858747366 0.0161755459851 7.06031111111 1.0 0.651466666667 35.0625 70.4517528005 0.546376970013 1409477454.83
0.53 0.964855711862 0.015500985634 7.04151111111 1.0 0.667822222222 35.0625 70.4517528005 0.541999956004 1409477456.7
0.554 0.964065681571 0.0136879045549 7.19173333333 1.0 0.682755555556 35.0625 70.4517528005 0.510957954807 1409477459.07
0.54 0.964793421008 0.0147529740229 7.18822222222 1.0 0.701688888889 35.0625 70.4517528005 0.50471808201 1409477461.13
0.538 0.965732401681 0.0146087527145 6.54035555556 1.0 0.7388 35.0625 70.4517528005 0.515726792845 1409477463.19
0.502 0.966815690575 0.0152746616091 6.68604444444 1.0 0.748311111111 35.0625 70.4517528005 0.56992200542 1409477465.19
0.544 0.967747882852 0.0156555905191 6.83382222222 1.0 0.756133333333 35.0625 70.4517528005 0.565401410223 1409477467.06
0.522 0.968200668559 0.0173177068495 6.95342222222 1.0 0.762888888889 35.0625 70.4517528005 0.553489411845 1409477469.39
0.504 0.967857325315 0.0186478048124 6.91386666667 1.0 0.772622222222 35.0625 70.4517528005 0.573086389181 1409477471.51
0.513 0.967194413693 0.0187438843087 7.05071111111 1.0 0.779777777778 35.0625 70.4517528005 0.582994584045 1409477473.59
0.498 0.966568373736 0.0178140739037 7.12244444444 1.0 0.788311111111 35.0625 70.4517528005 0.590079557119 1409477475.62
0.471 0.966618315348 0.0173688714928 7.20586666667 1.0 0.797511111111 35.0625 70.4517528005 0.597638079275 1409477477.48
0.476 0.967511930528 0.0176465998453 7.34182222222 1.0 0.805466666667 35.0625 70.4517528005 0.6137810543 1409477479.51
0.444 0.968198919838 0.0190805513363 7.53395555556 1.0 0.814177777778 35.0625 70.4517528005 0.620235610235 1409477481.49
0.461 0.968493162747 0.0193865214723 7.76995555556 1.0 0.821244444444 35.0625 70.4517528005 0.616335789479 1409477483.64
0.463 0.968401319508 0.0202754439152 8.03835555556 1.0 0.826533333333 35.0625 70.4517528005 0.60479405096 1409477485.38
0.461 0.968383259284 0.024758186052 8.33017777778 1.0 0.8312 35.0625 70.4517528005 0.584721179906 1409477487.21
0.492 0.967868112412 0.0228375861939 8.43031111111 1.0 0.837955555556 35.0625 70.4517528005 0.559653494293 1409477489.09
0.492 0.967120189426 0.0198598267016 8.42706666667 1.0 0.842088888889 35.0625 70.4517528005 0.547336329744 1409477491.25
0.496 0.96671814546 0.0173783100242 8.55617777778 1.0 0.847911111111 35.0625 70.4517528005 0.536387596594 1409477493.53
0.497 0.966684562359 0.0152546732309 8.55613333333 1.0 0.852444444444 35.0625 70.4517528005 0.529929667773 1409477495.38
0.513 0.966746910118 0.0165711135507 8.74533333333 1.0 0.854177777778 35.0625 70.4517528005 0.52752524997 1409477496.96
0.523 0.965983620855 0.0170614054418 8.54511111111 1.0 0.861377777778 35.0625 70.4517528005 0.509282107845 1409477499.16
0.513 0.965075141805 0.0156189813282 8.48835555556 1.0 0.867644444444 35.0625 70.4517528005 0.49020639953 1409477501.35
0.517 0.964377721521 0.0148248567038 8.54591111111 1.0 0.872977777778 35.0625 70.4517528005 0.491443756214 1409477503.28
0.485 0.964810089735 0.0141569537935 8.64142222222 1.0 0.882044444444 35.0625 70.4517528005 0.497809669943 1409477505.35
0.521 0.965286401244 0.0144909903382 8.57671111111 1.0 0.889955555556 35.0625 70.4517528005 0.500561120599 1409477507.28
0.507 0.965666684598 0.0155668113262 8.6876 1.0 0.8936 35.0625 70.4517528005 0.504166216019 1409477509.05
0.558 0.965405554281 0.014907801112 8.54128888889 1.0 0.897066666667 35.0625 70.4517528005 0.481545786675 1409477511.24
0.544 0.965819680334 0.0155448270537 8.71831111111 1.0 0.8976 35.0625 70.4517528005 0.485170573697 1409477512.97
0.516 0.966272431626 0.015335856031 8.78982222222 1.0 0.181244444444 35.03125 70.3290118668 0.49591257601 1409477515.12
0.534 0.966350449648 0.0158498896268 8.94471111111 1.0 0.544222222222 35.03125 70.3290118668 0.519206202927 1409477517.14
0.55 0.965967425239 0.0160189132645 8.95466666667 1.0 0.568444444444 35.03125 70.3290118668 0.522327082894 1409477519.17
0.508 0.965755875073 0.0142131813207 9.13866666667 1.0 0.577422222222 35.03125 70.3290118668 0.511696635052 1409477520.88
0.535 0.966005866687 0.012660937767 9.41302222222 1.0 0.587733333333 35.03125 70.3290118668 0.51858093995 1409477523.04
0.519 0.966524624125 0.0118954070106 9.58177777778 1.0 0.599155555556 35.03125 70.3290118668 0.516577809273 1409477524.8
0.544 0.967033150156 0.0118673861514 9.67711111111 1.0 0.613422222222 35.03125 70.3290118668 0.514317041377 1409477526.54
0.555 0.966905695667 0.0119469380317 9.46297777778 1.0 0.637022222222 35.03125 70.3290118668 0.517483974216 1409477528.86
0.552 0.966568097118 0.0130319018538 8.82466666667 1.0 0.670844444444 35.03125 70.3290118668 0.5071856914 1409477530.64
0.557 0.96648477407 0.0140502407421 8.68217777778 1.0 0.683777777778 35.03125 70.3290118668 0.500979409195 1409477532.6
0.519 0.965879338277 0.0125671083018 8.37328888889 1.0 0.701422222222 35.03125 70.3290118668 0.504562930418 1409477534.72
0.505 0.965924199814 0.0128416711584 8.41702222222 1.0 0.710622222222 35.03125 70.3290118668 0.506212866704 1409477536.73
0.523 0.966197331652 0.0133448245559 8.4884 1.0 0.7184 35.03125 70.3290118668 0.500646844205 1409477538.83
0.525 0.965739192501 0.0136833058406 8.63706666667 1.0 0.724133333333 35.03125 70.3290118668 0.50119613934 1409477540.84
0.53 0.965360478609 0.0147452157066 9.01768888889 1.0 0.725422222222 35.03125 70.3290118668 0.505032248487 1409477542.89
0.513 0.965402683545 0.0148164390713 9.39742222222 1.0 0.726355555556 35.03125 70.3290118668 0.502395378294 1409477545.3
0.531 0.965487684621 0.0138005338181 9.82671111111 1.0 0.726888888889 35.03125 70.3290118668 0.495363333736 1409477547.19
0.51 0.965830270038 0.0125279054278 10.2230222222 1.0 0.727244444444 35.03125 70.3290118668 0.479890012944 1409477549.43
0.523 0.966241636768 0.0120058780505 10.6172888889 1.0 0.727377777778 35.03125 70.3290118668 0.462528062458 1409477551.52
0.506 0.966148590761 0.0114305975547 10.9975555556 1.0 0.727422222222 35.03125 70.3290118668 0.455051641993 1409477553.25
0.502 0.965935998667 0.0125703627748 11.3771555556 1.0 0.727422222222 35.03125 70.3290118668 0.438417081961 1409477555.57
0.501 0.965999266424 0.012119671237 11.7888888889 1.0 0.727422222222 35.03125 70.3290118668 0.43681367533 1409477557.44
0.487 0.965609922812 0.0112285583865 12.1137333333 1.0 0.727422222222 35.03125 70.3290118668 0.429363887544 1409477559.73
0.556 0.965583064794 0.00997728535044 12.4708 1.0 0.727422222222 35.03125 70.3290118668 0.416350239678 1409477561.51
0.521 0.965923101343 0.00850005645688 12.7752 1.0 0.727422222222 35.03125 70.3290118668 0.424547207142 1409477563.38
0.548 0.967113198264 0.00886093746494 13.0284888889 1.0 0.728 35.03125 70.3290118668 0.41461191676 1409477565.53
0.521 0.967490619419 0.00863919549367 13.2484444444 1.0 0.729688888889 35.03125 70.3290118668 0.416900624424 1409477567.36
0.552 0.967687001556 0.00866546523705 13.3569777778 1.0 0.731333333333 35.03125 70.3290118668 0.39727427341 1409477569.18
0.58 0.967491092679 0.00759239900182 13.3472 1.0 0.733733333333 35.03125 70.3290118668 0.402969379178 1409477571.09
0.562 0.967910019407 0.00820227516716 13.3696 1.0 0.7412 35.03125 70.3290118668 0.406008022034 1409477572.92
0.593 0.968127428543 0.0122820444273 13.3656 1.0 0.748 35.03125 70.3290118668 0.41335573305 1409477574.81
0.567 0.967416732831 0.0141939398344 13.0590222222 1.0 0.758311111111 35.03125 70.3290118668 0.402299612445 1409477576.72
0.608 0.966279838294 0.0149760723009 12.8797777778 1.0 0.766622222222 35.03125 70.3290118668 0.407838282678 1409477579.13
0.602 0.966027800374 0.0176395716263 12.7192888889 1.0 0.774622222222 35.03125 70.3290118668 0.417274803 1409477581.17
0.611 0.965988264718 0.0164941529292 12.4147111111 1.0 0.782222222222 35.03125 70.3290118668 0.396872116485 1409477583.07
0.593 0.965980696132 0.0163529237184 12.2349333333 1.0 0.785555555556 35.03125 70.3290118668 0.383835840205 1409477584.89
0.64 0.966401428384 0.0178518723856 11.8179111111 1.0 0.798888888889 35.03125 70.3290118668 0.361430931701 1409477586.81
0.653 0.966728833774 0.0211315453281 11.4485777778 1.0 0.808222222222 35.03125 70.3290118668 0.360668529936 1409477588.81
0.299 0.994903470697 0.0197905198343 11.6498222222 1.0 0.817511111111 35.03125 70.3290118668 0.795506787326 1409477590.42
0.304 0.977263295134 0.0207569371612 10.8910222222 1.0 0.844222222222 35.03125 70.3290118668 0.775626582585 1409477592.43
0.325 0.987531791538 0.0276032260393 11.0580888889 1.0 0.854577777778 35.03125 70.3290118668 0.775386384777 1409477594.33
0.288 0.990364056901 0.0201747640742 10.5584888889 1.0 0.8744 35.03125 70.3290118668 0.744332901212 1409477595.95
0.392 0.982550795285 0.0184248433226 10.1354666667 1.0 0.889866666667 35.03125 70.3290118668 0.652428573401 1409477597.53
0.381 0.977034786694 0.0175925892814 9.73262222222 1.0 0.1132 39.015625 77.3195038782 0.621020627598 1409477599.57
0.428 0.97473076616 0.0183456351556 9.28817777778 1.0 0.4384 39.015625 77.3195038782 0.613649092221 1409477601.71
0.46 0.973338907705 0.0170380798224 9.30151111111 1.0 0.468755555556 39.015625 77.3195038782 0.597617195125 1409477603.48
0.459 0.972414174745 0.0152221645037 8.77924444444 1.0 0.502755555556 39.015625 77.3195038782 0.585059525256 1409477605.75
0.437 0.971337985138 0.012760071705 8.56657777778 1.0 0.524622222222 39.015625 77.3195038782 0.575404814404 1409477607.62
0.461 0.971196643436 0.0108914745505 8.3408 1.0 0.5508 39.015625 77.3195038782 0.57084120814 1409477609.24
0.429 0.971742111533 0.0106941225381 8.55755555556 1.0 0.562844444444 39.015625 77.3195038782 0.572319888174 1409477611.6
0.437 0.972619932588 0.0135458900254 8.81773333333 1.0 0.577111111111 39.015625 77.3195038782 0.588324857752 1409477613.58
0.442 0.972491436151 0.015099675766 9.15808888889 1.0 0.583866666667 39.015625 77.3195038782 0.581764734967 1409477615.62
0.447 0.971665224314 0.0147777903495 9.57795555556 1.0 0.587866666667 39.015625 77.3195038782 0.581430249753 1409477617.33
0.413 0.971573706123 0.0144823469755 10.0787555556 1.0 0.589688888889 39.015625 77.3195038782 0.573372663742 1409477619.13
0.426 0.972231035524 0.0141820739779 10.5640444444 1.0 0.592 39.015625 77.3195038782 0.565212936256 1409477620.98
0.45 0.972692965424 0.0148584681592 11.0686666667 1.0 0.592844444444 39.015625 77.3195038782 0.562928106597 1409477622.9
0.439 0.972818442424 0.0150152033561 11.4333777778 1.0 0.597955555556 39.015625 77.3195038782 0.552542933542 1409477625.01
0.453 0.97208727735 0.0138659561312 11.6792 1.0 0.603955555556 39.015625 77.3195038782 0.558963402462 1409477626.66
0.46 0.97162298638 0.0118915518859 11.9024 1.0 0.607688888889 39.015625 77.3195038782 0.567654599679 1409477628.3
0.486 0.972548294336 0.0108026536147 11.5929777778 1.0 0.6328 39.015625 77.3195038782 0.566676095892 1409477629.91
0.464 0.972813976866 0.0106438398139 11.4005333333 1.0 0.646577777778 39.015625 77.3195038782 0.573080342619 1409477631.89
0.483 0.972738691211 0.0106181976992 11.1182666667 1.0 0.661377777778 39.015625 77.3195038782 0.57185715407 1409477633.74
0.488 0.972833169805 0.0100608437513 11.3326222222 1.0 0.668088888889 39.015625 77.3195038782 0.600088372585 1409477635.66
0.454 0.973501971213 0.012023018081 11.3382666667 1.0 0.6796 39.015625 77.3195038782 0.596909396667 1409477637.52
0.47 0.973419102071 0.0132624073754 11.4159111111 1.0 0.691022222222 39.015625 77.3195038782 0.606161023009 1409477639.58
0.505 0.972623203306 0.0147254281725 11.3321777778 1.0 0.708888888889 39.015625 77.3195038782 0.594683522613 1409477641.45
0.481 0.971379027621 0.0118324530605 11.5170666667 1.0 0.718488888889 39.015625 77.3195038782 0.579510586149 1409477643.29
0.515 0.971400154374 0.0110002132498 11.6144888889 1.0 0.728 39.015625 77.3195038782 0.579393912806 1409477645.04
0.486 0.972067418529 0.0112236967207 11.8897333333 1.0 0.732488888889 39.015625 77.3195038782 0.569389847269 1409477646.89
0.468 0.972519321005 0.0100406252886 11.8776 1.0 0.746977777778 39.015625 77.3195038782 0.564575301877 1409477648.5
0.442 0.972631587962 0.00724393578171 11.7825333333 1.0 0.764577777778 39.015625 77.3195038782 0.553365272188 1409477650.47
0.48 0.973410817212 0.00661812483648 12.1737333333 1.0 0.767022222222 39.015625 77.3195038782 0.553490509609 1409477652.35
0.444 0.973185488956 0.00565665982908 12.5420444444 1.0 0.769688888889 39.015625 77.3195038782 0.579941783906 1409477654.19
0.45 0.973508845975 0.00636497802126 12.9344444444 1.0 0.772666666667 39.015625 77.3195038782 0.578415907379 1409477656.12
0.443 0.973604088661 0.00692328485063 13.2251555556 1.0 0.777777777778 39.015625 77.3195038782 0.604280363046 1409477657.79
0.44 0.973476614719 0.00677913281246 13.2414666667 1.0 0.787644444444 39.015625 77.3195038782 0.591451691342 1409477659.6
0.455 0.973116896558 0.00703873053026 13.3508888889 1.0 0.795822222222 39.015625 77.3195038782 0.591170954133 1409477661.58
0.438 0.972815132351 0.00973722813246 13.3393333333 1.0 0.808666666667 39.015625 77.3195038782 0.570620411326 1409477663.52
0.429 0.972422129975 0.0129221520587 13.3893333333 1.0 0.818088888889 39.015625 77.3195038782 0.575425042032 1409477665.4
0.455 0.971440282608 0.0137778698212 13.4694222222 1.0 0.8272 39.015625 77.3195038782 0.565006410664 1409477667.28
0.509 0.970412226254 0.0156337700849 13.2879111111 1.0 0.840577777778 39.015625 77.3195038782 0.558415067216 1409477669.38
0.5 0.969756911527 0.015638863906 12.6738666667 1.0 0.860533333333 39.015625 77.3195038782 0.54984598684 1409477671.35
0.537 0.969210806681 0.0168495213076 12.9021333333 1.0 0.863866666667 39.015625 77.3195038782 0.564514731046 1409477673.19
0.522 0.96844182949 0.0185024429286 12.8095111111 1.0 0.873377777778 39.015625 77.3195038782 0.540182093301 1409477675.0
0.51 0.967848138243 0.0191192396225 13.0424 1.0 0.877066666667 39.015625 77.3195038782 0.537905504587 1409477676.91
0.555 0.966742920448 0.0190950746899 13.0546222222 1.0 0.885333333333 39.015625 77.3195038782 0.54651084653 1409477678.85
0.532 0.965984189748 0.0206351598568 12.7652444444 1.0 0.898177777778 39.015625 77.3195038782 0.519890128474 1409477680.56
0.547 0.965258677663 0.0201839584205 12.2640444444 1.0 0.255155555556 41.5078125 80.085171985 0.505838824846 1409477682.65
0.575 0.965205855655 0.0200067990107 11.5658666667 1.0 0.577555555556 41.5078125 80.085171985 0.459679370301 1409477684.55
0.557 0.965896310724 0.0177460797004 10.7413777778 1.0 0.627466666667 41.5078125 80.085171985 0.455396308041 1409477686.2
0.495 0.967087484914 0.0171864780623 10.0829333333 1.0 0.6668 41.5078125 80.085171985 0.474670652786 1409477687.86
0.537 0.968109319255 0.0154951004039 8.73604444444 1.0 0.7068 41.5078125 80.085171985 0.480504691154 1409477689.87
0.465 0.97094616213 0.0147311025327 8.70222222222 1.0 0.717511111111 41.5078125 80.085171985 0.528483686316 1409477691.67
0.446 0.972519550101 0.0132420250056 8.83506666667 1.0 0.725911111111 41.5078125 80.085171985 0.570875744267 1409477693.52
0.466 0.973398502043 0.0119188911313 8.47031111111 1.0 0.740088888889 41.5078125 80.085171985 0.571155956482 1409477695.53
0.471 0.973594677553 0.0105638648667 8.81457777778 1.0 0.742933333333 41.5078125 80.085171985 0.561209625384 1409477697.58
0.453 0.973980683638 0.00898106476598 8.96462222222 1.0 0.749955555556 41.5078125 80.085171985 0.552667532529 1409477699.99
0.447 0.97491291975 0.00967853938949 9.23875555556 1.0 0.753066666667 41.5078125 80.085171985 0.541428493977 1409477701.94
0.454 0.975581406912 0.0100334245386 9.46373333333 1.0 0.760711111111 41.5078125 80.085171985 0.538080873873 1409477703.77
0.479 0.975378427434 0.0122986444897 9.66342222222 1.0 0.768088888889 41.5078125 80.085171985 0.535256330224 1409477705.33
0.45 0.974748513991 0.0138039772977 9.97631111111 1.0 0.773511111111 41.5078125 80.085171985 0.525863779704 1409477706.94
0.511 0.973294567774 0.0143777650112 10.0370666667 1.0 0.782533333333 41.5078125 80.085171985 0.519903686725 1409477708.7
0.485 0.971875040815 0.0131616370573 10.0178222222 1.0 0.790133333333 41.5078125 80.085171985 0.508591824767 1409477710.4
0.475 0.97126357966 0.0133727932342 9.69457777778 1.0 0.804488888889 41.5078125 80.085171985 0.507848295233 1409477712.23
0.499 0.971484728163 0.0131519012273 9.83493333333 1.0 0.811688888889 41.5078125 80.085171985 0.533107543828 1409477714.28
0.422 0.97222975545 0.0127058493567 9.80955555556 1.0 0.824444444444 41.5078125 80.085171985 0.59780278753 1409477716.4
0.369 0.973983263728 0.0133639731193 10.1931111111 1.0 0.828622222222 41.5078125 80.085171985 0.684199878016 1409477718.71
0.373 0.974982873989 0.0122773762028 10.5161333333 1.0 0.834488888889 41.5078125 80.085171985 0.73648457971 1409477720.79
0.374 0.976702618854 0.0111487266029 10.6035111111 1.0 0.844711111111 41.5078125 80.085171985 0.710460579306 1409477722.76
0.326 0.978619120395 0.0109130509305 11.0488444444 1.0 0.846755555556 41.5078125 80.085171985 0.753162080873 1409477724.56
0.334 0.979470151923 0.00993816858348 11.4182222222 1.0 0.850444444444 41.5078125 80.085171985 0.794348074277 1409477726.56
0.324 0.981352393448 0.00977595532533 11.3885333333 1.0 0.862755555556 41.5078125 80.085171985 0.786512236434 1409477728.32
0.338 0.982040605093 0.00914597671161 11.4204 1.0 0.8724 41.5078125 80.085171985 0.791354582425 1409477730.11
0.349 0.982419398596 0.0100087258678 10.9757777778 1.0 0.8912 41.5078125 80.085171985 0.778644690418 1409477732.03
0.366 0.98259020813 0.0111190990194 10.5337777778 1.0 0.179955555556 34.25390625 65.9629374978 0.770040524258 1409477734.37
0.378 0.982513017379 0.010521179326 10.3006222222 1.0 0.376088888889 34.25390625 65.9629374978 0.776893471572 1409477736.39
0.352 0.983677157598 0.00892270870128 10.2655111111 1.0 0.395511111111 34.25390625 65.9629374978 0.778297434756 1409477738.41
0.335 0.985057980809 0.00833487787651 10.5813333333 1.0 0.409511111111 34.25390625 65.9629374978 0.783857994351 1409477740.07
0.336 0.986930863849 0.00925570439726 10.6220444444 1.0 0.4316 34.25390625 65.9629374978 0.794470416568 1409477741.92
0.343 0.98760775768 0.00956521824454 10.4877777778 1.0 0.453333333333 34.25390625 65.9629374978 0.781319002447 1409477743.7
0.331 0.987688711388 0.0106673608656 10.2916 1.0 0.477244444444 34.25390625 65.9629374978 0.776985398385 1409477745.47
0.353 0.987365932291 0.011217045844 10.4529777778 1.0 0.499644444444 34.25390625 65.9629374978 0.783360608854 1409477747.59
0.302 0.986927287267 0.0119070583308 10.7165777778 1.0 0.518177777778 34.25390625 65.9629374978 0.797794494389 1409477749.41
0.294 0.986484755725 0.0103988472935 11.3229777778 1.0 0.521111111111 34.25390625 65.9629374978 0.795395313606 1409477751.28
0.29 0.986787259133 0.0114888999568 11.9183555556 1.0 0.524666666667 34.25390625 65.9629374978 0.805297148009 1409477753.11
0.321 0.986710973027 0.0106663650893 12.4462222222 1.0 0.529333333333 34.25390625 65.9629374978 0.829760109896 1409477755.18
0.291 0.987779541815 0.0132961979335 12.9448444444 1.0 0.537155555556 34.25390625 65.9629374978 0.848497881937 1409477757.09
0.329 0.988190180656 0.0125106203829 13.2916444444 1.0 0.549066666667 34.25390625 65.9629374978 0.855210558207 1409477758.9
0.315 0.988654146326 0.0117643101852 13.6836888889 1.0 0.557822222222 34.25390625 65.9629374978 0.857495784498 1409477760.8
0.308 0.989666938612 0.00916128218441 14.0765777778 1.0 0.569511111111 34.25390625 65.9629374978 0.864443166619 1409477762.78
0.293 0.990981924419 0.00756952887241 14.6715555556 1.0 0.572488888889 34.25390625 65.9629374978 0.879333801543 1409477764.62
0.29 0.99232998845 0.0067889767958 15.1142222222 1.0 0.580088888889 34.25390625 65.9629374978 0.891321239827 1409477766.39
0.279 0.993123234626 0.00605614975609 15.6736444444 1.0 0.583955555556 34.25390625 65.9629374978 0.895888378634 1409477768.37
0.279 0.993760187648 0.00674651785592 16.1521333333 1.0 0.587155555556 34.25390625 65.9629374978 0.883283422493 1409477770.05
0.299 0.994736026798 0.00598394559588 16.5698222222 1.0 0.592177777778 34.25390625 65.9629374978 0.875780271659 1409477771.98
0.263 0.995508291031 0.00634748554585 16.7186666667 1.0 0.606488888889 34.25390625 65.9629374978 0.868980434469 1409477773.59
0.316 0.995951464094 0.00585803225057 16.7539111111 1.0 0.622533333333 34.25390625 65.9629374978 0.84766321698 1409477775.35
0.347 0.996157275917 0.006156896747 16.9928888889 1.0 0.631866666667 34.25390625 65.9629374978 0.839651309961 1409477777.0
0.33 0.996704294191 0.00730298913478 17.0897777778 1.0 0.645066666667 34.25390625 65.9629374978 0.83011372875 1409477778.87
0.332 0.997577630525 0.00854168611225 17.6752888889 1.0 0.645777777778 34.25390625 65.9629374978 0.855530903218 1409477780.7
0.311 0.99760358735 0.00850674108518 17.9141777778 1.0 0.653644444444 34.25390625 65.9629374978 0.838348109885 1409477782.74
0.348 0.997093028278 0.0087132716208 18.0191111111 1.0 0.663288888889 34.25390625 65.9629374978 0.820437460141 1409477784.46
0.393 0.996532744066 0.00822705432665 18.0966666667 1.0 0.674888888889 34.25390625 65.9629374978 0.810407185114 1409477786.15
0.402 0.996154616672 0.00733340154279 18.0369777778 1.0 0.686266666667 34.25390625 65.9629374978 0.809997076161 1409477787.69
0.367 0.996100620651 0.00815335120228 17.9809333333 1.0 0.697911111111 34.25390625 65.9629374978 0.835931849648 1409477789.19
0.352 0.995872855026 0.0111130807539 17.9239111111 1.0 0.708711111111 34.25390625 65.9629374978 0.839559374294 1409477791.0
0.357 0.995029229427 0.00923926734241 18.2545333333 1.0 0.713022222222 34.25390625 65.9629374978 0.856948689484 1409477792.63
0.343 0.994299497609 0.00907082234506 18.5876 1.0 0.715511111111 34.25390625 65.9629374978 0.853288957344 1409477794.3
0.324 0.994130687748 0.0104972084216 18.9478222222 1.0 0.718444444444 34.25390625 65.9629374978 0.846983936915 1409477796.33
0.34 0.994021388991 0.0116581302991 18.9883111111 1.0 0.724044444444 34.25390625 65.9629374978 0.822269227663 1409477798.44
0.348 0.993871651959 0.0114676090075 18.9176888889 1.0 0.731733333333 34.25390625 65.9629374978 0.816724853305 1409477800.2
0.359 0.99344953767 0.0106184986398 19.0521333333 1.0 0.737733333333 34.25390625 65.9629374978 0.807080459857 1409477801.87
0.341 0.993449100841 0.0111459089839 19.31 1.0 0.741111111111 34.25390625 65.9629374978 0.810971576286 1409477803.66
0.361 0.993190326995 0.0107838593777 19.4118666667 1.0 0.747111111111 34.25390625 65.9629374978 0.812442678382 1409477805.33
0.334 0.992936275408 0.0118031803006 19.4955555556 1.0 0.751288888889 34.25390625 65.9629374978 0.8142816457 1409477806.97
0.337 0.992905326199 0.010810354281 19.7793777778 1.0 0.756711111111 34.25390625 65.9629374978 0.808343189019 1409477808.62
0.342 0.992700136306 0.0103629017425 19.5272888889 1.0 0.766355555556 34.25390625 65.9629374978 0.803212294649 1409477810.46
0.365 0.992393040528 0.0107969270327 18.9122666667 1.0 0.7848 34.25390625 65.9629374978 0.796274843553 1409477812.29
0.341 0.992293287194 0.0112291883671 18.3845777778 1.0 0.800266666667 34.25390625 65.9629374978 0.793568217681 1409477814.17
0.368 0.99189486187 0.0112396358531 18.6627111111 1.0 0.805422222222 34.25390625 65.9629374978 0.80807619598 1409477815.92
0.366 0.991140277128 0.0112825166299 18.5958222222 1.0 0.809911111111 34.25390625 65.9629374978 0.790164879455 1409477817.86
0.331 0.990991941823 0.0106377110229 18.4383111111 1.0 0.8208 34.25390625 65.9629374978 0.772634418537 1409477819.61
0.325 0.991362808469 0.00971029509408 18.6219111111 1.0 0.825822222222 34.25390625 65.9629374978 0.779237698736 1409477821.28
0.344 0.992249829714 0.0100388614728 18.2896444444 1.0 0.842 34.25390625 65.9629374978 0.77925426377 1409477823.11
0.317 0.992289636853 0.00982058891049 18.2250666667 1.0 0.852133333333 34.25390625 65.9629374978 0.770593330562 1409477824.76
0.342 0.9920995566 0.00935693989596 18.3623555556 1.0 0.858577777778 34.25390625 65.9629374978 0.775498168865 1409477826.35
0.329 0.992112805853 0.0109509024412 17.9624888889 1.0 0.868666666667 34.25390625 65.9629374978 0.772419641324 1409477827.92
0.319 0.993289052816 0.0119537640373 18.1500888889 1.0 0.873022222222 34.25390625 65.9629374978 0.787426390701 1409477829.52
0.364 0.99410273372 0.0147234129593 18.4320444444 1.0 0.875422222222 34.25390625 65.9629374978 0.818137319927 1409477831.3
0.365 0.9939390582 0.016543340617 17.9372444444 1.0 0.886577777778 34.25390625 65.9629374978 0.813453416345 1409477833.2
0.371 0.992957515455 0.0190087199515 16.9178222222 1.0 0.0048 45.126953125 83.69047029 0.79293931659 1409477835.42
0.382 0.991979734519 0.0234678577982 16.5664888889 1.0 0.383511111111 45.126953125 83.69047029 0.806591830868 1409477837.48
0.398 0.990712278732 0.0215538106965 16.1147555556 1.0 0.413822222222 45.126953125 83.69047029 0.811670078619 1409477839.34
0.384 0.989383874503 0.020684842286 15.4882222222 1.0 0.455155555556 45.126953125 83.69047029 0.81211868985 1409477841.14
0.43 0.988625231424 0.0209978050583 14.3976888889 1.0 0.5024 45.126953125 83.69047029 0.805304585781 1409477842.78
0.418 0.989111060461 0.022117350601 13.7847555556 1.0 0.534444444444 45.126953125 83.69047029 0.802598419634 1409477844.44
0.413 0.988817423506 0.0191532139858 13.4832888889 1.0 0.552266666667 45.126953125 83.69047029 0.787812423067 1409477846.32
0.399 0.988342080325 0.0187430424389 13.1292888889 1.0 0.574 45.126953125 83.69047029 0.774175822105 1409477847.91
0.432 0.987791958565 0.019757536225 12.6482666667 1.0 0.5956 45.126953125 83.69047029 0.749726192053 1409477850.1
0.428 0.987360561122 0.0219607139873 12.1675111111 1.0 0.618044444444 45.126953125 83.69047029 0.723702832823 1409477852.0
0.403 0.986756281925 0.0210709017032 11.8346222222 1.0 0.639777777778 45.126953125 83.69047029 0.712655826049 1409477853.62
0.405 0.987087030634 0.0210332553715 11.1449777778 1.0 0.667866666667 45.126953125 83.69047029 0.706361521753 1409477855.55
0.407 0.987267101564 0.0232511838744 10.1509777778 1.0 0.699333333333 45.126953125 83.69047029 0.723873377797 1409477857.31
0.417 0.986238458701 0.0243598466206 8.66328888889 1.0 0.7404 45.126953125 83.69047029 0.715314529736 1409477858.92
0.413 0.984861363496 0.0243529078731 7.97528888889 1.0 0.770888888889 45.126953125 83.69047029 0.698338643541 1409477860.79
0.463 0.984030750348 0.0245292854263 7.38502222222 1.0 0.7976 45.126953125 83.69047029 0.688586875858 1409477862.54
0.489 0.983576852339 0.0240623242751 6.64386666667 1.0 0.825777777778 45.126953125 83.69047029 0.675917595394 1409477864.43
0.475 0.984311892 0.0245951127126 6.69564444444 1.0 0.837466666667 45.126953125 83.69047029 0.689323631109 1409477866.51
0.447 0.985012440033 0.0240283781448 6.73631111111 1.0 0.851955555556 45.126953125 83.69047029 0.706432994508 1409477868.66
0.458 0.985076976328 0.023448339528 7.00777777778 1.0 0.859511111111 45.126953125 83.69047029 0.718103582157 1409477870.45
0.461 0.985441121969 0.0246510890044 6.96857777778 1.0 0.874222222222 45.126953125 83.69047029 0.697116634879 1409477872.09
0.44 0.98502412386 0.0219481641631 6.87133333333 1.0 0.890177777778 45.126953125 83.69047029 0.704005786452 1409477873.98
0.448 0.985198426467 0.0205561802196 6.66706666667 1.0 0.145111111111 33.5634765625 62.1919042229 0.689187453695 1409477876.16
0.474 0.986041514599 0.0192106308067 6.69644444444 1.0 0.4916 33.5634765625 62.1919042229 0.674364187613 1409477878.34
0.48 0.987336433383 0.0185936226476 6.80551111111 1.0 0.5172 33.5634765625 62.1919042229 0.690031687491 1409477880.31
0.469 0.988295362451 0.0188098425584 7.03151111111 1.0 0.5348 33.5634765625 62.1919042229 0.694249859304 1409477882.23
0.466 0.988563070588 0.0197088770572 6.93595555556 1.0 0.579333333333 33.5634765625 62.1919042229 0.702614764335 1409477884.23
0.455 0.98858895578 0.0202777984117 6.9084 1.0 0.616666666667 33.5634765625 62.1919042229 0.695759732182 1409477885.82
0.48 0.988339393234 0.0202836091622 6.88746666667 1.0 0.645022222222 33.5634765625 62.1919042229 0.697414125302 1409477887.63
0.463 0.988341152138 0.0188834178026 6.60155555556 1.0 0.683688888889 33.5634765625 62.1919042229 0.689894327617 1409477889.39
0.486 0.988582411723 0.0188940131938 6.32164444444 1.0 0.721511111111 33.5634765625 62.1919042229 0.683800402636 1409477891.31
0.477 0.989102697656 0.0181180712986 6.03177777778 1.0 0.757866666667 33.5634765625 62.1919042229 0.680468597073 1409477893.1
0.472 0.989600860525 0.0178938379657 5.80075555556 1.0 0.788933333333 33.5634765625 62.1919042229 0.691526832933 1409477895.13
0.446 0.989838373858 0.0174587248082 5.61133333333 1.0 0.8212 33.5634765625 62.1919042229 0.691724670765 1409477896.94
0.427 0.989856840552 0.0186117876446 5.8716 1.0 0.832711111111 33.5634765625 62.1919042229 0.696277584257 1409477898.94
0.449 0.989284434457 0.0181705067008 6.0904 1.0 0.844444444444 33.5634765625 62.1919042229 0.698491771122 1409477900.6
0.403 0.989481204285 0.0187176016456 6.04048888889 1.0 0.869288888889 33.5634765625 62.1919042229 0.705669655735 1409477902.19
0.422 0.989290790777 0.0174193447055 6.37004444444 1.0 0.876933333333 33.5634765625 62.1919042229 0.72652772083 1409477903.82
0.388 0.9900896301 0.0163780514617 6.32253333333 1.0 0.8964 33.5634765625 62.1919042229 0.744200129348 1409477905.71
0.38 0.990748249523 0.0172093751716 6.42666666667 1.0 0.0975111111111 25.2817382812 46.753772217 0.765239744371 1409477907.35
0.36 0.991522658431 0.0168328399748 6.7252 1.0 0.376488888889 25.2817382812 46.753772217 0.768074238871 1409477909.49
0.335 0.991657076114 0.0179965200638 6.94031111111 1.0 0.4036 25.2817382812 46.753772217 0.804431810632 1409477911.04
0.369 0.990923094088 0.0166352245363 7.09626666667 1.0 0.430355555556 25.2817382812 46.753772217 0.789402953058 1409477912.95
0.363 0.990891019114 0.0152441086126 7.38182222222 1.0 0.455422222222 25.2817382812 46.753772217 0.786152779313 1409477915.06
0.366 0.991580277039 0.0157927580798 7.87515555556 1.0 0.467022222222 25.2817382812 46.753772217 0.820062798068 1409477916.62
0.338 0.99144443617 0.0158958690147 8.29333333333 1.0 0.478133333333 25.2817382812 46.753772217 0.804836896597 1409477918.28
0.364 0.991339249624 0.0148101498814 8.4756 1.0 0.499155555556 25.2817382812 46.753772217 0.772903011435 1409477920.27
0.367 0.991621384906 0.0144287518835 8.62968888889 1.0 0.5236 25.2817382812 46.753772217 0.749614005143 1409477922.16
0.389 0.992058475236 0.0121006291768 8.69844444444 1.0 0.5528 25.2817382812 46.753772217 0.731433087102 1409477923.94
0.381 0.992706961204 0.0101996438656 8.96093333333 1.0 0.572888888889 25.2817382812 46.753772217 0.750273362324 1409477925.86
0.345 0.993560432555 0.00983203616913 9.45284444444 1.0 0.581555555556 25.2817382812 46.753772217 0.768861076711 1409477927.94
0.361 0.99407903473 0.00838857464137 9.8608 1.0 0.5928 25.2817382812 46.753772217 0.759023714537 1409477929.9
0.336 0.994833187924 0.0082293688482 9.94271111111 1.0 0.6204 25.2817382812 46.753772217 0.778410850237 1409477931.7
0.33 0.995537739908 0.00900476446716 10.1585777778 1.0 0.641466666667 25.2817382812 46.753772217 0.780217637448 1409477933.74
0.303 0.995549637455 0.00940860765749 10.3783555556 1.0 0.663333333333 25.2817382812 46.753772217 0.785093619175 1409477935.28
0.336 0.995268901261 0.00993237111526 10.7243555556 1.0 0.676177777778 25.2817382812 46.753772217 0.781860253947 1409477937.42
0.324 0.994844799549 0.00941382044564 11.2121333333 1.0 0.682088888889 25.2817382812 46.753772217 0.783047250315 1409477939.28
0.354 0.994563644337 0.00882407881516 11.6044444444 1.0 0.692666666667 25.2817382812 46.753772217 0.777486085508 1409477940.91
0.358 0.994660463574 0.00963089450654 11.9349777778 1.0 0.701955555556 25.2817382812 46.753772217 0.771430438333 1409477942.83
0.344 0.994654772051 0.00809303931248 12.1304 1.0 0.718177777778 25.2817382812 46.753772217 0.772293828907 1409477944.85
0.333 0.995198717322 0.00940946620973 12.3993333333 1.0 0.728533333333 25.2817382812 46.753772217 0.783832264919 1409477946.41
0.354 0.995160288027 0.00915924292568 12.7841777778 1.0 0.733511111111 25.2817382812 46.753772217 0.777957192388 1409477948.15
0.321 0.994694591833 0.00949081595584 13.0486222222 1.0 0.739466666667 25.2817382812 46.753772217 0.757113623763 1409477949.78
0.325 0.993912852794 0.00939520402228 13.2983555556 1.0 0.745911111111 25.2817382812 46.753772217 0.753789536989 1409477951.71
0.357 0.993979614025 0.0103513887882 13.6464444444 1.0 0.749066666667 25.2817382812 46.753772217 0.755493037406 1409477953.74
0.349 0.994720268501 0.0117289907855 13.9884 1.0 0.752311111111 25.2817382812 46.753772217 0.780895479998 1409477955.6
0.33 0.995108107817 0.0121537755796 14.1866222222 1.0 0.752933333333 25.2817382812 46.753772217 0.782062171915 1409477957.55
0.341 0.995501089533 0.0126522507068 14.3897333333 1.0 0.754311111111 25.2817382812 46.753772217 0.77399584004 1409477959.02
0.321 0.995555269625 0.0136861097757 14.7367555556 1.0 0.754488888889 25.2817382812 46.753772217 0.791738174622 1409477960.77
0.296 0.995422981231 0.013243926629 15.1458666667 1.0 0.754888888889 25.2817382812 46.753772217 0.799984259864 1409477962.69
0.282 0.995499941033 0.0138810206821 15.4739555556 1.0 0.757555555556 25.2817382812 46.753772217 0.816738133869 1409477964.73
0.294 0.995046658665 0.0124591808813 15.7106666667 1.0 0.760666666667 25.2817382812 46.753772217 0.791514710296 1409477966.35
0.284 0.994645188155 0.0138423880716 15.7577777778 1.0 0.7676 25.2817382812 46.753772217 0.790116356007 1409477967.93
0.3 0.99358011258 0.0180829018904 15.6088888889 1.0 0.775066666667 25.2817382812 46.753772217 0.769543950402 1409477969.56
0.305 0.992676979183 0.0196723302628 15.2587111111 1.0 0.789733333333 25.2817382812 46.753772217 0.760371471148 1409477971.33
0.347 0.992596358576 0.0218174959782 14.9794666667 1.0 0.805822222222 25.2817382812 46.753772217 0.743495320964 1409477973.08
0.363 0.993147366238 0.0249795220054 14.9394666667 1.0 0.817155555556 25.2817382812 46.753772217 0.762614709566 1409477974.85
0.371 0.992292853395 0.0302726538104 14.6615111111 1.0 0.833688888889 25.2817382812 46.753772217 0.753127778391 1409477976.46
0.383 0.990686424805 0.0292427851425 13.7477333333 1.0 0.859822222222 25.2817382812 46.753772217 0.741334663471 1409477978.29
0.422 0.988738337561 0.0254679211143 12.9768888889 1.0 0.883511111111 25.2817382812 46.753772217 0.720589756655 1409477979.96
0.414 0.987976328165 0.0234423164794 11.7488888889 1.0 0.0786222222222 33.1408691406 60.6469306737 0.706091958385 1409477981.84
0.424 0.988325300978 0.0236573347096 11.0249333333 1.0 0.428577777778 33.1408691406 60.6469306737 0.696364543201 1409477984.02
0.401 0.988079889268 0.0243605201839 10.9875555556 1.0 0.463155555556 33.1408691406 60.6469306737 0.722718968622 1409477985.66
0.409 0.986746041711 0.0242825965696 11.1469333333 1.0 0.481333333333 33.1408691406 60.6469306737 0.724583071629 1409477987.74
0.419 0.985147500571 0.0240974150813 10.8946222222 1.0 0.511822222222 33.1408691406 60.6469306737 0.720124368853 1409477989.89
0.429 0.984485258396 0.0233228694577 10.4100888889 1.0 0.539155555556 33.1408691406 60.6469306737 0.733098552072 1409477991.47
0.388 0.984605172234 0.0217487472855 9.78142222222 1.0 0.571466666667 33.1408691406 60.6469306737 0.740313792386 1409477993.18
0.386 0.985815982821 0.0227588851885 9.71786666667 1.0 0.588622222222 33.1408691406 60.6469306737 0.756083588777 1409477995.19
0.424 0.986635865175 0.0243976782672 9.25097777778 1.0 0.622755555556 33.1408691406 60.6469306737 0.742367492364 1409477996.87
0.409 0.987198438294 0.024266376916 8.60017777778 1.0 0.663511111111 33.1408691406 60.6469306737 0.722401910793 1409477998.75
0.409 0.987679991518 0.0225365677404 8.72155555556 1.0 0.683022222222 33.1408691406 60.6469306737 0.729222009176 1409478000.56
0.446 0.988071634947 0.0213958789992 8.87875555556 1.0 0.696177777778 33.1408691406 60.6469306737 0.732789135499 1409478002.44
0.409 0.988585652718 0.0213680554963 9.05617777778 1.0 0.707822222222 33.1408691406 60.6469306737 0.724458997935 1409478004.18
0.413 0.989006932048 0.0180678373732 9.21568888889 1.0 0.718977777778 33.1408691406 60.6469306737 0.73336649037 1409478005.93
0.397 0.989736697017 0.0160165963507 9.28213333333 1.0 0.7336 33.1408691406 60.6469306737 0.717905768979 1409478007.93
0.402 0.990813072904 0.0153226773074 9.45986666667 1.0 0.747022222222 33.1408691406 60.6469306737 0.725313850722 1409478009.82
0.394 0.991918733097 0.0167728950087 9.4884 1.0 0.761022222222 33.1408691406 60.6469306737 0.7416510172 1409478011.83
0.391 0.991831898636 0.0159843216237 9.37906666667 1.0 0.782 33.1408691406 60.6469306737 0.738258925577 1409478013.56
0.361 0.99135625807 0.014970556114 9.54671111111 1.0 0.792222222222 33.1408691406 60.6469306737 0.731406469257 1409478015.31
0.353 0.991481350026 0.0149739792367 9.72244444444 1.0 0.8052 33.1408691406 60.6469306737 0.774073376551 1409478017.07
0.329 0.991147599964 0.0149271696099 9.68568888889 1.0 0.823866666667 33.1408691406 60.6469306737 0.795280428635 1409478019.18
0.347 0.9909409438 0.0145290009727 9.18671111111 1.0 0.854222222222 33.1408691406 60.6469306737 0.790531428115 1409478021.07
0.342 0.990757385193 0.0140574703276 9.19435555556 1.0 0.870888888889 33.1408691406 60.6469306737 0.781245162472 1409478022.85
0.316 0.990798623267 0.0128079904165 9.54302222222 1.0 0.877466666667 33.1408691406 60.6469306737 0.802894365488 1409478024.67
0.298 0.991537561756 0.0163178262281 9.89555555556 1.0 0.883022222222 33.1408691406 60.6469306737 0.816733214311 1409478026.55
0.324 0.991533402867 0.0184373361762 10.0757333333 1.0 0.890444444444 33.1408691406 60.6469306737 0.813801168567 1409478028.6
0.317 0.991019235469 0.0194465366997 10.2385777778 1.0 0.894 33.1408691406 60.6469306737 0.794505048658 1409478030.41
0.335 0.990138577856 0.0184429676315 10.4469333333 1.0 0.896088888889 33.1408691406 60.6469306737 0.780679075834 1409478032.18
0.325 0.989701767628 0.0180804326151 10.4577333333 1.0 0.899333333333 33.1408691406 60.6469306737 0.749884401835 1409478034.2
0.355 0.989629551981 0.0155746138426 10.3348888889 1.0 0.366622222222 31.0704345703 57.0186483756 0.736712170398 1409478036.17
0.379 0.990626029476 0.0160563148956 10.5317333333 1.0 0.407644444444 31.0704345703 57.0186483756 0.74485518247 1409478038.0
0.374 0.990934161568 0.0151239542672 10.7593777778 1.0 0.432355555556 31.0704345703 57.0186483756 0.765828898429 1409478039.84
0.345 0.990579961831 0.013024358507 10.5912444444 1.0 0.475333333333 31.0704345703 57.0186483756 0.762380716558 1409478041.5
0.344 0.990754126725 0.0118198343372 10.5158666667 1.0 0.511288888889 31.0704345703 57.0186483756 0.766466251495 1409478043.25
0.37 0.9911639795 0.0104699225695 10.9084 1.0 0.523377777778 31.0704345703 57.0186483756 0.772262653118 1409478045.18
0.334 0.992071645921 0.010680014115 11.3097333333 1.0 0.534355555556 31.0704345703 57.0186483756 0.791468519372 1409478046.98
0.306 0.992931126187 0.00998054659895 11.4292 1.0 0.559644444444 31.0704345703 57.0186483756 0.791874048638 1409478048.55
0.299 0.993655780584 0.0102556826729 11.8195111111 1.0 0.571866666667 31.0704345703 57.0186483756 0.803916732541 1409478050.34
0.31 0.994192407387 0.0133962735411 12.3148888889 1.0 0.580133333333 31.0704345703 57.0186483756 0.790475695443 1409478052.22
0.298 0.994228875835 0.0140500474527 12.8598222222 1.0 0.586488888889 31.0704345703 57.0186483756 0.803762760067 1409478054.24
0.281 0.993787822594 0.0114147099139 13.2829777778 1.0 0.597911111111 31.0704345703 57.0186483756 0.822777848223 1409478055.84
0.298 0.99340459208 0.0088768055507 13.8789777778 1.0 0.601733333333 31.0704345703 57.0186483756 0.812772674107 1409478057.47
0.285 0.993702758645 0.00847770579011 14.4426222222 1.0 0.602755555556 31.0704345703 57.0186483756 0.834130109383 1409478059.0
0.283 0.994490537063 0.009670246409 15.0148 1.0 0.604844444444 31.0704345703 57.0186483756 0.843277825621 1409478060.49
0.266 0.994824149583 0.0103579633379 15.6268444444 1.0 0.608711111111 31.0704345703 57.0186483756 0.84197321588 1409478062.37
0.253 0.99449371716 0.0109619643624 16.2360888889 1.0 0.613288888889 31.0704345703 57.0186483756 0.84424188062 1409478064.04
0.254 0.994219732284 0.0110473341087 16.8861777778 1.0 0.614177777778 31.0704345703 57.0186483756 0.861202037553 1409478065.56
0.267 0.993960838892 0.0126425543558 17.3968888889 1.0 0.616266666667 31.0704345703 57.0186483756 0.837145645747 1409478067.07
0.275 0.993698807118 0.0115368146297 17.6389777778 1.0 0.624666666667 31.0704345703 57.0186483756 0.811291702896 1409478068.75
0.278 0.993647609253 0.00946894544507 18.2116 1.0 0.626755555556 31.0704345703 57.0186483756 0.832936451705 1409478070.37
0.276 0.994076680994 0.00897203028217 18.6715111111 1.0 0.631866666667 31.0704345703 57.0186483756 0.83679772558 1409478071.99
0.281 0.994556095504 0.0094706732209 19.2606666667 1.0 0.635644444444 31.0704345703 57.0186483756 0.855456275474 1409478073.94
0.274 0.9947281087 0.00763244354536 19.7706222222 1.0 0.641066666667 31.0704345703 57.0186483756 0.864813042303 1409478076.11
0.263 0.995121549895 0.00777525138521 20.3518666667 1.0 0.645688888889 31.0704345703 57.0186483756 0.863728546294 1409478077.77
0.251 0.995245713072 0.00808951185088 20.8956444444 1.0 0.648933333333 31.0704345703 57.0186483756 0.861373075052 1409478079.69
0.265 0.995389156373 0.00903166133097 21.2983555556 1.0 0.6568 31.0704345703 57.0186483756 0.870207632722 1409478081.74
0.256 0.995692054327 0.00983139539149 21.5794666667 1.0 0.664266666667 31.0704345703 57.0186483756 0.850483905149 1409478083.57
0.258 0.996146884321 0.0118571318884 21.7097333333 1.0 0.677911111111 31.0704345703 57.0186483756 0.859214496185 1409478085.59
0.264 0.996580909855 0.0121098950717 22.1704444444 1.0 0.6836 31.0704345703 57.0186483756 0.850412492529 1409478087.2
0.243 0.99677462086 0.0137180812853 22.6323555556 1.0 0.688711111111 31.0704345703 57.0186483756 0.859379068639 1409478089.2
0.262 0.996607558823 0.01337100835 22.7837777778 1.0 0.699777777778 31.0704345703 57.0186483756 0.851129879069 1409478091.19
0.288 0.996076219898 0.0126968053038 23.0982666667 1.0 0.704622222222 31.0704345703 57.0186483756 0.835413968444 1409478092.72
0.302 0.995532254192 0.0149873513998 23.4707555556 1.0 0.706888888889 31.0704345703 57.0186483756 0.844951383343 1409478094.4
0.32 0.99492109882 0.0135297476918 23.6889333333 1.0 0.713244444444 31.0704345703 57.0186483756 0.839154666958 1409478096.28
0.306 0.994259546868 0.0114187245668 24.0477333333 1.0 0.718533333333 31.0704345703 57.0186483756 0.847772230839 1409478097.83
0.303 0.993984091268 0.00945551107972 24.3999555556 1.0 0.722533333333 31.0704345703 57.0186483756 0.841158125049 1409478099.51
0.304 0.99412719448 0.00783363661596 24.54 1.0 0.729333333333 31.0704345703 57.0186483756 0.837595827854 1409478101.44
0.311 0.994384263864 0.00830711803554 24.9306666667 1.0 0.731511111111 31.0704345703 57.0186483756 0.832050099011 1409478103.01
0.324 0.99439440408 0.00868607785184 25.0332 1.0 0.7336 31.0704345703 57.0186483756 0.819567530833 1409478104.7
0.292 0.994169059261 0.00799927382459 24.9433777778 1.0 0.739066666667 31.0704345703 57.0186483756 0.824212813425 1409478106.68
0.307 0.994113220709 0.00762210947 24.8227111111 1.0 0.748488888889 31.0704345703 57.0186483756 0.829214657733 1409478108.51
0.246 0.994460930427 0.00766447875874 24.4396 1.0 0.765866666667 31.0704345703 57.0186483756 0.842121354619 1409478110.03
0.275 0.994860646289 0.00779826985498 24.28 1.0 0.7816 31.0704345703 57.0186483756 0.842262492256 1409478111.58
0.284 0.995252666532 0.00886896674227 24.6369333333 1.0 0.787644444444 31.0704345703 57.0186483756 0.841163262445 1409478113.29
0.288 0.994827427475 0.00848660034232 25.0630222222 1.0 0.790088888889 31.0704345703 57.0186483756 0.81973502678 1409478115.29
0.281 0.994726207106 0.00970871274003 25.0337777778 1.0 0.795333333333 31.0704345703 57.0186483756 0.797407185638 1409478117.03
0.31 0.994605074592 0.00919105408611 24.9898222222 1.0 0.799288888889 31.0704345703 57.0186483756 0.800043738906 1409478118.51
0.291 0.994447146952 0.00845687688291 25.0498666667 1.0 0.799422222222 31.0704345703 57.0186483756 0.805473996409 1409478120.1
0.29 0.994335771154 0.00803286089266 25.0929777778 1.0 0.800577777778 31.0704345703 57.0186483756 0.79320006932 1409478121.63
0.284 0.994349490482 0.00692120393596 25.2996 1.0 0.803244444444 31.0704345703 57.0186483756 0.829673191413 1409478123.48
0.271 0.995135057497 0.00809488771205 24.8571555556 1.0 0.812533333333 31.0704345703 57.0186483756 0.835679916507 1409478125.13
0.314 0.995036453825 0.0115819519897 24.8537333333 1.0 0.815822222222 31.0704345703 57.0186483756 0.841922409138 1409478126.79
0.293 0.994059291628 0.011790401602 25.1126666667 1.0 0.817866666667 31.0704345703 57.0186483756 0.827145422802 1409478128.34
0.291 0.99316835083 0.0119291613925 24.7479111111 1.0 0.819822222222 31.0704345703 57.0186483756 0.823415200883 1409478130.41
0.322 0.99237428793 0.0131939251654 23.6572888889 1.0 0.829555555556 31.0704345703 57.0186483756 0.808352816906 1409478132.3
0.349 0.992148440702 0.0127145261917 22.8368888889 1.0 0.838444444444 31.0704345703 57.0186483756 0.797515915814 1409478133.92
0.36 0.992491254221 0.0125890261772 22.2394666667 1.0 0.847733333333 31.0704345703 57.0186483756 0.772888154289 1409478135.55
0.348 0.992917628477 0.012239251283 22.2936888889 1.0 0.8512 31.0704345703 57.0186483756 0.785156124487 1409478137.33
0.347 0.992979948944 0.0127487541377 22.1674666667 1.0 0.855111111111 31.0704345703 57.0186483756 0.782425441066 1409478138.87
0.356 0.992949460352 0.0141443818497 22.2712888889 1.0 0.858 31.0704345703 57.0186483756 0.790908600878 1409478141.05
0.371 0.991984012103 0.0151830442576 21.8214222222 1.0 0.865155555556 31.0704345703 57.0186483756 0.783344681778 1409478143.2
0.393 0.991049731713 0.0174832358654 21.6828888889 1.0 0.867377777778 31.0704345703 57.0186483756 0.777385636198 1409478144.65
0.394 0.990206840171 0.0182617498007 21.5555555556 1.0 0.8728 31.0704345703 57.0186483756 0.7870634903 1409478146.22
0.385 0.990151721729 0.0175499342533 21.7949333333 1.0 0.873822222222 31.0704345703 57.0186483756 0.792721993972 1409478147.88
0.358 0.990798754602 0.0186520194292 21.9122222222 1.0 0.877333333333 31.0704345703 57.0186483756 0.784669661732 1409478149.5
0.363 0.991951040389 0.0169542941708 21.6017333333 1.0 0.883866666667 31.0704345703 57.0186483756 0.782586463989 1409478151.33
0.348 0.992322301372 0.0171346121933 21.1388444444 1.0 0.892 31.0704345703 57.0186483756 0.773990827884 1409478153.1
0.38 0.992499977773 0.0178591881787 20.3596444444 1.0 0.159822222222 49.5352172852 88.1772026963 0.778499341394 1409478154.91
0.382 0.992232156516 0.0196529067471 19.4936 1.0 0.370177777778 49.5352172852 88.1772026963 0.79141157789 1409478156.99
0.402 0.991839394449 0.0201909984566 18.2402666667 1.0 0.419688888889 49.5352172852 88.1772026963 0.78998089197 1409478159.22
0.417 0.990541557102 0.0207605685453 16.6622666667 1.0 0.476044444444 49.5352172852 88.1772026963 0.766254148216 1409478160.9
0.406 0.989581897238 0.0208405262929 16.0666222222 1.0 0.507288888889 49.5352172852 88.1772026963 0.754164958869 1409478162.64
0.44 0.988753652436 0.0205482103318 15.2376444444 1.0 0.542266666667 49.5352172852 88.1772026963 0.739867901468 1409478164.62
0.402 0.987511029442 0.0179893408419 15.0671111111 1.0 0.562711111111 49.5352172852 88.1772026963 0.747700308517 1409478166.26
0.412 0.987660090139 0.0168610488887 15.2348 1.0 0.5728 49.5352172852 88.1772026963 0.7567850701 1409478168.55
0.419 0.988087039469 0.0153924195894 14.9030222222 1.0 0.593111111111 49.5352172852 88.1772026963 0.752912305509 1409478170.39
0.414 0.988964224756 0.0166478908693 14.688 1.0 0.610755555556 49.5352172852 88.1772026963 0.75954478636 1409478172.38
0.354 0.989467438261 0.0156554303358 14.8178666667 1.0 0.627377777778 49.5352172852 88.1772026963 0.791702213509 1409478174.3
0.357 0.98964282845 0.0158298419426 15.0410666667 1.0 0.639422222222 49.5352172852 88.1772026963 0.780512996552 1409478176.11
0.379 0.989740863506 0.0168561512269 15.0056 1.0 0.6552 49.5352172852 88.1772026963 0.759355370399 1409478178.15
0.377 0.989188753549 0.0161230059912 14.9377777778 1.0 0.668533333333 49.5352172852 88.1772026963 0.767906725391 1409478180.22
0.388 0.989035943764 0.014209340876 13.8286222222 1.0 0.695733333333 49.5352172852 88.1772026963 0.736152409922 1409478182.13
0.364 0.989807193616 0.0129822792627 13.6294666667 1.0 0.706755555556 49.5352172852 88.1772026963 0.744755968688 1409478183.73
0.35 0.991162779406 0.0127009738435 13.8285777778 1.0 0.712933333333 49.5352172852 88.1772026963 0.76512317917 1409478185.81
0.302 0.992407244286 0.014611169101 14.3821333333 1.0 0.715244444444 49.5352172852 88.1772026963 0.795914673927 1409478187.43
0.335 0.992447319751 0.0142127605094 14.9730222222 1.0 0.717244444444 49.5352172852 88.1772026963 0.807911096253 1409478189.22
0.281 0.99193134264 0.0117571290775 15.2040888889 1.0 0.722888888889 49.5352172852 88.1772026963 0.802278261202 1409478190.86
0.293 0.99215324511 0.0117663266164 15.8059111111 1.0 0.723422222222 49.5352172852 88.1772026963 0.838115618187 1409478192.62
0.288 0.99253263381 0.011328522698 16.2473777778 1.0 0.725288888889 49.5352172852 88.1772026963 0.834786834567 1409478194.28
0.311 0.99254527344 0.0117988519704 16.7951555556 1.0 0.726177777778 49.5352172852 88.1772026963 0.843279198796 1409478195.72
0.28 0.992497539261 0.0115053924781 16.4410222222 1.0 0.736622222222 49.5352172852 88.1772026963 0.819218071184 1409478197.34
0.282 0.992191349631 0.0125036009521 15.4834222222 1.0 0.756088888889 49.5352172852 88.1772026963 0.798170790432 1409478199.02
0.301 0.991918317523 0.010464269433 14.3314666667 1.0 0.779955555556 49.5352172852 88.1772026963 0.788114523187 1409478200.87
0.268 0.992537132512 0.0109765240927 14.3236 1.0 0.788533333333 49.5352172852 88.1772026963 0.810656545579 1409478202.66
0.272 0.993026681807 0.012615926588 14.3921777778 1.0 0.795955555556 49.5352172852 88.1772026963 0.827762700583 1409478204.31
0.289 0.992271080921 0.0138728479334 13.9881777778 1.0 0.818755555556 49.5352172852 88.1772026963 0.818870555271 1409478206.08
0.323 0.990889577182 0.0122029980484 14.0573333333 1.0 0.832044444444 49.5352172852 88.1772026963 0.809118866979 1409478208.07
0.314 0.99050576774 0.0122023405696 13.9125777778 1.0 0.847733333333 49.5352172852 88.1772026963 0.809703341915 1409478209.68
0.319 0.990428096128 0.0145328414249 13.6699555556 1.0 0.864622222222 49.5352172852 88.1772026963 0.821442330131 1409478211.33
0.291 0.989599664452 0.0128084402163 13.9695111111 1.0 0.869688888889 49.5352172852 88.1772026963 0.814715189335 1409478212.85
0.296 0.98932537314 0.0111695254747 14.1735555556 1.0 0.874044444444 49.5352172852 88.1772026963 0.808044444813 1409478214.51
0.325 0.989895610745 0.0123104345226 14.3123111111 1.0 0.880755555556 49.5352172852 88.1772026963 0.775617444275 1409478216.42
0.356 0.990512374252 0.0132587910767 14.2577777778 1.0 0.885022222222 49.5352172852 88.1772026963 0.771490079518 1409478217.93
0.334 0.990769054899 0.013100232645 13.838 1.0 0.890711111111 49.5352172852 88.1772026963 0.76082775418 1409478219.89
0.353 0.990735966462 0.0136744904975 13.7868888889 1.0 0.896933333333 49.5352172852 88.1772026963 0.75821081495 1409478221.73
0.372 0.990192865764 0.0139579319345 13.7824444444 1.0 0.318177777778 43.7676086426 78.2665579293 0.745747622489 1409478223.57
0.381 0.989366836913 0.0135655265851 13.0429333333 1.0 0.423644444444 43.7676086426 78.2665579293 0.752170752821 1409478225.48
0.4 0.988564971423 0.0132896991268 11.9333333333 1.0 0.494666666667 43.7676086426 78.2665579293 0.721125044916 1409478227.01
0.418 0.989272588172 0.0131760948834 11.7068888889 1.0 0.527155555556 43.7676086426 78.2665579293 0.723079976274 1409478228.93
0.403 0.990316475572 0.0122012238435 11.6972444444 1.0 0.5488 43.7676086426 78.2665579293 0.74394652552 1409478230.85
0.395 0.991548422642 0.0116788839783 11.6399111111 1.0 0.568444444444 43.7676086426 78.2665579293 0.75106915586 1409478232.58
0.378 0.992617040236 0.0120674922985 11.3564444444 1.0 0.593777777778 43.7676086426 78.2665579293 0.749493700697 1409478234.52
0.344 0.993030995285 0.0108168616515 11.0788444444 1.0 0.616577777778 43.7676086426 78.2665579293 0.755311262435 1409478236.34
0.356 0.993194402649 0.0112856840711 11.1422222222 1.0 0.630622222222 43.7676086426 78.2665579293 0.757242043718 1409478238.38
0.325 0.993018850305 0.0112331169735 11.3060888889 1.0 0.6428 43.7676086426 78.2665579293 0.758448596418 1409478240.13
0.335 0.992668260614 0.0116466541527 11.1079555556 1.0 0.665866666667 43.7676086426 78.2665579293 0.74262749968 1409478242.02
0.329 0.992263923505 0.0122104258202 11.0102222222 1.0 0.683822222222 43.7676086426 78.2665579293 0.737166281397 1409478243.7
0.313 0.991700070307 0.0112020464053 11.0191555556 1.0 0.699422222222 43.7676086426 78.2665579293 0.740554523352 1409478245.33
0.323 0.992140251957 0.012576538591 11.2891111111 1.0 0.707155555556 43.7676086426 78.2665579293 0.741576297193 1409478246.8
