0.03 0.999650071235 0.0830052010845 0.970625 0.029375 0.029375 0 0 0.875634778798 1409489363.87
0.052 0.934032706656 0.0140321391937 1.9026 0.0487 0.0487 0 0 0.652490595078 1409489364.18
0.072 0.871996502514 0.00463581005505 2.802675 0.065775 0.065775 0 0 0.551638865599 1409489364.64
0.082 0.853268786384 0.0039731794848 3.675425 0.081675 0.081675 0 0 0.505281487066 1409489365.18
0.09 0.865237892329 0.0045982285453 4.539925 0.093525 0.093525 0 0 0.513385739165 1409489365.7
0.098 0.891158021945 0.00548554451097 5.39515 0.1026 0.1026 0 0 0.530144691993 1409489366.22
0.092 0.921160631327 0.00494023370487 6.284825 0.105575 0.105575 0 0 0.594408630479 1409489366.65
0.089 0.946775654214 0.00544344967865 7.1784 0.1086 0.1086 0 0 0.652544625593 1409489367.04
0.082 0.969227304006 0.00641818251433 8.041075 0.114475 0.114475 0 0 0.67462141558 1409489367.43
0.075 0.986353884768 0.00957075147235 8.930675 0.118325 0.118325 0 0 0.708273098108 1409489367.81
0.044 0.993905832067 0.00909008148255 9.87145 0.118375 0.118375 0 0 0.754226906574 1409489368.15
0.051 0.995388094378 0.00852924447042 10.8165 0.118525 0.118525 0 0 0.747886302522 1409489368.48
0.051 0.996658798143 0.00801967707596 11.737325 0.1205 0.1205 0 0 0.755069661176 1409489368.81
0.056 0.997947325526 0.00843222931975 12.67165 0.12175 0.12175 0 0 0.799760223034 1409489369.1
0.056 0.997944466122 0.00655644530552 13.6095 0.122125 0.122125 0 0 0.818474250614 1409489369.4
0.045 0.997965704377 0.00381326701399 14.5112 0.12245 0.12245 0 0 0.778887493275 1409489369.73
0.055 0.998090228196 0.00329855903497 15.4263 0.123775 0.123775 0 0 0.805726872701 1409489370.04
0.032 0.998540619063 0.003346642832 16.29945 0.126825 0.126825 0 0 0.837112986781 1409489370.36
0.063 0.999087607837 0.00343638800734 17.1062 0.129575 0.129575 0 0 0.797496634896 1409489370.69
0.066 0.999066534469 0.00372526727891 17.901 0.13405 0.13405 0 0 0.804795107841 1409489371.02
0.069 0.998840601631 0.00460816236421 18.72385 0.13615 0.13615 0 0 0.803559820566 1409489371.35
0.06 0.998206812083 0.00502949236981 19.5986 0.1367 0.1367 0 0 0.786121248966 1409489371.67
0.072 0.997915778687 0.0049014523781 20.49135 0.1371 0.1371 0 0 0.806021211806 1409489371.98
0.061 0.997521080316 0.00752247245728 21.359375 0.137775 0.137775 0 0 0.782595088982 1409489372.32
0.078 0.997071903043 0.00668716226331 22.2289 0.138675 0.138675 0 0 0.789376129791 1409489372.64
0.075 0.99692253683 0.00821265590306 23.025575 0.1423 0.1423 0 0 0.76825056327 1409489372.97
0.076 0.996688419472 0.00968995303914 23.7084 0.150025 0.150025 0 0 0.764185565135 1409489373.32
0.074 0.995690022971 0.00741264518773 24.50205 0.153725 0.153725 0 0 0.75778845797 1409489373.64
0.079 0.995674260351 0.00649781478224 25.2363 0.158025 0.158025 0 0 0.764843740935 1409489373.97
0.079 0.996800384011 0.00533513518068 25.933875 0.1638 0.1638 0 0 0.769206484908 1409489374.31
0.073 0.997948271507 0.00895174820863 26.775625 0.16465 0.16465 0 0 0.767675285477 1409489374.65
0.062 0.99763848229 0.0100597064127 27.57215 0.166725 0.166725 0 0 0.773820768525 1409489374.97
0.075 0.997062859206 0.00951053001223 28.324725 0.1688 0.1688 0 0 0.75750412506 1409489375.29
0.087 0.997223719713 0.0127112242747 29.006525 0.1706 0.1706 0 0 0.767782533861 1409489375.62
0.079 0.99679426604 0.0137556038533 29.7161 0.174275 0.174275 0 0 0.764904585306 1409489375.95
0.078 0.994498232176 0.0198643655998 30.329525 0.1801 0.1801 0 0 0.748159968326 1409489376.33
0.086 0.990413378484 0.00971567400404 30.913475 0.1857 0.1857 0 0 0.721738030837 1409489376.67
0.073 0.99196572152 0.0109194465745 31.5033 0.191525 0.191525 0 0 0.736318163362 1409489377.03
0.085 0.994750666049 0.0124256872385 32.3586 0.192625 0.192625 0 0 0.77778078401 1409489377.37
0.075 0.995691019158 0.0189657214201 33.088375 0.1967 0.1967 0 0 0.77074042059 1409489377.72
0.074 0.99417281452 0.0270435001146 33.6492 0.204575 0.204575 0 0 0.734259052891 1409489378.09
0.085 0.990077497786 0.034493184132 34.093325 0.214975 0.214975 0 0 0.710227149897 1409489378.45
0.09 0.983002517026 0.0265492363065 34.606325 0.223875 0.223875 0 0 0.680395663486 1409489378.82
0.086 0.979831115744 0.020805462698 35.096325 0.232875 0.232875 0 0 0.656304750149 1409489379.21
0.094 0.982291115518 0.0216406601837 35.6801 0.2395 0.2395 0 0 0.698309580915 1409489379.56
0.084 0.985790092022 0.0308320992532 36.269675 0.246225 0.246225 0 0 0.688247187168 1409489379.93
0.089 0.98447244325 0.029325522515 36.667575 0.257025 0.257025 0 0 0.673028617893 1409489380.36
0.072 0.982764264333 0.030197500036 37.32365 0.262275 0.262275 0 0 0.698673703687 1409489380.73
0.092 0.981393455962 0.0369283997783 37.8864 0.26925 0.26925 0 0 0.683450480488 1409489381.09
0.088 0.978065740559 0.0368257717692 38.2659 0.2797 0.2797 0 0 0.630756778518 1409489381.47
0.066 0.976425545596 0.0332836575202 38.7822 0.287725 0.287725 0 0 0.628856061061 1409489381.87
0.094 0.97814370043 0.0365159549875 39.4125 0.293225 0.293225 0 0 0.628700351344 1409489382.26
0.072 0.97803539768 0.0339429916986 40.11005 0.29705 0.29705 0 0 0.634798055975 1409489382.62
0.076 0.978542585332 0.0373210351957 40.66805 0.303075 0.303075 0 0 0.639158449239 1409489382.98
0.082 0.978954154463 0.0347365557209 41.01665 0.313075 0.313075 0 0 0.661820410973 1409489383.35
0.089 0.978833540639 0.0335881839839 41.250375 0.325275 0.325275 0 0 0.670506856764 1409489383.75
0.076 0.979057044046 0.0326201141617 41.68595 0.33375 0.33375 0 0 0.651134167865 1409489384.12
0.093 0.979130482984 0.0361865434683 42.04095 0.34335 0.34335 0 0 0.669169904574 1409489384.52
0.106 0.977953750714 0.045432862414 42.0849 0.3581 0.3581 0 0 0.66927262912 1409489384.89
0.097 0.973112351543 0.0321377439338 42.067625 0.373525 0.373525 0 0 0.63905650873 1409489385.29
0.106 0.97423359304 0.0295305523588 42.3611 0.38335 0.38335 0 0 0.615839329501 1409489385.66
0.096 0.980013121029 0.029478640373 42.572525 0.394625 0.394625 0 0 0.63794000594 1409489386.04
0.071 0.9835094711 0.0349066067968 43.0415 0.401775 0.401775 0 0 0.661626600366 1409489386.4
0.087 0.983396096175 0.0363603487158 43.767675 0.4045 0.4045 0 0 0.681196790607 1409489386.76
0.086 0.979356196839 0.0333621848022 44.1814 0.412025 0.412025 0 0 0.653034083931 1409489387.15
0.08 0.977909092245 0.0279857155743 44.647925 0.41855 0.41855 0 0 0.670234025602 1409489387.53
0.093 0.980459461112 0.028464120341 45.174775 0.423925 0.423925 0 0 0.673955535846 1409489387.9
0.085 0.983139983538 0.0305399877901 45.678425 0.429275 0.429275 0 0 0.693180640605 1409489388.27
0.081 0.984001889314 0.0343134291396 46.12555 0.435875 0.435875 0 0 0.712396090698 1409489388.64
0.084 0.98292896234 0.0358363159919 46.44045 0.444025 0.444025 0 0 0.707667549169 1409489388.99
0.083 0.979386158072 0.0360293455237 46.597875 0.453725 0.453725 0 0 0.668897399198 1409489389.4
0.095 0.97629504201 0.0327417208994 46.878425 0.460425 0.460425 0 0 0.660471942301 1409489389.81
0.103 0.977030848295 0.0305622259099 46.9604 0.470275 0.470275 0 0 0.661157930143 1409489390.2
0.097 0.979645355023 0.0309509786445 47.62965 0.471725 0.471725 0 0 0.66862498262 1409489390.53
0.084 0.982216436936 0.0305738390286 48.268975 0.4728 0.4728 0 0 0.686044051891 1409489390.89
0.107 0.983156423753 0.0258197917519 48.682475 0.47675 0.47675 0 0 0.670083022464 1409489391.28
0.096 0.985047966023 0.0223266002393 49.06455 0.482425 0.482425 0 0 0.690501654248 1409489391.63
0.097 0.987040264989 0.018018685732 49.1076 0.49245 0.49245 0 0 0.693403062932 1409489392.01
0.096 0.989394520555 0.018431895799 49.60835 0.496275 0.496275 0 0 0.719636074388 1409489392.38
0.093 0.990478729274 0.0185825427925 49.9203 0.499525 0.499525 0 0 0.722635226492 1409489392.76
0.075 0.991358184409 0.0127614677044 50.0108 0.506 0.506 0 0 0.735519026081 1409489393.13
0.101 0.992840633453 0.0199834494262 49.73205 0.51265 0.51265 0 0 0.740742550842 1409489393.5
0.089 0.991211251263 0.0262198250342 50.066575 0.516225 0.516225 0 0 0.714389495665 1409489393.86
0.075 0.988884350311 0.0272594368736 50.349025 0.52015 0.52015 0 0 0.706822153798 1409489394.23
0.099 0.984891663184 0.0290781204952 50.478175 0.525375 0.525375 0 0 0.681236985207 1409489394.64
0.108 0.982048237284 0.0327988924073 50.679275 0.5312 0.5312 0 0 0.667961351169 1409489395.03
0.104 0.979514772442 0.0283044010844 50.557125 0.53915 0.53915 0 0 0.66171832272 1409489395.43
0.101 0.980019201521 0.0266036013797 50.749675 0.5443 0.5443 0 0 0.644616346204 1409489395.8
0.101 0.983252127015 0.0222805846687 50.613825 0.55205 0.55205 0 0 0.65194331261 1409489396.17
0.102 0.986843354777 0.0235061512945 50.7394 0.555975 0.555975 0 0 0.683951880825 1409489396.52
0.086 0.988006023883 0.0261463936005 51.0786 0.55865 0.55865 0 0 0.675822113784 1409489396.88
0.094 0.98754315057 0.0238577578332 51.66075 0.559425 0.559425 0 0 0.695436363965 1409489397.23
0.096 0.985767900262 0.0218107531615 51.975275 0.563125 0.563125 0 0 0.683912268104 1409489397.58
0.092 0.985963649565 0.0208256772055 52.484825 0.563775 0.563775 0 0 0.694418850067 1409489397.93
0.074 0.987173257046 0.026544945144 52.406625 0.567825 0.567825 0 0 0.712316746708 1409489398.28
0.087 0.985697516915 0.0261246445564 52.1835 0.574775 0.574775 0 0 0.696171907701 1409489398.66
0.099 0.984909201714 0.0224752616747 52.0827 0.5812 0.5812 0 0 0.693492599169 1409489399.01
0.082 0.984914936426 0.0223667592927 51.491475 0.594625 0.594625 0 0 0.661991574196 1409489399.42
0.082 0.986348549191 0.031626246836 51.14845 0.606025 0.606025 0 0 0.68696103176 1409489399.78
0.099 0.983254316033 0.0395623748479 50.36785 0.621475 0.621475 0 0 0.665522191872 1409489400.17
0.095 0.976892172712 0.0372647753257 49.948475 0.632425 0.632425 0 0 0.626708490121 1409489400.57
0.102 0.973456158887 0.0399491163045 49.52165 0.645125 0.645125 0 0 0.630373620983 1409489400.98
0.09 0.972148454256 0.0450630429081 49.503525 0.653375 0.653375 0 0 0.6347444195 1409489401.38
0.123 0.970679227758 0.0452477109774 49.23565 0.6636 0.6636 0 0 0.59827588976 1409489401.78
0.082 0.970530484044 0.0461164849481 48.888375 0.6755 0.6755 0 0 0.597731250163 1409489402.18
0.109 0.970406632347 0.0445012001422 48.45555 0.687725 0.687725 0 0 0.607246415494 1409489402.63
0.102 0.970590487034 0.0411578042577 48.7422 0.6927 0.6927 0 0 0.637024379288 1409489403.01
0.1 0.971342986669 0.0407908147963 49.0998 0.6975 0.6975 0 0 0.653847123215 1409489403.42
0.087 0.973330067623 0.0470755671957 49.593275 0.701325 0.701325 0 0 0.665298260226 1409489403.79
0.085 0.972531118975 0.0430001024853 49.648025 0.7088 0.7088 0 0 0.65204049161 1409489404.18
0.082 0.973123567138 0.040218692693 49.677075 0.716275 0.716275 0 0 0.639575811401 1409489404.56
0.102 0.973973601337 0.0347665581025 49.16945 0.728675 0.728675 0 0 0.630710458031 1409489404.95
0.105 0.977114826966 0.0365518114368 48.452225 0.7429 0.7429 0 0 0.63294138664 1409489405.38
0.076 0.978333014952 0.0408656719487 48.619075 0.7494 0.7494 0 0 0.636138193424 1409489405.76
0.094 0.976576705394 0.0386913911794 48.244 0.76045 0.76045 0 0 0.616386710671 1409489406.15
0.091 0.975045362134 0.0335038909064 48.2661 0.7672 0.7672 0 0 0.621057143803 1409489406.53
0.096 0.975833340349 0.0335180417498 48.081975 0.775725 0.775725 0 0 0.637271470164 1409489406.9
0.078 0.977664174357 0.03391000348 47.8491 0.785275 0.785275 0 0 0.64093140542 1409489407.26
0.09 0.979338584579 0.0391447604437 47.45025 0.796 0.796 0 0 0.634744812183 1409489407.63
0.081 0.978101798735 0.0330995687096 47.14125 0.8056 0.8056 0 0 0.630450225149 1409489408.01
0.116 0.978808493117 0.0274140659378 46.79315 0.8145 0.8145 0 0 0.634232418003 1409489408.37
0.077 0.982064581427 0.0304986858749 46.535575 0.822825 0.822825 0 0 0.660991895318 1409489408.76
0.097 0.983586499858 0.0302421835628 46.4505 0.8299 0.8299 0 0 0.664691433439 1409489409.14
0.099 0.984588028424 0.0251086066118 46.8105 0.832225 0.832225 0 0 0.664049288246 1409489409.51
0.101 0.985399259277 0.0198922140324 47.114125 0.834725 0.834725 0 0 0.649018682168 1409489409.88
0.092 0.988562083768 0.0236969616965 47.675775 0.8369 0.8369 0 0 0.682062336691 1409489410.27
0.091 0.988854169229 0.0209595055629 47.8265 0.839925 0.839925 0 0 0.687374386268 1409489410.64
0.087 0.989277270117 0.0173727266363 48.08325 0.843675 0.843675 0 0 0.702944696215 1409489411.0
0.093 0.990567108555 0.0224374335122 48.100375 0.84895 0.84895 0 0 0.730312076149 1409489411.35
0.081 0.989666349621 0.0300971191283 47.544525 0.854875 0.854875 0 0 0.721538392114 1409489411.75
0.098 0.987627440531 0.0419331971892 47.786225 0.858675 0.858675 0 0 0.71106194298 1409489412.13
0.098 0.981782757953 0.0399614659355 47.6076 0.862425 0.862425 0 0 0.661145557023 1409489412.51
0.076 0.974836176689 0.0411607216158 46.706775 0.869475 0.869475 0 0 0.667369308232 1409489412.89
0.115 0.970260050804 0.0403385428855 46.712075 0.874825 0.874825 0 0 0.648462894267 1409489413.29
0.093 0.971423567871 0.0462553951385 46.486725 0.87975 0.87975 0 0 0.647248060806 1409489413.69
0.094 0.972646329806 0.0418422229329 46.597275 0.88325 0.88325 0 0 0.642389231646 1409489414.06
0.082 0.974427278763 0.0429346949316 46.486475 0.889475 0.889475 0 0 0.669308824812 1409489414.43
0.078 0.974158445026 0.0480155633512 46.9336 0.892125 0.892125 0 0 0.666074936863 1409489414.78
0.089 0.971632590477 0.0473458649953 47.233125 0.894225 0.894225 0 0 0.643243706914 1409489415.15
0.102 0.96940975775 0.0606385009481 47.316325 0.898075 0.898075 0 0 0.60949809262 1409489415.52
0.121 0.964499842311 0.0616771289358 47.8313 0.899775 0.899775 0 0 0.592342652682 1409489415.9
0.119 0.960418785818 0.0617901733643 47.897925 0.904 0.094425 141 52.3408010006 0.564323109167 1409489416.45
0.119 0.959107153375 0.0549619841793 47.648375 0.909925 0.133775 141 52.3408010006 0.557985083274 1409489416.88
0.119 0.962369054435 0.0548804185671 46.855975 0.91935 0.15445 141 52.3408010006 0.5643373213 1409489417.31
0.086 0.96622472987 0.0516495931261 46.2419 0.92805 0.16905 141 52.3408010006 0.575311917377 1409489417.72
0.1 0.969649630001 0.0619363630177 46.332375 0.931575 0.18155 141 52.3408010006 0.607245990763 1409489418.1
0.098 0.965997492251 0.063389299306 45.896075 0.93715 0.19985 141 52.3408010006 0.607025135683 1409489418.51
0.129 0.961284665349 0.0602351853292 45.295625 0.943075 0.221875 141 52.3408010006 0.618640554603 1409489418.91
0.103 0.958576524321 0.0505461280634 45.4677 0.94495 0.235325 141 52.3408010006 0.598086854146 1409489419.32
0.109 0.963096473095 0.0421345735375 45.342 0.94605 0.25455 141 52.3408010006 0.620911840501 1409489419.74
0.108 0.971169632403 0.0401355191711 45.726225 0.946675 0.26565 141 52.3408010006 0.629283430647 1409489420.13
0.098 0.977230549912 0.0373574012958 45.773475 0.947775 0.2782 141 52.3408010006 0.671506031649 1409489420.54
0.085 0.979642643326 0.0400450829626 45.6599 0.949 0.2954 141 52.3408010006 0.670953855027 1409489420.9
0.09 0.977632482801 0.0420104443739 45.73095 0.950775 0.3088 141 52.3408010006 0.676645427913 1409489421.3
0.104 0.974596279901 0.035499613005 45.035025 0.9518 0.3302 141 52.3408010006 0.648341077886 1409489421.69
0.115 0.974949525435 0.0345949395652 43.9746 0.953925 0.357325 141 52.3408010006 0.639871555931 1409489422.09
0.107 0.977518247693 0.0439915163733 43.700425 0.955825 0.37665 141 52.3408010006 0.638924158307 1409489422.5
0.11 0.976198037222 0.0469107311174 43.285825 0.959625 0.3929 141 52.3408010006 0.642340029492 1409489422.9
0.092 0.972173374292 0.0435359070562 43.3124 0.96235 0.4058 141 52.3408010006 0.626908470528 1409489423.28
0.105 0.97092627474 0.0444647067944 43.1157 0.96325 0.422525 141 52.3408010006 0.627113225243 1409489423.66
0.104 0.971200162433 0.0424387580833 42.97935 0.963875 0.43765 141 52.3408010006 0.621740957711 1409489424.08
0.13 0.973060635274 0.0491429817511 43.059875 0.965475 0.44875 141 52.3408010006 0.631428493923 1409489424.46
0.106 0.972622916014 0.0471670595796 43.105725 0.968275 0.4579 141 52.3408010006 0.65002998931 1409489424.84
0.107 0.970789848599 0.0439073640239 43.330525 0.9697 0.466925 141 52.3408010006 0.615690611886 1409489425.22
0.13 0.970194479717 0.0413585315633 43.010125 0.971825 0.4818 141 52.3408010006 0.619434268818 1409489425.63
0.113 0.971598920307 0.0397836195621 42.757675 0.973775 0.4932 141 52.3408010006 0.637216542458 1409489426.01
0.107 0.973866294886 0.0501255917236 42.7655 0.97595 0.50285 141 52.3408010006 0.625115772753 1409489426.37
0.081 0.974096533468 0.0591063456961 42.7041 0.9779 0.5114 141 52.3408010006 0.611363865564 1409489426.75
0.105 0.969942263094 0.0600043506275 42.327 0.98055 0.521525 141 52.3408010006 0.604106647197 1409489427.12
0.109 0.96447355487 0.0481874378667 41.914325 0.984 0.5325 141 52.3408010006 0.602045555463 1409489427.51
0.111 0.964554616707 0.0396740066154 41.56515 0.987625 0.54295 141 52.3408010006 0.641016953401 1409489427.89
0.103 0.970139465272 0.0413610642565 41.346575 0.989525 0.552525 141 52.3408010006 0.663031671892 1409489428.27
0.087 0.975616276828 0.0463816095789 41.266275 0.9913 0.56195 141 52.3408010006 0.702939871495 1409489428.64
0.101 0.974804839773 0.0425600391137 41.547875 0.99145 0.568275 141 52.3408010006 0.657088010287 1409489429.0
0.099 0.973748936913 0.0448228309805 41.875025 0.9916 0.574325 141 52.3408010006 0.644396705342 1409489429.38
0.114 0.971560592667 0.0535748618351 41.5739 0.992225 0.585475 141 52.3408010006 0.632533392061 1409489429.79
0.108 0.967619825554 0.0599692086041 41.366075 0.99225 0.595625 141 52.3408010006 0.619605861121 1409489430.19
0.127 0.962479405075 0.0726634088238 40.803575 0.992375 0.60985 141 52.3408010006 0.597031773122 1409489430.6
0.133 0.955444177136 0.0815278317417 40.5262 0.992475 0.621525 141 52.3408010006 0.598804956624 1409489431.01
0.11 0.948373181043 0.0759834237797 40.003625 0.992475 0.6342 141 52.3408010006 0.58334031171 1409489431.41
0.135 0.946193414252 0.0685632344799 39.92315 0.992475 0.6431 141 52.3408010006 0.582392830837 1409489431.82
0.114 0.950998180519 0.0812514112342 40.13835 0.992475 0.647975 141 52.3408010006 0.581974068061 1409489432.21
0.12 0.954586602856 0.0796291439251 40.6908 0.9925 0.650875 141 52.3408010006 0.593764514891 1409489432.58
0.126 0.955928882092 0.0757142172022 41.005425 0.992525 0.655025 141 52.3408010006 0.596248426969 1409489432.94
0.102 0.956633894749 0.0682775444735 40.942825 0.9926 0.66245 141 52.3408010006 0.619548706713 1409489433.36
0.12 0.954182537264 0.0671855598487 41.064475 0.9926 0.6681 141 52.3408010006 0.604569630475 1409489433.75
0.12 0.954456224245 0.0628119165309 40.770975 0.9926 0.67715 141 52.3408010006 0.583937883506 1409489434.16
0.106 0.958426662966 0.0697022671744 40.513375 0.9926 0.6859 141 52.3408010006 0.592242731769 1409489434.54
0.119 0.958725248326 0.0554648451239 40.108025 0.9926 0.698125 141 52.3408010006 0.607274491046 1409489434.94
0.098 0.962836550421 0.0513982231609 39.8946 0.9926 0.708075 141 52.3408010006 0.616010704775 1409489435.36
0.098 0.968021404191 0.050515290054 40.0987 0.9926 0.71345 141 52.3408010006 0.646350821931 1409489435.74
0.099 0.970521938469 0.0469016161002 40.25585 0.9926 0.71955 141 52.3408010006 0.655399143226 1409489436.1
0.098 0.971541685622 0.0438890197009 40.7753 0.9926 0.7225 141 52.3408010006 0.672945029117 1409489436.45
0.092 0.972082493209 0.0431999297738 41.188975 0.9926 0.7263 141 52.3408010006 0.685436573211 1409489436.84
0.093 0.972667110612 0.0339222401399 41.10045 0.9926 0.7347 141 52.3408010006 0.651635734612 1409489437.21
0.103 0.974833305615 0.0343568642851 41.587325 0.9926 0.736725 141 52.3408010006 0.657609169203 1409489437.57
0.084 0.976552788547 0.0304545224564 42.048125 0.9926 0.740125 141 52.3408010006 0.671951577726 1409489437.92
0.076 0.980864867506 0.0196455802272 42.629225 0.9926 0.74105 141 52.3408010006 0.689945141442 1409489438.3
0.08 0.987339301086 0.0191442688071 42.622475 0.9926 0.74685 141 52.3408010006 0.710090342259 1409489438.65
0.082 0.991016270852 0.0217218973508 43.242425 0.9926 0.748675 141 52.3408010006 0.729001271071 1409489439.02
0.06 0.991811117671 0.0248780639985 43.7408 0.9926 0.751125 141 52.3408010006 0.732351513114 1409489439.37
0.082 0.988242998583 0.0194827071232 43.984 0.9926 0.75515 141 52.3408010006 0.689261290686 1409489439.71
0.084 0.987986858559 0.0216333757517 43.8931 0.9926 0.762675 141 52.3408010006 0.701814646381 1409489440.09
0.076 0.98748295361 0.0195629629173 43.805375 0.9926 0.77065 141 52.3408010006 0.701820780995 1409489440.46
0.088 0.988532675083 0.0211491882957 43.792975 0.9926 0.778525 141 52.3408010006 0.702846783481 1409489440.82
0.088 0.98907235625 0.0204373662002 44.13245 0.9926 0.78245 141 52.3408010006 0.692619013308 1409489441.18
0.087 0.989936778269 0.0211359913222 44.516275 0.9926 0.785775 141 52.3408010006 0.713047768603 1409489441.52
0.081 0.989781542558 0.0209021051201 44.462925 0.9926 0.793675 141 52.3408010006 0.732940723533 1409489441.88
0.087 0.989127471024 0.0238869281235 44.66925 0.9926 0.799225 141 52.3408010006 0.741023444886 1409489442.27
0.089 0.987700078389 0.0266262983589 44.7041 0.9926 0.8053 141 52.3408010006 0.737174500117 1409489442.62
0.101 0.984723118586 0.0258238199565 45.072675 0.9926 0.8088 141 52.3408010006 0.701080168367 1409489442.99
0.098 0.984222589708 0.0293667413499 45.465425 0.9926 0.81255 141 52.3408010006 0.717263424059 1409489443.34
0.103 0.982955535879 0.033455025386 45.6372 0.9926 0.81835 141 52.3408010006 0.662354850231 1409489443.69
0.1 0.981582798054 0.0335897535614 45.472025 0.992625 0.824575 141 52.3408010006 0.689295991115 1409489444.09
0.084 0.979535271548 0.0342850045127 45.5333 0.992625 0.8277 141 52.3408010006 0.712727007917 1409489444.46
0.08 0.977868617903 0.0335469109882 45.612325 0.992625 0.831275 141 52.3408010006 0.716478065951 1409489444.81
0.081 0.977936695983 0.0436982997305 45.629325 0.992625 0.8371 141 52.3408010006 0.739200550426 1409489445.17
0.084 0.974964088241 0.0482470143687 46.021575 0.992625 0.840025 141 52.3408010006 0.680301010831 1409489445.55
0.095 0.970628748213 0.0500398653275 46.46145 0.992625 0.8425 141 52.3408010006 0.653715410325 1409489445.91
0.101 0.966025612257 0.0583584969311 45.923125 0.992625 0.8522 141 52.3408010006 0.658141104618 1409489446.27
0.097 0.961833937432 0.0546589505778 45.04135 0.992625 0.86305 141 52.3408010006 0.634912566089 1409489446.68
0.11 0.961828501598 0.063353959957 44.145925 0.992625 0.87205 141 52.3408010006 0.598025894277 1409489447.08
0.093 0.960917463735 0.0681735328458 44.041775 0.992625 0.8768 141 52.3408010006 0.603207038391 1409489447.46
0.105 0.958457710273 0.0612983345493 43.6133 0.992625 0.881825 141 52.3408010006 0.625308618693 1409489447.86
0.102 0.958215934299 0.0632356343009 43.748375 0.992625 0.8839 141 52.3408010006 0.626882649434 1409489448.25
0.085 0.959634419978 0.0590929704101 44.30995 0.992625 0.88405 141 52.3408010006 0.640538137245 1409489448.63
0.101 0.961388707051 0.0614525498131 44.741225 0.992625 0.884125 141 52.3408010006 0.656421897782 1409489449.0
0.094 0.96198856082 0.0623468521541 45.122525 0.992625 0.884125 141 52.3408010006 0.650604633388 1409489449.39
0.114 0.962011903119 0.0702582401372 45.53935 0.992625 0.884225 141 52.3408010006 0.64532949131 1409489449.78
0.104 0.957585640031 0.065005389355 45.51645 0.992625 0.88445 141 52.3408010006 0.634323129566 1409489450.2
0.113 0.95566104376 0.0573635554904 45.8344 0.992625 0.884575 141 52.3408010006 0.613741151149 1409489450.6
0.113 0.958610447643 0.0631502513258 46.1311 0.992625 0.884625 141 52.3408010006 0.601996246591 1409489450.99
0.11 0.961048024539 0.0797816048282 46.388775 0.992625 0.884625 141 52.3408010006 0.601984535979 1409489451.41
0.107 0.956932196879 0.0799306851573 46.059775 0.992625 0.884625 141 52.3408010006 0.592321562458 1409489451.79
0.132 0.949331289666 0.0748862849021 45.5419 0.992625 0.8897 141 52.3408010006 0.553581760331 1409489452.2
0.104 0.947234948787 0.0692041579201 45.0517 0.992625 0.894 141 52.3408010006 0.573096574888 1409489452.6
0.133 0.952019994827 0.0692050953919 44.326225 0.992625 0.897425 141 52.3408010006 0.56902975661 1409489453.0
0.121 0.956603271279 0.080456972178 43.999325 0.992625 0.8999 141 52.3408010006 0.583503822444 1409489453.39
0.158 0.953536772042 0.075584965071 43.187275 0.992625 0.0802 119.0 44.9505685568 0.551811857729 1409489453.97
0.158 0.95087934449 0.065739115715 42.804825 0.992625 0.156075 119.0 44.9505685568 0.532568093295 1409489454.5
0.137 0.954659561622 0.0601528028538 42.781875 0.992625 0.17075 119.0 44.9505685568 0.565530504463 1409489454.91
0.123 0.958894384116 0.0635617283035 42.722675 0.992625 0.185375 119.0 44.9505685568 0.577267175661 1409489455.36
0.135 0.961499487091 0.0590769343931 42.514875 0.99285 0.1995 119.0 44.9505685568 0.596547732542 1409489455.76
0.133 0.963826822396 0.0658211964694 42.551125 0.992975 0.209575 119.0 44.9505685568 0.588978996171 1409489456.18
0.132 0.96210422803 0.0658044875745 41.572525 0.99375 0.2318 119.0 44.9505685568 0.596315593294 1409489456.6
0.13 0.959137471678 0.0638574258709 41.032725 0.994775 0.24625 119.0 44.9505685568 0.585822656987 1409489457.03
0.128 0.957959598451 0.0734417372566 39.590175 0.99685 0.266325 119.0 44.9505685568 0.566046294832 1409489457.48
0.136 0.959234586515 0.082145585921 38.77775 0.998625 0.282525 119.0 44.9505685568 0.581934981116 1409489457.88
0.113 0.956475004311 0.0890163651174 38.281925 0.999275 0.2975 119.0 44.9505685568 0.59715662799 1409489458.29
0.122 0.9511515455 0.0743890562266 35.52255 0.999275 0.33495 119.0 44.9505685568 0.539632376664 1409489458.75
0.108 0.949054348801 0.0552873822632 33.3093 0.999275 0.364925 119.0 44.9505685568 0.529630877297 1409489459.21
0.118 0.957699477187 0.0551116288733 32.624725 0.999275 0.37905 119.0 44.9505685568 0.563038864665 1409489459.63
0.116 0.965897691142 0.063532598515 31.61495 0.999275 0.395075 119.0 44.9505685568 0.588814534865 1409489460.03
0.103 0.966996204423 0.0499497195822 31.491925 0.9993 0.4036 119.0 44.9505685568 0.625853424158 1409489460.42
0.101 0.968705317903 0.0460309012592 31.75605 0.99975 0.4117 119.0 44.9505685568 0.632813980926 1409489460.82
0.112 0.971422648163 0.0602868608379 31.67665 0.99975 0.424175 119.0 44.9505685568 0.626861620935 1409489461.2
0.097 0.969664671131 0.0600232116583 32.0538 0.99975 0.4301 119.0 44.9505685568 0.63132873623 1409489461.59
0.092 0.965176864544 0.063747645353 32.397125 0.99975 0.436775 119.0 44.9505685568 0.623708554363 1409489462.0
0.107 0.959019660132 0.0717947652479 32.009575 0.99975 0.45145 119.0 44.9505685568 0.578998155451 1409489462.41
0.111 0.953528125179 0.0723233655262 31.913825 0.99975 0.46155 119.0 44.9505685568 0.566313703401 1409489462.82
0.143 0.950633782602 0.0761436582379 31.49915 0.99975 0.476825 119.0 44.9505685568 0.536864652432 1409489463.24
0.145 0.949676011158 0.0704741426018 31.4089 0.99975 0.49155 119.0 44.9505685568 0.555158368291 1409489463.67
0.129 0.950055157911 0.0639069745585 31.5811 0.99975 0.500825 119.0 44.9505685568 0.548848142492 1409489464.07
0.129 0.953834741452 0.05565603989 32.0355 0.99975 0.5042 119.0 44.9505685568 0.567691300997 1409489464.5
0.107 0.960891486177 0.0551367631416 32.4232 0.99975 0.5094 119.0 44.9505685568 0.592258292001 1409489464.87
0.133 0.965518980944 0.0468985630847 32.095975 0.99975 0.520425 119.0 44.9505685568 0.591895468675 1409489465.28
0.099 0.971122350041 0.0469899595498 32.210875 0.99975 0.528475 119.0 44.9505685568 0.613756682389 1409489465.66
0.108 0.973261504155 0.0448507788154 32.402875 0.99975 0.534375 119.0 44.9505685568 0.629379107067 1409489466.05
0.108 0.973970204251 0.043780715832 32.21735 0.99975 0.543325 119.0 44.9505685568 0.639152037598 1409489466.43
0.105 0.972669841997 0.0376672722761 32.261025 0.99975 0.55455 119.0 44.9505685568 0.655382690159 1409489466.8
0.072 0.974488683565 0.0337641922041 32.689775 0.99975 0.5615 119.0 44.9505685568 0.662660244216 1409489467.2
0.099 0.978317493824 0.0268148471313 33.0662 0.99975 0.56915 119.0 44.9505685568 0.701435082889 1409489467.58
0.096 0.982482051714 0.0195957688819 33.510925 0.99975 0.574775 119.0 44.9505685568 0.707410539438 1409489467.92
0.088 0.987595440196 0.0195795324776 33.920975 0.99975 0.580875 119.0 44.9505685568 0.705662481317 1409489468.3
0.076 0.990197641114 0.0162916852765 34.519025 0.99975 0.5854 119.0 44.9505685568 0.738702316392 1409489468.63
0.083 0.991653447224 0.0141926528444 35.166325 0.99975 0.589375 119.0 44.9505685568 0.747302288932 1409489468.98
0.086 0.992619014879 0.0068034221582 35.785225 0.99975 0.59315 119.0 44.9505685568 0.730962148085 1409489469.31
0.081 0.995585567437 0.00817745978536 36.307575 0.99975 0.596375 119.0 44.9505685568 0.74385747238 1409489469.62
0.08 0.996690046456 0.00864489521189 36.6472 0.99975 0.603075 119.0 44.9505685568 0.749042335085 1409489469.97
0.076 0.996407528665 0.014410153365 37.038375 0.99975 0.60935 119.0 44.9505685568 0.780126774671 1409489470.31
0.082 0.994123776222 0.0214658057653 37.2025 0.99975 0.6197 119.0 44.9505685568 0.740622678056 1409489470.65
0.069 0.989742077952 0.0261814294188 37.13735 0.99975 0.63095 119.0 44.9505685568 0.757978716059 1409489471.01
0.089 0.983381294551 0.0213010000615 37.639725 0.99975 0.6352 119.0 44.9505685568 0.718462751821 1409489471.35
0.065 0.981172890326 0.0183450015718 38.067525 0.99975 0.63915 119.0 44.9505685568 0.713076187837 1409489471.73
0.064 0.984856151514 0.0136806585656 38.53355 0.99975 0.644175 119.0 44.9505685568 0.778293596152 1409489472.08
0.063 0.989995283424 0.0179632532177 38.57315 0.99975 0.6532 119.0 44.9505685568 0.765500343592 1409489472.43
0.072 0.991463289476 0.0260506609074 39.095725 0.99975 0.657825 119.0 44.9505685568 0.78618031011 1409489472.77
0.075 0.988751761674 0.0257870881757 38.819675 0.99975 0.67225 119.0 44.9505685568 0.732724204793 1409489473.14
0.077 0.984643121378 0.0204893704176 38.190575 0.99975 0.6885 119.0 44.9505685568 0.697296976292 1409489473.49
0.09 0.983840226182 0.0193173498761 38.702925 0.99975 0.6909 119.0 44.9505685568 0.690174517452 1409489473.83
0.076 0.985778474864 0.024769926815 39.190025 0.99975 0.694575 119.0 44.9505685568 0.680169313472 1409489474.18
0.065 0.986384184338 0.0262075880228 39.628275 0.99975 0.69855 119.0 44.9505685568 0.706002289925 1409489474.52
0.045 0.98538347351 0.0206806273233 40.12625 0.99975 0.702825 119.0 44.9505685568 0.698066642515 1409489474.87
0.062 0.985728468204 0.0224749431176 40.751325 0.99975 0.705625 119.0 44.9505685568 0.661213018661 1409489475.21
0.073 0.986254762803 0.0269582173858 41.492375 0.99975 0.707525 119.0 44.9505685568 0.67937136857 1409489475.56
0.072 0.984662959502 0.0306463770596 42.098525 0.99975 0.71055 119.0 44.9505685568 0.668819863278 1409489475.9
0.081 0.982583434154 0.0272531834406 42.62115 0.99975 0.71445 119.0 44.9505685568 0.67089485827 1409489476.25
0.076 0.982731135213 0.0290497099198 43.126775 0.99975 0.71795 119.0 44.9505685568 0.670910007164 1409489476.61
0.067 0.981321712997 0.0258498521861 43.8382 0.99975 0.7201 119.0 44.9505685568 0.693966475283 1409489476.97
0.074 0.9823143821 0.0262666074444 44.1422 0.99975 0.7264 119.0 44.9505685568 0.681224330172 1409489477.32
0.084 0.983821376616 0.0244624579114 44.71395 0.99975 0.729425 119.0 44.9505685568 0.702145422206 1409489477.66
0.074 0.98488799868 0.0201295374052 45.319425 0.99975 0.73275 119.0 44.9505685568 0.702749840154 1409489478.0
0.072 0.987514877371 0.0185664343166 45.467975 0.99975 0.741975 119.0 44.9505685568 0.721813476164 1409489478.35
0.087 0.9900397432 0.020346121776 45.487075 0.99975 0.75215 119.0 44.9505685568 0.729874506284 1409489478.7
0.076 0.990358030339 0.02022964057 45.924425 0.99975 0.75685 119.0 44.9505685568 0.739594878045 1409489479.05
0.079 0.988879214283 0.0209777928458 46.239325 0.99975 0.761475 119.0 44.9505685568 0.731059322493 1409489479.39
0.088 0.987465300495 0.0191297414027 45.95165 0.99975 0.773325 119.0 44.9505685568 0.706022282179 1409489479.75
0.11 0.987392210164 0.028441104941 46.174025 0.99975 0.779575 119.0 44.9505685568 0.687286466773 1409489480.11
0.098 0.985636062668 0.0358444357011 46.51915 0.99975 0.78475 119.0 44.9505685568 0.704455174789 1409489480.46
0.089 0.981086202653 0.0312574408582 46.647725 0.99975 0.789925 119.0 44.9505685568 0.673940977818 1409489480.84
0.085 0.97883510025 0.0357018098914 46.593875 0.99975 0.79915 119.0 44.9505685568 0.669258711777 1409489481.23
0.095 0.977172265407 0.0350289930821 46.776675 0.99975 0.8054 119.0 44.9505685568 0.67744001868 1409489481.62
0.114 0.977196722571 0.0311966561271 47.250125 0.99975 0.807125 119.0 44.9505685568 0.664364993785 1409489481.98
0.09 0.979646633806 0.0301233863446 47.65605 0.99975 0.80985 119.0 44.9505685568 0.684712116075 1409489482.38
0.095 0.98260190867 0.0365617190713 48.0254 0.99975 0.811675 119.0 44.9505685568 0.708907794399 1409489482.74
0.102 0.981770239792 0.0385312235868 48.484175 0.99975 0.814375 119.0 44.9505685568 0.691048859166 1409489483.11
0.105 0.978456300808 0.0321815148521 48.9492 0.99975 0.8155 119.0 44.9505685568 0.688070988113 1409489483.47
0.096 0.978668269342 0.0296263055084 49.428325 0.99975 0.815875 119.0 44.9505685568 0.68303288736 1409489483.83
0.092 0.9808078236 0.0301023405963 49.673725 0.99975 0.81855 119.0 44.9505685568 0.684116159374 1409489484.19
0.069 0.98306613931 0.0418786510208 49.399325 0.99975 0.823725 119.0 44.9505685568 0.701088434431 1409489484.57
0.101 0.980785592269 0.0490959760224 49.325775 0.99975 0.82855 119.0 44.9505685568 0.689318598891 1409489484.96
0.086 0.976043277182 0.0467298948378 48.88505 0.99975 0.8347 119.0 44.9505685568 0.6889575014 1409489485.37
0.091 0.971811875316 0.0494317006429 48.126325 0.99975 0.84065 119.0 44.9505685568 0.667278783685 1409489485.76
0.102 0.967643989579 0.0519761170437 47.1645 0.99975 0.85005 119.0 44.9505685568 0.643944895219 1409489486.15
0.113 0.965790988965 0.0559538757143 46.417875 0.99975 0.8617 119.0 44.9505685568 0.604412220303 1409489486.55
0.12 0.964467950057 0.0584603129041 45.859975 0.99975 0.871375 119.0 44.9505685568 0.588495175701 1409489486.96
0.126 0.962666547366 0.0495499591576 45.624875 0.99975 0.876125 119.0 44.9505685568 0.589622351683 1409489487.36
0.105 0.963622075775 0.0384803670889 45.70125 0.99975 0.8774 119.0 44.9505685568 0.588309353821 1409489487.74
0.113 0.970474884031 0.0452242448374 45.681375 0.99975 0.8833 119.0 44.9505685568 0.605707645928 1409489488.13
0.094 0.97434476331 0.0407986746766 45.643075 0.99975 0.88475 119.0 44.9505685568 0.623705755469 1409489488.51
0.116 0.976230954069 0.0404124271753 46.122775 0.99975 0.885825 119.0 44.9505685568 0.621414831057 1409489488.85
0.108 0.976984220806 0.0416942453518 46.27465 0.99975 0.889325 119.0 44.9505685568 0.628668391544 1409489489.25
0.117 0.9756296985 0.0493580324691 45.764725 0.99975 0.8973 119.0 44.9505685568 0.6174594223 1409489489.64
0.125 0.971525851665 0.0527663927962 45.20405 0.99975 0.072575 107.0 40.5902443528 0.609810538069 1409489490.17
0.117 0.966665336691 0.0545381582483 44.910425 0.99975 0.126375 107.0 40.5902443528 0.602763686456 1409489490.63
0.116 0.963380724403 0.0490357990438 44.953725 0.99975 0.142825 107.0 40.5902443528 0.593916507064 1409489491.01
0.109 0.964894580328 0.0506786683183 43.491175 0.99975 0.173575 107.0 40.5902443528 0.591055490931 1409489491.44
0.116 0.967846904467 0.0535688966954 43.0693 0.99975 0.1893 107.0 40.5902443528 0.605395387464 1409489491.86
0.113 0.969043399736 0.0573794291455 42.58075 0.99975 0.204975 107.0 40.5902443528 0.624709619318 1409489492.27
0.106 0.966634905847 0.0647682704434 41.436125 0.99975 0.22695 107.0 40.5902443528 0.617551927589 1409489492.66
0.101 0.959974555812 0.0587566141154 40.9716 0.99975 0.24245 107.0 40.5902443528 0.614710677745 1409489493.05
0.118 0.957915735161 0.0632949802741 40.257275 0.99975 0.261325 107.0 40.5902443528 0.576643733985 1409489493.45
0.089 0.95892491253 0.0694123392717 40.354375 0.99975 0.2715 107.0 40.5902443528 0.587874881079 1409489493.84
0.112 0.95699267602 0.0704187616799 39.741275 0.99975 0.287375 107.0 40.5902443528 0.565992901754 1409489494.25
0.108 0.95586974899 0.0639245268404 39.7788 0.99975 0.2983 107.0 40.5902443528 0.581541114994 1409489494.64
0.116 0.957481523235 0.0683875851152 38.45745 0.99975 0.322875 107.0 40.5902443528 0.576537380817 1409489495.07
0.129 0.957269697179 0.071795260454 37.132175 0.99975 0.352825 107.0 40.5902443528 0.556099482592 1409489495.54
0.122 0.957257518593 0.066834491629 37.080775 0.99975 0.364275 107.0 40.5902443528 0.559883301716 1409489495.93
0.121 0.956706882419 0.0666544109942 37.26095 0.99975 0.3719 107.0 40.5902443528 0.572783021872 1409489496.32
0.122 0.956473163456 0.0697780891339 37.349225 0.99975 0.38335 107.0 40.5902443528 0.574591309806 1409489496.71
0.132 0.956132605807 0.0698802323088 36.332225 0.99975 0.404475 107.0 40.5902443528 0.583118578738 1409489497.13
0.122 0.956309120886 0.069218380669 36.39515 0.99975 0.414225 107.0 40.5902443528 0.620090823492 1409489497.54
0.105 0.958296119919 0.0654699213714 36.707875 0.99975 0.4218 107.0 40.5902443528 0.624255974345 1409489497.93
0.106 0.959034226811 0.0587923636777 36.656175 0.99975 0.4327 107.0 40.5902443528 0.619889775793 1409489498.35
0.106 0.960422908892 0.0481495485024 36.4262 0.99975 0.445625 107.0 40.5902443528 0.627006195693 1409489498.75
0.095 0.964268382009 0.0338666589472 36.427225 0.99975 0.45675 107.0 40.5902443528 0.637539868975 1409489499.15
0.091 0.973981122624 0.0412106557439 36.67935 0.99975 0.46625 107.0 40.5902443528 0.663252267203 1409489499.52
0.08 0.978531052718 0.047437648624 36.231125 0.99975 0.48605 107.0 40.5902443528 0.662379592578 1409489499.88
0.105 0.97509208212 0.0444471884381 36.015325 0.99975 0.501575 107.0 40.5902443528 0.640115576748 1409489500.27
0.104 0.972339228024 0.030830049393 35.866075 0.99975 0.517225 107.0 40.5902443528 0.631922130945 1409489500.66
0.119 0.976395596438 0.0356548035042 35.930275 0.99975 0.5311 107.0 40.5902443528 0.64129836383 1409489501.06
0.091 0.978390865005 0.03892960491 36.500675 0.99975 0.538375 107.0 40.5902443528 0.63486995047 1409489501.41
0.097 0.978405321177 0.0281511900268 36.73775 0.99975 0.546775 107.0 40.5902443528 0.649454303817 1409489501.77
0.087 0.980322150847 0.0236101153767 36.859975 0.99975 0.559325 107.0 40.5902443528 0.638525715224 1409489502.14
0.085 0.983277739045 0.0266201480408 37.33745 0.99975 0.566175 107.0 40.5902443528 0.660741490446 1409489502.51
0.087 0.986718208188 0.0300951551312 37.817375 0.99975 0.573925 107.0 40.5902443528 0.695989957488 1409489502.86
0.086 0.985359463968 0.025037636034 38.0875 0.99975 0.5846 107.0 40.5902443528 0.680195831844 1409489503.2
0.084 0.984326536589 0.0252707625399 38.240025 0.99975 0.59955 107.0 40.5902443528 0.679640703421 1409489503.57
0.091 0.984075877977 0.0259242886858 38.4185 0.99975 0.610425 107.0 40.5902443528 0.674969260946 1409489503.93
0.098 0.984067842271 0.0225253065401 38.564125 0.99975 0.623775 107.0 40.5902443528 0.67531243044 1409489504.3
0.112 0.985755895455 0.0201495800472 38.395175 0.99975 0.639575 107.0 40.5902443528 0.683735864296 1409489504.67
0.087 0.988004576925 0.0197273598887 38.49585 0.99975 0.65115 107.0 40.5902443528 0.70397618551 1409489505.03
0.083 0.989524562868 0.0207983069127 38.681 0.99975 0.661925 107.0 40.5902443528 0.704096450422 1409489505.38
0.082 0.989319379607 0.0202704025738 38.873225 0.99975 0.6731 107.0 40.5902443528 0.703912291797 1409489505.73
0.075 0.988859155834 0.0240975580287 39.188825 0.99975 0.6802 107.0 40.5902443528 0.706921517704 1409489506.07
0.091 0.987783996403 0.0255269251045 39.47205 0.99975 0.686575 107.0 40.5902443528 0.711437158752 1409489506.42
0.082 0.985103194632 0.0239531643018 39.442075 0.99975 0.696375 107.0 40.5902443528 0.679613823244 1409489506.78
0.113 0.984401751903 0.0264937773592 39.471125 0.99975 0.704475 107.0 40.5902443528 0.687427107428 1409489507.17
0.118 0.983998042959 0.0325600503281 39.34955 0.99975 0.713325 107.0 40.5902443528 0.678599122712 1409489507.52
0.095 0.981830989483 0.0344985624172 39.46345 0.99975 0.721775 107.0 40.5902443528 0.655523796666 1409489507.89
0.119 0.979321372637 0.0375440950447 39.55005 0.99975 0.7297 107.0 40.5902443528 0.643563376246 1409489508.27
0.115 0.977753076243 0.0437039644869 39.829175 0.99975 0.736675 107.0 40.5902443528 0.639692085204 1409489508.65
0.111 0.974305623902 0.0413610988128 39.8437 0.99975 0.744275 107.0 40.5902443528 0.623718319022 1409489509.03
0.104 0.972912102994 0.0432718337012 39.7326 0.99975 0.753475 107.0 40.5902443528 0.619844604159 1409489509.4
0.099 0.971436139912 0.0423988267914 40.099325 0.99975 0.75685 107.0 40.5902443528 0.617712311038 1409489509.79
0.111 0.972107733549 0.0420602631925 40.390125 0.99975 0.761475 107.0 40.5902443528 0.640405589177 1409489510.19
0.119 0.973182406747 0.0463460326125 40.485475 0.99975 0.767675 107.0 40.5902443528 0.646408168696 1409489510.57
0.104 0.972697146938 0.0441910507326 40.590475 0.99975 0.7732 107.0 40.5902443528 0.638266462872 1409489510.93
0.103 0.97240180398 0.0429424696642 40.609 0.99975 0.780925 107.0 40.5902443528 0.606654525331 1409489511.3
0.104 0.972894200635 0.0439340226547 40.8753 0.99975 0.78685 107.0 40.5902443528 0.614005530275 1409489511.68
0.111 0.972897411819 0.0418653713359 40.807375 0.99975 0.791625 107.0 40.5902443528 0.612109115018 1409489512.07
0.096 0.973606365073 0.0415116946536 41.111675 0.99975 0.795375 107.0 40.5902443528 0.609512942542 1409489512.47
0.115 0.975051946096 0.0405991019443 41.21615 0.99975 0.8013 107.0 40.5902443528 0.615196729851 1409489512.86
0.114 0.975981270511 0.0363603302389 41.312275 0.99975 0.806125 107.0 40.5902443528 0.626426331421 1409489513.25
0.093 0.977811872878 0.0345219554038 41.34215 0.99975 0.8101 107.0 40.5902443528 0.620401393674 1409489513.63
0.108 0.979779572577 0.0344623136802 41.10855 0.99975 0.818025 107.0 40.5902443528 0.642291863461 1409489514.01
0.108 0.980227712454 0.0335117065434 41.017975 0.99975 0.822525 107.0 40.5902443528 0.629391147688 1409489514.39
0.113 0.980635655272 0.031951005499 39.604 0.99975 0.833575 107.0 40.5902443528 0.630020730227 1409489514.8
0.112 0.981573466237 0.0248095862589 38.9564 0.99975 0.843575 107.0 40.5902443528 0.635687206891 1409489515.17
0.09 0.983473938074 0.0229391879195 38.710975 0.99975 0.849 107.0 40.5902443528 0.658586057113 1409489515.54
0.104 0.985678823946 0.0284884546055 39.227775 0.99975 0.850975 107.0 40.5902443528 0.655433119234 1409489515.93
0.093 0.984958623823 0.0349602877492 39.690475 0.99975 0.853425 107.0 40.5902443528 0.706176641413 1409489516.3
0.072 0.982382221502 0.0458348629626 40.143775 0.99975 0.855375 107.0 40.5902443528 0.689027380416 1409489516.69
0.107 0.977889201075 0.0453695204557 40.2587 0.99975 0.857275 107.0 40.5902443528 0.650337513333 1409489517.07
0.098 0.971004199809 0.0519812288194 40.293875 0.99975 0.8594 107.0 40.5902443528 0.611383137362 1409489517.47
0.112 0.965229842198 0.0529432107599 40.22865 0.99975 0.8594 107.0 40.5902443528 0.555156211273 1409489517.86
0.105 0.963884274567 0.0575020446069 40.339675 0.99975 0.859425 107.0 40.5902443528 0.590317011002 1409489518.29
0.112 0.962678688101 0.0609875882851 40.029075 0.99975 0.85985 107.0 40.5902443528 0.583940204614 1409489518.68
0.112 0.96067689339 0.0641009812218 39.72525 0.99975 0.862275 107.0 40.5902443528 0.572657898199 1409489519.09
0.11 0.960192260684 0.0646133726905 38.9065 0.99975 0.867375 107.0 40.5902443528 0.562783694934 1409489519.5
0.139 0.959560305584 0.0677082723518 37.888775 0.99975 0.876625 107.0 40.5902443528 0.561454467706 1409489519.89
0.128 0.957903370657 0.0610257259141 36.923175 0.99975 0.886825 107.0 40.5902443528 0.581044442948 1409489520.29
0.11 0.958887375768 0.0650583025499 37.265425 0.99975 0.88895 107.0 40.5902443528 0.571885026421 1409489520.69
0.112 0.958916779903 0.0638485267436 37.12685 0.99975 0.893525 107.0 40.5902443528 0.563607553161 1409489521.1
0.125 0.95960224015 0.0552610301625 37.571975 0.99975 0.895675 107.0 40.5902443528 0.568633011756 1409489521.47
0.092 0.963056877078 0.0593211430111 37.6873 0.99975 0.017275 94.5 36.2745061219 0.622777797377 1409489521.9
0.09 0.963785467863 0.0661655200279 37.760725 0.99975 0.097075 94.5 36.2745061219 0.657669957202 1409489522.46
0.109 0.959898439635 0.0564165152474 37.703175 0.99975 0.11435 94.5 36.2745061219 0.660693052847 1409489522.86
0.107 0.960696995327 0.0576025207559 37.3817 0.99975 0.13405 94.5 36.2745061219 0.653627282817 1409489523.29
0.091 0.962897930818 0.0629719362928 37.39045 0.99975 0.150975 94.5 36.2745061219 0.640002760622 1409489523.71
0.108 0.961212108351 0.0675980722468 36.8565 0.99975 0.175525 94.5 36.2745061219 0.600369706922 1409489524.13
0.121 0.956543914245 0.0726281060202 36.190675 0.999925 0.1983 94.5 36.2745061219 0.56265607537 1409489524.54
0.124 0.951731532065 0.0687401806836 35.46275 1.0 0.221575 94.5 36.2745061219 0.554553336897 1409489524.97
0.112 0.952033851646 0.0626716009053 35.7689 1.0 0.23235 94.5 36.2745061219 0.566222193937 1409489525.36
0.116 0.956275620451 0.0576350254636 35.93615 1.0 0.2446 94.5 36.2745061219 0.566556309663 1409489525.77
0.084 0.962413377977 0.0479486240164 35.980275 1.0 0.2576 94.5 36.2745061219 0.628565403683 1409489526.18
0.094 0.968838543351 0.0531006874368 35.9531 1.0 0.2713 94.5 36.2745061219 0.644481076583 1409489526.59
0.101 0.971023686852 0.0505527019332 36.113875 1.0 0.283925 94.5 36.2745061219 0.634888839569 1409489526.98
0.08 0.968892979037 0.0442226607887 36.41445 1.0 0.29475 94.5 36.2745061219 0.641840050752 1409489527.35
0.078 0.969254873538 0.0386767917198 36.587425 1.0 0.309275 94.5 36.2745061219 0.641718657372 1409489527.73
0.089 0.97359062351 0.0397172896616 37.03315 1.0 0.31465 94.5 36.2745061219 0.689918815724 1409489528.08
0.07 0.976352225556 0.0375950700196 37.65885 1.0 0.318875 94.5 36.2745061219 0.698582717193 1409489528.46
0.084 0.977851572646 0.0370986209949 38.161075 1.0 0.3252 94.5 36.2745061219 0.712665527797 1409489528.81
0.099 0.977943684738 0.0285979731153 38.265225 1.0 0.338225 94.5 36.2745061219 0.699372410436 1409489529.18
0.088 0.980716335918 0.0214798928081 38.109725 1.0 0.353575 94.5 36.2745061219 0.688054958308 1409489529.55
0.086 0.985170681247 0.0254402043373 37.827825 1.0 0.3673 94.5 36.2745061219 0.715207764305 1409489529.92
0.083 0.98765504271 0.0295303144245 37.900025 1.0 0.378675 94.5 36.2745061219 0.732383011935 1409489530.29
0.097 0.985548561 0.0270991928385 37.9812 1.0 0.387725 94.5 36.2745061219 0.709293569888 1409489530.66
0.089 0.984099736068 0.0205660076499 37.948875 1.0 0.398 94.5 36.2745061219 0.689840295973 1409489531.04
0.11 0.986296552007 0.0211585444644 38.04585 1.0 0.409025 94.5 36.2745061219 0.687694996948 1409489531.39
0.086 0.989060499736 0.0246500895947 37.915 1.0 0.420875 94.5 36.2745061219 0.707084095365 1409489531.78
0.093 0.988182153312 0.0206618684549 37.479475 1.0 0.438325 94.5 36.2745061219 0.717867218664 1409489532.14
0.094 0.988084809554 0.0241511502757 37.6282 1.0 0.448875 94.5 36.2745061219 0.707046122635 1409489532.48
0.087 0.988386093095 0.0265387590185 37.467275 1.0 0.4652 94.5 36.2745061219 0.693426165756 1409489532.85
0.092 0.98678019854 0.0197209656027 37.2336 1.0 0.480625 94.5 36.2745061219 0.695109348459 1409489533.24
0.083 0.987707378352 0.0178618621781 36.990475 1.0 0.49745 94.5 36.2745061219 0.70533751795 1409489533.6
0.078 0.990199379391 0.0210354536746 37.51075 1.0 0.5024 94.5 36.2745061219 0.712607607069 1409489533.94
0.072 0.990040954277 0.0276873719024 37.760575 1.0 0.5106 94.5 36.2745061219 0.718082718446 1409489534.29
0.075 0.986442117373 0.0289570487008 37.91535 1.0 0.52 94.5 36.2745061219 0.724714913708 1409489534.64
0.071 0.982240105175 0.022798004943 38.196225 1.0 0.52745 94.5 36.2745061219 0.716327028634 1409489535.01
0.078 0.983355340277 0.0200406724775 38.49955 1.0 0.53575 94.5 36.2745061219 0.702832008095 1409489535.37
0.069 0.987298047723 0.0265465038295 39.019925 1.0 0.54105 94.5 36.2745061219 0.701308626441 1409489535.73
0.067 0.988144263838 0.0325666250098 39.08595 1.0 0.55245 94.5 36.2745061219 0.751079796688 1409489536.11
0.073 0.985821064314 0.0441913315456 38.7303 1.0 0.569975 94.5 36.2745061219 0.72180226169 1409489536.49
0.058 0.979913934329 0.0460056858293 38.614125 1.0 0.584325 94.5 36.2745061219 0.692517593723 1409489536.87
0.074 0.972785448374 0.0351148619192 38.3568 1.0 0.5994 94.5 36.2745061219 0.680493925358 1409489537.25
0.098 0.972495982924 0.0344097634399 38.289425 1.0 0.6124 94.5 36.2745061219 0.646430962787 1409489537.61
0.09 0.975328939189 0.0401973440487 38.397875 1.0 0.623225 94.5 36.2745061219 0.624773196892 1409489537.97
0.093 0.977104235203 0.0382440574441 38.87315 1.0 0.6285 94.5 36.2745061219 0.618586458965 1409489538.31
0.099 0.97769131702 0.0380824276169 38.7379 1.0 0.640925 94.5 36.2745061219 0.619005893888 1409489538.7
0.117 0.977607504596 0.041200634472 38.952575 1.0 0.649975 94.5 36.2745061219 0.614673569812 1409489539.08
0.11 0.975185643776 0.0442252869832 39.195025 1.0 0.657075 94.5 36.2745061219 0.613549454143 1409489539.46
0.094 0.971430308141 0.0502095671014 39.3299 1.0 0.6673 94.5 36.2745061219 0.581669279101 1409489539.85
0.111 0.96784794173 0.0594248424717 39.5458 1.0 0.67525 94.5 36.2745061219 0.573461843134 1409489540.24
0.103 0.963169283229 0.063319892524 39.34335 1.0 0.68525 94.5 36.2745061219 0.577561116634 1409489540.62
0.117 0.957971091349 0.0573159081716 38.981275 1.0 0.69555 94.5 36.2745061219 0.551300251942 1409489541.03
0.096 0.958591404123 0.0523098495945 38.7872 1.0 0.705475 94.5 36.2745061219 0.541766322628 1409489541.41
0.118 0.960660350149 0.0434162954313 38.30595 1.0 0.71725 94.5 36.2745061219 0.572714735173 1409489541.8
0.1 0.964924776237 0.0368818567461 37.9901 1.0 0.7296 94.5 36.2745061219 0.592068917387 1409489542.19
0.106 0.971650323857 0.0385005713152 37.44755 1.0 0.74495 94.5 36.2745061219 0.609699848241 1409489542.56
0.087 0.975941927845 0.0343043232926 37.0127 1.0 0.75925 94.5 36.2745061219 0.640343637857 1409489542.95
0.088 0.976595336842 0.0337645185886 36.989675 1.0 0.7718 94.5 36.2745061219 0.651078568937 1409489543.32
0.081 0.979322584608 0.0344571009262 37.340725 1.0 0.779275 94.5 36.2745061219 0.679116586577 1409489543.69
0.092 0.979872304331 0.0312352116949 37.72945 1.0 0.784175 94.5 36.2745061219 0.654779396612 1409489544.06
0.071 0.980479304896 0.0223073248412 38.03355 1.0 0.788375 94.5 36.2745061219 0.657734157313 1409489544.4
0.081 0.982673683424 0.0248039460676 38.511825 1.0 0.791425 94.5 36.2745061219 0.674176101854 1409489544.72
0.102 0.985374748694 0.0262024238304 39.0679 1.0 0.79375 94.5 36.2745061219 0.705964471194 1409489545.06
0.069 0.985457676278 0.0191338478239 39.056175 1.0 0.80335 94.5 36.2745061219 0.678707799999 1409489545.42
0.075 0.987305871735 0.0147696077652 39.106975 1.0 0.8102 94.5 36.2745061219 0.670700218214 1409489545.8
0.082 0.989943236815 0.0201614336992 39.034575 1.0 0.816875 94.5 36.2745061219 0.717223208002 1409489546.12
0.1 0.989798587852 0.0217405872569 39.000625 1.0 0.822675 94.5 36.2745061219 0.703201716288 1409489546.47
0.087 0.988523118436 0.0160577465251 38.167875 1.0 0.833575 94.5 36.2745061219 0.690415282533 1409489546.81
0.078 0.989045192458 0.0144299232879 38.2639 1.0 0.839875 94.5 36.2745061219 0.696093708175 1409489547.19
0.088 0.991178068838 0.0172707565218 38.819475 1.0 0.842325 94.5 36.2745061219 0.717384592413 1409489547.52
0.092 0.990664275763 0.018750817775 39.0805 1.0 0.8479 94.5 36.2745061219 0.714600081283 1409489547.86
0.103 0.990602718032 0.0299012822751 38.773675 1.0 0.85655 94.5 36.2745061219 0.704700376071 1409489548.22
0.079 0.987731439483 0.0336731940797 38.7292 1.0 0.863075 94.5 36.2745061219 0.701232849264 1409489548.6
0.087 0.985910504599 0.0262437023219 39.0321 1.0 0.866325 94.5 36.2745061219 0.696972594432 1409489548.96
0.105 0.983916842339 0.0204095038962 39.2737 1.0 0.871425 94.5 36.2745061219 0.684218412228 1409489549.34
0.086 0.985894857542 0.0221228911698 39.86265 1.0 0.87445 94.5 36.2745061219 0.724283330412 1409489549.71
0.063 0.987171486004 0.0218614932107 40.585925 1.0 0.8763 94.5 36.2745061219 0.768574957046 1409489550.06
0.063 0.987337831456 0.020389041199 41.284875 1.0 0.8783 94.5 36.2745061219 0.761873186081 1409489550.4
0.086 0.988245590265 0.0272256743228 41.839275 1.0 0.88235 94.5 36.2745061219 0.750183499128 1409489550.73
0.08 0.9867711054 0.0282727021143 42.382775 1.0 0.885 94.5 36.2745061219 0.74972284562 1409489551.11
0.081 0.98422319224 0.0277488138186 42.967325 1.0 0.886875 94.5 36.2745061219 0.72647154918 1409489551.45
0.068 0.982966410211 0.0384200319178 43.539875 1.0 0.889575 94.5 36.2745061219 0.742159004296 1409489551.83
0.092 0.980732224773 0.0423223884959 43.553625 1.0 0.898775 94.5 36.2745061219 0.725503467681 1409489552.2
0.107 0.976866801518 0.0341489452512 43.990775 1.0 0.044025 88.25 33.464600578 0.668781406214 1409489552.66
0.106 0.976880473732 0.0295358648552 44.373875 1.0 0.10825 88.25 33.464600578 0.649928360493 1409489553.16
0.104 0.980374434882 0.0412208783824 44.91485 1.0 0.125425 88.25 33.464600578 0.645698561635 1409489553.54
0.104 0.979164403505 0.0371107686427 45.236675 1.0 0.145925 88.25 33.464600578 0.65977160085 1409489553.92
0.109 0.977342926101 0.0468082555055 45.48555 1.0 0.162175 88.25 33.464600578 0.64285547399 1409489554.31
0.111 0.973432835682 0.0534643723254 45.647175 1.0 0.178325 88.25 33.464600578 0.627919075126 1409489554.72
0.107 0.966944769336 0.0544734013693 45.4431 1.0 0.1981 88.25 33.464600578 0.615576998717 1409489555.12
0.105 0.961917171216 0.0548501078039 45.188225 1.0 0.218075 88.25 33.464600578 0.604365605579 1409489555.53
0.103 0.961424965554 0.058846011311 44.867125 1.0 0.2389 88.25 33.464600578 0.621898989951 1409489555.94
0.106 0.961716080718 0.0632853973913 44.517125 1.0 0.25695 88.25 33.464600578 0.617382654888 1409489556.35
0.129 0.960604588173 0.0665459191956 44.44165 1.0 0.2719 88.25 33.464600578 0.621085929357 1409489556.73
0.131 0.95735290386 0.0699628073369 43.284225 1.0 0.29895 88.25 33.464600578 0.610842183022 1409489557.16
0.143 0.954979508247 0.0672869447369 42.953825 1.0 0.3179 88.25 33.464600578 0.621825089417 1409489557.57
0.124 0.954898530427 0.0630918285415 42.32945 1.0 0.33745 88.25 33.464600578 0.634061801125 1409489558.0
0.106 0.957782059802 0.0601334547164 41.8175 1.0 0.35695 88.25 33.464600578 0.622094160265 1409489558.45
0.099 0.962512206129 0.0570538338542 41.506575 1.0 0.373425 88.25 33.464600578 0.640278499567 1409489558.83
0.106 0.965791981046 0.0752976372917 40.50225 1.0 0.395575 88.25 33.464600578 0.636831030352 1409489559.23
0.127 0.963047058546 0.0841344371053 40.29135 1.0 0.409875 88.25 33.464600578 0.623046678492 1409489559.62
0.137 0.958933150272 0.0727218596821 39.19405 1.0 0.43645 88.25 33.464600578 0.588340493634 1409489560.06
0.126 0.957085228007 0.0689646282719 38.7375 1.0 0.45315 88.25 33.464600578 0.584576296208 1409489560.47
0.122 0.955045279496 0.0656921298365 38.404825 1.0 0.468175 88.25 33.464600578 0.611469740453 1409489560.89
0.117 0.955202131391 0.0725994998344 37.826825 1.0 0.487525 88.25 33.464600578 0.607128818998 1409489561.33
0.127 0.954470909399 0.0663310322556 37.704225 1.0 0.50155 88.25 33.464600578 0.610809794544 1409489561.75
0.129 0.956045522929 0.0536557177766 37.2501 1.0 0.518125 88.25 33.464600578 0.621402706024 1409489562.16
0.102 0.961305329684 0.0590312874349 36.929775 1.0 0.533525 88.25 33.464600578 0.608159721603 1409489562.58
0.118 0.964995415449 0.0676272931056 36.249925 1.0 0.55165 88.25 33.464600578 0.608270737545 1409489563.01
0.127 0.96245019727 0.0763599465802 35.8124 1.0 0.565625 88.25 33.464600578 0.615147588674 1409489563.43
0.134 0.954701720014 0.0672993106465 34.563325 1.0 0.589125 88.25 33.464600578 0.583293582006 1409489563.87
0.123 0.952053658818 0.0705861248959 33.918925 1.0 0.605475 88.25 33.464600578 0.586188034667 1409489564.3
0.12 0.95219920148 0.0613783911521 33.0739 1.0 0.625375 88.25 33.464600578 0.563602229297 1409489564.73
0.114 0.95743920886 0.056356880945 32.686075 1.0 0.640025 88.25 33.464600578 0.575989379279 1409489565.15
0.096 0.964140089348 0.0392666770413 32.34545 1.0 0.654275 88.25 33.464600578 0.613675400491 1409489565.56
0.106 0.973503537069 0.0377087634172 31.99575 1.0 0.6691 88.25 33.464600578 0.651273923699 1409489565.97
0.112 0.97953145754 0.0361199964594 31.963425 1.0 0.67925 88.25 33.464600578 0.679080654912 1409489566.36
0.102 0.980961476724 0.026356334855 31.571 1.0 0.692825 88.25 33.464600578 0.683642471635 1409489566.76
0.089 0.984017331694 0.0308108547964 31.3208 1.0 0.70545 88.25 33.464600578 0.699689552149 1409489567.14
0.093 0.985276364292 0.03095604661 31.49315 1.0 0.71385 88.25 33.464600578 0.699397163082 1409489567.5
0.1 0.985078098252 0.0337334378376 31.6314 1.0 0.722275 88.25 33.464600578 0.703838217057 1409489567.86
0.098 0.981660285301 0.0230672707807 31.8227 1.0 0.729675 88.25 33.464600578 0.685149413733 1409489568.22
0.079 0.98324583514 0.0225996512389 31.77055 1.0 0.7408 88.25 33.464600578 0.7298346023 1409489568.59
0.066 0.986398573987 0.0214589451222 31.8876 1.0 0.749125 88.25 33.464600578 0.750937492088 1409489568.94
0.064 0.989395318092 0.0266242716519 32.50695 1.0 0.752275 88.25 33.464600578 0.767129797442 1409489569.31
0.082 0.988480657626 0.0281898584675 32.633475 1.0 0.7608 88.25 33.464600578 0.765693940283 1409489569.65
0.089 0.985466001398 0.0278310424171 32.82235 1.0 0.7677 88.25 33.464600578 0.734805839133 1409489570.02
0.091 0.983294464995 0.027612783139 32.813125 1.0 0.77625 88.25 33.464600578 0.685175188369 1409489570.39
0.086 0.983659135636 0.0265099077965 33.1617 1.0 0.7828 88.25 33.464600578 0.674222173351 1409489570.75
0.097 0.984865516611 0.0265642004323 33.44115 1.0 0.7891 88.25 33.464600578 0.692486777834 1409489571.11
0.107 0.985104224537 0.0203805932592 33.693 1.0 0.794 88.25 33.464600578 0.676871965305 1409489571.46
0.101 0.987859247143 0.0184885266366 33.9852 1.0 0.800175 88.25 33.464600578 0.697500292455 1409489571.82
0.099 0.990910704737 0.0313066280614 34.24835 1.0 0.805375 88.25 33.464600578 0.720504499336 1409489572.2
0.087 0.988907823402 0.0401829135107 34.2954 1.0 0.814275 88.25 33.464600578 0.722789035616 1409489572.55
0.094 0.985563591845 0.0431936384638 34.27855 1.0 0.8235 88.25 33.464600578 0.701890029211 1409489572.93
0.101 0.983574328364 0.0455783745199 34.3925 1.0 0.830975 88.25 33.464600578 0.713769422546 1409489573.28
0.075 0.979942010498 0.0522557341537 34.464475 1.0 0.839 88.25 33.464600578 0.707571733543 1409489573.64
0.089 0.97416787964 0.0530772119121 34.4122 1.0 0.84635 88.25 33.464600578 0.703919426117 1409489574.03
0.092 0.966020471492 0.0441831596868 34.755625 1.0 0.852675 88.25 33.464600578 0.675700862628 1409489574.38
0.097 0.96493958987 0.0403307799109 34.834 1.0 0.8625 88.25 33.464600578 0.640614977782 1409489574.75
0.102 0.968592630067 0.0406186070552 35.3525 1.0 0.866 88.25 33.464600578 0.615342138764 1409489575.09
0.088 0.97272996244 0.0459846527418 35.999275 1.0 0.867775 88.25 33.464600578 0.59763327993 1409489575.41
0.099 0.973660990515 0.0445201815179 36.4957 1.0 0.8707 88.25 33.464600578 0.599773537821 1409489575.79
0.086 0.972540523508 0.0328051429415 36.92055 1.0 0.874325 88.25 33.464600578 0.598990066327 1409489576.14
0.088 0.976502872451 0.0225463648632 37.375875 1.0 0.87885 88.25 33.464600578 0.619503072077 1409489576.53
0.093 0.982965862891 0.0165073182456 37.620775 1.0 0.885025 88.25 33.464600578 0.653067176555 1409489576.9
0.077 0.989806146646 0.0155851543289 38.001825 1.0 0.889925 88.25 33.464600578 0.678668877269 1409489577.27
0.105 0.992886254008 0.0161947413673 38.1458 1.0 0.896025 88.25 33.464600578 0.709187271042 1409489577.62
0.08 0.99406391072 0.0191330713582 38.101025 1.0 0.003575 76.625 29.4596008137 0.705425677627 1409489577.97
0.086 0.99197926717 0.018302786383 38.187625 1.0 0.08465 76.625 29.4596008137 0.705850724234 1409489578.46
0.094 0.989344466702 0.0209797272103 38.405175 1.0 0.104 76.625 29.4596008137 0.701109747066 1409489578.83
0.102 0.98756185165 0.026507046779 38.668 1.0 0.117275 76.625 29.4596008137 0.712637964656 1409489579.21
0.098 0.984923155921 0.0235857127198 38.66345 1.0 0.12935 76.625 29.4596008137 0.676709477652 1409489579.59
0.092 0.984802508478 0.0289346895399 38.880675 1.0 0.1385 76.625 29.4596008137 0.683058471817 1409489579.97
0.08 0.983861385984 0.0369100637416 38.83595 1.0 0.1536 76.625 29.4596008137 0.669414903923 1409489580.35
0.083 0.982012461045 0.0399463475394 38.825625 1.0 0.165525 76.625 29.4596008137 0.624860695161 1409489580.73
0.073 0.977670679543 0.0416126270727 38.912325 1.0 0.1767 76.625 29.4596008137 0.621126896801 1409489581.11
0.085 0.974046871228 0.0475326917897 38.077925 1.0 0.1955 76.625 29.4596008137 0.592590493789 1409489581.49
0.106 0.972389949373 0.0436241770211 38.013875 1.0 0.204525 76.625 29.4596008137 0.62278352645 1409489581.84
0.111 0.975382098918 0.0483981436428 38.404125 1.0 0.212975 76.625 29.4596008137 0.633445823002 1409489582.2
0.098 0.97610641368 0.0436556790665 38.6223 1.0 0.225425 76.625 29.4596008137 0.6398436886 1409489582.57
0.115 0.973922556672 0.0407183403198 38.253275 1.0 0.2461 76.625 29.4596008137 0.605000399999 1409489582.97
0.094 0.973783940539 0.0311565836714 38.152675 1.0 0.2599 76.625 29.4596008137 0.645045554616 1409489583.35
0.105 0.977130977112 0.0305300482802 37.97495 1.0 0.279225 76.625 29.4596008137 0.642944587845 1409489583.75
0.089 0.982306918512 0.0286018950856 38.1475 1.0 0.29315 76.625 29.4596008137 0.688285870128 1409489584.15
0.077 0.984906702369 0.0208018756553 38.2867 1.0 0.30555 76.625 29.4596008137 0.700055876812 1409489584.52
0.1 0.987738582904 0.0238762868833 37.944125 1.0 0.3259 76.625 29.4596008137 0.704268537227 1409489584.88
0.093 0.987814654038 0.018509841502 37.833225 1.0 0.341125 76.625 29.4596008137 0.692993940141 1409489585.25
0.094 0.989485969795 0.0246851863892 38.0291 1.0 0.3525 76.625 29.4596008137 0.716293438582 1409489585.61
0.095 0.987662463107 0.0307521406805 37.18525 1.0 0.376675 76.625 29.4596008137 0.689174257521 1409489586.02
0.111 0.983477555672 0.0368963199496 36.576225 1.0 0.3968 76.625 29.4596008137 0.663284279224 1409489586.42
0.103 0.97825126484 0.0286356679022 36.312825 1.0 0.41555 76.625 29.4596008137 0.663688236712 1409489586.83
0.092 0.978753951207 0.0323837790744 36.0168 1.0 0.4321 76.625 29.4596008137 0.643021459725 1409489587.22
0.086 0.980319257255 0.0366060103576 36.01565 1.0 0.445525 76.625 29.4596008137 0.654603091788 1409489587.61
0.11 0.979458823747 0.0368340892645 35.31535 1.0 0.467725 76.625 29.4596008137 0.658268999163 1409489587.98
0.11 0.978620524177 0.0326215430282 34.76945 1.0 0.4885 76.625 29.4596008137 0.673917740694 1409489588.36
0.095 0.978850923863 0.0280669873628 34.632025 1.0 0.50395 76.625 29.4596008137 0.690556038061 1409489588.73
0.091 0.981473975734 0.0324377258699 35.27165 1.0 0.50975 76.625 29.4596008137 0.678091027322 1409489589.1
0.069 0.982009537062 0.0353942114681 35.775725 1.0 0.516625 76.625 29.4596008137 0.689248436203 1409489589.46
0.074 0.98032908649 0.030957286203 36.208675 1.0 0.525525 76.625 29.4596008137 0.687773007991 1409489589.83
0.089 0.979309314834 0.0356215677899 36.437775 1.0 0.536625 76.625 29.4596008137 0.69468168624 1409489590.18
0.079 0.977184435934 0.0402566265105 36.9109 1.0 0.543925 76.625 29.4596008137 0.677125489186 1409489590.54
0.098 0.97533416644 0.0375697748224 37.032675 1.0 0.55355 76.625 29.4596008137 0.665704789512 1409489590.9
0.095 0.97551481308 0.0368752083686 37.546725 1.0 0.558225 76.625 29.4596008137 0.648295838872 1409489591.23
0.078 0.977057092104 0.0341477090396 37.909275 1.0 0.563725 76.625 29.4596008137 0.647076173757 1409489591.58
0.099 0.978763415243 0.0386769067688 38.07295 1.0 0.571825 76.625 29.4596008137 0.630006874193 1409489591.95
0.092 0.978046579779 0.0422681017436 38.24985 1.0 0.57825 76.625 29.4596008137 0.644829496241 1409489592.3
0.094 0.975908099877 0.0477095678049 38.323875 1.0 0.586075 76.625 29.4596008137 0.612317415508 1409489592.64
0.083 0.973875735687 0.0532936549677 38.340825 1.0 0.59415 76.625 29.4596008137 0.610771466802 1409489593.0
0.124 0.968621205109 0.0522052843688 38.46185 1.0 0.599275 76.625 29.4596008137 0.576883929627 1409489593.37
0.099 0.964347434976 0.0480004860316 38.4564 1.0 0.607075 76.625 29.4596008137 0.557953148592 1409489593.74
0.111 0.964038465284 0.0452256200892 38.19665 1.0 0.616625 76.625 29.4596008137 0.56664817021 1409489594.14
0.097 0.967990644898 0.0422130688955 37.84415 1.0 0.62725 76.625 29.4596008137 0.565103143493 1409489594.53
0.104 0.973474996067 0.0487807822569 37.819525 1.0 0.632675 76.625 29.4596008137 0.598716630984 1409489594.9
0.114 0.973921975599 0.047963737316 38.12925 1.0 0.636475 76.625 29.4596008137 0.624442427403 1409489595.29
0.101 0.972173015562 0.0449530720172 38.59365 1.0 0.639275 76.625 29.4596008137 0.621076568507 1409489595.64
0.099 0.970059306338 0.0433385938608 38.447025 1.0 0.649 76.625 29.4596008137 0.598827074227 1409489596.04
0.107 0.970455511129 0.0429243446394 38.3955 1.0 0.658275 76.625 29.4596008137 0.621100305534 1409489596.4
0.099 0.972590098516 0.0431026502486 38.600975 1.0 0.664725 76.625 29.4596008137 0.61728994708 1409489596.76
0.097 0.974324549546 0.0524385946827 38.396325 1.0 0.676825 76.625 29.4596008137 0.599635808576 1409489597.15
0.091 0.971927293333 0.0462895690202 38.363 1.0 0.6876 76.625 29.4596008137 0.593145986881 1409489597.51
0.112 0.970109448001 0.0534767956244 37.4372 1.0 0.706375 76.625 29.4596008137 0.566030169023 1409489597.91
0.123 0.968223177108 0.0558010793385 36.7101 1.0 0.723225 76.625 29.4596008137 0.584525157449 1409489598.32
0.125 0.964259213689 0.0496807103089 36.573125 1.0 0.732625 76.625 29.4596008137 0.550308949732 1409489598.75
0.112 0.964352729012 0.0440262578592 36.807675 1.0 0.739425 76.625 29.4596008137 0.567591849127 1409489599.15
0.095 0.969630054537 0.0388992757783 37.0757 1.0 0.7451 76.625 29.4596008137 0.575382601446 1409489599.54
0.09 0.974700543755 0.0369672134123 37.247325 1.0 0.7518 76.625 29.4596008137 0.613636333089 1409489599.92
0.096 0.978024275378 0.0348776801731 37.615575 1.0 0.755425 76.625 29.4596008137 0.607832646957 1409489600.3
0.112 0.980269709321 0.0341168402953 37.948875 1.0 0.76095 76.625 29.4596008137 0.64616988941 1409489600.65
0.104 0.980684934616 0.0388546373873 38.001775 1.0 0.76895 76.625 29.4596008137 0.680651268125 1409489601.04
0.096 0.977408193348 0.0343772573114 37.468875 1.0 0.78045 76.625 29.4596008137 0.642913112258 1409489601.43
0.117 0.976963651597 0.0358646074154 37.353525 1.0 0.787975 76.625 29.4596008137 0.628425376909 1409489601.83
0.105 0.978010786899 0.040748351311 36.3112 1.0 0.80465 76.625 29.4596008137 0.630450976921 1409489602.26
0.088 0.976480108416 0.0480942745882 36.305 1.0 0.810325 76.625 29.4596008137 0.625130963534 1409489602.65
0.104 0.973500038432 0.0465897808447 35.885675 1.0 0.8171 76.625 29.4596008137 0.620126323514 1409489603.05
0.113 0.970023952108 0.0417210763452 36.111075 1.0 0.820425 76.625 29.4596008137 0.599280987509 1409489603.44
0.099 0.970306392243 0.0394351314146 36.226975 1.0 0.824925 76.625 29.4596008137 0.588466280941 1409489603.83
0.093 0.973228907971 0.0363723880558 35.913775 1.0 0.831175 76.625 29.4596008137 0.597543214418 1409489604.21
0.08 0.977318283767 0.0374011368585 35.8921 1.0 0.8386 76.625 29.4596008137 0.625532491008 1409489604.57
0.092 0.978351017121 0.034256759398 36.1008 1.0 0.8425 76.625 29.4596008137 0.605146522583 1409489604.94
0.094 0.979414821496 0.0308915548371 36.607825 1.0 0.8453 76.625 29.4596008137 0.655822978915 1409489605.32
0.082 0.9802509268 0.0270007921359 36.36695 1.0 0.853325 76.625 29.4596008137 0.628366043713 1409489605.69
0.124 0.982576207936 0.0256305959945 36.7554 1.0 0.8582 76.625 29.4596008137 0.662880813535 1409489606.06
0.102 0.98492632389 0.0263440964586 37.089725 1.0 0.862325 76.625 29.4596008137 0.67007492406 1409489606.42
0.09 0.985454994833 0.0297825288108 37.560275 1.0 0.8645 76.625 29.4596008137 0.671530445316 1409489606.82
0.095 0.98465122233 0.0296558581726 37.879225 1.0 0.86665 76.625 29.4596008137 0.672933211309 1409489607.18
0.092 0.9827444111 0.035763956002 37.877625 1.0 0.8703 76.625 29.4596008137 0.650110319512 1409489607.54
0.091 0.979453843577 0.0410258538142 38.106175 1.0 0.8726 76.625 29.4596008137 0.666354279575 1409489607.91
0.117 0.974217030239 0.0414224433895 38.450625 1.0 0.873725 76.625 29.4596008137 0.639853556374 1409489608.28
0.106 0.971902885968 0.0335188352546 38.692575 1.0 0.8746 76.625 29.4596008137 0.635573708776 1409489608.68
0.112 0.974481908743 0.038848839076 38.7431 1.0 0.8752 76.625 29.4596008137 0.630237729518 1409489609.05
0.117 0.976365113787 0.0407782387725 39.04775 1.0 0.87595 76.625 29.4596008137 0.648340733128 1409489609.43
0.107 0.976664702021 0.0404839138881 39.1995 1.0 0.8765 76.625 29.4596008137 0.637821488397 1409489609.82
0.119 0.974998583422 0.0347682184727 39.467325 1.0 0.876725 76.625 29.4596008137 0.631874264987 1409489610.19
0.106 0.976599489331 0.0313709047567 39.971575 1.0 0.87675 76.625 29.4596008137 0.652860090331 1409489610.53
0.128 0.980431184022 0.0253518395107 40.4697 1.0 0.877325 76.625 29.4596008137 0.676216465178 1409489610.87
0.068 0.98408758128 0.0282978974592 40.942775 1.0 0.87775 76.625 29.4596008137 0.68117005615 1409489611.23
0.071 0.985034094634 0.0254685476451 41.472 1.0 0.8779 76.625 29.4596008137 0.684435016571 1409489611.6
0.1 0.985917299078 0.027134356463 41.936725 1.0 0.8785 76.625 29.4596008137 0.691596989797 1409489611.94
0.103 0.984919312215 0.0274805308833 42.21645 1.0 0.8785 76.625 29.4596008137 0.678999377616 1409489612.28
0.085 0.984091726542 0.0338796507409 42.800775 1.0 0.8785 76.625 29.4596008137 0.695548032171 1409489612.61
0.092 0.980718126352 0.0381966954772 43.45815 1.0 0.8785 76.625 29.4596008137 0.667547943938 1409489612.92
0.074 0.977506682658 0.0377239115464 43.8772 1.0 0.8785 76.625 29.4596008137 0.656423888648 1409489613.29
0.087 0.973904573819 0.0349307278543 44.19185 1.0 0.8785 76.625 29.4596008137 0.611859444879 1409489613.66
0.076 0.973548432302 0.0350994333941 44.8881 1.0 0.8785 76.625 29.4596008137 0.619483509434 1409489613.99
0.091 0.974075509766 0.033558514777 45.40165 1.0 0.8785 76.625 29.4596008137 0.639837545668 1409489614.33
0.106 0.976543521589 0.0349140845556 45.8874 1.0 0.8785 76.625 29.4596008137 0.630642311764 1409489614.67
0.097 0.978318571304 0.0400699531158 45.790775 1.0 0.8785 76.625 29.4596008137 0.660035116964 1409489615.04
0.101 0.977260399028 0.0427225786063 45.632275 1.0 0.8785 76.625 29.4596008137 0.658971056354 1409489615.36
0.101 0.97464162138 0.0387306284541 45.599875 1.0 0.8785 76.625 29.4596008137 0.643531113535 1409489615.7
0.091 0.974248541566 0.0378006992909 45.94685 1.0 0.8785 76.625 29.4596008137 0.648776558439 1409489616.06
0.093 0.974971354938 0.0505597547231 46.446475 1.0 0.8785 76.625 29.4596008137 0.645414599329 1409489616.4
0.091 0.972254092444 0.0416277430728 46.65915 1.0 0.8785 76.625 29.4596008137 0.644067153778 1409489616.78
0.105 0.970642089255 0.0372326581297 47.002 1.0 0.8785 76.625 29.4596008137 0.642279536367 1409489617.15
0.105 0.972553051559 0.0345209669929 47.614825 1.0 0.8785 76.625 29.4596008137 0.639479639933 1409489617.51
0.093 0.976565271491 0.028952061082 48.270375 1.0 0.8785 76.625 29.4596008137 0.641234383672 1409489617.86
0.086 0.981887957706 0.0307898673761 48.694775 1.0 0.8785 76.625 29.4596008137 0.684040877587 1409489618.21
0.087 0.98336893901 0.031962178162 48.970525 1.0 0.8785 76.625 29.4596008137 0.680832978092 1409489618.56
0.073 0.982009489949 0.0298676356121 49.034675 1.0 0.8785 76.625 29.4596008137 0.688339161557 1409489618.9
0.073 0.980690807993 0.0238093694807 48.87395 1.0 0.8785 76.625 29.4596008137 0.645181603894 1409489619.28
0.08 0.983548176201 0.0156892614128 49.204725 1.0 0.8785 76.625 29.4596008137 0.680133988487 1409489619.62
0.093 0.988170377435 0.0182709976042 49.136475 1.0 0.879325 76.625 29.4596008137 0.718366066478 1409489619.97
0.085 0.991061870562 0.0181972052225 49.3126 1.0 0.879975 76.625 29.4596008137 0.724052478722 1409489620.29
0.083 0.992322552993 0.0183747052709 48.9676 1.0 0.88335 76.625 29.4596008137 0.730243941004 1409489620.64
0.097 0.99174049917 0.0192943163603 49.064375 1.0 0.88405 76.625 29.4596008137 0.732654250446 1409489621.01
0.102 0.989733388873 0.0194986770636 49.294925 1.0 0.8843 76.625 29.4596008137 0.72276799611 1409489621.36
0.095 0.988444968836 0.019978326305 49.536925 1.0 0.884475 76.625 29.4596008137 0.722564593205 1409489621.7
0.105 0.98812691853 0.0209477859982 49.277825 1.0 0.88855 76.625 29.4596008137 0.726350087122 1409489622.06
0.094 0.988880902151 0.0228197594395 49.438525 1.0 0.889475 76.625 29.4596008137 0.741254489428 1409489622.43
0.089 0.988231687036 0.0248520139384 49.538225 1.0 0.889525 76.625 29.4596008137 0.722480346657 1409489622.78
0.108 0.986909787973 0.022662412996 49.837825 1.0 0.8905 76.625 29.4596008137 0.706851396134 1409489623.16
0.11 0.98575939275 0.0248352058286 49.57035 1.0 0.892375 76.625 29.4596008137 0.690563936267 1409489623.51
0.101 0.985905922075 0.0280999113878 49.71375 1.0 0.892875 76.625 29.4596008137 0.71717904534 1409489623.86
0.1 0.983809646777 0.0261127327397 49.144775 1.0 0.8963 76.625 29.4596008137 0.681014781845 1409489624.21
0.105 0.982953406258 0.0224577112104 49.37965 1.0 0.897325 76.625 29.4596008137 0.692303743176 1409489624.56
0.103 0.985158744889 0.0238048816914 49.24155 1.0 0.89825 76.625 29.4596008137 0.692967255323 1409489624.92
0.086 0.987030849267 0.0251400827304 49.271125 1.0 0.899275 76.625 29.4596008137 0.699266842113 1409489625.26
0.098 0.98750340891 0.0274775398233 48.8338 1.0 0.05035 102.8125 38.5096274056 0.693102570928 1409489625.72
0.091 0.986764659826 0.0292325245855 48.8246 1.0 0.102975 102.8125 38.5096274056 0.69439967275 1409489626.16
0.102 0.983446231595 0.0274854528135 47.807025 1.0 0.12565 102.8125 38.5096274056 0.69082065385 1409489626.54
0.093 0.981324775907 0.0297726718787 46.812475 1.0 0.14465 102.8125 38.5096274056 0.672028987185 1409489626.89
0.076 0.981468508398 0.0322514857681 46.993725 1.0 0.15135 102.8125 38.5096274056 0.702459531122 1409489627.25
0.097 0.980564626781 0.0339521477772 47.0044 1.0 0.164675 102.8125 38.5096274056 0.696619394044 1409489627.62
0.089 0.979059000366 0.0340422143476 47.118975 1.0 0.174975 102.8125 38.5096274056 0.692245277382 1409489627.98
0.085 0.97816336829 0.0445756406419 46.06425 1.0 0.18855 102.8125 38.5096274056 0.674355211773 1409489628.36
0.102 0.974605281811 0.0596736590864 45.420175 1.0 0.199375 102.8125 38.5096274056 0.697523526543 1409489628.73
0.075 0.965252110221 0.0610767580433 45.6086 1.0 0.204525 102.8125 38.5096274056 0.673786288706 1409489629.1
0.096 0.957436479954 0.0609350046779 44.510175 1.0 0.218875 102.8125 38.5096274056 0.643368232265 1409489629.5
0.1 0.955570314282 0.0596232250899 43.277275 1.0 0.238575 102.8125 38.5096274056 0.597749089362 1409489629.92
0.094 0.958334290686 0.0645951453739 42.937575 1.0 0.25055 102.8125 38.5096274056 0.630433783656 1409489630.3
0.106 0.959139745244 0.0716007512421 41.84815 1.0 0.2695 102.8125 38.5096274056 0.621992637619 1409489630.69
0.095 0.956717792085 0.0687265500351 40.79655 1.0 0.285325 102.8125 38.5096274056 0.603017752587 1409489631.11
0.11 0.95533875582 0.0656553986352 40.552425 1.0 0.29465 102.8125 38.5096274056 0.621574399815 1409489631.52
0.103 0.955734279376 0.0678380529465 40.55805 1.0 0.3059 102.8125 38.5096274056 0.590546501728 1409489631.92
0.094 0.956787050568 0.0681865105766 40.9285 1.0 0.313825 102.8125 38.5096274056 0.626303842108 1409489632.3
0.117 0.956451478265 0.0644153014546 40.96755 1.0 0.323425 102.8125 38.5096274056 0.607144968405 1409489632.69
0.116 0.958295228143 0.0555189149535 41.351825 1.0 0.330725 102.8125 38.5096274056 0.627357304043 1409489633.09
0.108 0.962864708869 0.0507580886081 41.3944 1.0 0.339775 102.8125 38.5096274056 0.632122152408 1409489633.48
0.101 0.968171807403 0.0492787599496 41.652625 1.0 0.349175 102.8125 38.5096274056 0.65669770499 1409489633.87
0.091 0.970974155301 0.0491938346014 41.898425 1.0 0.35565 102.8125 38.5096274056 0.680079277478 1409489634.25
0.092 0.970800162206 0.0437161682792 42.0294 1.0 0.366225 102.8125 38.5096274056 0.676339003056 1409489634.65
0.093 0.971438797233 0.0370973104634 42.320725 1.0 0.373225 102.8125 38.5096274056 0.67793832549 1409489635.03
0.088 0.975306652001 0.0382918064222 42.547075 1.0 0.3795 102.8125 38.5096274056 0.683176854668 1409489635.4
0.078 0.978126350267 0.0398546864626 42.460525 1.0 0.38965 102.8125 38.5096274056 0.677363148013 1409489635.77
0.099 0.977356213362 0.0374435705276 42.00365 1.0 0.40495 102.8125 38.5096274056 0.658644593528 1409489636.15
0.106 0.976709477789 0.0270286982661 41.512125 1.0 0.421825 102.8125 38.5096274056 0.643000222528 1409489636.53
0.107 0.980931104174 0.0233187661454 41.60965 1.0 0.43165 102.8125 38.5096274056 0.682791438825 1409489636.9
0.085 0.986135752039 0.0291337740058 41.477125 1.0 0.44305 102.8125 38.5096274056 0.682848463845 1409489637.29
0.096 0.986797883087 0.0309113897828 40.9195 1.0 0.457475 102.8125 38.5096274056 0.691355368033 1409489637.66
0.096 0.983619437301 0.0288546508005 41.327525 1.0 0.46255 102.8125 38.5096274056 0.693688373304 1409489638.01
0.095 0.98076166692 0.0278102563884 41.340475 1.0 0.472175 102.8125 38.5096274056 0.674334041152 1409489638.36
0.096 0.981780302985 0.0304796370949 41.796725 1.0 0.478875 102.8125 38.5096274056 0.674369505021 1409489638.71
0.104 0.981851403449 0.0271487593392 41.8875 1.0 0.485225 102.8125 38.5096274056 0.673630523395 1409489639.09
0.11 0.98322581772 0.0346213047637 42.19055 1.0 0.4919 102.8125 38.5096274056 0.680218022008 1409489639.47
0.082 0.982774934525 0.0388595044996 42.3823 1.0 0.500725 102.8125 38.5096274056 0.700212973878 1409489639.83
0.098 0.979472350555 0.031581403501 42.62115 1.0 0.5104 102.8125 38.5096274056 0.691162393474 1409489640.21
0.083 0.979721741542 0.026674494597 43.0073 1.0 0.515625 102.8125 38.5096274056 0.698995449119 1409489640.57
0.072 0.98233997549 0.0261593943433 43.66885 1.0 0.51825 102.8125 38.5096274056 0.703510821822 1409489640.93
0.072 0.984750351872 0.025374321664 44.167975 1.0 0.522 102.8125 38.5096274056 0.721111199593 1409489641.3
0.074 0.986475363634 0.0301503171043 44.826375 1.0 0.524725 102.8125 38.5096274056 0.711165215614 1409489641.64
0.081 0.985118169165 0.024248170053 45.310825 1.0 0.528475 102.8125 38.5096274056 0.711010550089 1409489642.02
0.078 0.985125639701 0.0239038424041 44.68025 1.0 0.545375 102.8125 38.5096274056 0.678058403245 1409489642.38
0.095 0.985957327504 0.0252728399585 44.181325 1.0 0.56055 102.8125 38.5096274056 0.678407721635 1409489642.76
0.093 0.985849214408 0.0314534333911 43.54 1.0 0.578275 102.8125 38.5096274056 0.671225636552 1409489643.14
0.094 0.982707054118 0.0328547542764 42.8782 1.0 0.59485 102.8125 38.5096274056 0.673348007086 1409489643.53
0.12 0.97982185641 0.0317250611016 42.50165 1.0 0.609975 102.8125 38.5096274056 0.642964796714 1409489643.91
0.11 0.978620227928 0.0357650414793 42.588975 1.0 0.61955 102.8125 38.5096274056 0.664240728406 1409489644.28
0.091 0.977409327883 0.043067553562 42.771575 1.0 0.6292 102.8125 38.5096274056 0.650487368276 1409489644.65
0.095 0.974687188925 0.0406288877062 43.082775 1.0 0.6357 102.8125 38.5096274056 0.650308547043 1409489645.01
0.096 0.973779789257 0.0430281977793 43.537525 1.0 0.64095 102.8125 38.5096274056 0.64853942522 1409489645.35
0.087 0.972819383011 0.0487683010412 43.87655 1.0 0.647175 102.8125 38.5096274056 0.643159073394 1409489645.7
0.098 0.969837351942 0.0451410766074 43.736775 1.0 0.657225 102.8125 38.5096274056 0.606720750966 1409489646.09
0.077 0.96995698736 0.0413727994123 43.63385 1.0 0.66695 102.8125 38.5096274056 0.596920679086 1409489646.46
0.107 0.973183608951 0.0411337249813 43.840075 1.0 0.674275 102.8125 38.5096274056 0.625981357974 1409489646.8
0.107 0.975560604835 0.0391955307735 44.387875 1.0 0.6769 102.8125 38.5096274056 0.633142105627 1409489647.17
0.078 0.975992717533 0.0429507747704 44.413025 1.0 0.6842 102.8125 38.5096274056 0.621388117616 1409489647.5
