0.0243 0.899685064112 0.071131300491 -136.490256 0.839376 0.839376 0 0 -2.26391925181 1408578357.7
0.05013 0.924524248762 0.0170148870362 -130.908368 0.840256 0.840256 0 0 -0.767636281794 1408578358.2
0.072513 0.86195455839 0.0061988398451 -126.656272 0.84032 0.84032 0 0 -0.33560000817 1408578358.87
0.0864513 0.836608425311 0.00342823524944 -122.88328 0.84032 0.84032 0 0 -0.12903834506 1408578359.64
0.09954513 0.838159524081 0.0031831891859 -120.214048 0.84032 0.84032 0 0 -0.00682444029987 1408578360.4
0.100854513 0.854763674042 0.00260965204935 -117.231728 0.84032 0.84032 0 0 0.00654177184355 1408578361.19
0.0991854513 0.870291064061 0.00361566750718 -114.536112 0.84032 0.84032 0 0 0.0050097227103 1408578361.9
0.08911854513 0.885856930935 0.00248505554562 -112.233472 0.84032 0.84032 0 0 0.0115031447198 1408578362.57
0.083611854513 0.898349213743 0.00085507875673 -110.13688 0.840352 0.840352 0 0 0.0162355536699 1408578363.27
0.0812611854513 0.90941072658 0.00111533842651 -108.077152 0.843216 0.843216 0 0 0.010104780029 1408578363.97
0.0918261185451 0.925166040933 0.00125099840521 -107.0172 0.847088 0.847088 0 0 0.0276505790829 1408578364.63
0.100982611855 0.937659271132 0.002544162755 -106.092816 0.847472 0.847472 0 0 0.0313933701783 1408578365.22
0.0739982611855 0.954025519533 0.00198836573629 -105.174592 0.847472 0.847472 0 0 0.0292742626777 1408578365.79
0.0856998261185 0.964306368747 0.00361937573989 -104.238864 0.847472 0.847472 0 0 0.0321234177784 1408578366.34
0.0607699826119 0.973519898935 0.00322326532274 -103.305872 0.847472 0.847472 0 0 0.0276148696767 1408578366.89
0.0564769982612 0.981382770882 0.0042039875837 -102.388928 0.847472 0.847472 0 0 0.0372522367513 1408578367.4
0.0668476998261 0.986897559889 0.0112383976341 -101.49208 0.847472 0.847472 0 0 0.0438990475582 1408578367.88
0.0606847699826 0.992648907963 0.012046506689 -100.419216 0.847472 0.847472 0 0 -0.014015555927 1408578368.35
0.0564684769983 0.996648073791 0.0114148927794 -98.143424 0.847472 0.847472 0 0 -0.485561388619 1408578368.79
0.0524468476998 0.998280446266 0.0141182311772 -96.695536 0.847472 0.847472 0 0 -0.233375106135 1408578369.23
0.05114468477 0.997741997913 0.0110590844231 -95.311136 0.847472 0.847472 0 0 -0.189765397966 1408578369.66
0.067214468477 0.995527140834 0.0075751213908 -93.888544 0.847472 0.847472 0 0 -0.233196824268 1408578370.11
0.0652214468477 0.995768749106 0.00707472860459 -92.192848 0.847472 0.847472 0 0 -0.223620869526 1408578370.59
0.0677221446848 0.996214612546 0.00810739887234 -90.449648 0.847472 0.847472 0 0 -0.21090166953 1408578371.04
0.0625722144685 0.996531254419 0.00551409621489 -89.173008 0.847472 0.847472 0 0 -0.040917828539 1408578371.51
0.0458572214468 0.997334079154 0.00280816166293 -88.1964 0.847472 0.847472 0 0 0.0250169735548 1408578371.98
0.0441857221447 0.99896002377 0.00237420297065 -87.23408 0.847472 0.847472 0 0 0.0258365653408 1408578372.4
0.0395185722145 0.999613906859 0.00425723203547 -86.292064 0.847472 0.847472 0 0 0.0321002625022 1408578372.83
0.0435518572214 0.999354254087 0.00440459413991 -85.308624 0.847472 0.847472 0 0 0.0236115438927 1408578373.28
0.0439551857221 0.9985856151 0.0054289956804 -84.088688 0.847472 0.847472 0 0 -0.074812699392 1408578373.69
0.0556955185722 0.997889433696 0.0051029485644 -82.84512 0.847472 0.847472 0 0 -0.0748792007459 1408578374.13
0.0496695518572 0.99838817638 0.00412799107313 -81.676272 0.847472 0.847472 0 0 -0.0232850467236 1408578374.56
0.0616669551857 0.999060510857 0.00551580855241 -80.433984 0.847472 0.847472 0 0 -0.0379029966485 1408578374.97
0.0682666955186 0.998623012933 0.00942828750307 -79.34216 0.847472 0.847472 0 0 0.0182860896034 1408578375.42
0.0752266695519 0.997333115812 0.0100196346787 -78.133584 0.847472 0.847472 0 0 -0.0326234540412 1408578375.85
0.0750226669552 0.99552117665 0.00958791495387 -77.180176 0.847472 0.847472 0 0 0.0660961937631 1408578376.32
0.0813022666955 0.994475279572 0.013437234739 -76.208656 0.847472 0.847472 0 0 0.0525476590014 1408578376.76
0.0729302266696 0.99277996859 0.0115992370497 -75.304512 0.847472 0.847472 0 0 0.0476247246977 1408578377.21
0.071193022667 0.992706940937 0.0121250724238 -74.154336 0.847472 0.847472 0 0 -0.0123374404866 1408578377.64
0.0827193022667 0.993308848385 0.0155403119015 -72.874976 0.847472 0.847472 0 0 -0.082083136209 1408578378.05
0.0757719302267 0.992994961044 0.0157522511457 -71.849248 0.847472 0.847472 0 0 0.0299269249645 1408578378.52
0.0678771930227 0.992828713035 0.0148282062492 -70.326832 0.847472 0.847472 0 0 -0.212288250844 1408578378.95
0.0670877193023 0.992030967479 0.0180265095673 -68.92456 0.847472 0.847472 0 0 -0.146105081662 1408578379.4
0.0751087719302 0.98995410305 0.0198723481466 -67.754752 0.847472 0.847472 0 0 -0.045799070674 1408578379.83
0.082210877193 0.988309531437 0.0200101186545 -66.243664 0.847472 0.847472 0 0 -0.16023382213 1408578380.3
0.0721210877193 0.987311936254 0.00798948177641 -65.041328 0.847472 0.847472 0 0 -0.0878594555235 1408578380.78
0.0783121087719 0.989846203023 0.00186401572374 -63.939408 0.847472 0.847472 0 0 -0.0453726018269 1408578381.22
0.0600312108772 0.993331384028 0.0020983054208 -62.710928 0.847472 0.847472 0 0 -0.060574129179 1408578381.63
0.0573031210877 0.995944852459 0.00142079716071 -61.395344 0.847472 0.847472 0 0 -0.127610930749 1408578382.04
0.0570303121088 0.998298083918 0.000844707930615 -59.821776 0.847472 0.847472 0 0 -0.269592032363 1408578382.48
0.0507030312109 0.999593632566 0.000890092546389 -58.721136 0.847472 0.847472 0 0 -0.0265464505741 1408578382.88
0.0374703031211 0.999727254415 0.000161007191854 -57.706512 0.847472 0.847472 0 0 0.0147957310939 1408578383.25
0.0280470303121 0.999623480574 3.71255865741e-05 -56.694848 0.847472 0.847472 0 0 0.0167910192388 1408578383.6
0.0253047030312 0.999521939636 0.000303654862492 -55.72904 0.847472 0.847472 0 0 0.0196325210991 1408578383.99
0.0214304703031 0.999857715729 5.27479749586e-05 -54.756176 0.847472 0.847472 0 0 0.016761663913 1408578384.36
0.0264430470303 0.999917501928 4.12431090193e-05 -53.7936 0.847472 0.847472 0 0 0.0214737198245 1408578384.73
0.031444304703 0.999870006649 0.000443093952081 -52.855888 0.847472 0.847472 0 0 0.0348272019762 1408578385.1
0.0310444304703 0.999781407888 0.00250996230402 -51.938608 0.847472 0.847472 0 0 0.0419456932136 1408578385.48
0.048104443047 0.99947912302 0.0046174102108 -51.02256 0.847472 0.847472 0 0 0.0454884900794 1408578385.86
0.0426104443047 0.998248910226 0.00378627552692 -50.13736 0.847472 0.847472 0 0 0.0500701735624 1408578386.28
0.0411610444305 0.997874467504 0.00372021954467 -49.222096 0.847472 0.847472 0 0 0.0350714095953 1408578386.69
0.035616104443 0.998278520995 0.00357303787817 -48.35704 0.847472 0.847472 0 0 0.0602818537562 1408578387.08
0.0458616104443 0.998199150433 0.00280800729735 -47.547984 0.847472 0.847472 0 0 0.0837658239761 1408578387.47
0.0405861610444 0.998535414423 0.00142727413898 -46.754032 0.847472 0.847472 0 0 0.0972462437558 1408578387.87
0.0463586161044 0.999266228115 0.00144942722712 -45.968368 0.847472 0.847472 0 0 0.112717091498 1408578388.27
0.0379358616104 0.999836967439 0.00123758661527 -45.131632 0.847472 0.847472 0 0 0.0886496541849 1408578388.64
0.033493586161 0.999582880971 0.00116375253359 -44.292384 0.847472 0.847472 0 0 0.0783196292228 1408578389.02
0.0492493586161 0.999629816321 0.00379544490839 -43.473024 0.847472 0.847472 0 0 0.089360181794 1408578389.4
0.0310249358616 0.999167132954 0.00411183286512 -42.604496 0.847472 0.847472 0 0 0.0478795009212 1408578389.77
0.0319024935862 0.997984676482 0.0117348643285 -41.683952 0.847472 0.847472 0 0 0.0292840941917 1408578390.15
0.0391902493586 0.996543927265 0.0318062315571 -40.966464 0.847472 0.847472 0 0 0.0659998775197 1408578390.56
0.0444190249359 0.993785168635 0.0406614760798 -40.502384 0.847472 0.847472 0 0 0.0807576064406 1408578391.0
0.0395419024936 0.989466244174 0.0371420312657 -40.046864 0.847472 0.847472 0 0 0.0770215512469 1408578391.45
0.0480541902494 0.983096146142 0.0172858302831 -39.200256 0.847472 0.847472 0 0 0.037919286751 1408578391.9
0.0561054190249 0.982835894662 0.00741736561619 -38.42736 0.847472 0.847472 0 0 0.0295702168854 1408578392.34
0.0479105419025 0.986782502965 0.00400243755026 -37.812592 0.847472 0.847472 0 0 0.0526963759156 1408578392.75
0.0452910541902 0.991386015954 0.00555088872274 -37.0532 0.847472 0.847472 0 0 0.0400454442891 1408578393.16
0.039629105419 0.995472478331 0.0133737750214 -36.138352 0.847472 0.847472 0 0 0.0275616575084 1408578393.56
0.0408629105419 0.996652354462 0.00986144793706 -35.2988 0.847472 0.847472 0 0 0.0378904439952 1408578393.93
0.0589862910542 0.996992414176 0.0126553746789 -34.496864 0.847472 0.847472 0 0 0.0413595782487 1408578394.33
0.0499986291054 0.996015499129 0.00826623127141 -33.698112 0.847472 0.847472 0 0 0.0540911154231 1408578394.76
0.0571998629105 0.9955215785 0.00330353701795 -32.970272 0.847472 0.847472 0 0 0.0788977936263 1408578395.2
0.0444199862911 0.99637584261 0.00256182482702 -32.306848 0.847472 0.847472 0 0 0.120134584105 1408578395.6
0.0449419986291 0.997964959835 nan -31.53944 0.847472 0.847472 0 0 0.0930688829108 1408578396.06
0.0530941998629 0.998229222841 nan -30.78624 0.847472 0.847472 0 0 0.07795425268 1408578396.46
0.0377094199863 0.997398155958 nan -30.136896 0.847472 0.847472 0 0 0.12161280179 1408578396.85
0.0442709419986 0.996920172907 nan -29.419968 0.847472 0.847472 0 0 0.0770668395192 1408578397.27
0.0539270941999 0.996032403201 nan -28.643328 0.847472 0.847472 0 0 0.0692689900025 1408578397.69
0.04049270942 0.996742659128 nan -27.326128 0.847472 0.847472 0 0 0.01371160784 1408578398.06
0.050849270942 0.997487571444 nan -26.470656 0.847472 0.847472 0 0 0.0813232146591 1408578398.44
0.0572849270942 0.996797570753 nan -25.760976 0.847472 0.847472 0 0 0.113716168103 1408578398.85
0.0408284927094 0.994282555421 nan -24.66288 0.847472 0.847472 0 0 0.0520616934771 1408578399.28
0.0598828492709 0.992778592856 nan -23.963216 0.847472 0.847472 0 0 0.108720455592 1408578399.69
0.0635882849271 0.990303652136 nan -23.376128 0.847472 0.847472 0 0 0.11939696857 1408578400.13
0.0549588284927 0.98704028744 nan -23.077968 0.847472 0.847472 0 0 0.087100032137 1408578400.58
0.0720958828493 0.982314370766 nan -22.157984 0.847472 0.847472 0 0 0.0720873468567 1408578401.04
0.0666095882849 0.983223729023 nan -21.258 0.847584 0.847584 0 0 0.0586187704458 1408578401.45
0.0606609588285 0.986199533388 nan -21.064912 0.85168 0.85168 0 0 0.104777194305 1408578401.94
0.0753660958828 0.989949242836 nan -20.580448 0.853664 0.853664 0 0 0.0902259077825 1408578402.41
0.0624366095883 0.989681473049 nan -19.769664 0.857792 0.857792 0 0 0.0357175459009 1408578402.88
0.0557436609588 0.986540926975 nan -18.952352 0.85976 0.85976 0 0 0.0581532915983 1408578403.33
0.0820743660959 0.981935310243 nan -17.906544 0.859792 0.859792 0 0 0.00558898009853 1408578403.76
0.0730074366096 0.978486966763 nan -17.048016 0.859792 0.859792 0 0 0.0485899613595 1408578404.2
0.058600743661 0.976083057561 nan -15.843136 0.859792 0.859792 0 0 -0.0428868050097 1408578404.65
0.0994600743661 0.974047166327 nan -14.828176 0.859792 0.859792 0 0 0.0199641741014 1408578405.13
0.0702460074366 0.976665561892 nan -14.194304 0.859792 0.859792 0 0 0.115064670215 1408578405.61
0.0754246007437 0.982197916852 nan -13.549632 0.859792 0.859792 0 0 0.138794657583 1408578406.1
0.0579424600744 0.98926700356 nan -12.905968 0.859792 0.859792 0 0 0.152997864046 1408578406.54
0.0516942460074 0.99465609363 nan -12.22992 0.859792 0.859792 0 0 0.14205533334 1408578407.0
0.0537694246007 0.997643688097 nan -11.464208 0.859792 0.859792 0 0 0.0988114877757 1408578407.43
0.0449769424601 0.998054878627 nan -10.681008 0.859792 0.859792 0 0 0.0877226822042 1408578407.85
0.048597694246 0.998207602745 nan -9.853712 0.859792 0.859792 0 0 0.0797974818672 1408578408.26
0.0435597694246 0.998920424832 nan -9.027472 0.859792 0.859792 0 0 0.0701705289738 1408578408.65
0.0475559769425 0.998645102395 nan -8.23624 0.859792 0.859792 0 0 0.0668061446519 1408578409.05
0.0533555976942 0.997002818779 nan -7.412256 0.859792 0.859792 0 0 0.060103524407 1408578409.47
0.0557355597694 0.994356923653 nan -6.591632 0.859792 0.859792 0 0 0.0876810418345 1408578409.92
0.0541735559769 0.994013718649 nan -5.77056 0.859792 0.859792 0 0 0.0820838270984 1408578410.37
0.0513173555977 0.995035626632 nan -4.977248 0.859792 0.859792 0 0 0.0779458814014 1408578410.81
0.0555317355598 0.996359784133 nan -4.128992 0.859792 0.859792 0 0 0.0562453731251 1408578411.24
0.054153173556 0.995830642124 nan -3.173056 0.859792 0.859792 0 0 0.0293432836916 1408578411.64
0.0549153173556 0.99450814289 nan -2.228672 0.859792 0.859792 0 0 0.0323975995882 1408578412.05
0.0504915317356 0.993208571922 nan -1.433264 0.859792 0.859792 0 0 0.0669816712537 1408578412.47
0.0527491531736 0.990223356886 nan -0.723104 0.859792 0.859792 0 0 0.0950102391475 1408578412.91
0.0655749153174 0.990428213833 nan 0.107136 0.859792 0.859792 0 0 0.0685423150733 1408578413.35
0.0551574915317 0.992952474858 nan 0.901088 0.859792 0.859792 0 0 0.088777004229 1408578413.81
0.0649157491532 0.993889662846 nan 1.687024 0.859792 0.859792 0 0 0.0956319169145 1408578414.27
0.0613915749153 0.995534533896 nan 2.264368 0.859792 0.859792 0 0 0.161082165607 1408578414.72
0.0520391574915 0.996109753205 nan 3.039968 0.859792 0.859792 0 0 0.0836556162206 1408578415.16
0.0538039157492 0.995586758732 nan 3.846256 0.859792 0.859792 0 0 0.0638848951492 1408578415.61
0.0602803915749 0.994035004203 nan 4.710208 0.859792 0.859792 0 0 0.0437139839629 1408578416.04
0.0618280391575 0.993627594207 nan 5.55488 0.859792 0.859792 0 0 0.042735197381 1408578416.46
0.0430828039157 0.995225957746 nan 6.352608 0.859792 0.859792 0 0 0.0573061643126 1408578416.86
0.0601082803916 0.997129595784 nan 7.099216 0.859792 0.859792 0 0 0.0789156101667 1408578417.27
0.0537108280392 0.997235482836 nan 7.724032 0.859792 0.859792 0 0 0.144515085685 1408578417.66
0.0386710828039 0.996922569742 nan 8.513424 0.859792 0.859792 0 0 0.0996805092852 1408578418.06
0.0443671082804 0.995483229558 nan 9.292512 0.859792 0.859792 0 0 0.104443958698 1408578418.45
0.046736710828 0.994722732036 nan 10.014224 0.859792 0.859792 0 0 0.128092953298 1408578418.86
0.0442736710828 0.993654215188 nan 10.658784 0.859792 0.859792 0 0 0.129389107751 1408578419.28
0.0602273671083 0.990659575362 nan 11.378864 0.859792 0.859792 0 0 0.102233369801 1408578419.72
0.0600227367108 0.989076831843 nan 12.18808 0.859792 0.859792 0 0 0.0676728690696 1408578420.17
0.0528022736711 0.989877062329 nan 13.025504 0.859792 0.859792 0 0 0.0602198590073 1408578420.61
0.0484802273671 0.992362956503 nan 13.861728 0.859792 0.859792 0 0 0.0644572941276 1408578421.04
0.0471480227367 0.995456464864 nan 14.73336 0.859792 0.859792 0 0 0.0522992054213 1408578421.45
0.0443148022737 0.997400156816 nan 15.554752 0.859792 0.859792 0 0 0.0743171672968 1408578421.85
0.0368314802274 0.998929067536 nan 16.433888 0.859792 0.859792 0 0 0.0593738437372 1408578422.25
0.0396831480227 0.999530594973 nan 17.256816 0.859792 0.859792 0 0 0.0825622649416 1408578422.64
0.0363683148023 0.999480044886 nan 18.104048 0.859792 0.859792 0 0 0.0627371915356 1408578423.05
0.0369368314802 0.99931015605 nan 19.00208 0.859792 0.859792 0 0 0.0402466015042 1408578423.43
0.030693683148 0.998951939734 nan 19.8784 0.859792 0.859792 0 0 0.0434007319707 1408578423.8
0.0480693683148 0.998504331768 nan 20.670816 0.859792 0.859792 0 0 0.068412427729 1408578424.18
0.0336069368315 0.997665236833 nan 21.381968 0.859792 0.859792 0 0 0.10827399551 1408578424.56
0.0366606936831 0.996481843722 nan 21.955072 0.859792 0.859792 0 0 0.142659634911 1408578424.94
0.0450660693683 0.994497363895 nan 22.482672 0.859792 0.859792 0 0 0.150201622598 1408578425.33
0.0522066069368 0.990081763097 nan 23.079104 0.859792 0.859792 0 0 0.110229567631 1408578425.76
0.0520206606937 0.986758735227 nan 23.670928 0.859792 0.859792 0 0 0.0414848139976 1408578426.2
0.0583020660694 0.983527645568 nan 23.9964 0.859792 0.859792 0 0 0.00383079283734 1408578426.62
0.0643302066069 0.978327429227 nan 24.465632 0.859792 0.859792 0 0 0.0624859357796 1408578427.11
0.0838330206607 0.978426487055 nan 25.482128 0.859792 0.859792 0 0 -0.0311361447576 1408578427.56
0.0623833020661 0.981856355054 nan 26.562608 0.859792 0.859792 0 0 -0.0206355160297 1408578428.04
0.0710383302066 0.985573875289 nan 27.881328 0.859792 0.859792 0 0 -0.0365452942175 1408578428.55
0.0746038330207 0.989091087977 nan 28.795968 0.85984 0.85984 0 0 0.0887553194038 1408578429.03
0.0596603833021 0.988582585304 nan 29.442832 0.85984 0.85984 0 0 0.202215985411 1408578429.52
0.0806660383302 0.984877258501 nan 29.635904 0.85984 0.85984 0 0 0.241901804523 1408578430.01
0.080066603833 0.97962153136 nan 29.611712 0.85984 0.85984 0 0 0.21621285325 1408578430.52
0.0953066603833 0.972347232624 nan 29.658176 0.85984 0.85984 0 0 0.210231722248 1408578431.08
0.110330666038 0.966101714325 nan 29.848896 0.85984 0.85984 0 0 0.179547259386 1408578431.64
0.118133066604 0.965260648496 nan 29.975632 0.85984 0.85984 0 0 0.191498017361 1408578432.22
0.11711330666 0.966067050954 nan 30.035536 0.861552 0.861552 0 0 0.195240542675 1408578432.78
0.106211330666 0.966137823406 nan 29.673952 0.865888 0.865888 0 0 0.264003955048 1408578433.33
0.0889211330666 0.968363975934 nan 29.146832 0.870992 0.870992 0 0 0.207612458261 1408578433.91
0.114192113307 0.970363939158 nan 28.743744 0.874848 0.874848 0 0 0.268940050349 1408578434.46
0.101419211331 0.973194786421 nan 28.947456 0.874848 0.874848 0 0 0.20936563524 1408578435.01
0.0884419211331 0.974405482854 nan 29.250208 0.874848 0.874848 0 0 0.174252354928 1408578435.48
0.107844192113 0.974979689318 nan 29.70752 0.874848 0.874848 0 0 0.107204489821 1408578436.0
0.121484419211 0.975294819862 nan 30.11056 0.874848 0.874848 0 0 0.158759560473 1408578436.54
0.110248441921 0.97457161808 nan 30.569232 0.874848 0.874848 0 0 0.130268519535 1408578437.09
0.105524844192 0.972741529052 nan 28.87088 0.886128 0.886128 0 0 0.441060088572 1408578437.73
0.0960524844192 0.973298206709 nan 27.22296 0.898704 0.898704 0 0 0.289451982955 1408578438.34
0.0960052484419 0.971693977831 nan 27.324624 0.901808 0.071728 178 137.203671932 0.0868589144388 1408578439.17
0.0933005248442 0.971148120379 nan 26.553648 0.910032 0.116032 178 137.203671932 0.198285863846 1408578439.86
0.0939300524844 0.973342559033 nan 26.530672 0.913392 0.139296 178 137.203671932 0.102779357172 1408578440.45
0.106593005248 0.979041455617 nan 26.180704 0.919056 0.159824 178 137.203671932 0.18766886933 1408578441.05
0.0772593005248 0.986590313142 nan 26.528656 0.92064 0.174016 178 137.203671932 0.098543468574 1408578441.58
0.0878259300525 0.991930870882 nan 27.047152 0.921424 0.183664 178 137.203671932 0.123423956667 1408578442.06
0.0780825930052 0.994818465072 nan 27.075728 0.925008 0.194048 178 137.203671932 0.212872715285 1408578442.53
0.0645082593005 0.994078968514 nan 27.34168 0.926592 0.204624 178 137.203671932 0.19337159159 1408578442.99
0.0640508259301 0.99104665867 nan 27.619296 0.927312 0.217936 178 137.203671932 0.180484552779 1408578443.46
0.080205082593 0.986754852093 nan 27.745936 0.927312 0.235456 178 137.203671932 0.205822807191 1408578443.96
0.0611205082593 0.98071546795 nan 28.168576 0.927312 0.248528 178 137.203671932 0.121236023599 1408578444.45
0.0790120508259 0.978408734581 nan 28.52952 0.927312 0.25832 178 137.203671932 0.113212687456 1408578444.93
0.0691012050826 0.980535875529 nan 28.684624 0.927312 0.27312 178 137.203671932 0.180915960126 1408578445.39
0.0636101205083 0.983187763152 nan 28.981696 0.927312 0.287552 178 137.203671932 0.189987524903 1408578445.88
0.0657610120508 0.983755589523 nan 29.507184 0.927312 0.298576 178 137.203671932 0.163367240114 1408578446.38
0.0830761012051 0.98017437714 nan 30.025184 0.927312 0.30968 178 137.203671932 0.178559463667 1408578446.88
0.0938076101205 0.977320002763 nan 30.32736 0.927312 0.326288 178 137.203671932 0.208757922706 1408578447.39
0.0867807610121 0.977808708127 nan 30.63032 0.927312 0.341664 178 137.203671932 0.213086420469 1408578447.93
0.0716780761012 0.982924850759 nan 30.874032 0.927536 0.3556 178 137.203671932 0.156614200851 1408578448.45
0.0800678076101 0.989501709581 nan 31.43328 0.927632 0.363088 178 137.203671932 0.128632554135 1408578448.93
0.057506780761 0.994677331969 nan 32.089808 0.928032 0.369936 178 137.203671932 0.0985040410787 1408578449.41
0.0480506780761 0.997016191601 nan 32.083984 0.930848 0.381408 178 137.203671932 0.245187878623 1408578449.87
0.0615050678076 0.997350197987 nan 32.612352 0.931952 0.385856 178 137.203671932 0.156583284052 1408578450.32
0.0466505067808 0.997825990256 nan 32.897888 0.933488 0.394304 178 137.203671932 0.245861849433 1408578450.75
0.0568650506781 0.996033729191 nan 33.51312 0.93352 0.400784 178 137.203671932 0.137298181547 1408578451.19
0.0578865050678 0.991843198535 nan 34.087888 0.93352 0.40744 178 137.203671932 0.175460506279 1408578451.65
0.0642886505068 0.989499931396 nan 34.634224 0.93352 0.415488 178 137.203671932 0.174083244222 1408578452.13
0.0667288650507 0.991635298238 nan 35.2064 0.93352 0.421296 178 137.203671932 0.165255449348 1408578452.6
0.0606728865051 0.994335955636 nan 35.715104 0.93352 0.430304 178 137.203671932 0.195937152738 1408578453.08
0.0897672886505 0.993355971249 nan 36.072336 0.93352 0.439296 178 137.203671932 0.241094777361 1408578453.57
0.0908767288651 0.989128757218 nan 36.194304 0.93352 0.45176 178 137.203671932 0.296706802956 1408578454.07
0.0720876728865 0.987489229561 nan 36.873088 0.93352 0.461232 178 137.203671932 0.121521040141 1408578454.55
0.0801087672887 0.988562146968 nan 37.127088 0.93352 0.470496 178 137.203671932 0.279255097838 1408578455.03
0.0638108767289 0.989761130112 nan 37.158832 0.93352 0.4832 178 137.203671932 0.303554948285 1408578455.52
0.0855810876729 0.987885155984 nan 36.87728 0.93352 0.50136 178 137.203671932 0.358054216848 1408578456.04
0.0895581087673 0.983132815077 nan 37.058656 0.93352 0.513408 178 137.203671932 0.252007919859 1408578456.57
0.0863558108767 0.983646340631 nan 36.927232 0.93352 0.532032 178 137.203671932 0.404355444497 1408578457.12
0.0797355810877 0.985378734934 nan 36.892448 0.933632 0.542272 178 137.203671932 0.375186982588 1408578457.66
0.0772735581088 0.986706726386 nan 37.117744 0.933632 0.549184 178 137.203671932 0.286042859148 1408578458.17
0.0941273558109 0.990161818484 nan 37.244544 0.933632 0.55736 178 137.203671932 0.318046407238 1408578458.64
0.0814127355811 0.992026243094 nan 37.340416 0.933632 0.567008 178 137.203671932 0.34216045638 1408578459.14
0.0765412735581 0.991516941418 nan 37.292464 0.933632 0.577648 178 137.203671932 0.378802930747 1408578459.63
0.0904541273558 0.988946429358 nan 36.984928 0.933632 0.590288 178 137.203671932 0.3588445184 1408578460.13
0.0900454127356 0.985053136877 nan 37.008704 0.933632 0.603792 178 137.203671932 0.256170282796 1408578460.65
0.109804541274 0.978431411888 nan 37.040336 0.933632 0.619264 178 137.203671932 0.22993764498 1408578461.21
0.110880454127 0.9731951359 nan 36.318816 0.933632 0.64248 178 137.203671932 0.306255960186 1408578461.84
0.118188045413 0.967271018031 nan 35.97512 0.934128 0.663664 178 137.203671932 0.25153188699 1408578462.47
0.113518804541 0.960412916649 nan 35.480256 0.936064 0.683424 178 137.203671932 0.218127364167 1408578463.08
0.115751880454 0.954017679186 nan 34.82888 0.938368 0.704672 178 137.203671932 0.238826342068 1408578463.68
0.118675188045 0.949442571427 nan 33.981712 0.9412 0.725968 178 137.203671932 0.253549903763 1408578464.35
0.103667518805 0.952887674472 nan 32.822384 0.945504 0.745152 178 137.203671932 0.275478014224 1408578465.0
0.13276675188 0.955028452273 nan 33.107136 0.945728 0.752224 178 137.203671932 0.151420581998 1408578465.54
0.116776675188 0.958925060959 nan 32.603808 0.948384 0.762704 178 137.203671932 0.216355308295 1408578466.1
0.114277667519 0.96598445173 nan 31.933216 0.951776 0.776528 178 137.203671932 0.206662589164 1408578466.65
0.105927766752 0.97106912817 nan 29.866128 0.96096 0.799696 178 137.203671932 0.306869648287 1408578467.3
0.0987927766752 0.973880954859 nan 29.42704 0.962672 0.816752 178 137.203671932 0.134737391148 1408578467.88
0.0989792776675 0.973889702943 nan 28.767744 0.965184 0.827808 178 137.203671932 0.164334376841 1408578468.43
0.0863979277668 0.973877487223 nan 27.53872 0.968704 0.84544 178 137.203671932 0.204394791924 1408578468.97
0.0968397927767 0.975912994906 nan 26.428032 0.974576 0.857184 178 137.203671932 0.309651837123 1408578469.51
0.0942839792777 0.978703989543 nan 26.292288 0.97576 0.85888 178 137.203671932 0.16591102178 1408578469.97
0.0850283979278 0.984331425783 nan 26.663136 0.976176 0.860096 178 137.203671932 0.134521803504 1408578470.41
0.0751028397928 0.984593568279 nan 26.270272 0.977952 0.86728 178 137.203671932 0.329876660601 1408578470.9
0.0813102839793 0.981060081365 nan 25.834912 0.98056 0.873968 178 137.203671932 0.393767798655 1408578471.41
0.0711310283979 0.980806096677 nan 24.973696 0.98456 0.883504 178 137.203671932 0.523301846405 1408578471.9
0.0872131028398 0.982324500312 nan 23.69264 0.990496 0.894864 178 137.203671932 0.664040249513 1408578472.39
0.083421310284 0.982463336094 nan 22.493552 0.994656 0.03944 121.5 85.6721760035 0.577346692769 1408578473.05
0.0704421310284 0.981210563316 nan 22.689856 0.99592 0.085408 121.5 85.6721760035 0.232964928975 1408578473.67
0.0970442131028 0.980894954228 nan 22.386496 0.997344 0.111248 121.5 85.6721760035 0.397296989902 1408578474.23
0.0862044213103 0.982155063537 nan 22.219088 0.998672 0.1332 121.5 85.6721760035 0.386355599886 1408578474.79
0.094120442131 0.986470634068 nan 22.426048 0.999376 0.149472 121.5 85.6721760035 0.275605704418 1408578475.33
0.0850120442131 0.986618309237 nan 22.6544 0.999952 0.167824 121.5 85.6721760035 0.255962802542 1408578475.85
0.0742012044213 0.985159668949 nan 22.942352 1.0 0.19288 121.5 85.6721760035 0.248719573669 1408578476.41
