0.0801 0.899685064112 0.0275071378001 -212.441312 1.0 0.347728 39.625 720.5740017 -13.1898330198 1408580265.98
0.14301 0.931057049418 0.00544916212474 -202.150928 1.0 0.372816 39.625 720.5740017 -2.21636292572 1408580268.05
0.184401 0.873481349546 0.0013456065736 -193.761632 1.0 0.389408 39.625 720.5740017 -1.06609393948 1408580271.48
0.1849401 0.834303248921 0.000616026371521 -187.113488 1.0 0.405888 39.625 720.5740017 -0.659960241723 1408580276.1
0.21379401 0.815279763612 0.000645250342782 -180.553744 1.0 0.424128 39.625 720.5740017 -0.77001555426 1408580281.07
0.253579401 0.808909478219 0.000630745446181 -173.99784 1.0 0.444016 39.625 720.5740017 -0.668218734776 1408580286.05
0.2854579401 0.81257751696 0.00112872248558 -169.454928 1.0 0.45376 39.625 720.5740017 -0.337860231052 1408580291.03
0.28144579401 0.819469879014 0.00152873841503 -167.129392 1.0 0.457744 39.625 720.5740017 -0.118667222124 1408580295.86
0.237844579401 0.829406410187 0.001356878703 -164.588208 1.0 0.463568 39.625 720.5740017 -0.171121126664 1408580300.7
0.28478445794 0.8401606942 0.000975685480959 -161.607536 1.0 0.469936 39.625 720.5740017 -0.281199659684 1408580305.51
0.261578445794 0.851899610439 0.000981643642641 -157.611792 1.0 0.481232 39.625 720.5740017 -0.285392100433 1408580310.2
0.249357844579 0.864203522727 0.00164862095647 -156.53312 1.0 0.481232 39.625 720.5740017 -0.00964640232386 1408580314.55
0.258935784458 0.875329229991 0.00197555838224 -155.287648 1.0 0.481232 39.625 720.5740017 -0.0922277371445 1408580318.83
0.248193578446 0.888161221913 0.00276631438531 -154.438096 1.0 0.481232 39.625 720.5740017 0.0880670251813 1408580323.0
0.228219357845 0.898492383929 0.00328159290419 -153.6616 1.0 0.481232 39.625 720.5740017 0.0913313422725 1408580326.89
0.203721935784 0.907760997418 nan -152.893008 1.0 0.481232 39.625 720.5740017 0.0970797002852 1408580330.8
0.239972193578 0.91455669538 nan -152.016064 1.0 0.481232 39.625 720.5740017 0.0533309597151 1408580334.61
0.240897219358 0.921658407841 nan -150.278064 1.0 0.481904 39.625 720.5740017 -0.347111755435 1408580338.18
0.212189721936 0.929126549924 nan -148.31432 1.0 0.484048 39.625 720.5740017 -0.312190169206 1408580341.69
0.221018972194 0.936438155605 nan -146.278448 1.0 0.487584 39.625 720.5740017 -0.282728997227 1408580344.96
0.190401897219 0.941867725016 nan -145.497728 1.0 0.487584 39.625 720.5740017 0.0880264467238 1408580348.06
0.203540189722 0.944596617911 nan -144.7092 1.0 0.487584 39.625 720.5740017 0.0886075312982 1408580351.09
0.221054018972 0.947043745991 nan -143.537712 1.0 0.487584 39.625 720.5740017 -0.0637100206438 1408580354.23
0.229105401897 0.948778139652 nan -142.328336 1.0 0.487584 39.625 720.5740017 -0.0585424001491 1408580357.32
0.22271054019 0.951468443457 nan -140.75864 1.0 0.48784 39.625 720.5740017 -0.169193523612 1408580360.44
0.216671054019 0.954138854599 nan -139.719088 1.0 0.487968 39.625 720.5740017 0.0450202932175 1408580363.43
0.209767105402 0.956753040837 nan -138.748128 1.0 0.488544 39.625 720.5740017 0.0741344897553 1408580366.3
0.20277671054 0.957733535019 nan -138.009952 1.0 0.488704 39.625 720.5740017 0.0825774382562 1408580369.03
0.224577671054 0.959039866719 nan -137.299472 1.0 0.488704 39.625 720.5740017 0.0886640492607 1408580371.81
0.218657767105 0.96169148335 nan -136.540112 1.0 0.488704 39.625 720.5740017 0.0849905199457 1408580374.7
0.218965776711 0.963950217392 nan -135.854512 1.0 0.488704 39.625 720.5740017 0.0881072558935 1408580377.44
0.198296577671 0.965655323047 nan -135.081216 1.0 0.488704 39.625 720.5740017 0.0788817683178 1408580380.19
0.164729657767 0.966079235403 nan -134.337696 1.0 0.488704 39.625 720.5740017 0.0804434069669 1408580382.88
0.214472965777 0.965697132755 nan -133.55632 1.0 0.488704 39.625 720.5740017 0.0785216455062 1408580385.61
0.185247296578 0.965931880507 nan -132.758416 1.0 0.488704 39.625 720.5740017 0.0776401904969 1408580388.29
0.204824729658 0.965991700079 nan -131.98392 1.0 0.488704 39.625 720.5740017 0.0861972844995 1408580390.86
0.212182472966 0.965524346848 nan -131.280176 1.0 0.488704 39.625 720.5740017 0.0969877110183 1408580393.53
0.202118247297 0.965341619068 nan -130.685968 1.0 0.488704 39.625 720.5740017 0.110313177004 1408580396.2
0.23711182473 0.964808223341 nan -130.075568 1.0 0.488704 39.625 720.5740017 0.0921862313997 1408580398.93
0.224411182473 0.96507562857 nan -129.350304 1.0 0.489328 39.625 720.5740017 0.0929117454884 1408580401.65
0.248341118247 0.965679683498 nan -128.126832 1.0 0.493216 39.625 720.5740017 0.0745301437473 1408580404.37
0.261534111825 0.966503052656 nan -126.689376 1.0 0.499872 39.625 720.5740017 0.033280923479 1408580407.15
0.279953411182 0.966749002086 nan -125.77016 1.0 0.503456 39.625 720.5740017 0.152161889525 1408580409.85
0.252095341118 0.967967713485 nan -123.440464 1.0 0.511776 39.625 720.5740017 -0.0388107040802 1408580412.68
0.260109534112 0.968300448221 nan -121.778096 1.0 0.515536 39.625 720.5740017 -0.0580633782457 1408580415.43
0.240210953411 0.970286286102 nan -120.47424 1.0 0.519264 39.625 720.5740017 0.0955224170743 1408580418.07
0.239121095341 0.972908668366 nan -119.153088 1.0 0.522896 39.625 720.5740017 0.0953945858067 1408580420.57
0.221912109534 0.975274985097 nan -118.574192 1.0 0.523008 39.625 720.5740017 0.112551308398 1408580423.02
0.237291210953 0.976868704434 nan -117.5688 1.0 0.524912 39.625 720.5740017 0.0696849790238 1408580425.54
0.251429121095 0.978337921065 nan -116.405872 1.0 0.525152 39.625 720.5740017 -0.109624486227 1408580428.07
0.24114291211 0.97929499273 nan -115.554848 1.0 0.526512 39.625 720.5740017 0.0992414586737 1408580430.59
0.227514291211 0.980076407061 nan -113.775536 1.0 0.532752 39.625 720.5740017 0.0604839041628 1408580433.14
0.233351429121 0.97934379773 nan -112.228576 1.0 0.537344 39.625 720.5740017 0.0784897923405 1408580435.68
0.225835142912 0.978526659021 nan -110.152096 1.0 0.54216 39.625 720.5740017 0.0683558125733 1408580438.13
0.244883514291 0.977236430775 nan -108.732944 1.0 0.54256 39.625 720.5740017 0.103979814714 1408580440.58
0.226088351429 0.976318894181 nan -107.074192 1.0 0.548688 39.625 720.5740017 0.0397269351449 1408580443.1
0.240408835143 0.977893099961 nan -106.403808 1.0 0.548688 39.625 720.5740017 0.109606925448 1408580445.7
0.216640883514 0.980621931804 nan -105.649984 1.0 0.549168 39.625 720.5740017 0.111404585802 1408580448.18
0.229564088351 0.982381143713 nan -104.16 1.0 0.553728 39.625 720.5740017 0.0726102705512 1408580450.53
0.238056408835 0.98278604547 nan -102.467376 1.0 0.55976 39.625 720.5740017 0.0850971595734 1408580452.91
0.222705640884 0.983143653844 nan -101.735456 1.0 0.560144 39.625 720.5740017 0.105633898578 1408580455.29
0.214870564088 0.983272249773 nan -100.465584 1.0 0.563552 39.625 720.5740017 0.0930494900729 1408580457.7
0.217687056409 0.984203684752 nan -99.504 1.0 0.56552 39.625 720.5740017 0.108977557123 1408580460.06
0.191868705641 0.984842843222 nan -98.166608 1.0 0.56936 39.625 720.5740017 0.0878389743484 1408580462.39
0.198286870564 0.985181885489 nan -96.86776 1.0 0.572944 39.625 720.5740017 0.0554173195662 1408580464.76
0.206128687056 0.985007515797 nan -95.51128 1.0 0.577104 39.625 720.5740017 0.0534137650338 1408580467.1
0.210512868706 0.98596234271 nan -93.59224 1.0 0.584176 39.625 720.5740017 0.0104097217418 1408580469.47
0.217251286871 0.987518982951 nan -91.566032 1.0 0.59216 39.625 720.5740017 -0.00607149384059 1408580471.85
0.217025128687 0.988865077587 nan -89.932704 1.0 0.597472 39.625 720.5740017 -0.085574380308 1408580474.16
0.203502512869 0.989683072064 nan -88.50616 1.0 0.601248 39.625 720.5740017 -0.0868619256502 1408580476.45
0.198550251287 0.990227473094 nan -87.055696 1.0 0.605184 39.625 720.5740017 -0.192200730207 1408580478.78
0.174655025129 0.990018530738 nan -85.584048 1.0 0.608272 39.625 720.5740017 -0.277184535582 1408580481.11
0.194765502513 0.990285379557 nan -84.357392 1.0 0.608544 39.625 720.5740017 -0.0872807312172 1408580483.36
0.189576550251 0.990704881204 nan -82.161104 1.0 0.611632 39.625 720.5740017 -0.525981561207 1408580485.58
0.181857655025 0.991682996565 nan -80.106448 1.0 0.616512 39.625 720.5740017 -0.261826454193 1408580487.8
0.233285765503 0.992310789582 nan -77.704688 1.0 0.622736 39.625 720.5740017 -0.35343427542 1408580490.09
0.23932857655 0.991685022075 nan -76.18528 1.0 0.62392 39.625 720.5740017 0.0069921634818 1408580492.34
0.235432857655 0.99120858685 nan -75.568288 1.0 0.623936 39.625 720.5740017 0.15986556015 1408580494.61
0.228743285766 0.990295794185 nan -74.832016 1.0 0.623936 39.625 720.5740017 0.082630020798 1408580497.06
0.249674328577 0.98984012451 nan -73.967328 1.0 0.62456 39.625 720.5740017 -0.0288975577021 1408580499.44
0.257167432858 0.98962587028 nan -73.222032 1.0 0.624848 39.625 720.5740017 0.0423102819073 1408580501.87
0.229116743286 0.989528406518 nan -72.829632 1.0 0.624848 39.625 720.5740017 0.131253248266 1408580504.29
0.253311674329 0.989638299285 nan -71.637216 1.0 0.627872 39.625 720.5740017 0.00448653254034 1408580506.63
0.202631167433 0.990449060746 nan -70.191296 1.0 0.632544 39.625 720.5740017 0.0636977003553 1408580509.01
0.199363116743 0.991759751778 nan -68.997696 1.0 0.635904 39.625 720.5740017 0.0446176431951 1408580511.38
0.199936311674 0.992723155469 nan -68.418016 1.0 0.635968 39.625 720.5740017 0.125307604768 1408580513.69
0.222493631167 0.993502907889 nan -67.79112 1.0 0.636 39.625 720.5740017 0.129958005814 1408580516.0
0.205849363117 0.993844865002 nan -67.346288 1.0 0.63632 39.625 720.5740017 0.130722040237 1408580518.35
0.187984936312 0.993555750763 nan -66.768528 1.0 0.636432 39.625 720.5740017 0.128370106923 1408580520.58
0.190698493631 0.99350092018 nan -66.177136 1.0 0.637056 39.625 720.5740017 0.154594894244 1408580522.84
0.212569849363 0.993498250248 nan -65.047696 1.0 0.641056 39.625 720.5740017 0.0175372543106 1408580525.11
0.217456984936 0.993802715148 nan -64.254112 1.0 0.642304 39.625 720.5740017 0.0163555343313 1408580527.39
0.204445698494 0.994533089145 nan -63.568784 1.0 0.643296 39.625 720.5740017 0.0231227961268 1408580529.63
0.205844569849 0.99511459943 nan -62.800896 1.0 0.643296 39.625 720.5740017 0.0671009127566 1408580531.83
0.208684456985 0.995329764343 nan -62.0864 1.0 0.643296 39.625 720.5740017 0.0674160947427 1408580533.96
0.208068445698 0.9953478147 nan -61.369584 1.0 0.643296 39.625 720.5740017 0.025570256365 1408580536.16
0.20440684457 0.994682883549 nan -60.984384 1.0 0.643312 39.625 720.5740017 0.154851964847 1408580538.36
0.230140684457 0.993719350139 nan -59.728464 1.0 0.649168 39.625 720.5740017 0.0298357317103 1408580540.64
0.223714068446 0.992988952019 nan -58.03968 1.0 0.655536 39.625 720.5740017 -0.131820202476 1408580542.9
0.214971406845 0.992165706455 nan -56.720704 1.0 0.660528 39.625 720.5740017 0.00260809793673 1408580545.22
0.223997140684 0.991748409735 nan -55.43928 1.0 0.664896 39.625 720.5740017 0.0811101610854 1408580547.56
0.235699714068 0.991590562063 nan -53.822512 1.0 0.671776 39.625 720.5740017 0.00862198043344 1408580549.93
0.247669971407 0.991993026866 nan -52.896992 1.0 0.674752 39.625 720.5740017 -0.0203726067721 1408580552.25
0.251566997141 0.9918769233 nan -52.579424 1.0 0.675088 39.625 720.5740017 0.0341306055047 1408580554.53
0.246556699714 0.991604986525 nan -51.899104 1.0 0.676576 39.625 720.5740017 0.091196752557 1408580556.76
0.220855669971 0.992084669421 nan -51.294864 1.0 0.676576 39.625 720.5740017 0.120378832327 1408580558.98
0.220085566997 0.992455869452 nan -50.773792 1.0 0.676576 39.625 720.5740017 0.132887458477 1408580561.12
0.2029085567 0.993246065302 nan -50.314336 1.0 0.676576 39.625 720.5740017 0.142568792886 1408580563.2
0.22459085567 0.993934464927 nan -49.82336 1.0 0.676576 39.625 720.5740017 0.159716456301 1408580565.37
0.207859085567 0.994225811696 nan -49.246736 1.0 0.676688 39.625 720.5740017 0.145378928236 1408580567.6
0.208885908557 0.994488337624 nan -48.688688 1.0 0.676704 39.625 720.5740017 0.164751203192 1408580569.85
0.208088590856 0.994648402449 nan -47.553088 1.0 0.676704 39.625 720.5740017 0.116626027553 1408580572.01
0.228708859086 0.994783554266 nan -46.66504 1.0 0.676704 39.625 720.5740017 0.163875635729 1408580574.24
0.237070885909 0.995041277174 nan -45.957712 1.0 0.676704 39.625 720.5740017 0.164565136636 1408580576.4
0.246907088591 0.994720169449 nan -45.453952 1.0 0.677232 39.625 720.5740017 0.191201196394 1408580578.63
0.228990708859 0.993343308425 nan -45.20616 1.0 0.677792 39.625 720.5740017 0.209191689841 1408580580.91
0.229899070886 0.991386467697 nan -44.363504 1.0 0.682048 39.625 720.5740017 0.0288715756107 1408580583.15
0.240789907089 0.990098997017 nan -43.636064 1.0 0.684912 39.625 720.5740017 -0.0323066356922 1408580585.51
0.249978990709 0.989694246609 nan -43.089568 1.0 0.686752 39.625 720.5740017 0.0535890485787 1408580587.85
0.245497899071 0.990375703994 nan -42.301808 1.0 0.691136 39.625 720.5740017 0.141802992108 1408580590.19
0.219849789907 0.991835696373 nan -41.798416 1.0 0.691456 39.625 720.5740017 0.108451932379 1408580592.51
0.215484978991 0.992384906349 nan -41.435728 1.0 0.692608 39.625 720.5740017 0.181107986323 1408580594.64
0.228548497899 0.992265738872 nan -40.911168 1.0 0.694192 39.625 720.5740017 0.162347957149 1408580596.96
0.21815484979 0.991055970386 nan -40.348208 1.0 0.695008 39.625 720.5740017 0.184798050177 1408580599.31
0.217115484979 0.989720712143 nan -39.919456 1.0 0.695008 39.625 720.5740017 0.179979769043 1408580601.7
0.227811548498 0.989164127291 nan -39.519888 1.0 0.695008 39.625 720.5740017 0.189447623434 1408580604.05
0.24328115485 0.989046681219 nan -39.043648 1.0 0.695008 39.625 720.5740017 0.145792823544 1408580606.39
0.248428115485 0.989008214923 nan -38.660688 1.0 0.695008 39.625 720.5740017 0.165648499116 1408580608.86
0.266042811548 0.989167505312 nan -38.145312 1.0 0.695008 39.625 720.5740017 0.150694906519 1408580611.21
0.251604281155 0.989778698213 nan -37.699968 1.0 0.695392 39.625 720.5740017 0.162735352656 1408580613.58
0.273560428115 0.990444834788 nan -37.381216 1.0 0.695536 39.625 720.5740017 0.191033770725 1408580615.92
0.247856042812 0.990576647756 nan -37.157904 1.0 0.695536 39.625 720.5740017 0.203027316876 1408580618.22
0.232685604281 0.99059234093 nan -36.58984 1.0 0.698224 39.625 720.5740017 0.111471034856 1408580620.64
0.253668560428 0.991140822586 nan -35.744192 1.0 0.70192 39.625 720.5740017 0.0302531331021 1408580622.91
0.256666856043 0.992357190158 nan -35.185728 1.0 0.70312 39.625 720.5740017 0.142907901557 1408580625.22
0.228166685604 0.994382045938 nan -34.130768 1.0 0.706304 39.625 720.5740017 0.0410244866329 1408580627.52
0.19021666856 0.995618588543 nan -32.911472 1.0 0.711056 39.625 720.5740017 0.00516172217881 1408580629.72
0.187321666856 0.995949511606 nan -32.182752 1.0 0.711808 39.625 720.5740017 0.110472764582 1408580631.92
0.214032166686 0.995379955388 nan -31.646048 1.0 0.711808 39.625 720.5740017 0.185143517972 1408580634.11
0.218503216669 0.99544496791 nan -31.08624 1.0 0.711808 39.625 720.5740017 0.190523295034 1408580636.32
0.192850321667 0.995602015298 nan -30.43888 1.0 0.711808 39.625 720.5740017 0.160880851456 1408580638.53
0.189385032167 0.995678512321 nan -29.726944 1.0 0.711808 39.625 720.5740017 0.134253420085 1408580640.74
0.175538503217 0.995696481873 nan -29.105376 1.0 0.711808 39.625 720.5740017 0.156793472793 1408580642.93
0.184953850322 0.995355249139 nan -28.48592 1.0 0.711808 39.625 720.5740017 0.169357759319 1408580645.16
0.191295385032 0.994653497265 nan -27.918784 1.0 0.711808 39.625 720.5740017 0.16826754043 1408580647.35
0.191029538503 0.994386108 nan -26.988144 1.0 0.71416 39.625 720.5740017 0.10627657798 1408580649.59
0.17570295385 0.994001111164 nan -26.261312 1.0 0.71416 39.625 720.5740017 0.122807988565 1408580651.77
0.192170295385 0.993705659054 nan -25.543248 1.0 0.714352 39.625 720.5740017 0.120569452397 1408580654.04
0.195617029539 0.993605026764 nan -24.854272 1.0 0.715344 39.625 720.5740017 0.127622303322 1408580656.29
0.193261702954 0.994026618634 nan -24.137008 1.0 0.71632 39.625 720.5740017 0.137172869338 1408580658.47
0.212826170295 0.99420717208 nan -23.492608 1.0 0.71632 39.625 720.5740017 0.128911153471 1408580660.73
0.19498261703 0.994112911865 nan -22.504256 1.0 0.719312 39.625 720.5740017 0.0808731966672 1408580663.03
0.217498261703 0.993712450483 nan -21.850992 1.0 0.719344 39.625 720.5740017 0.125208456276 1408580665.31
0.20624982617 0.99367814108 nan -21.24448 1.0 0.719344 39.625 720.5740017 0.125589070516 1408580667.67
0.196124982617 0.99380380644 nan -20.6436 1.0 0.719344 39.625 720.5740017 0.134565378496 1408580669.89
0.186112498262 0.993029749254 nan -20.204128 1.0 0.719344 39.625 720.5740017 0.157947370748 1408580672.1
0.231011249826 0.992091940335 nan -19.786688 1.0 0.719344 39.625 720.5740017 0.17388740946 1408580674.24
0.222901124983 0.992105592739 nan -19.614368 1.0 0.719344 39.625 720.5740017 0.177019245803 1408580676.43
0.236490112498 0.992315067092 nan -19.405376 1.0 0.719344 39.625 720.5740017 0.195095119586 1408580678.62
0.22614901125 0.992695976985 nan -19.068848 1.0 0.719344 39.625 720.5740017 0.216974133687 1408580680.86
0.231414901125 0.992540719229 nan -18.9112 1.0 0.719344 39.625 720.5740017 0.26325170408 1408580683.09
0.220241490112 0.992237390449 nan -19.042432 1.0 0.719344 39.625 720.5740017 0.281165953443 1408580685.39
0.211024149011 0.99190018294 nan -18.255248 1.0 0.726016 39.625 720.5740017 0.203927210356 1408580687.75
0.243402414901 0.991789772425 nan -16.875248 1.0 0.735856 39.625 720.5740017 0.101860904126 1408580689.98
0.24214024149 0.991839453799 nan -16.015472 1.0 0.740624 39.625 720.5740017 0.203528104191 1408580692.24
0.254614024149 0.992579313309 nan -15.41336 1.0 0.743328 39.625 720.5740017 0.203235086509 1408580694.52
0.238761402415 0.993123477194 nan -14.90056 1.0 0.744768 39.625 720.5740017 0.205870929085 1408580696.8
0.227276140241 0.99283425467 nan -14.994512 1.0 0.7452 39.625 720.5740017 0.262608961871 1408580698.98
0.264827614024 0.992632194425 nan -14.790688 1.0 0.748448 39.625 720.5740017 0.215877194472 1408580701.36
0.246982761402 0.992297156477 nan -14.425456 1.0 0.755472 39.625 720.5740017 0.199172049505 1408580703.7
0.25329827614 0.99176791214 nan -14.450384 1.0 0.760928 39.625 720.5740017 0.194159362181 1408580706.06
0.258429827614 0.990598465172 nan -14.555024 1.0 0.762272 39.625 720.5740017 0.180271024044 1408580708.4
0.287742982761 0.989832268772 nan -14.549264 1.0 0.765888 39.625 720.5740017 0.205878809675 1408580710.67
0.290674298276 0.990248310369 nan -14.671152 1.0 0.768272 39.625 720.5740017 0.188254285591 1408580713.18
0.260367429828 0.990878677478 nan -14.388096 1.0 0.768304 39.625 720.5740017 0.122800274267 1408580715.55
0.239336742983 0.991710379354 nan -14.12264 1.0 0.768304 39.625 720.5740017 0.15361716016 1408580717.82
0.268733674298 0.992826071033 nan -13.954384 1.0 0.768304 39.625 720.5740017 0.175353044105 1408580720.06
0.24287336743 0.993479011735 nan -13.957056 1.0 0.768304 39.625 720.5740017 0.200657547364 1408580722.28
0.240287336743 0.994261660077 nan -13.536656 1.0 0.768352 39.625 720.5740017 0.14537255639 1408580724.44
0.264328733674 0.993687388172 nan -13.165888 1.0 0.77112 39.625 720.5740017 0.156059705678 1408580726.67
0.255932873367 0.992654574481 nan -12.976208 1.0 0.771248 39.625 720.5740017 0.157506299537 1408580728.88
0.274893287337 0.991691060782 nan -12.632016 1.0 0.77248 39.625 720.5740017 0.12831367972 1408580731.17
0.272289328734 0.990515611045 nan -12.131488 1.0 0.774016 39.625 720.5740017 0.125073753513 1408580733.44
0.248628932873 0.98964074809 nan -11.469392 1.0 0.777424 39.625 720.5740017 0.135557523068 1408580735.88
0.248962893287 0.989808993521 nan -10.764208 1.0 0.782 39.625 720.5740017 0.148044999464 1408580738.22
0.249896289329 0.990745287359 nan -10.307408 1.0 0.78336 39.625 720.5740017 0.184287428629 1408580740.48
0.249089628933 0.991755859361 nan -10.060928 1.0 0.78336 39.625 720.5740017 0.192827680728 1408580742.71
0.228308962893 0.992819699384 nan -9.77088 1.0 0.783808 39.625 720.5740017 0.159316961475 1408580745.02
0.247830896289 0.992665113394 nan -9.50992 1.0 0.783984 39.625 720.5740017 0.152337054226 1408580747.28
0.239883089629 0.992617443358 nan -8.917824 1.0 0.78616 39.625 720.5740017 0.144977949733 1408580749.49
0.230988308963 0.993324258547 nan -8.45464 1.0 0.786656 39.625 720.5740017 0.192353253688 1408580751.66
0.240898830896 0.994062433011 nan -8.058544 1.0 0.786656 39.625 720.5740017 0.198336972289 1408580753.84
0.23738988309 0.994495726257 nan -7.557376 1.0 0.786656 39.625 720.5740017 0.186204881593 1408580756.07
0.242438988309 0.994722228265 nan -7.022768 1.0 0.786656 39.625 720.5740017 0.153981837396 1408580758.23
0.248343898831 0.994798573679 nan -6.590944 1.0 0.786656 39.625 720.5740017 0.161389632934 1408580760.45
0.233634389883 0.994911650932 nan -6.125472 1.0 0.786656 39.625 720.5740017 0.17578118735 1408580762.74
0.247463438988 0.994640567988 nan -5.64336 1.0 0.788064 39.625 720.5740017 0.198904543009 1408580765.0
0.242546343899 0.994089444462 nan -5.232416 1.0 0.788928 39.625 720.5740017 0.190104409948 1408580767.3
0.27895463439 0.992733397036 nan -4.761648 1.0 0.792576 39.625 720.5740017 0.159155557207 1408580769.61
0.266395463439 0.992899024516 nan -4.19728 1.0 0.794288 39.625 720.5740017 0.176128627984 1408580771.88
0.263339546344 0.993798597431 nan -3.491984 1.0 0.79432 39.625 720.5740017 0.144371142173 1408580774.17
0.219833954634 0.994172805535 nan -3.021312 1.0 0.79432 39.625 720.5740017 0.160495653994 1408580776.4
0.235283395463 0.993821624624 nan -2.555184 1.0 0.794496 39.625 720.5740017 0.137922295983 1408580778.57
0.249428339546 0.993038718015 nan -2.610096 1.0 0.796048 39.625 720.5740017 0.202683523971 1408580780.71
0.234642833955 0.992349434112 nan -2.39432 1.0 0.796848 39.625 720.5740017 0.15845336956 1408580782.85
0.235864283395 0.991259965988 nan -2.002032 1.0 0.798224 39.625 720.5740017 0.162598316438 1408580785.17
0.26658642834 0.990384837339 nan -1.832512 1.0 0.79872 39.625 720.5740017 0.15539448111 1408580787.37
0.248058642834 0.991255848686 nan -1.338176 1.0 0.799536 39.625 720.5740017 0.129640207244 1408580789.61
0.237205864283 0.992854491362 nan -0.991136 1.0 0.799776 39.625 720.5740017 0.161015315482 1408580791.75
0.251420586428 0.993821820667 nan -0.513216 1.0 0.80568 39.625 720.5740017 0.155622254261 1408580793.9
0.239342058643 0.993836222967 nan -0.128832 1.0 0.810928 39.625 720.5740017 0.183213222765 1408580796.07
0.273234205864 0.992783631727 nan 0.391664 1.0 0.818064 39.625 720.5740017 0.172324430776 1408580798.33
0.267623420586 0.991103791597 nan 0.843264 1.0 0.822752 39.625 720.5740017 0.16041641096 1408580800.63
0.292262342059 0.990487254256 nan 1.1624 1.0 0.828272 39.625 720.5740017 0.171290264009 1408580803.06
0.317226234206 0.990831403205 nan 1.284832 1.0 0.832224 39.625 720.5740017 0.196536204662 1408580805.46
0.308922623421 0.991106726922 nan 1.0636 1.0 0.833552 39.625 720.5740017 0.233981374509 1408580807.91
0.312592262342 0.990945062531 nan 1.065072 1.0 0.833552 39.625 720.5740017 0.231231809953 1408580810.31
0.312059226234 0.99152071591 nan 1.052512 1.0 0.834688 39.625 720.5740017 0.249496559951 1408580812.62
0.294005922623 0.992010307291 nan 1.048272 1.0 0.836096 39.625 720.5740017 0.277414212119 1408580814.92
0.329100592262 0.991627984009 nan 0.991104 1.0 0.836448 39.625 720.5740017 0.254387804449 1408580817.15
0.318210059226 0.991763173555 nan 1.000176 1.0 0.836576 39.625 720.5740017 0.283523903461 1408580819.41
0.282021005923 0.992007382309 nan 1.045328 1.0 0.839984 39.625 720.5740017 0.255937404553 1408580821.79
0.280202100592 0.991875618989 nan 1.23528 1.0 0.846336 39.625 720.5740017 0.251644431191 1408580824.15
0.287220210059 0.991667886035 nan 1.263936 1.0 0.846592 39.625 720.5740017 0.257587147402 1408580826.38
0.304122021006 0.991160371455 nan 1.510832 1.0 0.851536 39.625 720.5740017 0.239127314529 1408580828.65
0.284212202101 0.990633361247 nan 1.856592 1.0 0.85384 39.625 720.5740017 0.260875943622 1408580830.88
0.29482122021 0.990706619705 nan 2.303648 1.0 0.85504 39.625 720.5740017 0.213847139559 1408580833.15
0.288682122021 0.991600401756 nan 2.74216 1.0 0.85504 39.625 720.5740017 0.234674971851 1408580835.39
0.288968212202 0.992749107232 nan 3.175152 1.0 0.85504 39.625 720.5740017 0.220215632259 1408580837.63
0.28629682122 0.993111200894 nan 3.601344 1.0 0.85504 39.625 720.5740017 0.209034322928 1408580839.91
0.255429682122 0.993284694714 nan 4.062672 1.0 0.85504 39.625 720.5740017 0.204560679569 1408580842.16
0.262242968212 0.993709151103 nan 4.512016 1.0 0.85504 39.625 720.5740017 0.203876689251 1408580844.37
0.237724296821 0.993958780138 nan 5.126864 1.0 0.85504 39.625 720.5740017 0.160181510092 1408580846.5
0.211872429682 0.993779315406 nan 5.813728 1.0 0.85504 39.625 720.5740017 0.137127430091 1408580848.58
0.194887242968 0.9940055455 nan 6.485376 1.0 0.85504 39.625 720.5740017 0.150169025542 1408580850.64
0.196788724297 0.994090451246 nan 7.154272 1.0 0.85504 39.625 720.5740017 0.148006984366 1408580852.77
0.17807887243 0.994423445551 nan 7.861488 1.0 0.85504 39.625 720.5740017 0.132398917001 1408580854.83
0.173507887243 0.99460656314 nan 8.570352 1.0 0.85504 39.625 720.5740017 0.132753229938 1408580856.92
0.193750788724 0.994758685451 nan 9.2216 1.0 0.85504 39.625 720.5740017 0.152619818983 1408580859.08
0.192175078872 0.994688923749 nan 9.817424 1.0 0.85504 39.625 720.5740017 0.160950758776 1408580861.15
0.201017507887 0.994605147107 nan 10.244256 1.0 0.85504 39.625 720.5740017 0.219690093445 1408580863.2
0.192901750789 0.994108205403 nan 10.496688 1.0 0.85504 39.625 720.5740017 0.252074891619 1408580865.31
0.198390175079 0.993626414151 nan 10.931424 1.0 0.85504 39.625 720.5740017 0.179287146437 1408580867.5
0.203439017508 0.993236965308 nan 11.224528 1.0 0.85504 39.625 720.5740017 0.184218656603 1408580869.64
0.214743901751 0.99271900501 nan 11.566928 1.0 0.85504 39.625 720.5740017 0.144583111739 1408580871.89
0.224874390175 0.992685960486 nan 11.815408 1.0 0.85504 39.625 720.5740017 0.237759617146 1408580873.95
0.242087439018 0.99225225624 nan 11.855136 1.0 0.85504 39.625 720.5740017 0.225713469864 1408580876.21
0.258208743902 0.991315281475 nan 11.665008 1.0 0.856544 39.625 720.5740017 0.332905797753 1408580878.43
0.26702087439 0.991241762921 nan 11.411696 1.0 0.85904 39.625 720.5740017 0.325228776326 1408580880.69
0.258902087439 0.991852347895 nan 11.188704 1.0 0.86576 39.625 720.5740017 0.250521150459 1408580882.89
