0.1179 0.899685064112 0.147732699018 -198.924416 1.0 0.595072 72.75 12.0757972598 -8.03035667905 1408563246.43
0.19269 0.927332090139 0.0533521609654 -180.111872 1.0 0.63584 72.75 12.0757972598 -2.27659771355 1408563247.08
0.253269 0.868680087403 0.0195281524651 -168.980224 1.0 0.6576 72.75 12.0757972598 -1.29669078822 1408563247.9
0.2863269 0.83768262173 0.012828535544 -161.58176 1.0 0.667712 72.75 12.0757972598 -0.347932400185 1408563248.6
0.30943269 0.833760364683 0.0131332154332 -153.757696 1.0 0.67424 72.75 12.0757972598 -0.37928037364 1408563249.46
0.280243269 0.849392059919 0.0122965698662 -152.574336 1.0 0.675456 72.75 12.0757972598 0.0496320134278 1408563250.52
0.2701243269 0.86995404551 0.0234531681229 -149.527232 1.0 0.683008 72.75 12.0757972598 -0.313458791708 1408563251.33
0.27811243269 0.890166283569 0.0420744910678 -142.162048 1.0 0.703936 72.75 12.0757972598 -1.06806335067 1408563252.16
0.295111243269 0.903378951427 0.0435415849503 -133.72704 1.0 0.724992 72.75 12.0757972598 -1.26992114171 1408563252.81
0.317511124327 0.918096044159 0.0436749978775 -122.79584 1.0 0.775616 72.75 12.0757972598 -1.70009513457 1408563253.66
0.268451112433 0.93474682857 0.0403376943056 -120.285248 1.0 0.785216 72.75 12.0757972598 -0.235583130582 1408563254.28
0.280645111243 0.946759261085 0.0265033899335 -117.307584 1.0 0.796864 72.75 12.0757972598 -0.520220742469 1408563254.81
0.239564511124 0.954535371258 0.017147823006 -113.703808 1.0 0.810944 72.75 12.0757972598 -1.05449143583 1408563255.45
0.249856451112 0.959465989552 0.0111933920744 -107.49216 1.0 0.821376 72.75 12.0757972598 -0.871146081003 1408563256.19
0.272485645111 0.964187092344 0.00847708297259 -100.447616 1.0 0.835712 72.75 12.0757972598 -0.949895034456 1408563256.87
0.260348564511 0.971268546904 0.0120791675356 -96.512576 1.0 0.8384 72.75 12.0757972598 -0.276603750951 1408563257.35
0.247434856451 0.978063553954 0.0224691318297 -93.0528 1.0 0.839104 72.75 12.0757972598 -0.190137961814 1408563257.95
0.238943485645 0.979385843243 0.0249206618316 -90.758592 1.0 0.84096 72.75 12.0757972598 -0.0610972393696 1408563258.57
0.238094348565 0.977860980222 0.0243025293675 -88.06752 1.0 0.844544 72.75 12.0757972598 0.00639986004275 1408563259.2
0.260509434856 0.978109981556 0.0340597853959 -84.149504 1.0 0.844544 72.75 12.0757972598 -0.00875347096951 1408563259.81
0.271750943486 0.976612723345 0.024414699257 -79.482816 1.0 0.8448 72.75 12.0757972598 -0.201101349672 1408563260.4
0.226975094349 0.977040695602 0.0106631303204 -77.856768 1.0 0.844928 72.75 12.0757972598 0.0220775068166 1408563260.88
0.218897509435 0.980674369383 0.00636737914019 -76.95744 1.0 0.844928 72.75 12.0757972598 0.0725724151363 1408563261.38
0.209989750943 0.985808052139 0.00818382152397 -75.257152 1.0 0.844928 72.75 12.0757972598 -0.147137702081 1408563261.87
0.222598975094 0.991399116869 0.0191893255388 -74.445824 1.0 0.844928 72.75 12.0757972598 0.0794747612904 1408563262.37
0.193259897509 0.991108544575 0.0186770198546 -72.301888 1.0 0.844928 72.75 12.0757972598 -0.276440930924 1408563262.93
0.201125989751 0.989297465304 0.0239331171037 -70.498112 1.0 0.844928 72.75 12.0757972598 -0.149278096902 1408563263.42
0.192912598975 0.98765070007 0.0559722044135 -67.2352 1.0 0.844928 72.75 12.0757972598 -0.74041281498 1408563263.84
0.225391259898 0.991315364036 0.0705694975055 -63.683968 1.0 0.844928 72.75 12.0757972598 -0.998996270792 1408563264.35
0.21153912599 0.994112061116 0.0417698005291 -60.846592 1.0 0.844928 72.75 12.0757972598 -0.942498718635 1408563264.95
0.272253912599 0.995459420343 0.0248415795557 -60.350848 1.0 0.844928 72.75 12.0757972598 0.11058923461 1408563265.5
0.25402539126 0.993973940151 0.0264560178738 -60.018304 1.0 0.845312 72.75 12.0757972598 0.241574531362 1408563266.05
0.187402539126 0.990173677015 0.0186544831649 -59.371712 1.0 0.845312 72.75 12.0757972598 0.133825428086 1408563266.63
0.171740253913 0.987556246896 0.0222536881522 -58.436096 1.0 0.846784 72.75 12.0757972598 0.119766914102 1408563267.06
0.171974025391 0.986226762727 0.0215521129834 -57.713088 1.0 0.846784 72.75 12.0757972598 0.0928935643161 1408563267.45
0.178297402539 0.986095585518 0.0219634437122 -57.054016 1.0 0.846784 72.75 12.0757972598 0.113897827064 1408563267.85
0.200529740254 0.98734227357 0.0155151443577 -56.437248 1.0 0.846784 72.75 12.0757972598 0.107438355639 1408563268.32
0.224352974025 0.990225129493 0.00729517728785 -55.478272 1.0 0.846784 72.75 12.0757972598 0.0610772075903 1408563268.78
0.227635297403 0.993606528468 0.00369803683423 -54.082624 1.0 0.846784 72.75 12.0757972598 0.0262772849197 1408563269.16
0.15326352974 0.9962246955 0.00253954527019 -53.331072 1.0 0.846784 72.75 12.0757972598 0.0939959902305 1408563269.69
0.183626352974 0.997569595596 0.00727629265788 -51.895168 1.0 0.846784 72.75 12.0757972598 0.0162989822228 1408563270.12
0.194762635297 0.998383018797 0.0351915134596 -51.493696 1.0 0.846784 72.75 12.0757972598 0.154497523512 1408563270.58
0.20037626353 0.999027259648 0.0666403650981 -51.060928 1.0 0.846784 72.75 12.0757972598 0.113476538018 1408563271.11
0.189237626353 0.998209355698 0.0752343937264 -50.608576 1.0 0.846784 72.75 12.0757972598 0.0599160028063 1408563271.59
0.212423762635 0.996098519976 0.0794115602149 -48.050624 1.0 0.851904 72.75 12.0757972598 -0.539483687792 1408563272.07
0.244442376264 0.99270806135 0.0706822043183 -47.752832 1.0 0.854208 72.75 12.0757972598 0.0939388828539 1408563272.47
0.294444237626 0.98721716277 0.0671706257928 -48.13152 1.0 0.855488 72.75 12.0757972598 0.195057783184 1408563272.9
0.284144423763 0.985367793353 0.0345923732004 -47.45664 1.0 0.857344 72.75 12.0757972598 0.248971178977 1408563273.54
0.258814442376 0.987207694269 0.025194137424 -46.729984 1.0 0.859712 72.75 12.0757972598 0.117954987421 1408563274.18
0.231981444238 0.986656695846 0.0155435127687 -46.510976 1.0 0.859712 72.75 12.0757972598 0.202011522048 1408563274.68
0.218498144424 0.98610159093 0.00938528749221 -45.992256 1.0 0.859712 72.75 12.0757972598 0.163835165486 1408563275.19
0.191949814442 0.98853921162 0.0199292770732 -44.925632 1.0 0.859712 72.75 12.0757972598 0.00704001370656 1408563275.74
0.204594981444 0.98913591128 0.019179711812 -43.867648 1.0 0.859712 72.75 12.0757972598 0.0283701829064 1408563276.22
0.233759498144 0.988792390979 0.0217794723862 -43.261952 1.0 0.860928 72.75 12.0757972598 0.177330111137 1408563276.68
0.224075949814 0.987915466549 0.0406043362727 -42.38592 1.0 0.8656 72.75 12.0757972598 0.139544530032 1408563277.13
0.257307594981 0.983878918941 0.0529622394498 -38.536 1.0 0.88 72.75 12.0757972598 -0.0286693743081 1408563277.57
0.286730759498 0.979304688024 0.0346576565158 -37.39328 1.0 0.886208 72.75 12.0757972598 0.064793440637 1408563277.98
0.26627307595 0.979934650004 0.0263870009913 -36.89344 1.0 0.886208 72.75 12.0757972598 0.0994845458204 1408563278.41
0.265127307595 0.983429182146 0.0477653181338 -36.361152 1.0 0.886208 72.75 12.0757972598 0.113699032272 1408563278.81
0.279412730759 0.983552413397 0.0576268864921 -36.494336 1.0 0.886208 72.75 12.0757972598 0.161064990649 1408563279.39
0.261041273076 0.981726858157 0.0421000303424 -37.199488 1.0 0.886208 72.75 12.0757972598 0.19238965987 1408563279.83
0.254704127308 0.983974469067 0.0393396860918 -37.318336 1.0 0.886208 72.75 12.0757972598 0.298004669893 1408563280.24
0.239670412731 0.985321004247 0.0327619510942 -37.043136 1.0 0.886208 72.75 12.0757972598 0.220093630534 1408563280.65
0.208467041273 0.986561774273 0.027694708793 -36.522432 1.0 0.886208 72.75 12.0757972598 0.117586833263 1408563281.06
0.209846704127 0.985406200428 0.0283610979212 -35.93632 1.0 0.886208 72.75 12.0757972598 0.117477649061 1408563281.55
0.195584670413 0.985217721157 0.0138403915093 -35.236736 1.0 0.886208 72.75 12.0757972598 0.100290242027 1408563282.08
0.202258467041 0.985561079747 0.0242418446098 -34.722688 1.0 0.886208 72.75 12.0757972598 0.168871766068 1408563282.62
0.211025846704 0.989087550901 0.0237651578392 -34.213824 1.0 0.886208 72.75 12.0757972598 0.168239183855 1408563283.21
0.16780258467 0.99327228171 0.010207635515 -33.44448 1.0 0.886208 72.75 12.0757972598 0.0788266328649 1408563283.71
0.185980258467 0.993942573095 0.014110425411 -32.7216 1.0 0.886208 72.75 12.0757972598 0.0948150419401 1408563284.21
0.184198025847 0.993041456889 0.0305830554271 -32.045248 1.0 0.886208 72.75 12.0757972598 0.105476085503 1408563284.68
0.193919802585 0.989841112625 0.0352433997697 -31.326336 1.0 0.886208 72.75 12.0757972598 0.0953804731789 1408563285.11
0.163391980258 0.985443533182 0.0154601362178 -30.524672 1.0 0.886208 72.75 12.0757972598 0.0775713770936 1408563285.57
0.145939198026 0.985516369161 0.00640551215016 -29.750912 1.0 0.886208 72.75 12.0757972598 0.0966016454365 1408563286.02
0.175693919803 0.986013441398 0.00991512287701 -29.054464 1.0 0.886208 72.75 12.0757972598 0.102534971842 1408563286.54
0.16966939198 0.988437472264 0.0304250112714 -28.33984 1.0 0.886208 72.75 12.0757972598 0.0943444838819 1408563287.08
0.164566939198 0.988697367322 0.0336048064074 -27.556224 1.0 0.886208 72.75 12.0757972598 0.0706439554653 1408563287.52
0.17485669392 0.990474841878 0.0283786234381 -26.550464 1.0 0.886208 72.75 12.0757972598 0.0545378239661 1408563287.96
0.175885669392 0.991402332934 0.052746212501 -25.814528 1.0 0.886208 72.75 12.0757972598 0.0849704354032 1408563288.51
0.164288566939 0.989121952555 0.0479122177315 -24.315904 1.0 0.886208 72.75 12.0757972598 -0.0469352990666 1408563288.97
0.155028856694 0.986969855238 0.0458462913027 -23.550016 1.0 0.886208 72.75 12.0757972598 0.0722214318839 1408563289.38
0.157702885669 0.985430413505 0.0408723820962 -22.74144 1.0 0.886208 72.75 12.0757972598 0.060028572688 1408563289.79
0.176870288567 0.982979291962 0.0319156213452 -21.932928 1.0 0.886208 72.75 12.0757972598 0.0571320676471 1408563290.22
0.215687028857 0.982453987466 0.0263447482424 -21.450432 1.0 0.888384 72.75 12.0757972598 0.150957992242 1408563290.65
0.203368702886 0.981941124327 0.0319816337081 -20.702848 1.0 0.888384 72.75 12.0757972598 0.0843599147435 1408563291.08
0.199436870289 0.981616864481 0.0284667965323 -20.038144 1.0 0.888384 72.75 12.0757972598 0.116141761012 1408563291.59
0.214343687029 0.980860452633 0.0325770651258 -19.802816 1.0 0.888448 72.75 12.0757972598 0.240489221165 1408563292.13
0.236534368703 0.980425001007 0.0461227853779 -18.321024 1.0 0.897344 72.75 12.0757972598 0.0606673639449 1408563292.57
0.28015343687 0.977819068129 0.0287503925413 -16.651776 1.0 0.011264 -33.625 31.4895286262 0.0453453273582 1408563293.06
0.270115343687 0.977653915883 0.0252109981632 -14.165824 1.0 0.293248 -33.625 31.4895286262 -0.229807453483 1408563293.62
0.278111534369 0.978685067806 0.0322660590614 -12.382784 1.0 0.331968 -33.625 31.4895286262 -0.111769464647 1408563294.23
0.290611153437 0.976192353683 0.0430736497749 -11.325376 1.0 0.36928 -33.625 31.4895286262 0.0248095995574 1408563294.78
0.312561115344 0.973728050612 0.0412698795903 -11.73632 1.0 0.43872 -33.625 31.4895286262 0.126963212802 1408563295.48
0.341756111534 0.970445194338 0.0369236378977 -12.676288 1.0 0.50208 -33.625 31.4895286262 0.268400688603 1408563296.15
0.324875611153 0.972238323166 0.0342790168898 -13.78656 1.0 0.564096 -33.625 31.4895286262 0.197825382467 1408563296.87
0.263787561115 0.976212620795 0.0562567323294 -13.944384 1.0 0.595392 -33.625 31.4895286262 0.101902851361 1408563297.48
0.213578756112 0.976010957675 0.0606299926021 -14.072768 1.0 0.625216 -33.625 31.4895286262 0.0804470772167 1408563298.08
0.231957875611 0.971761046905 0.0499904491121 -14.460864 1.0 0.660032 -33.625 31.4895286262 0.107294236753 1408563298.7
0.259895787561 0.968930705401 0.0499390183459 -14.271552 1.0 0.673024 -33.625 31.4895286262 0.11299783447 1408563299.28
0.259089578756 0.968869609562 0.0314715469035 -13.725312 1.0 0.676992 -33.625 31.4895286262 0.0917984519846 1408563299.9
0.289608957876 0.968920479958 0.0461319317449 -13.52096 1.0 0.68736 -33.625 31.4895286262 0.109662175622 1408563300.53
0.300760895788 0.97057393875 0.0518372838614 -14.256384 1.0 0.720192 -33.625 31.4895286262 0.15428852949 1408563301.12
0.300976089579 0.971304510323 0.0555844434701 -14.083712 1.0 0.763328 -33.625 31.4895286262 0.137931652496 1408563301.79
0.288397608958 0.970284351958 0.0606017789994 -8.853824 1.0 0.809152 -33.625 31.4895286262 -0.117562050402 1408563302.54
0.255639760896 0.968533468253 0.0594323035729 -7.796352 1.0 0.850624 -33.625 31.4895286262 0.0713614304414 1408563303.03
0.23616397609 0.972195473663 0.0687272837811 -7.515584 1.0 0.87232 -33.625 31.4895286262 0.0801418064442 1408563303.68
0.241416397609 0.976121924372 0.0708185099249 -7.179264 1.0 0.88512 -33.625 31.4895286262 0.104679655303 1408563304.29
0.218541639761 0.978384555904 0.0582140888019 -6.613376 1.0 0.88832 -33.625 31.4895286262 0.100584375777 1408563304.89
0.183854163976 0.978573947102 0.0560435181635 -5.909888 1.0 0.889408 -33.625 31.4895286262 0.0755095577236 1408563305.49
0.171385416398 0.976755727359 0.0464954266237 -5.196096 1.0 0.88992 -33.625 31.4895286262 0.0703338817208 1408563306.03
0.16473854164 0.974074898574 0.0248967784041 -4.676416 1.0 0.890112 -33.625 31.4895286262 0.134922414424 1408563306.48
0.143373854164 0.973539489796 0.0210772823957 -4.029696 1.0 0.890112 -33.625 31.4895286262 0.12542065611 1408563306.88
0.134937385416 0.977057573099 0.0192466549819 -3.560128 1.0 0.890112 -33.625 31.4895286262 0.186885398812 1408563307.42
0.145793738542 0.978462468996 0.0235072342985 -2.985984 1.0 0.890112 -33.625 31.4895286262 0.119093655894 1408563307.98
0.180179373854 0.979565357471 0.0483212881427 -2.256512 1.0 0.890112 -33.625 31.4895286262 0.0697444886287 1408563308.53
0.214217937385 0.975805781183 0.0485627225162 -1.85632 1.0 0.890112 -33.625 31.4895286262 0.098874487139 1408563309.09
0.242821793739 0.972444099915 0.0298501882397 -1.84672 1.0 0.89024 -33.625 31.4895286262 0.186968015682 1408563309.72
0.227682179374 0.971921472314 0.0415809462932 -1.274496 1.0 0.890304 -33.625 31.4895286262 0.109665701556 1408563310.17
0.264868217937 0.97120040595 0.0580116794153 -0.850752 1.0 0.890688 -33.625 31.4895286262 0.135934189305 1408563310.72
0.255086821794 0.968341593472 0.0857232046064 -0.415552 1.0 0.890688 -33.625 31.4895286262 0.0996095403417 1408563311.27
0.246908682179 0.96396875004 0.11796624713 -0.081472 1.0 0.890688 -33.625 31.4895286262 0.130559074911 1408563311.88
0.255090868218 0.958929379934 0.0836034462149 0.142656 1.0 0.890688 -33.625 31.4895286262 0.196171488728 1408563312.35
0.248709086822 0.96024410588 0.0470407295729 0.644096 1.0 0.891008 -33.625 31.4895286262 0.139739233536 1408563312.91
0.194970908682 0.966442654225 0.0177299850984 1.274048 1.0 0.892224 -33.625 31.4895286262 0.13242461817 1408563313.51
0.202197090868 0.974950570935 0.0264973299105 2.156224 1.0 0.894208 -33.625 31.4895286262 0.0783400451905 1408563313.98
0.194819709087 0.979002577872 0.0280947041351 3.000704 1.0 0.894592 -33.625 31.4895286262 0.0691371736764 1408563314.49
0.167981970909 0.983994506581 0.0239650846052 3.856512 1.0 0.894592 -33.625 31.4895286262 0.0591417580831 1408563315.0
0.126598197091 0.987317444603 0.0185004648308 4.703616 1.0 0.894592 -33.625 31.4895286262 0.0654698127619 1408563315.58
0.121559819709 0.990562545599 0.0148383267388 5.493888 1.0 0.894592 -33.625 31.4895286262 0.0938785360908 1408563316.09
0.139055981971 0.992763436468 0.0329872474765 6.063232 1.0 0.894592 -33.625 31.4895286262 0.150484670142 1408563316.47
0.144405598197 0.992340005591 0.0394580024012 6.659904 1.0 0.894592 -33.625 31.4895286262 0.157202041695 1408563317.02
0.14044055982 0.988550789158 0.0242987786151 7.342848 1.0 0.894592 -33.625 31.4895286262 0.111835908643 1408563317.43
0.142744055982 0.987159863716 0.0262168663121 8.129984 1.0 0.894592 -33.625 31.4895286262 0.0854398938465 1408563317.87
0.172674405598 0.98797703499 0.0333203148403 8.665664 1.0 0.894592 -33.625 31.4895286262 0.201250991284 1408563318.38
0.13966744056 0.98789063933 0.0279701091573 9.3728 1.0 0.894592 -33.625 31.4895286262 0.113058325922 1408563318.93
0.160666744056 0.987962963977 0.02022563844 10.19296 1.0 0.894592 -33.625 31.4895286262 0.0613692451351 1408563319.38
0.133066674406 0.987989595714 0.0177539785385 11.006784 1.0 0.894592 -33.625 31.4895286262 0.0683073080787 1408563319.8
0.117706667441 0.988579666444 0.02093778571 11.867712 1.0 0.894592 -33.625 31.4895286262 0.0550175859751 1408563320.19
0.117070666744 0.98718782893 0.0162975088834 12.723072 1.0 0.894592 -33.625 31.4895286262 0.0592709154612 1408563320.6
0.142207066674 0.988575863117 0.0144499884966 13.310976 1.0 0.894592 -33.625 31.4895286262 0.156055349994 1408563321.05
0.138420706667 0.989899334551 0.015778314274 14.02688 1.0 0.89472 -33.625 31.4895286262 0.103862629445 1408563321.49
0.144342070667 0.991366983078 0.0172596161152 14.816448 1.0 0.89472 -33.625 31.4895286262 0.0753665241379 1408563321.87
0.125134207067 0.991657828852 0.0122765886492 15.627008 1.0 0.89472 -33.625 31.4895286262 0.0633230942054 1408563322.25
0.164613420707 0.992784677595 0.0141397286183 16.304704 1.0 0.89472 -33.625 31.4895286262 0.103931256232 1408563322.79
0.171261342071 0.993540774398 0.0256064024368 16.764992 1.0 0.89472 -33.625 31.4895286262 0.182254989308 1408563323.32
0.153926134207 0.992371721027 0.0287278386712 17.3856 1.0 0.89472 -33.625 31.4895286262 0.144908883912 1408563323.92
0.189992613421 0.990130516654 0.0188457376181 17.769088 1.0 0.89472 -33.625 31.4895286262 0.190168943927 1408563324.44
0.199899261342 0.98860680948 0.0141763156772 17.816576 1.0 0.89472 -33.625 31.4895286262 0.338977623877 1408563324.93
0.229689926134 0.989513452645 0.0503991225152 16.861568 1.0 0.89472 -33.625 31.4895286262 0.515840314343 1408563325.53
0.275868992613 0.989546956319 0.100228440197 13.687552 1.0 0.895552 -33.625 31.4895286262 0.845620295282 1408563326.14
0.353386899261 0.985941535391 0.123541222892 11.747456 1.0 0.00864 14.1875 32.5151527971 0.620434346938 1408563326.6
0.327838689926 0.979935872983 0.0826223160119 10.028032 1.0 0.319808 14.1875 32.5151527971 0.699617144882 1408563327.23
0.320783868993 0.973039870364 0.0705121156091 10.31392 1.0 0.37312 14.1875 32.5151527971 0.350210473608 1408563327.84
0.386678386899 0.962788700973 0.0450998466507 10.417472 1.0 0.450944 14.1875 32.5151527971 0.437048232252 1408563328.5
0.36986783869 0.962966102883 0.0384157534103 8.867584 1.0 0.530752 14.1875 32.5151527971 0.568736949181 1408563329.23
0.330386783869 0.967779327461 0.0363825132059 8.237632 1.0 0.578112 14.1875 32.5151527971 0.452409632644 1408563329.92
0.294038678387 0.972552065859 0.0418197339773 7.186304 1.0 0.6464 14.1875 32.5151527971 0.426847536806 1408563330.51
0.305703867839 0.972882543207 0.0303700712755 6.653376 1.0 0.698176 14.1875 32.5151527971 0.312320393831 1408563331.16
0.291570386784 0.975771883457 0.0288958221107 6.934208 1.0 0.723584 14.1875 32.5151527971 0.167885454382 1408563331.78
0.313557038678 0.979847501054 0.0315054168328 7.333248 1.0 0.736576 14.1875 32.5151527971 0.187187451503 1408563332.4
0.319355703868 0.982832461966 0.0354510184899 7.523584 1.0 0.749568 14.1875 32.5151527971 0.268424640777 1408563332.99
0.287535570387 0.981105823269 0.0384319120584 7.788544 1.0 0.76064 14.1875 32.5151527971 0.188022918109 1408563333.52
0.294253557039 0.978613843789 0.0353949987878 8.10944 1.0 0.776384 14.1875 32.5151527971 0.197458865952 1408563333.93
0.293125355704 0.977628080742 0.0197531227924 8.024384 1.0 0.795072 14.1875 32.5151527971 0.244785273328 1408563334.5
0.27051253557 0.980278002721 0.014850184634 8.090944 1.0 0.820288 14.1875 32.5151527971 0.251089719288 1408563335.12
0.267351253557 0.983986495852 0.0166897275066 7.899328 1.0 0.84704 14.1875 32.5151527971 0.370658350053 1408563335.72
0.277835125356 0.987916417243 0.0254862392328 7.655808 1.0 0.862464 14.1875 32.5151527971 0.378897013899 1408563336.23
0.295083512536 0.988234362708 0.0513767731938 6.326272 1.0 0.006592 15.59375 21.2668004557 0.588727737038 1408563336.62
0.276108351254 0.985526178753 0.0738767230817 5.411904 1.0 0.281856 15.59375 21.2668004557 0.440818949769 1408563337.2
0.260710835125 0.981029414166 0.100852123936 5.530432 1.0 0.328448 15.59375 21.2668004557 0.189882563245 1408563337.83
0.278971083513 0.97334503076 0.0760235158481 5.740288 1.0 0.384128 15.59375 21.2668004557 0.183220069035 1408563338.33
0.295197108351 0.963882716638 nan 5.99488 1.0 0.431936 15.59375 21.2668004557 0.134808458402 1408563338.94
0.336419710835 0.962554283121 nan 5.981312 1.0 0.48576 15.59375 21.2668004557 0.143330437271 1408563339.68
0.302741971084 0.965722530166 nan 5.253504 1.0 0.544832 15.59375 21.2668004557 0.208239296255 1408563340.3
0.293074197108 0.969107291239 nan 5.106048 1.0 0.57952 15.59375 21.2668004557 0.208263745231 1408563340.86
0.275007419711 0.976198089656 nan 5.517376 1.0 0.59328 15.59375 21.2668004557 0.158239762379 1408563341.44
0.230900741971 0.983129935659 nan 5.991168 1.0 0.604032 15.59375 21.2668004557 0.165649831108 1408563341.85
0.243590074197 0.98714242567 nan 6.295232 1.0 0.637248 15.59375 21.2668004557 0.20618219641 1408563342.27
0.22235900742 0.988322662308 nan 6.934272 1.0 0.656576 15.59375 21.2668004557 0.162265762315 1408563342.77
0.228335900742 0.988377584702 nan 7.58368 1.0 0.664896 15.59375 21.2668004557 0.137724580619 1408563343.19
0.193833590074 0.987994910513 nan 8.276352 1.0 0.665856 15.59375 21.2668004557 0.11834156654 1408563343.59
0.167883359007 0.990567030658 nan 9.077696 1.0 0.665856 15.59375 21.2668004557 0.0955353403691 1408563344.0
0.148188335901 0.994603964725 nan 9.923008 1.0 0.665856 15.59375 21.2668004557 0.0725545401541 1408563344.39
0.13181883359 0.995896281417 nan 10.6944 1.0 0.665856 15.59375 21.2668004557 0.102090529483 1408563344.73
0.184181883359 0.994464116801 nan 11.373312 1.0 0.665856 15.59375 21.2668004557 0.13001124556 1408563345.14
0.161518188336 0.992510412702 nan 12.191552 1.0 0.665856 15.59375 21.2668004557 0.0676375743853 1408563345.51
0.164651818834 0.993051385518 nan 12.653696 1.0 0.673088 15.59375 21.2668004557 0.15326335387 1408563345.9
0.201865181883 0.995530270338 nan 12.890432 1.0 0.69024 15.59375 21.2668004557 0.205375096026 1408563346.47
0.169586518188 0.995667338018 nan 13.657472 1.0 0.691392 15.59375 21.2668004557 0.0793767831846 1408563347.06
0.151058651819 0.993641590064 nan 14.489856 1.0 0.691392 15.59375 21.2668004557 0.0612243928442 1408563347.52
0.134805865182 0.991377148125 nan 15.346752 1.0 0.691392 15.59375 21.2668004557 0.0582417545815 1408563347.86
0.144880586518 0.992216547693 nan 16.094656 1.0 0.692352 15.59375 21.2668004557 0.0999104442155 1408563348.27
0.145888058652 0.992296728302 nan 16.8832 1.0 0.692352 15.59375 21.2668004557 0.0850512826444 1408563348.81
0.170288805865 0.990352713492 nan 17.577536 1.0 0.692352 15.59375 21.2668004557 0.11488071068 1408563349.2
0.176328880587 0.991469585654 nan 18.089472 1.0 0.698496 15.59375 21.2668004557 0.220787680964 1408563349.59
0.167032888059 0.992830408947 nan 18.838464 1.0 0.6992 15.59375 21.2668004557 0.0840536076006 1408563350.02
0.156203288806 0.993847850288 nan 18.961152 1.0 0.716736 15.59375 21.2668004557 0.212900378353 1408563350.4
0.179420328881 0.993578777948 nan 18.78784 1.0 0.741056 15.59375 21.2668004557 0.231503826132 1408563350.82
0.221342032888 0.99236032015 nan 18.97376 1.0 0.761216 15.59375 21.2668004557 0.168570093986 1408563351.43
0.217434203289 0.991352188442 nan 19.63584 1.0 0.774848 15.59375 21.2668004557 0.128261760743 1408563352.02
0.232343420329 0.992036411193 nan 19.839808 1.0 0.783744 15.59375 21.2668004557 0.19249972289 1408563352.59
0.230234342033 0.994154471057 nan 19.921728 1.0 0.785408 15.59375 21.2668004557 0.217597531971 1408563353.13
0.255223434203 0.993566276237 nan 19.46816 1.0 0.797248 15.59375 21.2668004557 0.330393780954 1408563353.63
0.27212234342 0.990564874137 nan 18.556032 1.0 0.827456 15.59375 21.2668004557 0.381957493809 1408563354.06
0.326912234342 0.985440875752 nan 18.038272 1.0 0.85184 15.59375 21.2668004557 0.276979669537 1408563354.46
0.326091223434 0.980333151148 nan 15.608192 1.0 0.102784 26.796875 19.7348902486 0.530377646849 1408563355.0
0.356609122343 0.972281361721 nan 13.743296 1.0 0.365952 26.796875 19.7348902486 0.509834862949 1408563355.76
0.317360912234 0.971835874976 nan 12.553472 1.0 0.443712 26.796875 19.7348902486 0.624635796513 1408563356.36
0.327836091223 0.977369093076 nan 11.124032 1.0 0.51904 26.796875 19.7348902486 0.554268563318 1408563356.96
0.296483609122 0.984728017668 nan 10.54592 1.0 0.56576 26.796875 19.7348902486 0.398299030323 1408563357.49
0.290648360912 0.986511520965 nan 10.086592 1.0 0.614976 26.796875 19.7348902486 0.353655022845 1408563357.89
0.297264836091 0.984354786248 nan 8.379584 1.0 0.68416 26.796875 19.7348902486 0.564057489477 1408563358.4
0.291626483609 0.979353185448 nan 7.642624 1.0 0.723328 26.796875 19.7348902486 0.457985618513 1408563358.98
0.291062648361 0.978519279156 nan 7.57376 1.0 0.745984 26.796875 19.7348902486 0.392618289044 1408563359.61
0.291906264836 0.978167220521 nan 7.53824 1.0 0.767744 26.796875 19.7348902486 0.361636506297 1408563360.31
0.243390626484 0.977396437958 nan 7.458944 1.0 0.78624 26.796875 19.7348902486 0.344102354558 1408563360.81
0.224139062648 0.977042639424 nan 7.685056 1.0 0.797696 26.796875 19.7348902486 0.200150092127 1408563361.46
0.240213906265 0.973994692732 nan 8.02784 1.0 0.804992 26.796875 19.7348902486 0.166242730384 1408563362.06
0.261621390626 0.974751611997 nan 8.560256 1.0 0.809216 26.796875 19.7348902486 0.133811279848 1408563362.48
0.248462139063 0.97752398002 nan 9.217408 1.0 0.809216 26.796875 19.7348902486 0.082805419602 1408563362.95
0.266946213906 0.978551051495 nan 9.328768 1.0 0.82112 26.796875 19.7348902486 0.11051264276 1408563363.53
0.293094621391 0.979265499365 nan 9.027136 1.0 0.842944 26.796875 19.7348902486 0.199286607169 1408563364.09
0.283109462139 0.983242294229 nan 8.92256 1.0 0.863424 26.796875 19.7348902486 0.20936481073 1408563364.54
0.269510946214 0.987767364939 nan 8.900416 1.0 0.87584 26.796875 19.7348902486 0.171641044261 1408563364.98
0.302351094621 0.988157842289 nan 8.842624 1.0 0.89088 26.796875 19.7348902486 0.161484094187 1408563365.58
0.249835109462 0.985855291549 nan 9.0384 1.0 0.891136 26.796875 19.7348902486 0.125712434358 1408563366.26
0.249083510946 0.981466887183 nan 9.210304 1.0 0.081088 23.8984375 15.8499812018 0.117413546167 1408563366.97
0.251708351095 0.980355842901 nan 9.0032 1.0 0.28256 23.8984375 15.8499812018 0.181296552279 1408563367.66
0.229470835109 0.984064530286 nan 9.277312 1.0 0.306752 23.8984375 15.8499812018 0.141429287903 1408563368.25
0.219147083511 0.983838947847 nan 9.837952 1.0 0.33056 23.8984375 15.8499812018 0.150388056395 1408563368.83
0.224414708351 0.980132943866 nan 10.30912 1.0 0.342976 23.8984375 15.8499812018 0.101992910116 1408563369.46
0.206941470835 0.978194902405 nan 10.898112 1.0 0.355392 23.8984375 15.8499812018 0.115622284683 1408563370.06
0.235794147084 0.97804812631 nan 11.413888 1.0 0.37664 23.8984375 15.8499812018 0.152614714747 1408563370.65
0.205379414708 0.981491634495 nan 11.845952 1.0 0.399552 23.8984375 15.8499812018 0.201504660326 1408563371.23
0.259937941471 0.986121857015 nan 12.194496 1.0 0.414016 23.8984375 15.8499812018 0.193114678165 1408563371.77
0.203293794147 0.991174520383 nan 12.18336 1.0 0.441344 23.8984375 15.8499812018 0.300657163333 1408563372.3
0.226429379415 0.994802655363 nan 12.294528 1.0 0.464064 23.8984375 15.8499812018 0.240313931785 1408563372.81
0.209842937941 0.996208439852 nan 12.831744 1.0 0.471552 23.8984375 15.8499812018 0.136686492507 1408563373.28
0.187484293794 0.993378256911 nan 13.271744 1.0 0.489216 23.8984375 15.8499812018 0.189257803599 1408563373.69
0.187048429379 0.988193770091 nan 12.997376 1.0 0.532992 23.8984375 15.8499812018 0.357191810727 1408563374.26
0.254504842938 0.9849091358 nan 12.239808 1.0 0.591552 23.8984375 15.8499812018 0.441749522154 1408563374.85
0.267550484294 0.984814330354 nan 12.14496 1.0 0.627456 23.8984375 15.8499812018 0.337835500498 1408563375.46
0.290455048429 0.9832895972 nan 11.243328 1.0 0.679424 23.8984375 15.8499812018 0.449023351485 1408563375.99
0.313445504843 0.979482178784 nan 9.665856 1.0 0.748672 23.8984375 15.8499812018 0.60413942707 1408563376.66
0.311244550484 0.975658288996 nan 9.363904 1.0 0.776896 23.8984375 15.8499812018 0.277723212656 1408563377.35
0.322724455048 0.972762447659 nan 9.0784 1.0 0.806016 23.8984375 15.8499812018 0.26727325576 1408563378.03
0.328372445505 0.965902785054 nan 7.96992 1.0 0.858112 23.8984375 15.8499812018 0.523320170132 1408563378.75
0.35143724455 0.961162067342 nan 7.492992 1.0 0.878912 23.8984375 15.8499812018 0.28268170819 1408563379.46
0.376243724455 0.962639936961 nan 7.52832 1.0 0.886592 23.8984375 15.8499812018 0.178085093274 1408563379.99
0.372424372446 0.964990071247 nan 7.270912 1.0 0.292096 23.44921875 14.6264435714 0.222966318411 1408563380.57
