0.099 0.899685064112 0.210427530233 -211.496496897 1.0 0.322457033372 39.21875 38.3670313247 -6.2157798441 1408573288.29
0.1692 0.929744356265 0.0928514926218 -196.361034059 1.0 0.368783779919 39.21875 38.3670313247 -2.60202936778 1408573289.3
0.20862 0.869500891869 0.0533905540487 -185.161257113 1.0 0.392690668878 39.21875 38.3670313247 -1.33849890775 1408573290.73
0.243162 0.831570819216 0.0333435884624 -174.732305757 1.0 0.420114958964 39.21875 38.3670313247 -1.01376674201 1408573292.73
0.2592162 0.81676543763 0.0303162032765 -164.474019846 1.0 0.446166604707 39.21875 38.3670313247 -0.814999195972 1408573294.83
0.27612162 0.816122574406 0.0277271725175 -159.437044239 1.0 0.458749177843 39.21875 38.3670313247 -0.49576940642 1408573296.87
0.294912162 0.82720270344 0.0248097133208 -155.554433927 1.0 0.468271897967 39.21875 38.3670313247 -0.0559941049255 1408573298.98
0.3210912162 0.84081893786 0.0206504304744 -152.014412766 1.0 0.479138665675 39.21875 38.3670313247 -0.190913799827 1408573300.94
0.30030912162 0.854494677352 0.0124069755588 -150.692670651 1.0 0.480368326232 39.21875 38.3670313247 -0.0145269217118 1408573302.9
0.292830912162 0.871723984206 0.0133883997432 -146.026137436 1.0 0.484600646287 39.21875 38.3670313247 -0.16322976385 1408573304.79
0.277683091216 0.889010130965 0.0103165105302 -141.752094712 1.0 0.492464754497 39.21875 38.3670313247 0.00986235303777 1408573306.57
0.270768309122 0.903270303615 0.00543812584474 -139.226028768 1.0 0.496353913466 39.21875 38.3670313247 0.0837264366536 1408573308.24
0.220576830912 0.913905537272 0.00303391761796 -137.605421945 1.0 0.497183219423 39.21875 38.3670313247 0.0960707997523 1408573309.83
0.255157683091 0.921577557025 0.00309092010196 -134.378792645 1.0 0.500128685407 39.21875 38.3670313247 0.0433325360943 1408573311.3
0.255915768309 0.928285522185 0.00359293543397 -128.489576482 1.0 0.52120449541 39.21875 38.3670313247 -0.0471235259573 1408573312.79
0.248791576831 0.933655720526 0.00213221641492 -124.864565758 1.0 0.529526151734 39.21875 38.3670313247 0.0738070548398 1408573314.2
0.260679157683 0.936500561617 0.00185616328734 -121.095170008 1.0 0.540135548629 39.21875 38.3670313247 0.069395191677 1408573315.55
0.260967915768 0.939670723995 0.00160575571646 -117.229689153 1.0 0.547456318453 39.21875 38.3670313247 0.0319491364351 1408573316.91
0.290696791577 0.943239847819 0.00151577144074 -115.225971575 1.0 0.552575137979 39.21875 38.3670313247 -0.0132572168026 1408573318.19
0.276569679158 0.949301353413 0.00144131941578 -113.457176356 1.0 0.557207812634 39.21875 38.3670313247 0.0865993804925 1408573319.49
0.225656967916 0.954586670253 0.000644669890474 -111.653607481 1.0 0.561897680803 39.21875 38.3670313247 0.0700044097522 1408573320.72
0.213365696792 0.957852367266 0.000228549667763 -109.071120135 1.0 0.570133546856 39.21875 38.3670313247 0.00290549580565 1408573321.95
0.197736569679 0.961664970708 0.000629127555699 -108.043867425 1.0 0.571391804169 39.21875 38.3670313247 0.10391804155 1408573323.15
0.197973656968 0.965663650889 0.000410353247057 -107.206211216 1.0 0.571792158769 39.21875 38.3670313247 0.111652208121 1408573324.35
0.211497365697 0.967236096423 0.000220376372523 -104.86084818 1.0 0.579513283194 39.21875 38.3670313247 -0.0286636234204 1408573325.48
0.19754973657 0.967828750984 0.000463518623094 -102.05264663 1.0 0.589636535217 39.21875 38.3670313247 -0.0730889507114 1408573326.61
0.243854973657 0.970636638459 0.000173697696017 -97.6960450685 1.0 0.60722354085 39.21875 38.3670313247 -0.666006621374 1408573327.76
0.215185497366 0.974091206101 0.000146268239973 -95.6669621665 1.0 0.613457633904 39.21875 38.3670313247 -0.484990960044 1408573328.88
0.218618549737 0.977948298262 0.000211954032242 -92.4445365896 1.0 0.625439675141 39.21875 38.3670313247 -0.742218423646 1408573329.91
0.207261854974 0.981029394012 0.000687719113318 -91.0910806715 1.0 0.628785495725 39.21875 38.3670313247 -0.212908882189 1408573330.95
0.199826185497 0.985209057641 0.000710003644756 -89.5391632589 1.0 0.633160799565 39.21875 38.3670313247 -0.338389022447 1408573332.03
0.19368261855 0.98702751006 0.0024529294614 -88.0030026595 1.0 0.637021361778 39.21875 38.3670313247 -0.28618399439 1408573333.07
0.168768261855 0.987439211718 0.00322893541127 -87.2051531356 1.0 0.637850667734 39.21875 38.3670313247 0.0992046692464 1408573334.07
0.176176826185 0.988726900405 0.00428311387895 -86.6358488947 1.0 0.637850667734 39.21875 38.3670313247 0.195430173942 1408573335.09
0.166117682619 0.990298301936 0.00190221093352 -86.2491921416 1.0 0.637850667734 39.21875 38.3670313247 0.302994023126 1408573336.08
0.157011768262 0.991102462668 0.00164198985091 -85.6830907375 1.0 0.63839400612 39.21875 38.3670313247 0.281782147925 1408573337.08
0.182201176826 0.991538090432 0.00189676606901 -85.0741227945 1.0 0.639137521805 39.21875 38.3670313247 0.276536748581 1408573338.12
0.187420117683 0.991453737124 0.00242063503138 -84.6111698933 1.0 0.639137521805 39.21875 38.3670313247 0.25615947806 1408573339.15
0.205042011768 0.991148602953 0.000898298987534 -84.0077497212 1.0 0.639137521805 39.21875 38.3670313247 0.209768268868 1408573340.13
0.211304201177 0.991359666374 0.000835120538629 -82.4887757728 1.0 0.641854213732 39.21875 38.3670313247 -0.0794598601242 1408573341.17
0.230830420118 0.992053371786 0.00142618124678 -80.2266864938 1.0 0.646515485144 39.21875 38.3670313247 -0.385850203907 1408573342.2
0.213883042012 0.992364991591 0.00454848587123 -77.807486631 1.0 0.654265206326 39.21875 38.3670313247 -0.383166654207 1408573343.23
0.195988304201 0.992038906744 0.00389103262964 -73.8548142641 1.0 0.658468929623 39.21875 38.3670313247 -0.781074397974 1408573344.28
0.16449883042 0.990980250353 0.00237851533649 -71.4536589551 1.0 0.660756670194 39.21875 38.3670313247 -0.291269413728 1408573345.35
0.191949883042 0.990568528521 0.00175344968371 -69.7022791615 1.0 0.664760216191 39.21875 38.3670313247 -0.130111269105 1408573346.34
0.183894988304 0.990716591845 0.00401160578999 -68.8175812863 1.0 0.665017587006 39.21875 38.3670313247 0.118395857457 1408573347.32
0.19208949883 0.990736056394 0.0062387620057 -67.6949583917 1.0 0.665818296205 39.21875 38.3670313247 -0.0392431870775 1408573348.37
0.198308949883 0.991500480708 0.00645343399439 -66.5259801539 1.0 0.665818296205 39.21875 38.3670313247 -0.21783131235 1408573349.38
0.202530894988 0.992275625801 0.00539038197981 -64.869655981 1.0 0.666047070262 39.21875 38.3670313247 -0.541065429499 1408573350.42
0.184953089499 0.993220467692 0.0028514071858 -63.235723069 1.0 0.666504618376 39.21875 38.3670313247 -0.428228488009 1408573351.37
0.19219530895 0.994047868187 0.00190075652258 -61.3334953816 1.0 0.666504618376 39.21875 38.3670313247 -0.620517177593 1408573352.35
0.171319530895 0.995275247045 0.00101217348144 -60.39832423 1.0 0.666504618376 39.21875 38.3670313247 0.0337045184416 1408573353.26
0.181831953089 0.996307035249 0.000344253457062 -59.7446881524 1.0 0.666504618376 39.21875 38.3670313247 0.188269176613 1408573354.24
0.226983195309 0.997013140777 0.000266618570564 -59.2303754754 1.0 0.666504618376 39.21875 38.3670313247 0.239307723609 1408573355.14
0.233298319531 0.997241774521 0.000385965476168 -58.9045440247 1.0 0.666504618376 39.21875 38.3670313247 0.323707234808 1408573356.08
0.259129831953 0.997263038745 0.000647982344085 -58.5172581429 1.0 0.66696216649 39.21875 38.3670313247 0.262453590746 1408573357.04
0.268012983195 0.997828773581 0.00308038775977 -57.931825331 1.0 0.669278503818 39.21875 38.3670313247 0.25717320511 1408573358.05
0.24010129832 0.998147887655 0.00797683684623 -56.8670822729 1.0 0.674568903886 39.21875 38.3670313247 0.067918438511 1408573359.04
0.258910129832 0.997775294211 0.00704419902543 -55.8335954703 1.0 0.679029997998 39.21875 38.3670313247 0.0497991136233 1408573360.02
0.279691012983 0.99692508382 0.0063681571755 -55.551631445 1.0 0.682032657497 39.21875 38.3670313247 0.348792204794 1408573360.98
0.294369101298 0.996235508253 0.00514051623914 -55.1577969058 1.0 0.684463381852 39.21875 38.3670313247 0.17729762729 1408573362.03
0.25083691013 0.996245639453 0.00608861352669 -54.9825559782 1.0 0.685864622952 39.21875 38.3670313247 0.308503768189 1408573363.07
0.263583691013 0.996516894446 0.00743825694001 -53.8010237639 1.0 0.686865509451 39.21875 38.3670313247 -0.033728103514 1408573364.02
0.227058369101 0.996732728277 0.00803133906299 -53.2504789957 1.0 0.686922702965 39.21875 38.3670313247 0.167855103579 1408573365.01
0.20270583691 0.996517123635 0.00780862491655 -52.5744802539 1.0 0.686922702965 39.21875 38.3670313247 0.166216003169 1408573365.95
0.219170583691 0.996045920597 0.00792170128035 -50.7467471189 1.0 0.687494638108 39.21875 38.3670313247 -0.461292426626 1408573366.92
0.235217058369 0.995929050404 0.00535183005603 -49.7642197375 1.0 0.68846692785 39.21875 38.3670313247 0.075082864784 1408573367.88
0.234121705837 0.996241556167 0.00270979068101 -49.0476421974 1.0 0.689181846779 39.21875 38.3670313247 0.118285091843 1408573368.84
0.200712170584 0.997486941274 0.00113196229019 -48.591895679 1.0 0.689181846779 39.21875 38.3670313247 0.255746778428 1408573369.78
0.191971217058 0.998696122541 0.00099264526184 -48.1099545312 1.0 0.689181846779 39.21875 38.3670313247 0.248309772055 1408573370.72
0.227997121706 0.999566690879 0.00094455249065 -48.0574508851 1.0 0.689181846779 39.21875 38.3670313247 0.429691802126 1408573371.63
0.227999712171 0.99982668443 0.00167730731663 -47.0751522777 1.0 0.694157682519 39.21875 38.3670313247 0.101570440753 1408573372.61
0.221699971217 0.999440450828 0.00185477017337 -46.166604707 1.0 0.698075438245 39.21875 38.3670313247 0.18772991782 1408573373.55
0.250769997122 0.999201241655 0.00284934836935 -44.9123795362 1.0 0.702965483714 39.21875 38.3670313247 -0.0094729998742 1408573374.51
0.207776999712 0.99861712268 0.00429073198865 -42.7611884812 1.0 0.713374703309 39.21875 38.3670313247 -0.0957051258769 1408573375.52
0.223277699971 0.997854487906 0.00616174035909 -40.5850038606 1.0 0.72401269696 39.21875 38.3670313247 -0.145446206734 1408573376.52
0.231127769997 0.997488222618 0.00557594407531 -37.3628070577 1.0 0.74114215448 39.21875 38.3670313247 -0.271995840515 1408573377.52
0.265212777 0.996586847652 0.00505545003913 -36.0150132975 1.0 0.74671852212 39.21875 38.3670313247 0.251071774665 1408573378.47
0.2839212777 0.99637574349 0.00423552652202 -35.5482856244 1.0 0.747290457262 39.21875 38.3670313247 0.297207777163 1408573379.43
0.26329212777 0.997024073729 0.00253790053123 -35.0467556979 1.0 0.747547828076 39.21875 38.3670313247 0.282835550785 1408573380.41
0.237829212777 0.997941504408 0.00150470837543 -34.3116188624 1.0 0.747605021591 39.21875 38.3670313247 0.124882518278 1408573381.37
0.239782921278 0.998883808288 0.00103789053116 -33.3145071349 1.0 0.747605021591 39.21875 38.3670313247 -0.0628448077759 1408573382.28
0.229178292128 0.999532595609 0.00129296453761 -31.9632531671 1.0 0.747833795648 39.21875 38.3670313247 -0.270766306334 1408573383.2
0.225417829213 0.99952663452 0.0019918217096 -31.3020389488 1.0 0.747976779433 39.21875 38.3670313247 0.154546823052 1408573384.18
0.218741782921 0.999590470303 0.00215410133293 -30.7909005119 1.0 0.748033972947 39.21875 38.3670313247 0.216899312362 1408573385.07
0.231574178292 0.999751412265 0.00682492056809 -30.5850610541 1.0 0.748033972947 39.21875 38.3670313247 0.383332900393 1408573385.93
0.202257417829 0.999745678253 0.00452227267739 -30.1139008836 1.0 0.748033972947 39.21875 38.3670313247 0.269969063567 1408573386.87
0.209225741783 0.999362010792 0.0057710759227 -28.8794932655 1.0 0.751665761103 39.21875 38.3670313247 0.00123268037587 1408573387.8
0.227022574178 0.998374130763 0.0053485386775 -28.0750664875 1.0 0.75338156653 39.21875 38.3670313247 0.137503519629 1408573388.82
0.249502257418 0.997597606145 0.00599125823205 -27.2409276788 1.0 0.757013354686 39.21875 38.3670313247 0.0992376272833 1408573389.77
0.261650225742 0.997167132226 0.00456455875644 -26.6027910435 1.0 0.758900740656 39.21875 38.3670313247 0.177446484173 1408573390.76
0.237665022574 0.996860571524 0.00274411329182 -26.2027796048 1.0 0.758900740656 39.21875 38.3670313247 0.280729927538 1408573391.77
0.216366502257 0.996758361047 0.00107773275704 -25.5606108267 1.0 0.758900740656 39.21875 38.3670313247 0.193162495917 1408573392.76
0.202536650226 0.998061464568 0.000599647623956 -24.8464926077 1.0 0.758900740656 39.21875 38.3670313247 0.148558491726 1408573393.73
0.183153665023 0.999171049308 0.000456688751115 -24.0668306214 1.0 0.758900740656 39.21875 38.3670313247 0.13340974356 1408573394.66
0.165015366502 0.999442577396 0.000935084862414 -23.2635191169 1.0 0.758900740656 39.21875 38.3670313247 0.122260911878 1408573395.52
0.17490153665 0.99955773307 0.00162015638327 -22.6595842032 1.0 0.758900740656 39.21875 38.3670313247 0.198365762554 1408573396.44
0.180390153665 0.999580743087 0.00481613484427 -22.0275386771 1.0 0.758900740656 39.21875 38.3670313247 0.200720024183 1408573397.36
0.186339015367 0.99956967502 0.00831939899678 -21.4431639452 1.0 0.758900740656 39.21875 38.3670313247 0.228086379372 1408573398.24
0.168933901537 0.99958688301 0.00701970350303 -20.8149503846 1.0 0.758900740656 39.21875 38.3670313247 0.191078379301 1408573399.12
0.204993390154 0.999322732321 0.00288267383747 -20.3715290686 1.0 0.758900740656 39.21875 38.3670313247 0.281136767528 1408573400.09
0.180699339015 0.999279226689 0.000848396218781 -19.1758986531 1.0 0.760616546084 39.21875 38.3670313247 -0.0544071492514 1408573400.99
0.180969933902 0.999530924161 0.000396273609541 -17.8573879722 1.0 0.765106236953 39.21875 38.3670313247 -0.105894248979 1408573401.89
0.21249699339 0.999791910471 0.000996683502229 -16.7699390889 1.0 0.768909605651 39.21875 38.3670313247 -0.0303839981314 1408573402.8
0.212049699339 0.999773294522 0.00176110898778 -16.2590294261 1.0 0.769595927822 39.21875 38.3670313247 0.223138354962 1408573403.76
0.213804969934 0.999632200786 0.00161148874909 -15.7846378221 1.0 0.769595927822 39.21875 38.3670313247 0.249257517989 1408573404.72
0.200480496993 0.99959490116 0.00109961920852 -15.3241728388 1.0 0.769595927822 39.21875 38.3670313247 0.254463556516 1408573405.67
0.205448049699 0.999570931549 0.00084507579287 -14.8485515743 1.0 0.769595927822 39.21875 38.3670313247 0.273871017339 1408573406.59
0.22844480497 0.999417091258 0.000797325332397 -14.3508536132 1.0 0.769595927822 39.21875 38.3670313247 0.242011602296 1408573407.51
0.240644480497 0.999336973557 0.00126001797019 -14.0452972633 1.0 0.76991049215 39.21875 38.3670313247 0.318640924044 1408573408.45
0.24186444805 0.999295795897 0.00257637199294 -14.0417512654 1.0 0.77091137865 39.21875 38.3670313247 0.410687610829 1408573409.37
0.236586444805 0.999305467127 0.00204536008585 -14.3635791701 1.0 0.77091137865 39.21875 38.3670313247 0.553138422482 1408573410.32
0.23245864448 0.999152033475 0.00155318779805 -14.7859818697 1.0 0.771368926764 39.21875 38.3670313247 0.59695997188 1408573411.29
0.216745864448 0.999205078973 0.0013610877755 -14.5392776459 1.0 0.774428779776 39.21875 38.3670313247 0.361154685942 1408573412.18
0.220574586445 0.99925489834 0.00240397550146 -14.6091681203 1.0 0.776573536561 39.21875 38.3670313247 0.419799404539 1408573413.12
0.235357458644 0.999361580333 0.00437090850308 -14.539620807 1.0 0.779290228488 39.21875 38.3670313247 0.391980605041 1408573414.1
0.253935745864 0.999011564603 0.00574893103359 -14.6631873945 1.0 0.779376018759 39.21875 38.3670313247 0.42560257709 1408573415.11
0.244093574586 0.997943291945 0.00763969150286 -14.6993336956 1.0 0.779376018759 39.21875 38.3670313247 0.360138123482 1408573416.08
0.244009357459 0.996444694172 0.00855312098941 -15.6240098373 1.0 0.779376018759 39.21875 38.3670313247 0.436157377589 1408573417.01
0.248500935746 0.994574953299 0.0111902722523 -16.0894506563 1.0 0.78066287283 39.21875 38.3670313247 0.377899909235 1408573417.97
0.268750093575 0.993452086422 0.0144297495976 -16.2749864165 1.0 0.78066287283 39.21875 38.3670313247 0.302304415382 1408573418.93
0.242875009357 0.991886058088 0.0158727664932 -15.8953072722 1.0 0.780777259859 39.21875 38.3670313247 0.244948465753 1408573419.91
0.287987500936 0.990728448533 0.0117549210981 -15.6648460065 1.0 0.780777259859 39.21875 38.3670313247 0.268757647367 1408573420.93
0.258298750094 0.99121271913 0.0115181392553 -15.360061769 1.0 0.780777259859 39.21875 38.3670313247 0.258672229109 1408573421.98
0.247229875009 0.991775430852 0.0136091643895 -15.2140753239 1.0 0.780777259859 39.21875 38.3670313247 0.268593955583 1408573423.0
0.224522987501 0.99162582345 0.0140021266255 -14.9380594241 1.0 0.780777259859 39.21875 38.3670313247 0.233506577478 1408573424.0
0.24475229875 0.991217708881 0.00643601093723 -14.5583802797 1.0 0.780777259859 39.21875 38.3670313247 0.207688643837 1408573424.96
0.224275229875 0.991986159758 0.00203496181359 -14.331093254 1.0 0.780777259859 39.21875 38.3670313247 0.326028276323 1408573425.97
0.213227522988 0.99382498843 0.00122554838242 -13.9494409334 1.0 0.780777259859 39.21875 38.3670313247 0.266016047714 1408573426.96
0.229222752299 0.995983626301 0.000756605785723 -13.6926992479 1.0 0.780777259859 39.21875 38.3670313247 0.322121281422 1408573427.93
0.20832227523 0.997852246076 0.00236685720674 -13.3956647316 1.0 0.780777259859 39.21875 38.3670313247 0.334792230926 1408573428.9
0.217932227523 0.998990035377 0.0040384329453 -13.3256884669 1.0 0.780777259859 39.21875 38.3670313247 0.383358806955 1408573429.91
0.226993222752 0.998955941221 0.008367999958 -13.3661528783 1.0 0.780777259859 39.21875 38.3670313247 0.399175182389 1408573430.83
0.226099322275 0.998768120182 0.0189136267979 -13.862478195 1.0 0.780805856616 39.21875 38.3670313247 0.519844477495 1408573431.81
0.244009932228 0.998684275598 0.0205414001123 -13.5243215419 1.0 0.789213303211 39.21875 38.3670313247 0.313528715959 1408573432.78
0.246700993223 0.998068512681 0.016202146041 -12.6691641168 1.0 0.798535846035 39.21875 38.3670313247 0.271782210486 1408573433.72
0.268570099322 0.996897563594 0.0131452395388 -12.0285681604 1.0 0.805770825588 39.21875 38.3670313247 0.323033135147 1408573434.66
0.299557009932 0.995899121343 0.012711115876 -11.1490462981 1.0 0.816551803026 39.21875 38.3670313247 0.238281462521 1408573435.67
0.317055700993 0.995553468621 0.0125821001632 -10.677028225 1.0 0.821499042009 39.21875 38.3670313247 0.285723334429 1408573436.68
0.313405570099 0.994865615126 0.0138773781958 -10.0094655266 1.0 0.827447167491 39.21875 38.3670313247 0.233466607293 1408573437.68
0.33014055701 0.994417840632 0.00794483300574 -9.7486631016 1.0 0.831565100518 39.21875 38.3670313247 0.390707285585 1408573438.68
0.323714055701 0.994270518851 0.00650503657757 -9.4094197718 1.0 0.835511453001 39.21875 38.3670313247 0.275873969604 1408573439.69
0.29607140557 0.995265967716 0.00630438142299 -8.54888615631 1.0 0.840372901713 39.21875 38.3670313247 0.1001990178 1408573440.72
0.309507140557 0.995971144918 0.00449184456246 -8.03056993337 1.0 0.84100203037 39.21875 38.3670313247 0.255790190456 1408573441.67
0.296450714056 0.996796735635 0.00594656795279 -7.5995882067 1.0 0.84100203037 39.21875 38.3670313247 0.273847596853 1408573442.67
0.270845071406 0.997286637405 0.00670210104181 -7.20601103835 1.0 0.84100203037 39.21875 38.3670313247 0.257706138514 1408573443.66
0.268284507141 0.99714217913 0.00244650230125 -6.98261317167 1.0 0.84100203037 39.21875 38.3670313247 0.332531711596 1408573444.65
0.278828450714 0.997541867343 0.00311924940571 -6.81037490349 1.0 0.84100203037 39.21875 38.3670313247 0.344694439441 1408573445.67
0.263682845071 0.997866665001 0.00388891772953 -5.95790557351 1.0 0.84786525208 39.21875 38.3670313247 0.212392644012 1408573446.69
0.243268284507 0.997988844641 0.00431662183819 -5.03903457348 1.0 0.854299522434 39.21875 38.3670313247 0.181051557842 1408573447.69
0.236726828451 0.998050597345 0.00726622879433 -4.06471446138 1.0 0.862649775515 39.21875 38.3670313247 0.163718625658 1408573448.65
0.247772682845 0.99821096818 0.00606450338489 -3.83676971031 1.0 0.863593468501 39.21875 38.3670313247 0.294678534541 1408573449.64
0.231777268285 0.997434951854 0.00411163210244 -3.38236723956 1.0 0.867425433956 39.21875 38.3670313247 0.24401924331 1408573450.67
0.258077726828 0.997647217807 0.00374580935162 -3.18241871372 1.0 0.867454030713 39.21875 38.3670313247 0.337727961134 1408573451.66
0.281407772683 0.997768971962 0.0035120059668 -3.0264805971 1.0 0.867454030713 39.21875 38.3670313247 0.343397511491 1408573452.64
0.275640777268 0.997339700519 0.00237839721614 -2.78512396694 1.0 0.867454030713 39.21875 38.3670313247 0.290794644269 1408573453.6
0.248064077727 0.998271827605 0.00264791033717 -2.37822070977 1.0 0.867454030713 39.21875 38.3670313247 0.264716425715 1408573454.61
0.238106407773 0.999146369593 0.00297540157491 -1.99771225943 1.0 0.867454030713 39.21875 38.3670313247 0.270557484437 1408573455.59
0.215510640777 0.999646475767 0.00308910853556 -1.48828962796 1.0 0.867454030713 39.21875 38.3670313247 0.220934053913 1408573456.54
0.197951064078 0.999500071054 0.00524623170262 -1.20898510109 1.0 0.867454030713 39.21875 38.3670313247 0.312177045995 1408573457.45
0.224995106408 0.999083805095 0.00489033850561 -0.885927535817 1.0 0.867454030713 39.21875 38.3670313247 0.30121020191 1408573458.34
0.260099510641 0.998970123961 0.00367904874758 -0.648889015986 1.0 0.867454030713 39.21875 38.3670313247 0.378622665374 1408573459.22
0.251009951064 0.998833469991 0.00288505290093 -0.281792444737 1.0 0.867454030713 39.21875 38.3670313247 0.326614720334 1408573460.15
0.262700995106 0.9984318648 0.00117457696849 0.0168434899482 1.0 0.867454030713 39.21875 38.3670313247 0.336531938994 1408573461.09
0.270170099511 0.998454410147 0.00282734986755 0.355657868398 1.0 0.869713174526 39.21875 38.3670313247 0.326353355522 1408573462.01
0.290717009951 0.998865406895 0.0028146181615 0.761903400154 1.0 0.873573736738 39.21875 38.3670313247 0.288522222034 1408573462.96
0.264871700995 0.999329764663 0.00113977680037 1.0868483514 1.0 0.877777460036 39.21875 38.3670313247 0.337838967792 1408573463.92
0.2712871701 0.999388901359 0.0012172236589 1.23881151877 1.0 0.877777460036 39.21875 38.3670313247 0.353248788577 1408573464.91
0.23772871701 0.999305732371 0.00170868243312 1.41579684864 1.0 0.87783465355 39.21875 38.3670313247 0.339479439414 1408573465.88
0.264072871701 0.999372069598 0.00165173771112 1.94437930739 1.0 0.882524521719 39.21875 38.3670313247 0.315484627285 1408573466.8
0.26490728717 0.999327533881 0.000704413521395 2.36503760474 1.0 0.886070519603 39.21875 38.3670313247 0.37385449884 1408573467.77
0.238890728717 0.999579390169 0.000643692209546 2.73476507764 1.0 0.889645114244 39.21875 38.3670313247 0.382522544956 1408573468.78
0.256989072872 0.99980154504 0.00107410226707 3.3522548543 1.0 0.893477079699 39.21875 38.3670313247 0.26252587278 1408573469.76
0.223698907287 0.999774127189 0.000707155095897 3.97329062884 1.0 0.895879207298 39.21875 38.3670313247 0.213684783063 1408573470.74
0.222169890729 0.999745395085 0.000932395905118 4.48194114787 1.0 0.897737996511 39.21875 38.3670313247 0.2581827061 1408573471.66
0.201316989073 0.999545687846 0.00139766503853 5.0762389545 1.0 0.138007949898 -16.890625 112.017644161 0.212159105534 1408573472.75
0.210931698907 0.99933563874 0.00167383624579 5.6784294661 1.0 0.229117218107 -16.890625 112.017644161 0.171656249316 1408573473.78
0.183993169891 0.999324903708 0.0016659186763 6.60267665647 1.0 0.243386999914 -16.890625 112.017644161 0.085101376366 1408573474.66
0.205599316989 0.999194647526 0.00165919133858 7.44956961881 1.0 0.255369041151 -16.890625 112.017644161 0.112183301274 1408573475.53
0.209559931699 0.999190861914 0.00137508053095 7.92384683577 1.0 0.281649460951 -16.890625 112.017644161 0.267614213508 1408573476.42
0.21535599317 0.999305518694 0.00251354831639 8.16746260974 1.0 0.315164860305 -16.890625 112.017644161 0.351821955152 1408573477.36
0.238435599317 0.998978109959 0.0041197937019 7.87769166976 1.0 0.372243987532 -16.890625 112.017644161 0.529187438517 1408573478.38
0.268643559932 0.998971123961 0.00812334685923 7.4501701507 1.0 0.43827389974 -16.890625 112.017644161 0.544641670194 1408573479.38
0.277964355993 0.998811118936 0.00938517975876 7.78263604907 1.0 0.480139552175 -16.890625 112.017644161 0.290099956463 1408573480.41
0.285196435599 0.998227980759 0.00680057549221 8.02453601762 1.0 0.521347479196 -16.890625 112.017644161 0.364357747643 1408573481.41
0.28951964356 0.997375130764 0.0060213380626 8.25862907146 1.0 0.551459864451 -16.890625 112.017644161 0.3690162002 1408573482.4
0.280951964356 0.996377178675 0.00851102707255 8.37235837456 1.0 0.582287168635 -16.890625 112.017644161 0.34784327921 1408573483.44
0.295395196436 0.995505509969 0.0102475528749 8.13423317796 1.0 0.605850896508 -16.890625 112.017644161 0.362297182453 1408573484.46
0.287839519644 0.994813574531 0.00710913397727 7.81735251223 1.0 0.640967714261 -16.890625 112.017644161 0.417673395831 1408573485.51
0.268183951964 0.994937859956 0.00629806236927 8.40844748206 1.0 0.675941548228 -16.890625 112.017644161 0.276213135144 1408573486.54
0.289618395196 0.995504704175 0.00617295319781 8.48531556521 1.0 0.702822499929 -16.890625 112.017644161 0.335701726438 1408573487.49
0.27646183952 0.995694642306 0.00697677967712 8.61849066316 1.0 0.731848208413 -16.890625 112.017644161 0.421826908043 1408573488.45
0.321046183952 0.995475983946 0.00868953471823 8.62177929023 1.0 0.759901627155 -16.890625 112.017644161 0.484461218251 1408573489.41
0.321904618395 0.995567892711 0.00510331483564 8.40770396637 1.0 0.785981869656 -16.890625 112.017644161 0.536672612459 1408573490.42
0.32379046184 0.995641904615 0.00248567795687 8.27756012468 1.0 0.803969229889 -16.890625 112.017644161 0.522649370209 1408573491.38
0.317679046184 0.996274152759 0.00215286506559 8.38485515743 1.0 0.819583059281 -16.890625 112.017644161 0.442211367727 1408573492.38
0.290067904618 0.997762421157 0.00370990220968 8.47476336183 1.0 0.831164745918 -16.890625 112.017644161 0.436698658024 1408573493.38
0.299906790462 0.998183705665 0.00415657300292 8.7811490177 1.0 0.836855500586 -16.890625 112.017644161 0.359571671514 1408573494.35
0.281090679046 0.998047657731 0.00472138543919 9.1588835826 1.0 0.842060110383 -16.890625 112.017644161 0.322194812966 1408573495.38
0.280109067905 0.998186019393 0.00446334511397 9.21636306443 1.0 0.850152992651 -16.890625 112.017644161 0.437946379455 1408573496.38
0.29531090679 0.997989816132 0.00327085383684 9.12022076697 1.0 0.859075180874 -16.890625 112.017644161 0.479665437277 1408573497.36
0.266231090679 0.997936785265 0.00277618516246 8.97223254883 1.0 0.87057107724 -16.890625 112.017644161 0.508087667702 1408573498.35
0.281323109068 0.998253772854 0.00222077646475 9.06848923332 1.0 0.877262718408 -16.890625 112.017644161 0.404561292239 1408573499.29
0.252232310907 0.998588698855 0.00288258746071 9.3203694701 1.0 0.882066973605 -16.890625 112.017644161 0.325757526714 1408573500.25
0.262823231091 0.998603354099 0.00278335168778 9.62129314536 1.0 0.886928422317 -16.890625 112.017644161 0.318463526009 1408573501.23
0.244982323109 0.998437438966 0.00197849032921 10.0023449341 1.0 0.888958792073 -16.890625 112.017644161 0.308752955536 1408573502.2
0.225198232311 0.998978044398 0.000969356831884 10.2409276788 1.0 0.888958792073 -16.890625 112.017644161 0.382972535408 1408573503.17
0.228619823231 0.99945740015 0.000464322177121 10.7899282221 1.0 0.888958792073 -16.890625 112.017644161 0.235954780832 1408573504.12
0.234361982323 0.999842047959 0.000414121001321 11.1777574423 1.0 0.888958792073 -16.890625 112.017644161 0.319546133252 1408573505.04
0.228636198232 0.999935586066 0.00100441952945 11.4161400097 1.0 0.889216162887 -16.890625 112.017644161 0.417513976711 1408573505.98
0.229863619823 0.99977303592 0.000489870377114 11.8575881495 1.0 0.889330549916 -16.890625 112.017644161 0.314281470323 1408573506.91
0.238086361982 0.99964115687 0.00121338081244 12.3751894535 1.0 0.88998827533 -16.890625 112.017644161 0.236996238411 1408573507.87
0.220008636198 0.999438938121 0.000876897996688 12.9827847522 1.0 0.88998827533 -16.890625 112.017644161 0.187911020413 1408573508.76
0.24250086362 0.999558924118 0.000430061222651 13.5268380566 1.0 0.88998827533 -16.890625 112.017644161 0.220415108332 1408573509.69
0.260950086362 0.999814176614 0.000381609141129 13.9391461008 1.0 0.88998827533 -16.890625 112.017644161 0.2928715694 1408573510.67
0.251095008636 0.999887795787 0.000562382465925 14.554691298 1.0 0.88998827533 -16.890625 112.017644161 0.193931158927 1408573511.65
0.208709500864 0.999793686005 0.00202653626158 14.890617404 1.0 0.88998827533 -16.890625 112.017644161 0.290476619704 1408573512.6
0.245870950086 0.999474597355 0.0032299831173 15.2184220309 1.0 0.88998827533 -16.890625 112.017644161 0.295723750155 1408573513.5
0.254087095009 0.99894796917 0.00205365999471 15.4847150333 1.0 0.88998827533 -16.890625 112.017644161 0.30806622788 1408573514.44
0.233308709501 0.998693129782 0.0016443861334 15.7024793388 1.0 0.88998827533 -16.890625 112.017644161 0.338097770101 1408573515.4
0.23663087095 0.999016692993 0.0035089062814 15.6837484629 1.0 0.890331436415 -16.890625 112.017644161 0.433477604024 1408573516.36
0.248663087095 0.99889520794 0.00311240500591 15.8610483571 1.0 0.890331436415 -16.890625 112.017644161 0.377120521569 1408573517.31
0.26246630871 0.999223503067 0.00365996172112 16.1454431068 1.0 0.890331436415 -16.890625 112.017644161 0.341891418782 1408573518.23
0.271946630871 0.999250293165 0.00154016169289 16.4460522177 1.0 0.890331436415 -16.890625 112.017644161 0.333258463429 1408573519.22
0.224294663087 0.999273895491 0.00174756125662 16.695158569 1.0 0.890331436415 -16.890625 112.017644161 0.379412188815 1408573520.15
0.224029466309 0.999524084139 0.00469350010798 16.9218736595 1.0 0.891132145615 -16.890625 112.017644161 0.384759231615 1408573521.06
0.227602946631 0.999520404425 0.00713088669043 16.932654637 1.0 0.895107094855 -16.890625 112.017644161 0.427250449539 1408573522.0
0.229760294663 0.999297713759 0.00468437242216 17.0533901456 1.0 0.141582544539 17.5546875 81.2027389975 0.386080370255 1408573523.09
0.217376029466 0.998908945571 0.00263722817781 16.3485944694 1.0 0.264662987217 17.5546875 81.2027389975 0.660248450643 1408573524.2
0.235937602947 0.998582657351 0.00472705520339 14.8083731305 1.0 0.313506248391 17.5546875 81.2027389975 0.773997344662 1408573525.17
0.275593760295 0.997549472456 0.00642007439089 13.7673939775 1.0 0.357345077068 17.5546875 81.2027389975 0.737398920999 1408573526.18
0.283159376029 0.996524472911 0.00864679251393 13.3397008779 1.0 0.391546798593 17.5546875 81.2027389975 0.495490187061 1408573527.17
0.282115937603 0.995846866925 0.0101398027588 13.0199891332 1.0 0.429952243416 17.5546875 81.2027389975 0.482955998087 1408573528.22
0.25861159376 0.994750048761 0.0126440157239 12.5124824845 1.0 0.472675798564 17.5546875 81.2027389975 0.551886597093 1408573529.2
0.264361159376 0.993596893491 0.0140045426946 11.8383711287 1.0 0.517172352655 17.5546875 81.2027389975 0.516777121653 1408573530.29
0.292836115938 0.992323085345 0.0076017742873 11.6587263004 1.0 0.567359661414 17.5546875 81.2027389975 0.411544655501 1408573531.36
0.298383611594 0.9934801609 0.00297407959518 11.427407132 1.0 0.616002745289 17.5546875 81.2027389975 0.418720967006 1408573532.41
0.298038361159 0.995865876872 0.00267579506753 11.5935542909 1.0 0.639537876405 17.5546875 81.2027389975 0.296330155102 1408573533.45
0.258403836116 0.997947503297 0.00512467509753 12.0972861677 1.0 0.652806771712 17.5546875 81.2027389975 0.202761617733 1408573534.42
0.238240383612 0.998860845309 0.00707512505872 12.5258943636 1.0 0.669221310303 17.5546875 81.2027389975 0.250256713846 1408573535.41
0.266824038361 0.998554047186 0.0100865133243 12.7053676113 1.0 0.691898538706 17.5546875 81.2027389975 0.345870124448 1408573536.37
0.245382403836 0.997608656585 0.0110058110501 12.790528754 1.0 0.707826932426 17.5546875 81.2027389975 0.387009438865 1408573537.38
0.270238240384 0.997175178392 0.0067120366912 12.5494294947 1.0 0.735451399811 17.5546875 81.2027389975 0.461331919862 1408573538.46
0.269123824038 0.997355317797 0.0044361808309 12.4010695187 1.0 0.756126855215 17.5546875 81.2027389975 0.387308267631 1408573539.46
0.233012382404 0.997714508983 0.00611412382085 12.3615202036 1.0 0.771712087849 17.5546875 81.2027389975 0.329347997282 1408573540.45
0.25280123824 0.997513104373 0.0071363425848 11.9915925534 1.0 0.794046155166 17.5546875 81.2027389975 0.443029692207 1408573541.42
0.249380123824 0.996769121849 0.0044129715577 11.26975321 1.0 0.826246103692 17.5546875 81.2027389975 0.525065093484 1408573542.42
0.241838012382 0.996409338232 0.00716957845076 10.54162258 1.0 0.860333438188 17.5546875 81.2027389975 0.482939368005 1408573543.46
0.244683801238 0.996139093809 0.0105061017924 10.1653750465 1.0 0.889502130458 17.5546875 81.2027389975 0.465692119071 1408573544.47
0.262068380124 0.99518477764 0.00752929022398 10.2949183563 1.0 0.119105493437 19.77734375 51.8583854423 0.265184765896 1408573545.59
