0.0216 0.899685064112 0.315452724818 0.986096 0.013904 0.013904 0 0 0.00290598746735 1408580885.53
0.02736 0.913871851303 0.144907740412 1.946624 0.026704 0.026704 0 0 0.00423672717692 1408580885.84
0.029736 0.839142683998 0.0599131853255 2.891152 0.03704 0.03704 0 0 0.00507598697377 1408580886.16
0.0578736 0.805262622669 0.0232808179663 3.794464 0.053648 0.053648 0 0 0.0067044640909 1408580886.55
0.03548736 0.81064526183 0.00932025664491 4.729568 0.05944 0.05944 0 0 0.00612149233302 1408580886.85
0.040448736 0.835387892767 0.00390529015716 5.681984 0.062032 0.062032 0 0 0.00662762894624 1408580887.11
0.0391448736 0.867823726434 0.00152015926044 6.605216 0.068016 0.068016 0 0 0.00917143174794 1408580887.39
0.04801448736 0.901403111912 0.00112557086655 7.53856 0.072336 0.072336 0 0 0.0105302655729 1408580887.65
0.028201448736 0.934071241003 0.000937384765293 8.484128 0.075328 0.075328 0 0 0.0108621775939 1408580887.89
0.0298201448736 0.961143082484 0.000270273791262 9.447552 0.076416 0.076416 0 0 0.0108888880684 1408580888.11
0.0191820144874 0.980453766837 0.000138740265407 10.387008 0.080224 0.080224 0 0 0.0141819054974 1408580888.32
0.0172182014487 0.993905723495 1.49185798973e-05 11.333104 0.083456 0.083456 0 0 0.0185519896715 1408580888.52
0.0161218201449 0.999350162729 1.49185959675e-06 12.292336 0.085712 0.085712 0 0 0.0164815284611 1408580888.69
0.0124121820145 0.999251136949 1.49185959675e-07 13.248112 0.088048 0.088048 0 0 0.0195634769787 1408580888.87
0.0156412182014 0.999638523852 1.49185959675e-08 14.219056 0.089072 0.089072 0 0 0.0199264608128 1408580889.06
0.0141641218201 0.999888731129 1.49185959675e-09 15.145728 0.092896 0.092896 0 0 0.0409532191706 1408580889.25
0.010416412182 0.999779477572 1.49185960613e-10 16.092368 0.095072 0.095072 0 0 0.0341906998156 1408580889.44
0.0127416412182 0.999944973159 1.5163667665e-11 17.064672 0.095392 0.095392 0 0 0.0153500076908 1408580889.61
0.0120741641218 0.999992582693 9.8817155961e-12 18.04488 0.095392 0.095392 0 0 0.0113459048235 1408580889.76
0.0102074164122 0.999998836343 9.88171559972e-13 19.018016 0.096016 0.096016 0 0 0.0123348578401 1408580889.93
0.0154207416412 0.999993794566 9.88172587384e-14 20.003248 0.096016 0.096016 0 0 0.00721779453316 1408580890.1
0.00964207416412 0.999987977881 1.01243529692e-14 20.97808 0.096016 0.096016 0 0 0.0118573772187 1408580890.25
0.00816420741641 0.999998095219 1.01243529692e-15 21.942352 0.096512 0.096512 0 0 0.0176931045133 1408580890.39
0.00981642074164 0.999990469415 1.01243529692e-16 22.816688 0.101248 0.101248 0 0 0.0574229817633 1408580890.6
0.0144816420742 0.999998797984 2.65427675024e-16 23.792032 0.101568 0.101568 0 0 0.0104357084714 1408580890.78
0.0176481642074 0.999999684066 1.13183959893e-08 24.723296 0.103456 0.103456 0 0 0.0244769625519 1408580890.96
0.0170648164207 0.999991804179 1.5280063406e-08 25.642608 0.1052 0.1052 0 0 0.0317218547866 1408580891.16
0.0116064816421 0.999999020409 1.52800634616e-09 26.53744 0.107616 0.107616 0 0 0.0505669321532 1408580891.35
0.0146606481642 0.99999185911 1.52800634616e-10 27.400384 0.11192 0.11192 0 0 0.0564102442044 1408580891.55
0.0113660648164 0.999991163109 1.55576983332e-11 28.222112 0.117536 0.117536 0 0 0.0860302644383 1408580891.78
0.0119366064816 0.999998966043 1.77135885621e-12 29.118 0.120496 0.120496 0 0 0.0512324108656 1408580891.96
0.0110936606482 0.999991888881 1.03977152307e-10 29.980624 0.124448 0.124448 0 0 0.0577944407289 1408580892.16
0.0110093660648 0.999999039646 1.40453290086e-06 30.883712 0.12704 0.12704 0 0 0.0604030874412 1408580892.35
0.0155009366065 0.999999754893 1.4377157583e-05 31.683072 0.132704 0.132704 0 0 0.107417663304 1408580892.57
0.0159500936606 0.999999826503 0.00196251044161 32.477808 0.138336 0.138336 0 0 0.089746585419 1408580892.79
0.0231950093661 0.999790919171 0.000755799920293 33.371616 0.140928 0.140928 0 0 0.0284155561474 1408580892.97
0.0167195009366 0.99977002924 8.32405844782e-05 34.222864 0.144496 0.144496 0 0 0.0490532851738 1408580893.18
0.0124719500937 0.999969000146 1.91755777947e-05 35.094288 0.147568 0.147568 0 0 0.0366273953079 1408580893.37
0.0129471950094 0.999967724433 2.92666267325e-05 35.955824 0.150848 0.150848 0 0 0.0495645713602 1408580893.55
0.0147947195009 0.99999048338 0.000246246447589 36.76368 0.155424 0.155424 0 0 0.0753811412898 1408580893.76
0.0176794719501 0.999995689479 3.73193761097e-05 37.575472 0.159792 0.159792 0 0 0.0737896448116 1408580893.97
0.010767947195 0.999983545213 7.63507573568e-05 38.397056 0.163808 0.163808 0 0 0.0612009997961 1408580894.17
0.0154767947195 0.999993539011 1.2879951793e-05 39.252016 0.166928 0.166928 0 0 0.0614644947158 1408580894.36
0.013247679472 0.999997689407 4.15817463782e-06 40.034656 0.171664 0.171664 0 0 0.114349463599 1408580894.57
0.0121247679472 0.999999066672 0.000147136946874 40.81952 0.17624 0.17624 0 0 0.118470827913 1408580894.78
0.0147124767947 0.99999953219 3.79142528168e-05 41.678592 0.179056 0.179056 0 0 0.0846879373855 1408580895.0
0.0122712476795 0.999999704307 0.00186214104184 42.472976 0.183168 0.183168 0 0 0.118608945157 1408580895.21
0.0111271247679 0.99985557052 0.00122173347801 43.269616 0.187088 0.187088 0 0 0.122013273611 1408580895.42
0.0119127124768 0.999669617649 0.000714165727846 44.134208 0.1896 0.1896 0 0 0.0779495070404 1408580895.6
0.0164912712477 0.999884499882 0.000825552055034 45.04936 0.190592 0.190592 0 0 0.0493598839252 1408580895.79
0.0124491271248 0.999985065191 0.000375735681627 45.970992 0.191424 0.191424 0 0 0.0468885658704 1408580895.96
0.0129449127125 0.99999808185 0.000562569608515 46.833968 0.193728 0.193728 0 0 0.0746807808241 1408580896.15
0.0111944912712 0.999973901673 0.000981484353209 47.716096 0.195712 0.195712 0 0 0.0450026281954 1408580896.33
0.0137194491271 0.999803769835 0.00107403588566 48.648096 0.196448 0.196448 0 0 0.0191611270472 1408580896.51
0.0193719449127 0.999779109899 0.00495918240027 49.53576 0.197936 0.197936 0 0 0.0295597320791 1408580896.68
0.0199371944913 0.99894930933 0.000797626879215 50.355776 0.200624 0.200624 0 0 0.0531095776735 1408580896.87
0.0154937194491 0.999529158637 0.000141358255435 51.230464 0.202096 0.202096 0 0 0.0372438221258 1408580897.06
0.0195493719449 0.999947655149 0.000536051559026 51.99656 0.205808 0.205808 0 0 0.0695288481113 1408580897.27
0.0172549371945 0.999923272288 0.000189478934065 52.796816 0.208832 0.208832 0 0 0.0635595705369 1408580897.46
0.0197254937194 0.999992318315 5.87193480289e-05 53.540032 0.212576 0.212576 0 0 0.0942852941509 1408580897.66
0.0127725493719 0.999946277022 0.00057977518782 54.130416 0.218656 0.218656 0 0 0.172826554246 1408580897.88
0.00937725493719 0.999867391692 0.000114877112387 54.775872 0.2236 0.2236 0 0 0.190446265 1408580898.1
0.0189377254937 0.999952714936 1.87611117833e-05 55.571648 0.226224 0.226224 0 0 0.126314487321 1408580898.3
0.0189937725494 0.999988206533 0.00201327963646 56.155248 0.232464 0.232464 0 0 0.207839785473 1408580898.51
0.0171993772549 0.999686895077 0.00599185309519 56.64088 0.240272 0.240272 0 0 0.25237173915 1408580898.74
0.0179199377255 0.997540515668 0.0114285950463 57.133872 0.247808 0.247808 0 0 0.179800933443 1408580898.97
0.0152919937725 0.994056736969 0.00547185714114 57.532528 0.25664 0.25664 0 0 0.227439465087 1408580899.24
0.0231291993773 0.994956047831 0.00345237729544 58.236368 0.260784 0.260784 0 0 0.0809484484178 1408580899.44
0.0140129199377 0.998458647956 0.00801051057906 59.13232 0.262096 0.262096 0 0 0.0479425408517 1408580899.63
0.0140012919938 0.998713542025 0.0153072765499 59.948096 0.264528 0.264528 0 0 0.0906533707662 1408580899.83
0.0194001291994 0.99589063477 0.011641675354 60.717536 0.2676 0.2676 0 0 0.10995020045 1408580900.01
0.0172400129199 0.993738796748 0.0191969452319 61.409504 0.271696 0.271696 0 0 0.141560739944 1408580900.23
0.019724001292 0.990399081829 0.0283134825571 62.151232 0.27496 0.27496 0 0 0.128550157066 1408580900.44
0.0163724001292 0.984722052362 0.0243695014386 62.82024 0.279104 0.279104 0 0 0.164456248326 1408580900.69
0.0178372400129 0.98427226238 0.0222199822114 63.53296 0.282544 0.282544 0 0 0.143111669268 1408580900.92
0.0215837240013 0.987509445475 0.00414182979449 64.100944 0.287968 0.287968 0 0 0.257856735408 1408580901.15
0.0192583724001 0.993870017756 0.00102335962592 64.754976 0.292256 0.292256 0 0 0.213957718591 1408580901.38
0.01722583724 0.998703273141 0.000348937345688 65.503888 0.294544 0.294544 0 0 0.159099747041 1408580901.58
0.017022583724 0.999454195743 0.00020590176105 66.33632 0.294992 0.294992 0 0 0.103601544226 1408580901.75
0.0098022583724 0.999428093945 9.63387820396e-05 67.179312 0.29544 0.29544 0 0 0.116284664691 1408580901.92
0.0216802258372 0.999942654437 9.71188765489e-06 67.819824 0.297616 0.297616 0 0 0.230232657949 1408580902.12
0.0156680225837 0.999851127542 9.72904046014e-07 68.558576 0.299264 0.299264 0 0 0.169103285706 1408580902.3
0.0159668022584 0.999946980605 9.72968632025e-08 69.25168 0.301472 0.301472 0 0 0.199810321862 1408580902.48
0.0141966802258 0.999994692002 9.73897830652e-09 69.886704 0.303632 0.303632 0 0 0.234366870875 1408580902.66
0.0140196680226 0.999997121599 9.75181346454e-10 70.432192 0.305888 0.305888 0 0 0.287869257387 1408580902.86
0.0149019668023 0.999987066501 9.75181349369e-11 70.85496 0.309296 0.309296 0 0 0.345038429044 1408580903.05
0.0140901966802 0.999961494691 9.75181422667e-12 71.275696 0.312832 0.312832 0 0 0.309422054356 1408580903.25
0.013109019668 0.999992094752 2.41911820655e-11 71.921168 0.314768 0.314768 0 0 0.182347270787 1408580903.43
0.0211109019668 0.999997770062 2.41911820663e-12 72.775552 0.3148 0.3148 0 0 0.0985087137867 1408580903.57
0.0111110901967 0.999999148449 2.41911820663e-13 73.626896 0.3148 0.3148 0 0 0.110829347707 1408580903.75
0.0101111090197 0.999999567516 2.41911820663e-14 74.328448 0.3148 0.3148 0 0 0.205056719464 1408580903.91
0.019011110902 0.999999718987 2.41911820813e-15 75.097984 0.3148 0.3148 0 0 0.161895268199 1408580904.08
0.0226011110902 0.999999781153 6.04098771311e-08 75.736192 0.316368 0.316368 0 0 0.228296580338 1408580904.28
0.018460111109 0.999991830166 0.000395005141951 76.387696 0.319184 0.319184 0 0 0.18927335392 1408580904.48
0.0135460111109 0.999960917689 0.013449367422 76.967264 0.322816 0.322816 0 0 0.206922627886 1408580904.71
0.0121546011111 0.998552480158 0.0181396644987 77.6068 0.326112 0.326112 0 0 0.167550080556 1408580904.92
0.0156154601111 0.993483446863 0.0272752570524 78.179616 0.329744 0.329744 0 0 0.193145059435 1408580905.14
0.0150615460111 0.984047299775 0.0303757179057 78.31136 0.331696 0.331696 0 0 0.26077008344 1408580905.36
0.0114061546011 0.977705716857 0.0130830053904 78.657296 0.331872 0.331872 0 0 0.174663379063 1408580905.56
0.0263406154601 0.981615205646 0.00312710265111 79.26408 0.331872 0.331872 0 0 0.0891146235795 1408580905.77
0.021534061546 0.99085382557 0.000783619532837 80.12256 0.331872 0.331872 0 0 0.0365965007012 1408580905.96
0.0147534061546 0.9979068122 0.000546452734124 80.986592 0.331872 0.331872 0 0 0.0353990173497 1408580906.15
0.0113753406155 0.999565602148 5.54733872012e-05 81.912416 0.331872 0.331872 0 0 0.0262689098386 1408580906.33
0.0101375340615 0.999429748619 0.000140318270798 82.894144 0.331872 0.331872 0 0 0.00741263055889 1408580906.5
0.00641375340615 0.999935509006 0.00314799953135 83.849856 0.331872 0.331872 0 0 0.0211331024264 1408580906.66
0.00874137534062 0.998785713595 0.00111533148216 84.75528 0.331872 0.331872 0 0 0.0526134006521 1408580906.86
0.00447413753406 0.998767975382 0.00206166480346 85.631824 0.331872 0.331872 0 0 0.0691577402919 1408580907.03
0.00674741375341 0.99943631992 0.0139807879338 86.414736 0.331872 0.331872 0 0 0.121069729186 1408580907.18
0.0132747413753 0.998243415824 0.0290761942598 87.042704 0.331872 0.331872 0 0 0.200692608185 1408580907.37
0.0148274741375 0.99319247319 0.0207801495133 87.658096 0.331872 0.331872 0 0 0.184806574693 1408580907.56
0.0239827474138 0.987190556788 0.0187252894295 88.21488 0.331872 0.331872 0 0 0.204164621337 1408580907.75
0.0221982747414 0.98754246526 0.0483102622189 88.769744 0.331872 0.331872 0 0 0.176747771326 1408580907.94
0.0220198274741 0.980912806386 0.0446078792749 89.245632 0.331872 0.331872 0 0 0.191550307726 1408580908.13
0.0211019827474 0.971869954969 0.0675420439391 89.695808 0.334848 0.334848 0 0 0.159799858881 1408580908.35
0.0264101982747 0.959436488535 0.0976122693039 90.066528 0.339648 0.339648 0 0 0.159462581395 1408580908.61
0.0260410198275 0.940828536352 0.0592417702992 89.957408 0.348704 0.348704 0 0 0.299560722866 1408580908.91
0.0314041019827 0.941710327716 0.0408577412855 90.30544 0.353664 0.353664 0 0 0.206632524059 1408580909.15
0.0256404101983 0.953632122081 0.0315405513678 90.478928 0.35936 0.35936 0 0 0.250337217787 1408580909.43
0.0340640410198 0.97147853134 0.0409873537804 90.661632 0.366064 0.366064 0 0 0.307464924191 1408580909.68
0.021406404102 0.981477447488 0.0245445585721 91.15224 0.370176 0.370176 0 0 0.166760529236 1408580909.9
0.0165406404102 0.988928395881 0.0196145681211 91.78744 0.373088 0.373088 0 0 0.114287107568 1408580910.11
0.020554064041 0.991958005558 0.0317131550391 92.314096 0.37688 0.37688 0 0 0.128223166974 1408580910.31
0.0110554064041 0.993282804995 0.0279933597358 93.033696 0.37904 0.37904 0 0 0.0457215700712 1408580910.48
0.0155055406404 0.993895973852 0.0552968767057 93.68656 0.38168 0.38168 0 0 0.0525275641232 1408580910.66
0.020450554064 0.989997393009 0.0554363925712 93.996608 0.387088 0.387088 0 0 0.154614740775 1408580910.87
0.0155450554064 0.979969899834 0.0251628494228 94.851104 0.388016 0.388016 0 0 0.0236460441215 1408580911.07
0.0168545055406 0.980027284361 0.00797636000152 95.774448 0.388464 0.388464 0 0 0.0216314514533 1408580911.28
0.0205854505541 0.980277363795 0.00374670448327 96.668384 0.389136 0.389136 0 0 0.0313019136726 1408580911.47
0.0182585450554 0.98042393389 0.0125361431766 97.433136 0.390752 0.390752 0 0 0.074234502925 1408580911.65
0.0144258545055 0.988384416712 0.0111203512779 98.247696 0.392048 0.392048 0 0 0.0585249040775 1408580911.84
0.0167425854506 0.995120532022 0.00541376707776 98.72064 0.395984 0.395984 0 0 0.185795445921 1408580912.05
0.0160742585451 0.997483509345 0.0133462703738 99.28808 0.399168 0.399168 0 0 0.12112266378 1408580912.23
0.0115074258545 0.996300634086 0.0248321873589 99.764112 0.403024 0.403024 0 0 0.148242459439 1408580912.45
0.0182507425855 0.995232957405 0.0378698969197 100.297168 0.4064 0.4064 0 0 0.0881497088897 1408580912.64
0.0207250742585 0.991282590393 0.0592587132352 100.757392 0.410272 0.410272 0 0 0.0672111607021 1408580912.84
0.0236725074259 0.981742897218 0.0468360247668 100.779344 0.41736 0.41736 0 0 0.157448125302 1408580913.08
0.0203672507426 0.969411350279 0.0592584155579 100.42488 0.427136 0.427136 0 0 0.152519420797 1408580913.35
0.0272367250743 0.958807510467 0.0481071109932 100.197296 0.435888 0.435888 0 0 0.132827365402 1408580913.62
0.0324236725074 0.961458503216 0.0405458042108 99.76296 0.44608 0.44608 0 0 0.209590961275 1408580913.91
0.0203423672507 0.973048988545 0.0837499797103 100.389232 0.448592 0.448592 0 0 0.0248118709634 1408580914.12
0.0245342367251 0.970044039106 0.0857889682868 100.407824 0.455424 0.455424 0 0 0.0911700127536 1408580914.38
0.0330534236725 0.956903741528 0.0462454929636 100.433296 0.459872 0.459872 0 0 0.0851983540743 1408580914.61
0.0294053423673 0.961547035431 0.0295310839988 100.883488 0.461472 0.461472 0 0 0.0935196311473 1408580914.82
0.0272405342367 0.97353665761 0.0528835872584 101.299904 0.462848 0.462848 0 0 0.125980486629 1408580915.03
0.0180240534237 0.976482490622 0.0465034809222 101.441968 0.4652 0.4652 0 0 0.235948829795 1408580915.25
0.0207024053424 0.975983458346 0.0218706911995 101.135216 0.468192 0.468192 0 0 0.389581397187 1408580915.47
0.0128702405342 0.983158113218 0.0224151476083 101.822416 0.469024 0.469024 0 0 0.131262507351 1408580915.67
0.0237870240534 0.989573921618 0.0141606854841 102.182144 0.469024 0.469024 0 0 0.168676761007 1408580915.87
0.0140787024053 0.994648102176 0.00920900045305 102.984864 0.469024 0.469024 0 0 0.033691578708 1408580916.06
0.0230078702405 0.99761774136 0.00102642369161 103.797984 0.469024 0.469024 0 0 0.0417017378125 1408580916.23
0.0167007870241 0.999761653352 0.00012146396909 104.564384 0.469024 0.469024 0 0 0.0816278418007 1408580916.42
0.0160700787024 0.999713580017 1.31366424529e-05 105.262976 0.469024 0.469024 0 0 0.137614771972 1408580916.59
0.0133070078702 0.99995706478 1.31366492024e-06 105.910128 0.469024 0.469024 0 0 0.17594508647 1408580916.78
0.00853070078702 0.99987128038 1.31366492024e-07 106.551872 0.469024 0.469024 0 0 0.189184617514 1408580916.96
0.0134530700787 0.99982311295 1.31366492024e-08 107.39288 0.469024 0.469024 0 0 0.0528189815539 1408580917.14
0.0121453070079 0.999976272719 1.31366492024e-09 108.221472 0.469024 0.469024 0 0 0.060349377103 1408580917.31
0.0156145307008 0.999996701924 3.70029805469e-10 108.803376 0.470032 0.470032 0 0 0.125254696767 1408580917.49
0.0114614530701 0.999999375239 6.97743817587e-07 109.305152 0.471936 0.471936 0 0 0.200263697121 1408580917.67
0.012846145307 0.999992012911 9.92923857409e-05 109.662336 0.475072 0.475072 0 0 0.265260221029 1408580917.88
0.0120846145307 0.999950800955 0.000676307020808 109.832832 0.479424 0.479424 0 0 0.333035758067 1408580918.08
0.0111084614531 0.999927392721 0.00439809970981 110.07504 0.483056 0.483056 0 0 0.328270998786 1408580918.27
0.0164108461453 0.999091360444 0.00272787943882 109.95408 0.487776 0.487776 0 0 0.496012718621 1408580918.49
0.0178410846145 0.998950609472 0.0070528035997 110.425296 0.488448 0.488448 0 0 0.186232892467 1408580918.67
0.0161841084615 0.99802000491 0.0224734554024 111.08232 0.48944 0.48944 0 0 0.0651600330344 1408580918.85
0.0151184108461 0.993012101254 0.0284214460795 111.326736 0.491536 0.491536 0 0 0.142234645904 1408580919.04
0.0231118410846 0.984730643312 0.0376685524858 111.542288 0.49376 0.49376 0 0 0.107662551126 1408580919.26
0.0185111841085 0.975617241269 0.0237056461125 111.460016 0.499392 0.499392 0 0 0.174820666597 1408580919.49
0.0279511184108 0.980159500069 0.0500175003046 111.885248 0.50272 0.50272 0 0 0.122949911503 1408580919.7
0.0189951118411 0.97568039286 0.0416386907713 112.747728 0.50344 0.50344 0 0 0.0326573601218 1408580919.9
0.00999951118411 0.972449369334 0.0781827366279 113.434368 0.505216 0.505216 0 0 0.0934016949041 1408580920.08
0.0153999511184 0.962293948409 0.0742137770052 113.74216 0.509184 0.509184 0 0 0.217914504272 1408580920.3
0.0177399951118 0.951391650872 0.069145637212 114.13968 0.51256 0.51256 0 0 0.198577778316 1408580920.53
0.0332739995112 0.947902105701 0.0740947035508 114.62248 0.515328 0.515328 0 0 0.165466282555 1408580920.76
0.0267273999511 0.948504972465 0.059860945546 115.114608 0.517792 0.517792 0 0 0.146460024764 1408580920.99
0.0314727399951 0.957717917942 0.0273357362621 115.81568 0.519072 0.519072 0 0 0.110371772909 1408580921.21
0.0148472739995 0.974143697503 0.02170122639 115.920832 0.523872 0.523872 0 0 0.285230143341 1408580921.45
0.0176847274 0.987992367157 0.0147049605247 116.270272 0.5272 0.5272 0 0 0.249810780849 1408580921.67
0.02066847274 0.995495013069 0.00984585848014 117.17504 0.527472 0.527472 0 0 0.0364900801781 1408580921.86
0.015566847274 0.997907889852 0.0377053148576 118.106944 0.527776 0.527776 0 0 0.00927046659366 1408580922.04
0.0114566847274 0.996423990997 0.0363408327813 118.906768 0.528832 0.528832 0 0 0.0286502354021 1408580922.21
0.0146456684727 0.994816416759 0.0351373722152 119.833744 0.529136 0.529136 0 0 0.00884893412515 1408580922.37
0.0176645668473 0.989208794424 0.0496886768863 120.684896 0.529696 0.529696 0 0 0.0191594798423 1408580922.56
0.0233664566847 0.979734952981 0.0750133926605 121.27096 0.531776 0.531776 0 0 0.0467740913666 1408580922.76
0.0194366456685 0.96298407018 0.122838262668 121.077728 0.53808 0.53808 0 0 0.111662307646 1408580923.03
0.0199436645668 0.94283580984 0.137398254144 122.05048 0.538144 0.538144 0 0 0.00309318816218 1408580923.2
0.0154943664567 0.91285696065 0.119326008754 123.00016 0.538144 0.538144 0 0 0.00547569457924 1408580923.4
0.0150494366457 0.903179511758 0.102074354728 123.897056 0.538144 0.538144 0 0 0.00986689150045 1408580923.61
0.0231049436646 0.91590235671 0.110215505163 124.73296 0.538144 0.538144 0 0 0.0111822294668 1408580923.82
0.0266104943665 0.929254281362 0.0825821754773 125.454768 0.538144 0.538144 0 0 0.0120255307802 1408580924.05
0.0197610494366 0.947805594613 0.074507075534 126.323056 0.538144 0.538144 0 0 0.0087159991675 1408580924.23
0.0289761049437 0.958777169515 0.0777384230892 126.939312 0.538144 0.538144 0 0 0.026052142793 1408580924.43
0.0226976104944 0.959932529566 0.0540182576847 127.537488 0.538144 0.538144 0 0 0.0278026504593 1408580924.62
0.0202697610494 0.966191863712 0.0334627819152 127.768288 0.538144 0.538144 0 0 0.0936744379893 1408580924.82
0.0254269761049 0.977359149811 0.0223016775762 127.851072 0.538144 0.538144 0 0 0.118178309921 1408580925.01
0.0187426976105 0.989392198032 0.0116842261062 128.527936 0.538144 0.538144 0 0 0.0476181078847 1408580925.2
0.025274269761 0.996554597634 0.00349825868766 128.9576 0.539568 0.539568 0 0 0.12858008931 1408580925.38
0.0205274269761 0.999552300886 0.00536328238015 129.199152 0.542528 0.542528 0 0 0.233555631181 1408580925.58
0.0137527426976 0.999771547903 0.0115925574335 128.922256 0.548272 0.548272 0 0 0.433194724662 1408580925.8
0.0112752742698 0.99856804042 0.0169738059849 129.215856 0.55176 0.55176 0 0 0.177084829178 1408580926.03
0.024527527427 0.993521257883 0.009108435988 129.495552 0.555216 0.555216 0 0 0.232530141894 1408580926.25
0.0177527527427 0.992883490717 0.00475112148012 130.108832 0.556064 0.556064 0 0 0.187001848065 1408580926.42
0.0143752752743 0.996604957343 0.0114969437477 131.089936 0.556064 0.556064 0 0 0.00761122343053 1408580926.59
0.0113375275274 0.997635171163 0.0528691134146 131.896944 0.556928 0.556928 0 0 0.0348035634204 1408580926.77
0.0209337527527 0.995014212716 0.0681561001724 132.129872 0.56056 0.56056 0 0 0.13230116747 1408580926.98
0.0236933752753 0.987482664054 0.0215852871413 131.78744 0.565824 0.565824 0 0 0.264768151911 1408580927.2
0.0194693375275 0.985737681204 0.0147473793858 131.282128 0.568576 0.568576 0 0 0.363718531611 1408580927.4
0.0244469337528 0.989585364252 0.0247281915535 131.083232 0.572128 0.572128 0 0 0.196445431328 1408580927.65
0.0204446933753 0.990433127145 0.0166712511205 131.108496 0.57608 0.57608 0 0 0.153695417363 1408580927.87
0.0182444693375 0.99176413823 0.00496260336056 131.319568 0.579312 0.579312 0 0 0.155412123865 1408580928.09
0.0180244469338 0.996384110324 0.00151055190431 131.284928 0.583664 0.583664 0 0 0.282670034861 1408580928.3
0.00900244469338 0.999617303631 0.00289024631605 131.104992 0.588672 0.588672 0 0 0.430363435058 1408580928.52
0.0207002444693 0.999957304222 0.0149499021581 130.589088 0.59456 0.59456 0 0 0.577189604627 1408580928.74
0.0173700244469 0.999437794148 0.0045973083833 129.812464 0.60048 0.60048 0 0 0.692902724761 1408580928.99
0.0188370024447 0.998592280802 0.00219298826485 129.531728 0.602816 0.602816 0 0 0.503072556805 1408580929.18
0.0108837002445 0.998767612188 0.0018904058558 129.478608 0.605344 0.605344 0 0 0.320176234162 1408580929.37
0.0136883700244 0.999597321234 0.00202247218236 129.65248 0.60816 0.60816 0 0 0.250897044962 1408580929.57
0.0166688370024 0.999828742156 0.0111175946 129.707456 0.612416 0.612416 0 0 0.307361648764 1408580929.77
0.0151668837002 0.998580505991 0.0138738889651 129.980096 0.614064 0.614064 0 0 0.180231037371 1408580929.98
0.01591668837 0.994602806921 0.0254858667825 129.7136 0.619344 0.619344 0 0 0.325297692516 1408580930.21
0.015091668837 0.985078010239 0.0366809934601 129.529376 0.623648 0.623648 0 0 0.230505597512 1408580930.43
0.0204091668837 0.974443469101 0.0426590588586 130.1396 0.624736 0.624736 0 0 0.0673257980602 1408580930.64
0.0290409166884 0.969237187786 0.0457264780965 130.486768 0.627568 0.627568 0 0 0.192470651149 1408580930.86
0.0263040916688 0.968776307933 0.0688872607609 131.08072 0.629104 0.629104 0 0 0.0971531340123 1408580931.08
0.0251304091669 0.963507851177 0.0701862525709 131.08064 0.633424 0.633424 0 0 0.2739431075 1408580931.31
0.0232130409167 0.956321148451 0.0570686521929 131.62944 0.635216 0.635216 0 0 0.121285983209 1408580931.54
0.0212213040917 0.95770018891 0.044192284017 131.484832 0.640096 0.640096 0 0 0.283818405178 1408580931.76
0.0255221304092 0.967960481641 0.0467179190824 130.957904 0.646656 0.646656 0 0 0.381481453431 1408580932.01
0.0250522130409 0.974345075251 0.0354842469914 131.173744 0.649904 0.649904 0 0 0.250238101911 1408580932.23
0.0349052213041 0.978981167625 0.0267457447914 131.55 0.6524 0.6524 0 0 0.22547655969 1408580932.45
0.0232905221304 0.985807907776 0.0203454100624 131.647248 0.656144 0.656144 0 0 0.344915931076 1408580932.66
0.024829052213 0.990502695068 0.010773032938 132.17432 0.65792 0.65792 0 0 0.190817707676 1408580932.85
0.0141829052213 0.995514018412 0.0124102544226 132.0072 0.662832 0.662832 0 0 0.436829105455 1408580933.09
0.0185182905221 0.996899872011 0.0187385998836 132.091296 0.666576 0.666576 0 0 0.433078694931 1408580933.31
0.0135518290522 0.993839795052 0.0287006312709 131.539776 0.673152 0.673152 0 0 0.651864454873 1408580933.57
0.0175551829052 0.986182830924 0.040580746763 131.356336 0.678096 0.678096 0 0 0.440328687577 1408580933.8
0.0197555182905 0.974987845047 0.0404170117632 130.539248 0.685728 0.685728 0 0 0.434816210558 1408580934.06
0.0244755518291 0.968885501377 0.0196016791815 129.82536 0.69288 0.69288 0 0 0.198867316156 1408580934.31
0.0285475551829 0.976155273836 0.0209160850702 129.054928 0.700256 0.700256 0 0 0.345298049603 1408580934.58
0.0118547555183 0.986497902957 0.0671789738459 129.909488 0.7008 0.7008 0 0 0.0133834147955 1408580934.76
0.0119854755518 0.984424409577 0.0670223535236 130.136352 0.703968 0.703968 0 0 0.0908157125898 1408580934.97
0.0209985475552 0.974935750122 0.0182813981257 129.923504 0.708944 0.708944 0 0 0.183875005066 1408580935.19
0.0209998547555 0.977400300502 0.0116602082019 129.47 0.714896 0.714896 0 0 0.19740746991 1408580935.43
0.0110999854756 0.98624003685 0.00507581610532 130.24456 0.715776 0.715776 0 0 0.0270219510181 1408580935.63
0.0155099985476 0.994908085329 0.00161965093735 130.748832 0.71776 0.71776 0 0 0.0991501591269 1408580935.84
0.0105509998548 0.999415758023 0.000163938478332 130.995184 0.7208 0.7208 0 0 0.25522035892 1408580936.05
0.00555509998548 0.999397399099 9.98434945802e-05 131.565392 0.722512 0.722512 0 0 0.135878657195 1408580936.23
0.0113555099985 0.999766601724 0.00046081936482 132.268336 0.723696 0.723696 0 0 0.106687908854 1408580936.38
0.00833555099985 0.999932915238 0.00458922206369 132.998704 0.724752 0.724752 0 0 0.082503927817 1408580936.54
0.00803355509999 0.999438970934 0.0103107659315 133.521168 0.72664 0.72664 0 0 0.143891919412 1408580936.73
0.00980335551 0.996010992677 0.0274701264754 133.272112 0.7316 0.7316 0 0 0.407424102309 1408580936.93
