0.0315 0.886544592582 1.38953943933e-06 -4670157.73442
0.03915 0.981632126696 2.11195943949e-07 -4670156.79362
0.045315 0.994926291776 3.17044466846e-06 -4670155.87804
0.0549315 0.998753064536 3.82443477567e-07 -4670154.97352
0.06219315 0.999868833798 3.9497310215e-08 -4670154.09205
0.063819315 0.999986865648 3.94975321639e-09 -4670153.17416
0.0630819315 0.999998668833 3.94975321818e-10 -4670152.29832
0.06570819315 0.999993394228 3.94975321825e-11 -4670151.50178
0.074070819315 0.999992866768 3.94975321825e-12 -4670150.64508
0.0641070819315 0.999999268945 3.94975321825e-13 -4670149.8621
0.0595107081931 0.999999909163 3.94975321825e-14 -4670149.16386
0.0554510708193 0.999993518261 3.94975321825e-15 -4670148.3126
0.0703451070819 0.999999334094 3.94975321825e-16 -4670147.56341
0.0862345107082 0.999993460754 3.94975321825e-17 -4670146.73781
0.0626234510708 0.99999287342 3.94975321825e-18 -4670145.92047
0.0692623451071 0.999992814687 3.94975321825e-19 -4670145.12764
0.0690262345107 0.999999263737 2.84857174853e-15 -4670144.55138
0.0780026234511 0.999999908642 4.21065439644e-15 -4670143.77
0.0699002623451 0.999993518209 4.21065543871e-16 -4670142.93935
0.0609900262345 0.999999334089 4.21065543871e-17 -4670142.16098
0.0663990026235 0.999999915677 4.21065543871e-18 -4670141.48149
0.0741399002623 0.999999973836 4.21065543871e-19 -4670140.66818
0.0641139900262 0.999993524728 4.21065543871e-20 -4670140.06434
0.0685113990026 0.999999334741 4.21065543871e-21 -4670139.65397
0.0572511399003 0.999993460819 4.21065543871e-22 -4670139.08994
0.06152511399 0.99999932835 4.28966687852e-23 -4670138.4381
0.060152511399 0.99999346018 1.183400942e-10 -4670137.96821
0.0699152511399 0.999992873363 1.94900729938e-05 -4670137.47228
0.056491525114 0.999999269604 0.000529591252461 -4670136.97218
0.0632491525114 0.999965649847 0.00284627107968 -4670136.22767
0.0594249152511 0.999580870185 0.00223746588985 -4670135.78274
0.0581424915251 0.999640216906 0.000364098950386 -4670135.35055
0.0589142491525 0.999957549035 3.65226366092e-05 -4670134.64629
0.0625914249153 0.999989282248 3.65226370004e-06 -4670133.95644
0.0557591424915 0.99999245557 3.65226370004e-07 -4670133.24655
0.0604759142492 0.999999227825 3.65226370004e-08 -4670132.86248
0.0645475914249 0.999999905051 3.65226370004e-09 -4670132.42767
0.0685547591425 0.99999351785 3.65226370004e-10 -4670132.01039
0.0689554759142 0.99999287913 5.54312944074e-11 -4670131.99023
0.0698955475914 0.999999270181 2.71843181219e-05 -4670131.49749
0.0528895547591 0.999999909286 0.00475113824813 -4670130.9732
0.0772889554759 0.999432854975 0.0348187051007 -4670130.72495
0.0824288955476 0.99705802113 0.0983404838016 -4670130.20853
0.0937428895548 0.992727773932 0.112434970123 -4670129.96808
0.0777742889555 0.986451697746 0.0656749742302 -4670130.36098
0.0842774288955 0.979429377267 0.011536859096 -4670130.96085
0.0894277428896 0.986005183316 0.0141519132189 -4670130.69493
0.070142774289 0.990216581221 0.0788151649712 -4670131.05346
0.0736142774289 0.98338069635 0.178245592031 -4670131.56124
0.0874614277429 0.975744637759 0.0950060519671 -4670131.10549
0.113146142774 0.963816866736 0.0422845655386 -4670130.8436
0.119314614277 0.973788254797 0.123198901452 -4670131.52828
0.109131461428 0.96362122844 0.0394258482215 -4670131.12949
0.108113146143 0.973768690968 0.11813513904 -4670131.57052
0.124211314614 0.965200714878 0.0409750261688 -3322971.51619
0.107821131461 0.973926639612 0.00773300278719 -3322971.36067
0.101682113146 0.981751702189 0.000834555319665 -3322971.13558
0.0974682113146 0.989068243769 8.34727198231e-05 -3322970.56944
0.0862468211315 0.995066885372 8.34727198232e-06 -3322970.20476
0.0725246821131 0.998464724336 8.34727198232e-07 -3322969.69827
0.0675524682113 0.999839999778 8.34727198232e-08 -3322969.14652
0.0598552468211 0.999983982246 8.34727198232e-09 -3322968.4783
0.0563855246821 0.999998380493 8.34727198232e-10 -3322968.07907
0.0722385524682 0.999999820317 8.34727198232e-11 -3322968.30691
0.0612238552468 0.999993509376 8.34727198232e-12 -3322968.5983
0.0619223855247 0.999992878282 8.34727198232e-13 -3322969.13283
0.0637922385525 0.999992815173 8.34727198232e-14 -3322969.15868
0.0630792238552 0.999992808862 8.34727198233e-15 -3322969.15523
0.0684079223855 0.999999263154 1.08253711709e-10 -3322968.8543
0.0725407922386 0.999999908584 2.08774100793e-05 -3322969.41948
0.0486540792239 0.999999973127 3.12054204453e-05 -3322969.51036
0.0480654079224 0.999999979581 3.12539201887e-06 -3322969.18627
0.0669065407922 0.999999980226 3.12539201971e-07 -3322968.72041
0.0570906540792 0.999999980291 3.12539201971e-08 -3322968.19945
0.0570090654079 0.999999980297 3.12539201971e-09 -3322967.55548
0.0579009065408 0.999993525374 3.12539201971e-10 -3322967.18825
0.0606900906541 0.999992879882 3.12539201971e-11 -3322966.6463
0.0654690090654 0.999992815333 3.12539201971e-12 -3322966.04291
0.0623469009065 0.999992808878 7.55117833176e-13 -3322965.52688
0.0674346900907 0.999992808233 3.43454212375e-06 -3322965.10595
0.0715434690091 0.999999263091 0.00038751337127 -3322964.42761
0.0791543469009 0.999993453654 8.67794135957e-05 -3322964.19228
0.0646154346901 0.99999287271 0.00507253039131 -3322963.77724
0.069461543469 0.999111312961 0.0181631343772 -3322963.21852
0.0735461543469 0.996771144011 0.0459793905013 -3322962.90467
0.0865546154347 0.99234052422 0.083790100016 -3322963.07209
0.0977554615435 0.985037198012 0.101341429591 -3322964.29168
0.106075546154 0.977632053849 0.0951818822306 -3322965.47331
0.102407554615 0.966111732468 0.0549810080655 -3322966.87139
0.124540755462 0.96495970033 0.145363783091 -3322966.75632
0.116854075546 0.953681581846 0.258461893727 -3322967.65283
0.133185407555 0.939850531667 0.308061604848 -3322967.89148
0.156418540755 0.926774019016 0.284104050123 -3322968.18512
0.162341854076 0.910239907867 0.260186963309 -3322967.94486
0.186334185408 0.89206196181 0.256385435709 -3322968.43017
0.178833418541 0.8725120518 0.225929226761 -3322969.03164
0.204183341854 0.863337259761 0.133946729433 -3322969.37392
0.193218334185 0.88391888901 0.0768783342469 -3322968.87875
0.168721833419 0.902750518591 0.0293184766517 -3322968.53609
0.150972183342 0.920126722088 0.00513245835275 -3322967.94704
0.115897218334 0.935991156094 0.000911908609123 -3322967.40944
0.0943897218334 0.94836508363 0.0160959373519 -3322966.96393
0.116538972183 0.962660354145 0.0965192856566 -3322966.31523
0.125053897218 0.951032003435 0.187602823459 -3322966.69308
0.139405389722 0.936866374995 0.211452887465 -3322966.90428
0.144440538972 0.920995235617 0.184179152088 -3322967.21545
0.163844053897 0.906458153252 0.135185538585 -3322968.25596
0.15498440539 0.911360255515 0.0816187269777 -3322968.76092
0.153198440539 0.926806960573 0.0249663890684 -3322970.20611
0.173719844054 0.93982355171 0.00360747599473 -3322971.47811
0.136171984405 0.955293649561 0.000364472830362 -3322971.07024
0.121617198441 0.967379349331 0.000284777037365 -3322970.75465
0.121061719844 0.97635814697 0.0115725237334 -3322970.5455
0.103006171984 0.985698060286 0.039636243339 -3322969.807
0.115600617198 0.979837012719 0.0887454141048 -3322970.37052
0.11596006172 0.970351302789 0.181230185192 -359217.12071
0.144796006172 0.958874565946 0.268534915263 24.685888
0.148579600617 0.945631468162 0.328817510571 24.818752
0.136357960062 0.933060079033 0.311700356956 25.162752
0.149535796006 0.917119743316 0.352397888309 25.803648
0.167053579601 0.899509860485 0.256034156492 26.273152
0.16070535796 0.880488582841 0.129795059717 24.416832
0.137570535796 0.895846744438 0.0570113661434 23.775552
0.13525705358 0.913398409857 0.0137910615639 23.40576
0.145825705358 0.927490966494 0.00168440497946 22.84768
0.145082570536 0.944514626142 0.000404253418005 23.272896
0.128808257054 0.957996068897 4.1907440695e-05 23.639744
0.126280825705 0.969566578714 6.03207554233e-06 22.796992
0.121528082571 0.978223864561 1.63957000408e-05 21.424192
0.0985528082571 0.987137597745 0.000162243181008 21.92544
0.0809552808257 0.993264477555 3.15440735811e-05 22.593984
0.0800955280826 0.997047374984 3.15874895382e-06 22.132608
0.0701095528083 0.999496189863 3.15874895405e-07 22.202816
0.0790109552808 0.999949601255 3.15874895405e-08 22.882624
0.0745010955281 0.99998848747 3.15874895405e-09 23.480832
0.0515501095528 0.999992376092 3.15874895405e-10 24.09344
0.0708550109553 0.999992764954 3.15874895405e-11 24.740416
0.0772855010955 0.999999258764 3.15874895405e-12 25.168
0.0770285501096 0.999999908145 3.15874895405e-13 25.63104
0.059902855011 0.999993518159 3.15874895405e-14 26.230208
0.0590902855011 0.999992879161 3.15874895405e-15 26.719168
0.0653090285501 0.999992815261 6.58582808806e-14 27.210752
0.073130902855 0.999999263794 2.44106197831e-06 27.281536
0.0658130902855 0.999993453724 7.41633762563e-06 27.7856
0.0605813090286 0.999999327641 2.41931318052e-05 28.448
0.0699581309029 0.999999915032 2.44759965529e-06 29.134208
0.0627958130903 0.999999973771 2.44760039446e-07 29.89504
0.071979581309 0.999993524722 2.44760039446e-08 30.61344
0.0665979581309 0.99999933474 2.44760039446e-09 31.388736
0.0579597958131 0.999993460819 2.44760039446e-10 31.994368
0.0525959795813 0.999992873427 2.44760039446e-11 32.549248
0.0628595979581 0.999992814687 2.44760039446e-12 33.223744
0.0746859597958 0.999999263737 2.44760039446e-13 33.586496
0.0641685959796 0.999993453718 3.09539984584e-14 34.2496
0.044216859598 0.99999932764 1.00176300238e-07 35.02208
0.0449216859598 0.999999915032 0.000280800321949 35.806784
0.059392168596 0.999993518848 0.0100790756748 35.891968
0.0509392168596 0.998957387684 0.036653748751 35.82592
0.051893921686 0.996055799764 0.0607682266425 36.301632
0.0474893921686 0.991221642866 0.0944612183873 37.034304
0.0326489392169 0.983481202514 0.149282792828 37.680128
0.0635648939217 0.974474124585 0.204298331887 37.95008
0.0684564893922 0.96527125824 0.232841112011 37.836672
0.122045648939 0.951293093845 0.325028312379 36.187968
0.137304564894 0.93910779327 0.403057927452 35.7792
0.158630456489 0.921219377444 0.37463549103 33.209408
0.170663045649 0.919430535862 0.41059275378 33.751616
0.164666304565 0.906301683276 0.38206366715 32.816896
0.162266630456 0.888215331361 0.296585690771 32.225088
0.172826663046 0.88640669617 0.339158444329 32.729984
0.176582666305 0.868263526286 0.248862300649 31.669312
0.17785826663 0.866449209297 0.274144737699 31.962752
0.180685826663 0.8472131727 0.172241446873 30.622848
0.152168582666 0.864344173939 0.0885405126854 29.913024
0.132216858267 0.880812981787 0.0288600125815 28.40288
0.138321685827 0.882459862572 0.0299792664433 28.861568
0.162332168583 0.902604615947 0.00854942277745 29.422144
0.180033216858 0.920112131824 0.0011389557159 29.617152
0.145803321686 0.933774387834 0.00376188789266 29.634496
0.124380332169 0.950037284478 0.04612886404 30.290816
0.122238033217 0.962827574229 0.119100584473 30.90336
0.144523803322 0.952942603118 0.200804710296 31.16
0.138652380332 0.939272744197 0.224208892673 30.147136
0.156065238033 0.923778944649 0.16741173022 28.579904
0.170406523803 0.909940400431 0.124168678537 28.260864
0.15834065238 0.91830263816 0.060727324487 27.386176
0.148134065238 0.933593438467 0.0186570556244 27.631616
0.127313406524 0.950019189541 0.00248574928809 26.795072
0.102731340652 0.962825764736 0.0108339372565 26.758848
0.129973134065 0.972408580807 0.0746270183567 27.198464
0.130897313407 0.963483261041 0.172465585257 27.43488
0.126489731341 0.951114294125 0.2854915505 27.276736
0.144048973134 0.939089913298 0.37589746918 27.155648
0.138604897313 0.921217589447 0.391117259382 27.1712
0.151560489731 0.906480388635 0.322416935295 25.62176
0.142056048973 0.888233201897 0.199173074421 25.215744
0.154605604897 0.882908105777 0.0910772577472 24.664832
0.14956056049 0.896453442474 0.0286569828766 24.2752
0.142756056049 0.913895904355 0.00464160916831 24.202752
0.114175605605 0.932655913358 0.000481732226065 23.089472
0.13471756056 0.945550835277 0.000177212108009 23.555328
0.116071756056 0.958627621016 1.78159663908e-05 23.62656
0.107907175606 0.970142374724 1.91203976374e-06 24.346368
0.107990717561 0.980910990174 1.91210968285e-07 23.848192
0.107999071756 0.987815284921 1.91210968289e-08 22.978752
0.0881999071756 0.99365223724 1.91220423417e-09 22.498496
0.0925199907176 0.997621178794 1.9058844787e-09 23.129728
0.0749519990718 0.999621881531 2.24305169983e-10 23.671296
0.0740951999072 0.999962170421 2.24305169983e-11 24.03232
0.0758095199907 0.999989744387 2.24305169983e-12 24.203712
0.0660809519991 0.999992501783 2.24305169983e-13 24.702912
0.0759080951999 0.999992777523 2.24305169983e-14 25.018048
0.07869080952 0.99999926002 2.24305169983e-15 25.532416
0.061869080952 0.999993453347 2.24305169983e-16 26.103808
0.0637869080952 0.999999327603 2.24305169983e-17 26.431872
0.0828786908095 0.999999915028 3.77562999968e-13 26.737216
0.068587869081 0.999999973771 5.61163002806e-06 27.227008
0.0536587869081 0.999999979645 0.00213424903053 28.105408
0.0629658786908 0.999791450329 0.00103912502469 28.981312
0.0467965878691 0.999907015507 0.000161406622352 29.71488
0.0478796587869 0.999984228895 1.61661915931e-05 30.411584
0.0461879658787 0.999998405158 1.61661915931e-06 31.128064
0.0523187965879 0.999993367861 1.61661915931e-07 31.718528
0.0610318796588 0.999999319054 1.61661915931e-08 32.20096
0.0718031879659 0.99999345925 1.61661915955e-09 32.727488
0.0683803187966 0.999999328193 2.61366833481e-10 32.998272
0.0662380318797 0.999993460164 3.20095302722e-06 33.430976
0.074123803188 0.999992873361 0.000876742175718 33.743744
0.0731123803188 0.999859050987 0.0169684687571 33.622656
0.0775112380319 0.998241860169 0.072553904874 33.600832
0.0779511238032 0.995214421684 0.173601967389 33.773248
0.10409511238 0.99002135169 0.297937508014 33.553344
0.109409511238 0.981849074764 0.410646400198 32.8208
0.115340951124 0.972464520099 0.476893213485 32.054464
0.115034095112 0.962962074925 0.501648465417 32.524928
0.121303409511 0.950538979652 0.456790932896 33.156096
0.113830340951 0.93403977879 0.349282257518 32.826624
0.135583034095 0.920263682349 0.211736807062 32.71456
0.13505830341 0.900189000132 0.117008513678 30.60448
0.149405830341 0.91426946012 0.159696348121 28.636224
0.173340583034 0.906181449702 0.196167129745 25.446528
0.175734058303 0.891656115994 0.124171485964 22.381952
0.15617340583 0.903920115289 0.0571795190897 20.291136
0.150617340583 0.92070383368 0.0203200639768 17.697216
0.149161734058 0.93655275685 0.00354812029882 16.544576
0.127416173406 0.950840887498 0.000369104494134 17.010944
0.138741617341 0.963432615833 3.69108186838e-05 17.595648
0.131774161734 0.974249605123 3.69108186838e-06 18.129856
0.115777416173 0.983228106102 3.69108186838e-07 18.72832
0.0862777416173 0.990315233164 3.69108186838e-08 19.251456
