0.1242 0.886927655475 0.0 -1975832.4837
0.16542 0.981362758031 0.0 -179619.569803
0.210942 0.995114717812 0.0 -89808.2508854
0.2505942 0.99851597462 0.0 -89807.6604214
0.29505942 0.999751707649 0.0 3.4512
0.295905942 0.999970849751 0.0 3.912512
0.3418905942 0.999992763961 0.0 4.351808
0.37708905942 0.999996031203 0.0 4.6
0.369808905942 0.999996357927 0.0 4.752
0.360980890594 0.999995314779 0.0 4.846016
0.363698089059 0.999997362105 6.2943304867e-280 4.885952
0.350469808906 0.999995415196 2.99332407356e-90 5.1232
0.358146980891 0.999997372147 4.68590302158e-31 4.968704
0.379614698089 0.999997567842 2.12454249102e-14 4.777664
0.351161469809 0.999998663232 7.49489926329e-07 4.620416
0.359116146981 0.999995545309 0.000486006236728 4.73504
0.350011614698 0.999941412046 0.00584400780092 4.988352
0.38960116147 0.999377321558 0.015163110257 5.128832
0.407960116147 0.9990470047 0.0317423500293 4.943808
0.396296011615 0.998188822549 0.0356213396465 4.527424
0.396929601161 0.996957872436 0.0181483216308 3.773184
0.370892960116 0.995630172377 0.00389307618082 3.374976
0.397089296012 0.99670308324 0.0144661736904 3.456256
0.400608929601 0.995605769278 0.00593954336581 3.49888
0.37036089296 0.996699567109 0.00126128416925 3.595008
0.376336089296 0.997956230431 0.000146396654447 3.607872
0.38143360893 0.99893749893 1.5167218124e-05 3.761728
0.394543360893 0.9995998335 3.13077461856e-05 3.883264
0.343654336089 0.999936595849 0.00131151738088 3.761408
0.363765433609 0.999748003373 0.00681808712872 3.672
0.394576543361 0.999203264044 0.0193243079999 3.596864
0.407557654336 0.998205524304 0.0356371073404 3.415616
0.370155765434 0.996958466791 0.0213181272319 3.380736
0.379015576543 0.995405873211 0.00533880690089 3.433664
0.362801557654 0.996853470533 0.0008145400453 3.401408
0.357580155765 0.998096604761 8.92336120745e-05 3.52384
0.375058015577 0.999038124182 0.000606726646351 3.481344
0.355205801558 0.999559072269 0.00575135499187 3.547648
0.359520580156 0.999607464831 0.016483907171 3.83552
0.328452058016 0.999051442183 0.0334090832332 4.085568
0.330745205802 0.997983983966 0.0534235483377 4.455488
0.36337452058 0.996856380948 0.06074949636 4.579712
0.378337452058 0.995309148673 0.0575527274334 4.739584
0.364533745206 0.993450697856 0.0330329268188 4.917312
0.370353374521 0.990965829475 0.0201515152659 4.892032
0.410535337452 0.989754269716 0.00615676100974 4.73824
0.440653533745 0.991747749862 0.0011017858778 4.672896
0.431065353375 0.993809916199 0.000116159136087 4.893184
0.401306535337 0.995613253223 1.16167217834e-05 4.93376
0.390230653534 0.996950180301 1.16167218895e-06 4.504896
0.363023065353 0.99829445294 1.16167218895e-07 4.29856
0.347702306535 0.999184061581 1.16167218895e-08 3.889664
0.349770230654 0.999701779164 1.16167218895e-09 3.430144
0.335577023065 0.999965856902 1.16167218895e-10 3.555136
0.335057702307 0.999995492138 1.16167218895e-11 3.763968
0.340405770231 0.99999630402 1.16167218895e-12 3.973632
0.362540577023 0.999997461029 1.16167225023e-13 4.230144
0.381854057702 0.999996500909 2.37213047676e-09 4.195968
0.40448540577 0.999994253256 2.78291596205e-05 4.23392
0.356348540577 0.999997255953 0.00167778134812 4.410496
0.356934854058 0.9998517151 0.00941691778032 4.390848
0.357893485406 0.999389259242 0.021086700104 4.308864
0.359789348541 0.998601087445 0.038703845133 3.970496
0.396878934854 0.997490724105 0.0462327619721 3.839872
0.364587893485 0.996062478275 0.0333863921322 3.485568
0.408158789349 0.994581137252 0.0154889519995 3.057216
0.387315878935 0.993007829706 0.00394732268871 3.001984
0.369931587893 0.994361534723 0.0005261932298 3.172224
0.372693158789 0.996229203329 5.33402945181e-05 3.385216
0.357669315879 0.997481755666 5.33403082823e-06 3.364928
0.357966931588 0.998685217438 5.33403082823e-07 3.43296
0.346296693159 0.9994490855 5.33403082823e-08 3.497024
0.366729669316 0.999848219473 5.33403082823e-09 3.35744
0.367872966932 0.999980500933 8.19895969878e-09 3.389952
0.358087296693 0.99999588072 6.19193204661e-05 3.37248
0.317508729669 0.999995267058 0.00229912608511 3.437888
0.320650872967 0.999823699588 0.0101590477312 3.4576
0.314665087297 0.999259627985 0.016653215824 3.507136
0.36356650873 0.998403823665 0.0294517064529 3.644352
0.364856650873 0.997396999256 0.0423025525217 3.71648
0.355085665087 0.995971961529 0.0280212719276 3.81248
0.335208566509 0.994231261545 0.00879783231691 4.054656
0.379120856651 0.995357511288 0.00154205623236 4.223232
0.403312085665 0.996849710161 0.000163987549026 4.286848
0.402131208567 0.997968017275 1.83509379484e-05 4.214848
0.387613120857 0.999025265434 0.000568934108016 4.221632
0.337561312086 0.999601743294 0.00591106040807 4.147904
0.337956131209 0.999565067997 0.00643567322926 4.027776
0.390195613121 0.998950177333 0.0195180914481 4.071296
0.363019561312 0.997971705839 0.0382703105204 4.03648
0.369301956131 0.996670720307 0.0564108289441 3.918208
0.377130195613 0.99529165843 0.0715662510311 3.786048
0.368013019561 0.993451100472 0.0807192210067 3.890688
0.389601301956 0.991155872449 0.0855304766893 3.959232
0.386360130196 0.987947537666 0.0882740003859 3.9744
0.38783601302 0.984313317763 0.0872168578826 3.8928
0.463583601302 0.980194781205 0.0992627117823 3.558912
0.46935836013 0.976091304713 0.0837701047325 3.113792
0.461835836013 0.971020553556 0.0606223678342 2.994048
0.472783583601 0.966926113592 0.0419233609419 2.8512
0.48467835836 0.970141778334 0.0293615437003 2.689472
0.453467835836 0.975161744891 0.0170537514883 2.686272
0.416146783584 0.980071009003 0.00602735389604 2.8672
0.414214678358 0.984149611815 0.00118083507079 3.101696
0.398721467836 0.987515474548 0.000307364137609 3.419392
0.443072146784 0.98991648721 0.00478654598053 3.588672
0.454707214678 0.991955004667 0.0150376784072 3.551104
0.385670721468 0.99340244912 0.0299949969777 3.608256
0.412067072147 0.994358101709 0.0248691271415 3.653568
0.433606707215 0.994584101752 0.0151157991291 3.478144
0.392560670721 0.994108723772 0.00408639876174 3.031552
0.389356067072 0.996067912299 0.00066668430807 3.234816
0.370135606707 0.997926756696 0.000110755736165 3.430656
0.415013560671 0.999021139376 1.11340601385e-05 3.566272
0.427601356067 0.999657533546 1.12065508538e-06 3.523712
0.390160135607 0.999940214212 1.12240503303e-07 3.554816
0.379216013561 0.999987548766 1.13734612121e-08 3.768192
0.389821601356 0.999995509683 4.71051664498e-07 3.998208
0.356682160136 0.999996305775 6.84333193163e-05 4.273536
0.389368216014 0.999995309563 0.00206178350365 4.50944
0.389936821601 0.999821552197 0.0104067429335 4.62368
0.39269368216 0.999261564887 0.0249551058964 4.345856
0.399269368216 0.998405093175 0.0444707667352 4.085248
0.411626936822 0.997018134137 0.0384369196575 3.724288
0.428162693682 0.99508173666 0.0662593880011 3.686144
0.438816269368 0.992744919162 0.0460259263263 3.649984
0.422781626937 0.989522464893 0.0390540317894 3.543488
0.443678162694 0.986015945018 0.0398659923002 3.27904
0.419667816269 0.986440755517 0.0150436789057 3.026112
0.423566781627 0.987650452115 0.00577298227439 2.699328
0.433856678163 0.991016081403 0.00279522345085 2.447936
0.440285667816 0.993874458875 0.000474896377806 2.531008
0.417528566782 0.996449881712 4.88985829096e-05 2.58656
0.383752856678 0.99826568744 4.88988750715e-06 2.599168
0.373175285668 0.99943399559 4.88988750715e-07 2.902976
0.340617528567 0.999929211554 4.88988750715e-08 3.459008
0.365261752857 0.999989675962 4.88988750715e-09 3.945536
0.339826175286 0.999997874044 4.88993855655e-10 4.367488
0.348082617529 0.99999546639 4.58482795126e-09 4.53696
0.363308261753 0.999996301445 5.67166559721e-05 4.498112
0.364830826175 0.999997460772 0.00169247567292 4.515136
0.382083082618 0.999829017236 0.00917082470058 4.198784
0.365808308262 0.999061934562 0.028719454471 4.090368
0.347980830826 0.997676026094 0.0601173956358 4.120512
0.363298083083 0.995617422806 0.0927204696756 4.165248
0.389129808308 0.992938527531 0.068645897757 4.084416
0.441212980831 0.989685343611 0.0327251209927 3.635584
0.438321298083 0.986887579919 0.00718859115984 3.597504
0.411932129808 0.990017746334 0.000927237309161 3.538688
0.372393212981 0.99337588559 9.31994181718e-05 3.444928
0.397239321298 0.995970202744 9.62003423975e-06 3.375168
0.36372393213 0.997918349053 2.84039483028e-06 3.3616
0.354972393213 0.999167412008 5.92448193954e-07 3.511104
0.335197239321 0.999850653619 5.92596866796e-08 3.691392
0.305319723932 0.999979668527 2.81097645085e-07 3.97888
0.351831972393 0.999993645839 3.72562659922e-05 4.140224
0.354683197239 0.99999504357 0.00189034484661 4.019456
0.359468319724 0.999837323589 0.00898821115848 3.765312
0.339246831972 0.999243777106 0.028851082373 3.323712
0.333624683197 0.997981025303 0.0558656870276 3.331456
0.34746246832 0.996033549635 0.0282332902433 3.675264
0.401946246832 0.995200491509 0.010527182787 3.857536
0.399294624683 0.995279700719 0.00204947774222 3.826816
0.364829462468 0.996835143387 0.000236901930437 3.949568
0.377582946247 0.997969788059 2.37194145898e-05 3.72992
0.393258294625 0.998938854692 2.88705676547e-06 3.64448
0.393025829462 0.999602120717 0.000307211012888 3.28992
0.355202582946 0.999900993766 0.00341516028135 3.186432
0.373920258295 0.999608087497 0.00681830527356 3.324864
0.372192025829 0.998957706745 0.00757245947243 3.32928
0.365719202583 0.997974610422 0.00191868087199 3.313536
0.347071920258 0.99888492928 0.00102836337344 3.720128
0.353307192026 0.999562344481 0.000113793907408 4.11328
0.362030719203 0.999918234271 1.13802024597e-05 4.3264
0.35660307192 0.999988578234 1.33952844879e-05 4.519168
0.368660307192 0.99999561263 0.00119455699994 4.662912
0.379766030719 0.999782934269 0.00665204871718 4.429952
0.350276603072 0.999257703094 0.0200798791771 4.135232
0.365327660307 0.99852628104 0.0319604777243 3.741056
0.371332766031 0.997243634724 0.019562625171 3.762496
0.372833276603 0.995708442793 0.00449164455163 3.731008
0.39098332766 0.997120675451 0.000635248864206 3.598912
0.387398332766 0.998313654096 6.69658896157e-05 3.619008
0.389739833277 0.999189209158 6.70161625126e-06 3.24288
0.309873983328 0.999704445563 6.70191077251e-07 3.144896
0.327087398333 0.999959337825 6.70191078069e-08 3.385792
0.309908739833 0.999990536948 6.70191078069e-09 3.809792
0.322590873983 0.999997960142 6.70191078069e-10 4.093632
0.307659087398 0.999995475 6.70191078069e-11 4.350528
0.32686590874 0.999994150665 6.70195240147e-12 4.628736
0.337786590874 0.999998321514 2.07380859225e-09 4.785408
0.340678659087 0.999997662778 1.70126447259e-05 4.823616
0.349967865909 0.999995445264 0.000451401071337 4.72064
0.346396786591 0.999943323936 0.00236868882038 4.584128
0.347839678659 0.999611244694 0.00532966594473 4.177664
0.365983967866 0.999406530666 0.0205814560343 3.754496
0.374998396787 0.998243369124 0.0378294531253 3.446912
0.396599839679 0.995931963003 0.0643154383939 3.163456
0.397859983968 0.99271083738 0.0542639169302 3.105984
0.453785998397 0.99037462029 0.0240197975536 3.191296
0.37927859984 0.990402481216 0.0169817936025 3.39776
0.359227859984 0.990453685634 0.0213924735694 3.464192
0.408522785998 0.990240818532 0.0296131392833 3.580544
0.4305522786 0.989463943077 0.0259214132207 3.374464
0.41655522786 0.988051578073 0.0142452286363 3.322624
0.398955522786 0.990212535696 0.00760584451169 3.357056
0.384595552279 0.992939629943 0.00232197395757 3.652224
0.378659555228 0.994684245188 0.000295203419999 3.802112
0.386165955523 0.996343050062 2.95666736672e-05 3.873792
0.382416595552 0.997714220574 2.95666736818e-06 4.07072
0.371241659555 0.998766168411 2.95666736818e-07 4.03872
0.378224165956 0.999548316753 2.95666736818e-08 4.23904
0.375322416596 0.999900762726 2.95666736818e-09 4.272896
0.34983224166 0.999984679438 2.95699101511e-10 4.417728
0.356283224166 0.99999522275 4.81631158385e-07 4.34144
0.349728322417 0.999998428723 0.000207339948405 4.290688
0.314872832242 0.999972152089 0.00400713077811 4.34048
0.308687283224 0.999590942206 0.0198467273363 4.365632
0.344068728322 0.998595966673 0.0483250025644 4.261376
0.357506872832 0.996920956671 0.068552098704 4.311616
0.351650687283 0.994466022223 0.0735831165482 4.476416
0.382565068728 0.993822035469 0.0951998314761 4.442816
0.432456506873 0.991183423076 0.107004726935 4.056576
0.490545650687 0.987687260151 0.108059809232 3.308288
0.449554565069 0.983956823856 0.0914713365971 3.013952
0.479655456507 0.97863288091 0.056207650837 2.937024
0.512365545651 0.978796496169 0.034219187354 2.884096
0.494936554565 0.978635509386 0.0116204174134 3.118272
0.466193655457 0.983253867673 0.00346657263015 3.063616
0.488519365546 0.986901836531 0.000979387455128 3.211968
0.446651936555 0.990728900155 0.000179106984293 3.339968
0.403765193655 0.994008767148 1.86654768142e-05 3.372224
0.398576519366 0.996421712607 2.40816959303e-05 3.483648
0.396257651937 0.998064073404 2.42461350808e-06 3.597568
0.376225765194 0.999187125303 2.43157955501e-07 3.719488
0.376022576519 0.999798807445 2.43157955501e-08 3.931264
0.371502257652 0.999976635551 2.43157955501e-09 4.186432
0.339550225765 0.999995494182 2.43157955501e-10 4.50112
0.323755022577 0.999998455866 2.43157955501e-11 4.856512
0.342875502258 0.999996600393 2.43157955501e-12 5.11328
0.352887550226 0.999996414846 2.43157955501e-13 5.252224
0.368288755023 0.999996396291 2.55122843491e-14 5.36768
0.346428875502 0.999998546077 3.59867844936e-09 5.54688
0.36044288755 0.999995533594 1.86359053141e-05 5.610176
0.377144288755 0.999996308166 0.00172757291598 5.585024
0.425614428876 0.999756024798 0.0109470896839 5.290112
0.390861442888 0.998970306229 0.0318107295501 4.856768
0.355886144289 0.997498403388 0.0532451995811 4.41504
0.376688614429 0.995549344551 0.076366565819 3.881344
0.377868861443 0.992677528673 0.0939424535077 3.810944
