0.0369 0.887119186922 0.719278496939 -11765259.8328
0.04959 0.981228073699 0.770098315921 -11316203.1324
0.065259 0.99520893083 0.705378921034 -10956957.6182
0.0704259 0.998941007636 0.674973382017 -10956956.7168
0.06194259 0.999887628108 0.654468161625 -10956955.8413
0.093494259 0.998708454275 0.562840230442 -10956955.0057
0.0966494259 0.995560301937 0.418589025653 -10956954.1955
0.10416494259 0.990449103744 0.285463395051 -10956953.5055
0.113916494259 0.983403948602 0.284327608474 -10956952.7818
0.119391649426 0.974466399194 0.356342269839 -10956952.1663
0.136139164943 0.963689042879 0.34671384159 -10956951.4816
0.133313916494 0.953028749983 0.253940676946 -10956950.7762
0.153731391649 0.93706604965 0.177822539892 -10956950.2297
0.164773139165 0.921015203082 0.0687738372666 -10956949.9391
0.145177313916 0.936080004193 0.115030240325 -10956949.3746
0.133317731392 0.929759125927 0.154627581694 -10956949.6338
0.181631773139 0.914114309717 0.149158943282 -10956950.0121
0.187363177314 0.909384239483 0.14596422736 -10956949.9316
0.189736317731 0.908500929914 0.110243906207 -10956949.5704
0.138673631773 0.923639058841 0.0707797508911 -10956948.972
0.150667363177 0.936846279367 0.0803165187343 -10956949.1791
0.132066736318 0.943428639504 0.142069425898 -10956948.8968
0.122106673632 0.932839796167 0.0825766814546 -10956948.8795
0.155310667363 0.94504950911 0.0270281604096 -10956948.2018
0.119931066736 0.958049557193 0.075528240156 -10956947.6854
0.105593106674 0.952990567532 0.127884502641 -10956947.5158
0.137459310667 0.941931860094 0.16511558581 -10956947.7048
0.104645931067 0.926982151859 0.176295305478 -10328269.1719
0.141864593107 0.907452718876 0.0717185516996 -8262612.3831
0.115886459311 0.923534237737 0.130060627288 -3322998.85835
0.145688645931 0.916603983881 0.136417993047 -628663.914817
0.107268864593 0.915910958495 0.241296992409 -269418.858405
0.0899268864593 0.902694613688 0.313227055728 -89796.2529189
0.0908926886459 0.881081361492 0.320985945208 15.114176
0.0900892688646 0.860401925324 0.256549825228 15.074752
0.128708926886 0.850622170819 0.156864839112 14.986944
0.121770892689 0.872006579499 0.0883761044818 15.210432
0.141777089269 0.891643117335 0.0809417111614 14.914944
0.132077708927 0.907137120245 0.16240397203 15.3008
0.136507770893 0.901817229863 0.219583513666 15.585664
0.143250777089 0.880993623109 0.289941985183 15.976
0.155625077709 0.86399551498 0.316147800327 16.354432
0.179362507771 0.839108023808 0.287728717172 16.790592
0.160136250777 0.828516426798 0.229238489121 17.138944
0.175313625078 0.84341989445 0.165598843871 17.497536
0.156131362508 0.863964846114 0.102082050691 17.959232
0.117313136251 0.880775049005 0.0999747444704 18.21504
0.117031313625 0.90243613459 0.0727875928526 18.466368
0.0990031313625 0.920095283688 0.0523905329784 18.417664
0.0882003131363 0.93377270302 0.0370437508767 18.890112
0.0880200313136 0.950037115997 0.0666298980634 18.711872
0.0844020031314 0.954547327902 0.0922736098936 19.160768
0.0795402003131 0.947220262283 0.0851953433827 19.255936
0.113254020031 0.946487555721 0.169880422767 19.88192
0.112125402003 0.93079988108 0.251259077267 20.299712
0.1300125402 0.916893723521 0.289430283051 20.746688
0.17950125402 0.896479904109 0.342842624225 20.659776
0.153850125402 0.876846515888 0.276719337285 21.102592
0.20168501254 0.856143474795 0.183879065134 21.322304
0.199268501254 0.876151944272 0.234293536577 20.39712
0.198126850125 0.863511347096 0.216330284537 19.285312
0.193512685013 0.862247287378 0.180707125923 17.858304
0.189451268501 0.87676232553 0.130309461591 16.575424
0.19624512685 0.89246676431 0.101859426272 16.389824
0.181624512685 0.910385073555 0.0443609895461 14.539072
0.144162451269 0.929535439572 0.0145082604286 13.664704
0.120616245127 0.94471907345 0.0127029339299 13.836928
0.101161624513 0.958016513627 0.0456278685509 14.61696
0.119016162451 0.959346257645 0.0657468394495 15.465792
0.122601616245 0.957774061431 0.102234103871 16.092608
0.122960161625 0.945521417711 0.118762673073 16.652864
0.131996016162 0.933049073987 0.0555815445204 17.13216
0.147299601616 0.943048918966 0.0544513469676 17.555904
0.156929960162 0.956144327563 0.154844503565 18.159488
0.149792996016 0.947379962249 0.265570194397 18.408896
0.124779299602 0.930889121733 0.312636404788 18.742272
0.16547792996 0.914227309297 0.337412297464 18.356736
0.181247792996 0.896213262687 0.317129760044 17.66176
0.2107247793 0.880158923061 0.267891812274 17.40096
0.19027247793 0.860142429584 0.149497857258 17.653056
0.197227247793 0.873212768436 0.141578254534 17.973696
0.187122724779 0.895119162997 0.111690407137 18.469888
0.167212272478 0.913325651713 0.148134975349 19.018624
0.149921227248 0.908895071137 0.142072645912 19.273536
0.137392122725 0.908862315625 0.111773458721 19.489216
0.133439212272 0.921198053713 0.0468052480295 19.868352
0.144743921227 0.938752608712 0.0170169301362 20.193344
0.120674392123 0.952891460023 0.0270815990367 20.38848
0.104767439212 0.965157935978 0.0960734099741 20.895168
0.113076743921 0.953701405411 0.140765572143 20.869184
0.118407674392 0.942002943881 0.157238314671 21.074304
0.117140767439 0.924512116539 0.0901265639401 21.290624
0.118814076744 0.939084014994 0.104178219588 20.922688
0.114481407674 0.937886885385 0.143816484817 21.155648
0.105948140767 0.923640358768 0.193621990353 20.454592
0.134794814077 0.906722665567 0.248086443809 20.509248
0.142179481408 0.88825742959 0.308449496608 20.62144
0.139317948141 0.868448599628 0.320914710131 20.793408
0.141731794814 0.843550827092 0.300430816252 21.060672
0.150073179481 0.828960707126 0.232386607203 21.185344
0.141007317948 0.843560152618 0.167699748 21.592768
0.168000731795 0.864190819234 0.185390195265 21.9968
0.182400073179 0.876956678716 0.127303345492 22.139264
0.111840007318 0.892486199628 0.0721503537565 22.109632
0.124584000732 0.910387017087 0.0483020921175 22.544576
0.109658400073 0.929535633925 0.0203144468327 22.538432
0.109065840007 0.94269757496 0.0542221169096 21.976128
0.0973065840007 0.956109193163 0.133343714018 21.945152
0.1024306584 0.945354930884 0.124060991948 21.942208
0.12184306584 0.933521373914 0.214390359498 22.45824
0.130984306584 0.917602697498 0.284426625123 22.727552
0.150798430658 0.899922901647 0.293324949825 23.129408
0.163579843066 0.880804190287 0.266001853874 22.98208
0.149557984307 0.863976571697 0.18627735831 23.392832
0.178755798431 0.876935253962 0.192864457731 23.40928
0.188875579843 0.878231122188 0.18917596625 22.79712
0.201587557984 0.878360709011 0.17587158083 21.511552
0.201958755798 0.885733808898 0.101169239837 20.810368
0.17049587558 0.906135886856 0.0545018555578 21.348352
0.152049587558 0.923402554535 0.0184168194667 21.660928
0.147504958756 0.938973058794 0.0415595695359 22.194624
0.136250495876 0.951082917692 0.123196225372 22.676864
0.126125049588 0.94174109511 0.22328786162 23.14752
0.118812504959 0.92696307536 0.312821720562 23.577536
0.168481250496 0.907450811226 0.37253453833 23.422208
0.16624812505 0.891783052146 0.37046189482 23.525824
0.164224812505 0.869013109187 0.309165927038 23.718528
0.19192248125 0.851363088966 0.209827048179 23.3376
0.173092248125 0.864759165565 0.168446767042 22.772352
0.162209224813 0.88085448095 0.104588566171 21.638784
0.186320922481 0.882464012488 0.194422840707 22.029184
0.153632092248 0.878783998041 0.116012202189 21.155392
0.135963209225 0.895676285958 0.0667122820406 21.058368
0.139596320922 0.897365514749 0.127521496887 21.758464
0.131859632092 0.907299057441 0.0710306026783 22.29152
0.127485963209 0.921041727895 0.0236032438325 22.751936
0.118048596321 0.93873697613 0.00697681946923 23.355136
0.126104859632 0.952889896765 0.00468015341344 24.121984
0.0972104859632 0.96363751676 0.00508609294928 24.813184
0.102421048596 0.975492085724 0.0204972467195 25.500736
0.10294210486 0.984290514108 0.0353568156779 26.271616
0.102094210486 0.982788089638 0.0109969078411 26.60576
0.0723094210486 0.989171882514 0.0422614862205 27.37408
0.0783309421049 0.983276226479 0.125953429798 27.777024
0.0735330942105 0.974453626982 0.240836723518 28.182016
0.089253309421 0.963687765658 0.307307386961 28.33216
0.0935253309421 0.95302862226 0.330060494191 28.453632
0.120952533094 0.939281346111 0.365861322765 28.678976
0.119195253309 0.92377980484 0.400200943181 28.44192
0.146919525331 0.903862182376 0.380116497763 28.296832
0.157791952533 0.884764782631 0.292125542846 28.712832
0.176879195253 0.864562532844 0.190004152325 28.732416
0.156287919525 0.877268153407 0.149382611272 28.850624
0.174928791953 0.895524701494 0.0716425063242 29.089024
0.168692879195 0.913366205563 0.0608956878962 29.184576
0.15096928792 0.929833552773 0.0190822264379 29.742208
0.116796928792 0.942727366845 0.00889237405656 29.173504
0.125979692879 0.956112172351 0.00650479690074 29.068416
0.116997969288 0.969378189059 0.0336162838061 29.0432
0.0980997969288 0.974844162446 0.110883632562 29.323904
0.103409979693 0.96735320622 0.171302713832 29.159488
0.109340997969 0.953920932435 0.12204534655 28.664192
0.135134099797 0.942024896584 0.135304189688 28.539264
0.13861340998 0.927462043458 0.166852285152 27.701632
0.128161340998 0.910719012857 0.175221960693 27.06528
0.1406161341 0.899234533182 0.229959050622 26.06656
0.13556161341 0.880735353441 0.293541381497 26.082112
0.148556161341 0.863969688013 0.315085422245 25.507264
0.172355616134 0.839105441111 0.306254759001 25.66528
0.192735561613 0.824432527321 0.247788851835 25.593024
0.198373556161 0.835106243658 0.174738936734 25.458048
0.183637355616 0.855637161644 0.0988493565458 25.66688
0.196563735562 0.876101312956 0.122551418884 25.870976
0.165456373556 0.895408017449 0.17309397397 26.27616
0.173145637356 0.890909450274 0.180884354739 26.208
0.188314563736 0.886988683024 0.202661268433 26.234752
0.153831456374 0.879236465094 0.123042522331 26.27392
0.110783145637 0.895721532663 0.0622111818409 26.396096
0.0749783145637 0.91071055039 0.0169666123571 26.53632
0.0704978314564 0.929567987255 0.00222182880834 26.493632
0.0799497831456 0.942700810293 0.000780176142988 26.557056
0.115994978315 0.956109516696 0.0095814199464 26.974592
0.0844994978315 0.969377923493 0.0317354456453 27.56224
0.117349949783 0.976558004386 0.0911863362985 27.918848
0.113434994978 0.968046219306 0.173431803251 28.006912
0.117543499498 0.95811591632 0.169002173536 28.263424
0.15035434995 0.942954447284 0.146423469675 27.28576
0.168035434995 0.92996637975 0.235082205848 25.37472
0.158103543499 0.913711078165 0.319724541071 24.949056
0.19671035435 0.892739756346 0.341369572614 24.29952
0.208671035435 0.876218338051 0.244416035364 23.831552
0.199067103543 0.863517986474 0.133364365985 21.849344
0.171106710354 0.880436584235 0.0563036223814 21.90816
0.175510671035 0.899147176262 0.0136440321681 20.652224
0.181351067104 0.901018235464 0.0391760682591 21.18208
0.14953510671 0.916961528016 0.0100989886181 19.723072
0.158053510671 0.918555857271 0.0300457980612 20.016192
0.130105351067 0.933121908649 0.00624877565494 19.340224
0.0994105351067 0.945597434806 0.0108434503794 19.47392
0.132341053511 0.946844987422 0.0171614770632 20.206464
0.0960341053511 0.960400121657 0.0574048347493 21.064448
0.106803410535 0.961755635081 0.0741496438194 21.937792
0.135780341054 0.95571917981 0.0933997724654 22.13664
0.133278034105 0.947857161922 0.0952085162686 22.282752
0.153727803411 0.944014397435 0.0506594439879 22.648896
0.124272780341 0.955712734133 0.0914934278264 23.38112
0.160927278034 0.947856517355 0.176103058735 23.377408
0.150192727803 0.933771532561 0.256342541389 22.969344
0.16171927278 0.920236857726 0.332206730755 22.441024
0.179971927278 0.900186317669 0.306472363187 22.176704
0.192597192728 0.884103417355 0.290473382708 20.541632
0.181259719273 0.860704130911 0.182854758208 20.337088
0.177425971927 0.876882313214 0.175334742904 20.283008
0.181542597193 0.885273394355 0.129653118059 20.254208
0.191854259719 0.900011541328 0.16007549384 20.31296
0.178485425972 0.901104671971 0.0975146690884 20.520128
0.178948542597 0.916970171667 0.0581462700261 20.756416
0.16099485426 0.930682897992 0.0290206671308 20.277888
0.128599485426 0.947311061958 0.0188004073613 19.69216
0.131659948543 0.958803643684 0.0080326930763 19.598464
0.114865994854 0.971499673676 0.033272269531 19.567296
0.120386599485 0.976770179404 0.125030586972 20.079616
0.112838659949 0.969527002315 0.144990047566 19.615104
0.125583865995 0.956496316534 0.220177701973 19.704576
0.144858386599 0.944878312896 0.193918367567 20.114624
0.13688583866 0.927747385089 0.0929242256492 19.768128
0.109988583866 0.939917594161 0.19755100695 19.998464
0.119898858387 0.927251313215 0.289786855245 20.198464
0.104689885839 0.913439571511 0.340437439014 19.86656
0.119368988584 0.895786416536 0.334775152106 19.877888
0.123536898858 0.873117870008 0.281158607065 18.925248
0.127553689886 0.855626597429 0.291372647931 17.672256
0.155855368989 0.834215565374 0.268517826145 16.66784
0.151485536899 0.832093997331 0.253187300012 16.530176
0.17084855369 0.839915366862 0.240159907389 16.58528
0.154784855369 0.848573514973 0.187183325592 16.546624
0.156778485537 0.868396579852 0.120710762596 16.69824
0.176777848554 0.89128211737 0.116375069278 17.133888
0.166177784855 0.909842651927 0.0522433841789 17.361344
0.150717778486 0.926655200214 0.0950168139046 17.657216
0.143771777849 0.931651400847 0.202180812306 18.020288
0.139477177785 0.917415700192 0.280551150295 18.298304
0.142647717778 0.902845087857 0.314601801211 18.365248
0.142964771778 0.881096408909 0.301577568002 18.517312
0.115096477178 0.86400579356 0.243690404127 18.304512
0.116809647718 0.854715389785 0.17553586667 17.890688
0.121480964772 0.869010767333 0.123482933778 17.878784
0.101248096477 0.888269725262 0.108706217582 18.14208
0.122624809648 0.909541412716 0.0864061503589 18.656064
0.130162480965 0.926625076293 0.0490069721059 19.227072
