0.1242 0.886831889752 0.346570550502 -5298852.06754
0.19332 0.981583937674 0.377653131587 -449053.7044
0.232632 0.995029154325 0.413959206351 -89808.7464096
0.2833632 0.998453577546 0.469978107777 2.91424
0.25063632 0.999720145919 0.445893782045 3.497024
0.300463632 0.998967339461 0.420072039628 3.944512
0.3513463632 0.997078966976 0.373734676862 4.176768
0.45723463632 0.99282530195 0.330331613259 4.0672
0.514623463632 0.987070696118 0.317623275858 3.745024
0.531162346363 0.980888753033 0.370007001281 3.45792
0.572416234636 0.972249883984 0.38885807708 2.98528
0.616141623464 0.962124763522 0.366932620299 2.292032
0.636714162346 0.948890315286 0.331931528384 1.973696
0.655871416235 0.934265890872 0.321331637324 1.80544
0.686587141623 0.918444703006 0.281122652948 1.635904
0.713058714162 0.90497926713 0.253415461287 1.580096
0.722005871416 0.892238082843 0.238814155387 1.23904
0.775100587142 0.888221425377 0.216883205371 0.949888
0.833510058714 0.88254602517 0.175905221908 0.65056
0.780851005871 0.887271426167 0.148786482216 0.660608
0.770185100587 0.892140951616 0.19031963392 0.650816
0.779018510059 0.887301146179 0.149468756335 0.6384
0.775401851006 0.891912807166 0.144391810179 0.59616
0.814640185101 0.897910359182 0.155921832521 0.516224
0.77266401851 0.898278209299 0.174033413844 0.586048
0.789166401851 0.892923866822 0.171489912001 0.587392
0.762016640185 0.897310854413 0.183276405189 0.632832
0.759301664019 0.900557278167 0.143336966718 0.725632
0.752730166402 0.905575617194 0.114221951858 0.593536
0.75387301664 0.91318750157 0.162656434443 0.6592
0.788187301664 0.910875967243 0.201852040019 0.61248
0.787118730166 0.905173357316 0.176872566236 0.531008
0.739311873017 0.900203201661 0.14617453141 0.596928
0.752531187302 0.904043887219 0.135595385748 0.5696
0.78895311873 0.909269989793 0.143010385213 0.588032
0.738595311873 0.914096071428 0.186178737366 0.612416
0.782159531187 0.911104241859 0.198932140012 0.613952
0.782015953119 0.902423570664 0.189891708139 0.651584
0.773001595312 0.89365934198 0.136286888962 0.712384
0.804500159531 0.900264141494 0.120131791322 0.762496
0.792350015953 0.908398526454 0.122967923817 0.665152
0.729035001595 0.911400900815 0.143585975748 0.609728
0.69570350016 0.907015476176 0.156248336468 0.720832
0.700470350016 0.906637377333 0.18544002102 0.906048
0.703647035002 0.905185889367 0.194745760465 0.984896
0.7534647035 0.901263690013 0.184234417782 0.836736
0.76744647035 0.89852456992 0.12792848196 0.830336
0.694144647035 0.909803436983 0.140891549067 0.770432
0.752514464704 0.91349646153 0.131499145792 0.599936
0.71605144647 0.917920497016 0.123814456237 0.653632
0.712405144647 0.919270212313 0.0875800368694 0.727552
0.740840514465 0.931024714513 0.11053269672 0.829056
0.787784051446 0.931904869544 0.136848547347 0.852992
0.753778405145 0.927708701935 0.145515355646 0.836608
0.688277840514 0.92712248859 0.149564906077 0.775488
0.655627784051 0.92835852342 0.111730614614 0.932288
0.649662778405 0.9334903265 0.0903423118692 0.969088
0.639166277841 0.936117629655 0.100146073227 1.115008
0.664216627784 0.93237492909 0.13219538315 1.189184
0.685621662778 0.923867718706 0.125910423031 1.092032
0.715662166278 0.922163880497 0.127358619005 0.935232
0.695266216628 0.920625780633 0.138928649496 0.96064
0.704026621663 0.921525900736 0.112745652884 1.05856
0.722002662166 0.924747604357 0.11579607475 1.160576
0.733700266217 0.927918304812 0.111142217401 1.10496
0.702470026622 0.934546689167 0.125095845587 1.129152
0.693047002662 0.934551933067 0.148395089827 1.024256
0.643504700266 0.928464118943 0.161150860269 1.018048
0.680850470027 0.927570867944 0.197071666609 1.171584
0.669285047003 0.921511152856 0.181328481746 1.075584
0.7428285047 0.911757856959 0.137472755138 0.950208
0.76188285047 0.913715991533 0.144804138209 0.810176
0.788088285047 0.910643676497 0.138390811156 0.70976
0.788008828505 0.911684122892 0.152583995566 0.613184
0.80690088285 0.905978361884 0.14525955873 0.579712
0.802490088285 0.910891612665 0.174778809041 0.553536
0.780449008829 0.904642806047 0.141060103447 0.588288
0.798044900883 0.907413318499 0.13987152959 0.532032
0.831304490088 0.90887163858 0.171190560946 0.474816
0.815730449009 0.906033694004 0.172089792265 0.548608
0.838473044901 0.904976200553 0.128308848197 0.49312
0.81644730449 0.912427561643 0.156534167446 0.52608
0.839444730449 0.9100419726 0.155115378031 0.5104
0.805744473045 0.907944661867 0.166603388448 0.563008
0.810474447304 0.910237333293 0.148245103702 0.523008
0.84424744473 0.908307123348 0.148757446392 0.518336
0.834124744473 0.91072257112 0.155304562021 0.489536
0.816012474447 0.9100641184 0.149086661671 0.545216
0.830401247445 0.907235383435 0.125418717036 0.498688
0.817440124744 0.914201606816 0.114959913481 0.559296
0.787344012474 0.920227622938 0.12070090918 0.616704
0.773534401247 0.919252564241 0.142350784756 0.630784
0.748753440125 0.918188677445 0.125208249349 0.683584
0.743575344012 0.925781106282 0.1543756091 0.779648
0.759257534401 0.922868195352 0.108157187722 0.782912
0.72752575344 0.926011235695 0.108014264155 0.72288
0.720752575344 0.926977798011 0.0711959282935 0.638656
0.643575257534 0.937252512456 0.117579649555 0.819136
0.658357525753 0.936340088243 0.171847521751 0.98528
0.682335752575 0.925748940422 0.13950913225 1.029248
0.725233575258 0.923290880613 0.149728174428 0.878464
0.695323357526 0.920342258431 0.15372159455 0.8688
0.678832335753 0.917740136461 0.14227914666 0.993216
0.723983233575 0.919973908135 0.148735219325 0.950272
0.741998323358 0.920957464994 0.13944738296 0.979968
0.683499832336 0.922496618522 0.144522192567 0.979392
0.720849983234 0.920231421644 0.160491395649 1.025344
0.728184998323 0.915336120215 0.155787398933 1.080576
0.710018499832 0.911948126111 0.187157274373 1.187328
0.748701849983 0.905324960794 0.202106889032 1.260864
0.755270184998 0.903624469324 0.195640300021 1.217408
0.7649270185 0.902672520606 0.17430395475 1.040448
0.72539270185 0.901408830831 0.144680947146 0.97408
0.764639270185 0.902292699805 0.119907352536 0.926336
0.765863927018 0.909634236807 0.123595228871 0.861568
0.708386392702 0.913885354782 0.155341700646 0.851136
0.74313863927 0.914467910498 0.177105016303 0.943424
0.797913863927 0.908856181704 0.190210698369 0.835328
0.800691386393 0.901239364705 0.181322056595 0.699008
0.783869138639 0.899457270654 0.157688791855 0.72704
0.779486913864 0.904882949125 0.120595684623 0.786304
0.677348691386 0.91216177352 0.0980634786035 0.94336
0.773334869139 0.921672444407 0.125788609337 0.88416
0.766733486914 0.923830427461 0.152222942548 0.844736
0.737273348691 0.923181938592 0.17589373486 0.751168
0.796427334869 0.914255182598 0.15451063157 0.603776
0.803242733487 0.912368180272 0.132054774596 0.680576
0.811124273349 0.91489169303 0.14196977989 0.607936
0.784012427335 0.913475518397 0.136789381868 0.657664
0.802001242733 0.914692576541 0.183665343103 0.70208
0.748000124273 0.909455487034 0.215376994345 0.749248
0.741700012427 0.898259022058 0.198744283395 0.910336
0.759970001243 0.896399226105 0.194023094377 0.950848
0.791497000124 0.891824346672 0.185109163975 0.949056
0.840549700012 0.8946635152 0.143342343352 0.815296
0.804054970001 0.901608737001 0.14463839543 0.779968
0.810305497 0.90165002424 0.142034079803 0.69664
0.7884305497 0.904455576917 0.109771087066 0.715712
0.83124305497 0.913502507874 0.123380447806 0.60992
0.796824305497 0.91780873929 0.140462055915 0.630912
0.77448243055 0.918789694696 0.168717434429 0.567744
0.758748243055 0.916153770293 0.213729107257 0.654144
0.739174824305 0.903611182403 0.217718882373 0.821824
0.757917482431 0.896457665369 0.229833388769 0.85696
0.806591748243 0.891374383864 0.191066539773 0.64064
0.781759174824 0.892092563172 0.174562730036 0.568768
0.779275917482 0.892203234761 0.15392603514 0.697344
0.765527591748 0.896911370373 0.136300513363 0.770432
0.739852759175 0.903139505345 0.127990672526 0.916096
0.731885275917 0.910965062851 0.150113903691 0.86368
0.795888527592 0.910302187361 0.132870113765 0.643904
0.737488852759 0.910643405191 0.133405872809 0.811136
0.720848885276 0.910811944094 0.143065579832 0.925952
0.745284888528 0.910542322691 0.143018177947 0.835776
0.759428488853 0.911953818227 0.148477446539 0.75008
0.783342848885 0.912569706696 0.146942608642 0.734784
0.813634284889 0.908740370481 0.149706583808 0.575424
0.778863428489 0.907926963206 0.100979164416 0.588032
0.719586342849 0.917087634038 0.107046178058 0.764864
0.760458634285 0.922495245876 0.110645647098 0.782528
0.750145863428 0.926835195245 0.10479312353 0.819456
0.760814586343 0.930161170587 0.0817965363745 0.802368
0.728581458634 0.934105105072 0.0996446595 0.8912
0.675858145863 0.934475186055 0.101119894088 0.934848
0.717385814586 0.931543195023 0.0737192259351 0.956864
0.676538581459 0.940850504716 0.0979224923282 1.033344
0.665253858146 0.939000099439 0.105153858396 1.083456
0.708225385815 0.938481094228 0.116499763182 1.0304
0.714322538581 0.942003646393 0.0953434241983 1.031616
0.669932253858 0.948558727589 0.0810805313883 1.07904
0.667293225386 0.949213219282 0.0728417258559 1.258624
0.618429322539 0.953124129204 0.068262367791 1.437248
0.578442932254 0.956170532843 0.10473704906 1.587136
0.561844293225 0.950968365208 0.128289911406 1.749888
0.595284429323 0.94630663074 0.128260017863 1.895488
0.625628442932 0.944087187172 0.105942317481 1.760704
0.617862844293 0.943972030108 0.0870029562985 1.591296
0.542386284429 0.94635744882 0.0793501470757 1.513728
0.577138628443 0.950027242964 0.0752219873761 1.50688
0.539213862844 0.952178415591 0.0737886648598 1.472832
0.629021386284 0.955699651841 0.0820736246433 1.447424
0.644302138628 0.955445369477 0.0778659308368 1.254272
0.612530213863 0.954682335851 0.0810516742508 1.166656
0.603053021386 0.955228125791 0.0870321808229 1.264
0.606605302139 0.954188355873 0.0970664708191 1.325952
0.633060530214 0.951432341598 0.0924960803201 1.3248
0.673506053021 0.946515043908 0.108292540491 1.2816
0.669450605302 0.942407324475 0.10404763271 1.065088
0.56374506053 0.94740559366 0.110159531884 1.247872
0.590074506053 0.952425359061 0.159424308814 1.267072
0.617907450605 0.94800732406 0.131296624626 1.36992
0.577490745061 0.945353938652 0.13896467093 1.447168
0.653549074506 0.939247567749 0.140796697289 1.527552
0.659354907451 0.935463550277 0.116507239696 1.536128
0.661735490745 0.938637663765 0.113152829391 1.403584
0.653873549075 0.939034273416 0.101312742727 1.265408
0.617087354907 0.93869663455 0.0898748469154 1.238912
0.624208735491 0.941343962155 0.0721078024477 1.14528
0.606020873549 0.948245390474 0.0787049943034 1.339968
0.637502087355 0.95004169621 0.100641149171 1.37536
0.609150208735 0.950475013935 0.136469899081 1.409984
0.679215020874 0.945515543481 0.177545253328 1.438592
0.639421502087 0.942518817087 0.164836028698 1.366976
0.647142150209 0.94603608544 0.118090246239 1.14528
0.605614215021 0.949500244188 0.134485257054 1.267264
0.600561421502 0.942015119255 0.125127935519 1.38048
0.57125614215 0.93962882071 0.149233868575 1.573376
0.536825614215 0.929129291926 0.162944679838 1.719552
0.556782561422 0.92153916722 0.155063882249 1.897536
0.559678256142 0.920945939131 0.10933848261 1.941056
0.636467825614 0.925144035303 0.075988809173 2.001408
0.584746782561 0.933291159772 0.0894134184705 1.816192
0.541774678256 0.93854726187 0.12144924328 1.888128
0.568977467826 0.939529033008 0.133970071591 2.079104
0.572597746783 0.941378052435 0.146766394208 2.022464
0.627859774678 0.944385718919 0.184435690809 1.574464
0.648685977468 0.943095359212 0.14847545525 1.340416
0.677768597747 0.942701630474 0.127284234713 1.176576
0.686976859775 0.942723893126 0.150558411087 1.248192
0.713097685977 0.93947867153 0.162980401515 1.308608
0.745409768598 0.933529223019 0.173820207219 1.306368
0.75044097686 0.922225481937 0.111235396308 1.203456
0.701444097686 0.927583492466 0.0831088091125 1.262912
0.654244409769 0.931849629265 0.0552462205244 1.097984
0.651324440977 0.940461763213 0.0434352893954 1.200512
0.670832444098 0.950277938047 0.0598859151788 1.180928
0.64308324441 0.956144063024 0.0980745798904 1.131456
0.615108324441 0.953067615661 0.0958689849806 1.31232
0.634810832444 0.947005863773 0.0668710342259 1.42976
0.643981083244 0.952517979436 0.0701427299751 1.352896
0.613398108324 0.95580208577 0.0695461569878 1.4672
0.608539810832 0.957200401705 0.0517718789591 1.54688
0.600853981083 0.963651288115 0.0505552073491 1.439552
0.567685398108 0.966575597257 0.0744100157544 1.515648
0.594968539811 0.963391394182 0.110163432902 1.446848
0.645396853981 0.956431148736 0.115988345428 1.44224
0.662139685398 0.951818951671 0.107721881966 1.342016
0.66381396854 0.949975883319 0.125813847318 1.363008
0.681081396854 0.945904144121 0.15293314588 1.398016
0.664808139685 0.941038891045 0.119826189034 1.276992
0.664980813969 0.938428389831 0.072405161228 1.002048
0.648798081397 0.94788323617 0.0509392808795 1.005248
0.63637980814 0.955104569732 0.0706960134292 1.219136
0.577537980814 0.955337371944 0.111434733436 1.358592
0.563553798081 0.946145605781 0.125068670758 1.486912
0.602655379808 0.940877690092 0.0803264042463 1.61472
0.626365537981 0.945037520227 0.0797640314246 1.579072
0.604436553798 0.946338353985 0.0918202476259 1.483328
0.56624365538 0.947192376615 0.0932372054961 1.536128
0.603824365538 0.947638948224 0.0790804974505 1.48224
