0.2826 0.88684557057 0.319323000487 -6466381.02787
0.38376 0.981508387017 0.354099459474 -89809.6354821
0.467676 0.995113897646 0.35107989653 1.617536
0.5543676 0.998506305198 0.331269141884 1.86336
0.63863676 0.999699225209 0.313326900726 1.827392
0.712763676 0.999104259746 0.281333147513 1.676608
0.8137763676 0.997124794015 0.247128398082 1.237056
0.89587763676 0.994267745705 0.220094646196 0.897152
0.940087763676 0.990301577482 0.196524288178 0.554112
0.958908776368 0.986385143485 0.175048731242 0.29184
0.961690877637 0.981573677858 0.181368759235 0.09952
0.982669087764 0.97558086234 0.175445911951 0.044608
0.981166908776 0.971938809229 0.163827593701 0.046912
0.971116690878 0.965422183947 0.135841950164 0.064064
0.986311669088 0.960020715257 0.130782210414 0.044544
0.983331166909 0.95558381834 0.146441599253 0.0496
0.988433116691 0.950273535069 0.141531185489 0.03808
0.976343311669 0.948102146225 0.124229798662 0.055616
0.981434331167 0.947164468172 0.0931469771236 0.050944
0.992743433117 0.947638524053 0.0768642652511 0.036544
0.981274343312 0.949841924308 0.0790350550042 0.05728
0.966627434331 0.951121637243 0.0745607238123 0.06144
0.948062743433 0.953589966356 0.0799397557433 0.08608
0.963306274343 0.954477040989 0.0925797497876 0.057792
0.967530627434 0.953028491346 0.0975298758482 0.085312
0.957153062743 0.950553390453 0.104224820995 0.108928
0.975015306274 0.949965550841 0.127044014304 0.061376
0.984001530627 0.947422978469 0.12179086888 0.042432
0.965100153063 0.94675937609 0.128364405201 0.048832
0.966810015306 0.942905382457 0.102560198701 0.05856
0.971481001531 0.941751086206 0.0939310976509 0.06496
0.969248100153 0.942798695167 0.089956728691 0.07392
0.983424810015 0.943373848602 0.088464987512 0.048512
0.991142481002 0.943289216557 0.0859963767915 0.033088
0.9766142481 0.946283567764 0.105639259262 0.051584
0.98596142481 0.945742839317 0.100823724461 0.041472
0.988696142481 0.946509888753 0.109010644179 0.046656
0.976369614248 0.943219111787 0.100672466645 0.042816
0.992236961425 0.943490274634 0.0988535411837 0.032192
0.991123696142 0.943504521266 0.100625741767 0.031616
0.988312369614 0.941962668024 0.100496201667 0.023552
0.995231236961 0.941349313178 0.0922621913397 0.018432
0.993223123696 0.942537731694 0.0975108217944 0.031168
0.97502231237 0.94399203702 0.107360455527 0.040768
0.981302231237 0.945327569972 0.102427219398 0.048896
0.985530223124 0.945320157288 0.0766330637661 0.046208
0.985953022312 0.948788278512 0.0679712687658 0.041856
0.986895302231 0.952906929008 0.0754767774947 0.055104
0.986089530223 0.953621827307 0.0894043710017 0.034176
0.974308953022 0.949821289896 0.0774887319761 0.052992
0.992030895302 0.95168925118 0.0844685323361 0.042432
0.98300308953 0.952988024275 0.0846248993083 0.047424
0.991100308953 0.954639337986 0.101522336975 0.037504
0.976610030895 0.953896843013 0.11391228753 0.059584
0.97516100309 0.952001951571 0.112600925969 0.064448
0.982216100309 0.950101877767 0.0862125536563 0.044224
0.965821610031 0.952376895572 0.091268171269 0.072896
0.961482161003 0.950818713605 0.107853054087 0.096512
0.9898482161 0.948992929497 0.106040409817 0.039936
0.99448482161 0.948056154958 0.0984243335198 0.028608
0.991348482161 0.94787271032 0.0834388518255 0.040896
0.982034848216 0.950386079957 0.0835145262383 0.05472
0.986503484822 0.95233770443 0.0745176674926 0.073664
0.982450348482 0.953546914283 0.084749703594 0.066432
0.991045034848 0.953011254022 0.0749339904849 0.037504
0.968504503485 0.956052314448 0.0646144786785 0.069376
0.974350450348 0.959370754246 0.0632911837606 0.059328
0.980335045035 0.960638152611 0.0694526229482 0.07136
0.978233504503 0.960823153244 0.0694785006727 0.06592
0.98882335045 0.962206943955 0.0653299136235 0.043584
0.988982335045 0.964045345249 0.0673657718064 0.060352
0.980898233505 0.965463464184 0.0763083143265 0.048192
0.98638982335 0.965795247063 0.0814508363209 0.044224
0.987838982335 0.968314043846 0.0793148683181 0.047104
0.977183898234 0.967678632695 0.06492335739 0.061632
0.988718389823 0.967136653548 0.0732869449042 0.05056
0.995271838982 0.964687365626 0.0723722826516 0.034112
0.979727183898 0.962570257514 0.0650332096384 0.05888
0.98717271839 0.962557476028 0.0856730614768 0.039936
0.996017271839 0.959261870698 0.0673648789975 0.031296
0.994201727184 0.960080540222 0.085755947241 0.03648
0.986820172718 0.957422253695 0.0831588757793 0.037056
0.995082017272 0.95638782173 0.0748110257767 0.0208
0.991408201727 0.957406386761 0.0710774597678 0.021952
0.997340820173 0.958165612973 0.0718964203755 0.036352
0.983534082017 0.959340132216 0.0711743788578 0.055552
0.985753408202 0.960590110035 0.0795180832777 0.043584
0.98237534082 0.960295042764 0.0825522004204 0.045824
0.984737534082 0.961577046299 0.0865616929251 0.052032
0.990373753408 0.961922603013 0.0876923668757 0.050304
0.987337375341 0.95970110315 0.0807616455698 0.043328
0.986133737534 0.959146632122 0.0690173816263 0.042496
0.967113373753 0.959828770802 0.0738925344095 0.079296
0.971511337375 0.959099616517 0.056052632176 0.077632
0.970151133738 0.961802374515 0.0534591453507 0.072064
0.979915113374 0.964219732931 0.0652207436018 0.068608
0.982691511337 0.965752523526 0.0670160270122 0.057024
0.964069151134 0.968031933636 0.0740951744065 0.093824
0.970306915113 0.966860544847 0.0963592857688 0.066496
0.994330691511 0.963716471736 0.0961358056182 0.0256
0.980533069151 0.959537896806 0.0930319374394 0.052608
0.991753306915 0.957890467057 0.0989288187538 0.040256
0.978475330692 0.956720372025 0.102854224767 0.049152
0.973547533069 0.954057603972 0.092386896311 0.046848
0.981154753307 0.952221215316 0.0907214313419 0.0432
0.971115475331 0.952562312391 0.101579070119 0.050368
0.990811547533 0.950781321748 0.103974495884 0.030592
0.989181154753 0.950365961716 0.111548256453 0.03808
0.975518115475 0.947855493285 0.151964088508 0.042304
0.984051811548 0.94085959534 0.159883776122 0.043392
0.981305181155 0.93347788517 0.170355456463 0.041984
0.984630518115 0.926008984012 0.160975210955 0.043008
0.993063051812 0.921604837979 0.154238905692 0.041408
0.991206305181 0.916441784172 0.139733134284 0.034432
0.992820630518 0.916037299181 0.119979664887 0.03584
0.992082063052 0.922003676787 0.10615152447 0.019328
0.996508206305 0.928375410824 0.0877862019019 0.017408
0.994250820631 0.933602962825 0.0798618454932 0.020544
0.982325082063 0.938069465805 0.0900090994778 0.032192
0.986532508206 0.939272519036 0.0847681649315 0.03552
0.982453250821 0.941957442366 0.101871573274 0.048256
0.985645325082 0.940141672675 0.123486818804 0.044352
0.992264532508 0.936773277876 0.130060499614 0.0368
0.993826453251 0.934171405965 0.136794152836 0.037184
0.997582645325 0.932175491142 0.130837008209 0.0272
0.991658264533 0.931329208233 0.122576071107 0.018112
0.994665826453 0.929659063154 0.142791038134 0.027264
0.994966582645 0.923295526844 0.133932679081 0.033408
0.991396658265 0.923627170286 0.115606557512 0.028224
0.992839665826 0.926217385411 0.117672620675 0.038592
0.992983966583 0.928050475891 0.117226378283 0.036608
0.997498396658 0.931483495554 0.0861977799359 0.017664
0.993449839666 0.938846922725 0.0826284763701 0.033472
0.984044983967 0.942860703439 0.0803301884333 0.0464
0.994804498397 0.945843833897 0.0769620243202 0.038976
0.99408044984 0.948452836829 0.0750367646061 0.045696
0.985008044984 0.950824279745 0.0845436544932 0.040896
0.994000804498 0.951494696911 0.0905413876875 0.038144
0.99400008045 0.95037473679 0.084343769928 0.040512
0.989500008045 0.950870704713 0.0694998113402 0.034048
0.997150000804 0.954877534726 0.0789816862181 0.027264
0.99611500008 0.955174109323 0.0817377405909 0.02976
0.997811500008 0.954602704057 0.081934177255 0.024704
0.971881150001 0.953005041052 0.0848319248548 0.06112
0.966588115 0.952511708844 0.0876016036728 0.072
0.9921588115 0.951154769241 0.0901598670416 0.03424
0.98661588115 0.951259194963 0.0877008674865 0.04096
0.987861588115 0.951327041238 0.0740618863111 0.046912
0.989786158812 0.953462691606 0.0872238051949 0.033792
0.983678615881 0.951199324459 0.0929875924762 0.039488
0.981267861588 0.951468815839 0.0912905517554 0.035136
0.985526786159 0.952507637829 0.080325205525 0.059904
0.981452678616 0.953914315146 0.0738858377753 0.044288
0.984645267862 0.95402126972 0.0824192164615 0.034368
0.987664526786 0.954153913608 0.0851315081616 0.034624
0.993366452679 0.953159753136 0.0976091991767 0.028608
0.990336645268 0.951754308787 0.0936005294696 0.032512
0.989133664527 0.951375664322 0.116296307505 0.040448
0.987213366453 0.949988258315 0.104341204848 0.04704
0.992421336645 0.950165365027 0.0953021630184 0.037312
0.983042133665 0.949640125431 0.103008909509 0.058944
0.994704213366 0.946713848486 0.0956554642098 0.029632
0.997670421337 0.94374513209 0.0934545255001 0.024768
0.988967042134 0.944944636295 0.0917921517141 0.053312
0.987196704213 0.945247078557 0.106907893133 0.04928
0.987919670421 0.945512889539 0.120848221873 0.052544
0.995191967042 0.943177606415 0.122653080094 0.039296
0.982419196704 0.939888327198 0.140975838021 0.053056
0.98834191967 0.934082852559 0.131689810572 0.034752
0.982634191967 0.930426927855 0.133425909737 0.038336
0.994663419197 0.927487903921 0.108749622504 0.0208
0.99676634192 0.930811611265 0.114457405518 0.022272
0.983476634192 0.930707809982 0.126049811401 0.024768
0.995647663419 0.929061262193 0.118469070504 0.023744
0.996864766342 0.930070021429 0.118840073495 0.024896
0.992486476634 0.930681932124 0.10790221206 0.024
0.995648647663 0.931964781351 0.0984682572283 0.023616
0.997764864766 0.935006765398 0.0969948954083 0.02816
0.993476486477 0.936428144909 0.0948247112241 0.040256
0.997547648648 0.937506856219 0.108943140774 0.030208
0.987154764865 0.934727012922 0.100392189126 0.0384
0.983415476486 0.937042610168 0.084280696352 0.037248
0.991141547649 0.939689917428 0.0801878860191 0.037312
0.991914154765 0.942188734514 0.0841031395937 0.033792
0.994691415476 0.944610418332 0.0865819344398 0.023872
0.981469141548 0.945537727091 0.0833580415743 0.044992
0.987346914155 0.947775483014 0.0814445193269 0.048192
0.966334691415 0.950413483153 0.0872991007795 0.071552
0.985833469142 0.949752823721 0.0984716345004 0.042112
0.992283346914 0.948238946051 0.111796700609 0.048448
0.997428334691 0.944647505547 0.126045468618 0.020608
0.986242833469 0.942420375424 0.109713288107 0.024128
0.986924283347 0.943438696784 0.127851099745 0.034496
0.990592428335 0.937463876913 0.118798683707 0.03136
0.994559242833 0.934163851748 0.106405090329 0.030016
0.988655924283 0.936307069138 0.0908401727344 0.0384
0.987165592428 0.938816472478 0.0909062237291 0.054208
0.991516559243 0.939365388771 0.0769511578992 0.0384
0.997351655924 0.941984743087 0.097982003956 0.037312
0.991635165592 0.94062621741 0.0914909663166 0.024128
0.979363516559 0.942147502967 0.0939015829349 0.042176
0.990736351656 0.944305386029 0.0952450109998 0.034432
0.992773635166 0.946582449084 0.108525695494 0.039744
0.982177363517 0.947624540195 0.107777115125 0.059328
0.973917736352 0.947081807859 0.117011529059 0.06688
0.989291773635 0.945415349773 0.110457717662 0.039744
0.981829177364 0.944760085355 0.113696220517 0.056576
0.987382917736 0.942142524217 0.093152889569 0.041536
0.980738291774 0.942300897788 0.0950068244801 0.046656
0.990873829177 0.94387216265 0.096465778837 0.032
0.980187382918 0.946260856375 0.0907662665089 0.049792
0.970118738292 0.949494469589 0.112839415513 0.067648
0.980811873829 0.943677835013 0.113533621453 0.03808
0.989981187383 0.942955688563 0.0991646551257 0.036224
0.990898118738 0.942639729232 0.0854535557461 0.034944
0.988289811874 0.943733802009 0.0711437643248 0.038144
0.992528981187 0.947483354035 0.0784293558965 0.032448
0.988452898119 0.949550882417 0.0750819408972 0.035328
0.966445289812 0.951179966743 0.0834580634037 0.05504
0.976844528981 0.950050545363 0.0854046311928 0.067392
0.976084452898 0.950149685057 0.083124382231 0.05056
0.98230844529 0.952352578953 0.0975918293556 0.05408
0.971230844529 0.951160786664 0.0976138291762 0.06176
0.983623084453 0.951812756186 0.103017060613 0.043968
0.978562308445 0.950271508609 0.104138133487 0.052224
0.974456230845 0.948150993589 0.109480846602 0.063552
0.968645623084 0.946976823173 0.10587409712 0.0576
0.988764562308 0.945306062953 0.111660602693 0.03104
0.976376456231 0.942859347006 0.131919068081 0.053312
0.985937645623 0.938435608977 0.131059223791 0.03904
0.958993764562 0.937261304887 0.131342331054 0.056064
0.988699376456 0.937092283942 0.120943785325 0.038016
0.976369937646 0.937251132576 0.114202931439 0.044736
0.985936993765 0.938986341356 0.103231280604 0.042688
0.967993699376 0.940981728686 0.106439947229 0.067456
0.965299369938 0.940651325697 0.11349792659 0.075968
0.989329936994 0.940722930867 0.0935184892948 0.040896
0.972832993699 0.943291585184 0.10698092962 0.058496
0.98468329937 0.943761539468 0.113341637444 0.056704
0.960668329937 0.941004610424 0.0982235971397 0.091008
0.969966832994 0.942390220234 0.108397575724 0.103104
0.973596683299 0.942698327909 0.112042378509 0.106176
0.96675966833 0.940932240042 0.109537375492 0.090368
0.950775966833 0.94034228175 0.0939086565656 0.103104
0.983377596683 0.941426444125 0.0956164172609 0.073408
0.988437759668 0.941971262418 0.0915400548964 0.063488
0.995243775967 0.946726072563 0.0890555605206 0.070336
0.984224377597 0.947101087318 0.0834872611462 0.094976
0.99122243776 0.949668313049 0.0932926635111 0.06976
0.991022243776 0.951168157475 0.102918726154 0.077952
