0.126 0.899685064112 0.134405478183 -208.864537161 1.0 0.658297349081 21.783203125 211.705485058 -9.98797164888 1408557493.32
0.1809 0.930815381906 0.0620017250146 -193.903142784 1.0 0.699047727988 21.783203125 211.705485058 -2.57850703095 1408557494.7
0.22599 0.872404103564 0.0420224674081 -183.204438217 1.0 0.717006491464 21.783203125 211.705485058 -1.15427697132 1408557496.66
0.272799 0.833762670642 0.0345115297549 -172.43950356 1.0 0.736309302525 21.783203125 211.705485058 -0.969804604354 1408557499.11
0.2972799 0.816625583144 0.0299009773657 -163.324058452 1.0 0.752180502731 21.783203125 211.705485058 -0.702253403691 1408557501.89
0.32852799 0.816815047268 0.0299769074472 -154.34868026 1.0 0.767965912666 21.783203125 211.705485058 -1.00865834576 1408557505.18
0.367652799 0.826770220624 0.0331924343828 -148.317424004 1.0 0.770368040264 21.783203125 211.705485058 -1.01635057846 1408557508.97
0.3823652799 0.839677971776 0.0347681482598 -142.869798965 1.0 0.774342989505 21.783203125 211.705485058 -0.934115612492 1408557513.01
0.32623652799 0.853568949153 0.0283662012034 -137.97689382 1.0 0.778031971174 21.783203125 211.705485058 -0.475676154624 1408557516.81
0.343123652799 0.866213563713 0.0260346055163 -132.436014756 1.0 0.785724498842 21.783203125 211.705485058 -0.390782516374 1408557520.56
0.35021236528 0.878289489367 0.0250675616787 -127.83139352 1.0 0.786353627499 21.783203125 211.705485058 -0.69220877202 1408557523.57
0.361721236528 0.889377323751 0.0224237348514 -123.542566273 1.0 0.786982756155 21.783203125 211.705485058 -0.153095116424 1408557526.6
0.324172123653 0.898333291909 0.0189694957108 -119.764877463 1.0 0.78832680374 21.783203125 211.705485058 -0.338307356204 1408557530.0
0.363617212365 0.903588522899 0.0129878957315 -114.309760073 1.0 0.79221596271 21.783203125 211.705485058 -0.494553168103 1408557533.26
0.336061721237 0.91304373108 0.0122260408732 -113.53006949 1.0 0.792244559467 21.783203125 211.705485058 0.104989443767 1408557536.17
0.338706172124 0.921279838141 0.0138376672419 -112.173954074 1.0 0.793874574623 21.783203125 211.705485058 -0.00383449708312 1408557539.17
0.297570617212 0.930845706943 0.0160843393595 -111.260344877 1.0 0.794761074094 21.783203125 211.705485058 0.0624742206346 1408557542.26
0.279057061721 0.940687521313 0.017345212089 -109.850038606 1.0 0.797935314135 21.783203125 211.705485058 -0.160184444906 1408557545.08
0.283505706172 0.948149204897 0.017870056778 -108.895936401 1.0 0.798993394149 21.783203125 211.705485058 0.035535988719 1408557547.38
0.265050570617 0.954110379887 0.01021646428 -107.526437702 1.0 0.802224827705 21.783203125 211.705485058 -0.10738831991 1408557549.62
0.235305057062 0.959897111826 0.00834940805418 -106.094111928 1.0 0.805713632074 21.783203125 211.705485058 -0.123609570859 1408557552.15
0.265630505706 0.964596243337 0.00999340259041 -104.749492408 1.0 0.808887872115 21.783203125 211.705485058 -0.131266289532 1408557554.58
0.269563050571 0.967139246089 0.013292768823 -103.982212817 1.0 0.809545597529 21.783203125 211.705485058 0.0711190988305 1408557556.85
0.254656305057 0.968482142817 0.0161776872361 -102.990162716 1.0 0.810718064571 21.783203125 211.705485058 -0.0530171758378 1408557559.1
0.251365630506 0.971052738572 0.0152335315844 -101.40881924 1.0 0.811976321885 21.783203125 211.705485058 0.0846386688611 1408557561.23
0.243836563051 0.973744275411 0.0118828733051 -99.078183534 1.0 0.813491950013 21.783203125 211.705485058 -0.0311140475773 1408557563.37
0.254783656305 0.975164515363 0.0156072791034 -98.446252395 1.0 0.813491950013 21.783203125 211.705485058 0.102095307095 1408557565.11
0.256778365631 0.97600579731 0.0130637407623 -97.7810060339 1.0 0.813634933799 21.783203125 211.705485058 0.111822402076 1408557567.23
0.238977836563 0.97627339075 0.0156819410198 -97.1149875604 1.0 0.813634933799 21.783203125 211.705485058 0.102845660387 1408557568.94
0.238997783656 0.975516018462 0.0187563226604 -96.4826846636 1.0 0.813634933799 21.783203125 211.705485058 0.11192279265 1408557571.05
0.229099778366 0.975530328599 0.0149588343455 -95.8359118076 1.0 0.813663530556 21.783203125 211.705485058 0.0946132956862 1408557573.02
0.225409977837 0.97626759921 0.0139675580584 -95.2050959421 1.0 0.813663530556 21.783203125 211.705485058 0.0905120807316 1408557575.15
0.248440997784 0.978315670539 0.0153551106688 -94.8128628214 1.0 0.813663530556 21.783203125 211.705485058 0.130669490081 1408557576.82
0.270544099778 0.980656549162 0.0194999628562 -94.4570905659 1.0 0.814149675427 21.783203125 211.705485058 0.141043699304 1408557578.78
0.288054409978 0.982860990999 0.0215450148269 -92.7300466127 1.0 0.815550916526 21.783203125 211.705485058 0.110212953775 1408557580.88
0.293405440998 0.984043744777 0.0184725145823 -91.5192313192 1.0 0.81809602791 21.783203125 211.705485058 0.075595928868 1408557583.06
0.2669405441 0.985833924832 0.0150222265707 -90.6792015785 1.0 0.818210414939 21.783203125 211.705485058 0.137149109949 1408557585.09
0.26879405441 0.986339924585 0.0118756356403 -89.12222254 1.0 0.818210414939 21.783203125 211.705485058 0.0643014735784 1408557587.15
0.254579405441 0.988006991884 0.00969812602606 -87.6757699677 1.0 0.818210414939 21.783203125 211.705485058 0.0329075892902 1408557588.95
0.232457940544 0.990443924388 0.0113688516269 -86.552575138 1.0 0.818210414939 21.783203125 211.705485058 0.0466536646128 1408557590.62
0.213145794054 0.992713490178 0.0155806438878 -84.9415196317 1.0 0.818639366296 21.783203125 211.705485058 -0.138705934724 1408557592.55
0.181514579405 0.993871675761 0.0199746008801 -82.5090222769 1.0 0.821642025794 21.783203125 211.705485058 -0.545860620068 1408557594.14
0.234151457941 0.994055758249 0.0277696767303 -81.4921215934 1.0 0.821727816066 21.783203125 211.705485058 0.0154659555394 1408557596.09
0.225015145794 0.994172576069 0.0242474075552 -80.3713288913 1.0 0.821727816066 21.783203125 211.705485058 -0.0799456998934 1408557597.88
0.235801514579 0.993844087959 0.0225660369333 -78.6074523149 1.0 0.823043266894 21.783203125 211.705485058 -0.426569311018 1408557599.5
0.212580151458 0.993974452727 0.0153815528546 -76.5282392977 1.0 0.823129057165 21.783203125 211.705485058 -0.775815823082 1408557601.26
0.199458015146 0.993139502007 0.00783289290277 -75.685864623 1.0 0.823186250679 21.783203125 211.705485058 0.073017622217 1408557603.21
0.167545801515 0.992475263431 0.00381976988957 -74.9359718608 1.0 0.823186250679 21.783203125 211.705485058 0.12167685666 1408557605.04
0.180554580151 0.992696930882 0.00338346948084 -74.2170493866 1.0 0.823186250679 21.783203125 211.705485058 0.134164685164 1408557606.71
0.201655458015 0.992559539922 0.00797714439288 -73.5544911207 1.0 0.823700992307 21.783203125 211.705485058 0.184300759686 1408557608.03
0.207365545802 0.992253189622 0.0155454535693 -72.6984471961 1.0 0.825159426921 21.783203125 211.705485058 0.143557834372 1408557609.45
0.21693655458 0.992689937447 0.0191947892497 -71.9640252795 1.0 0.825245217192 21.783203125 211.705485058 0.152810305789 1408557611.33
0.210693655458 0.992591034824 0.0130147614224 -70.7163201693 1.0 0.828190683177 21.783203125 211.705485058 0.0454194322821 1408557613.22
0.203769365546 0.993702548789 0.00849335239748 -68.0313706426 1.0 0.833709857302 21.783203125 211.705485058 -0.470895584328 1408557615.11
0.222876936555 0.994557829706 0.00537638374607 -63.6760273385 1.0 0.842260287683 21.783203125 211.705485058 -0.998120652021 1408557617.02
0.245487693655 0.995215385851 0.00837769239657 -61.4341845635 1.0 0.842260287683 21.783203125 211.705485058 -0.405310140411 1408557618.83
0.231548769366 0.996552120607 0.0078309655198 -59.8743744459 1.0 0.842431868226 21.783203125 211.705485058 -0.154399787366 1408557620.71
0.228354876937 0.997266892599 0.00621108828175 -59.2338928765 1.0 0.842431868226 21.783203125 211.705485058 0.171725989363 1408557622.6
0.257735487694 0.997416264585 0.0127302601757 -57.5368469216 1.0 0.846921559095 21.783203125 211.705485058 0.0125544893415 1408557624.42
0.256173548769 0.997075041279 0.0154414144686 -56.1870227916 1.0 0.853584603506 21.783203125 211.705485058 0.216852422568 1408557626.3
0.267717354877 0.995963461483 0.0163205076134 -55.7393691555 1.0 0.856873230576 21.783203125 211.705485058 0.334262591419 1408557628.36
0.294971735488 0.994381818526 0.0211018404446 -55.3633789928 1.0 0.860562212245 21.783203125 211.705485058 0.341040433675 1408557630.21
0.277897173549 0.991921875385 0.0226083856494 -53.4584060168 1.0 0.864880322571 21.783203125 211.705485058 0.129776693983 1408557632.34
0.295089717355 0.989857748744 0.0203504767117 -50.802310618 1.0 0.870084932369 21.783203125 211.705485058 0.167145267962 1408557634.37
0.308508971735 0.989815608486 0.0176548859429 -49.4240327147 1.0 0.870256512911 21.783203125 211.705485058 0.22603697225 1408557636.17
0.318850897174 0.991829178762 0.0170873912683 -48.2368383425 1.0 0.870285109669 21.783203125 211.705485058 0.261321361755 1408557637.96
0.311785089717 0.992713082098 0.013907084172 -47.8782064114 1.0 0.870285109669 21.783203125 211.705485058 0.293924768577 1408557639.4
0.312878508972 0.993441303202 0.0113478869491 -47.8003660385 1.0 0.870285109669 21.783203125 211.705485058 0.363103691023 1408557640.81
0.311187850897 0.994003587015 0.017107111878 -48.0884497698 1.0 0.870285109669 21.783203125 211.705485058 0.36734149018 1408557642.24
0.32541878509 0.993640044056 0.0157769568153 -48.0880494152 1.0 0.870285109669 21.783203125 211.705485058 0.359908052203 1408557643.68
0.315141878509 0.993418269334 0.0145685513606 -47.1534501987 1.0 0.87057107724 21.783203125 211.705485058 0.0418440991242 1408557645.5
0.294314187851 0.993565507974 0.0131469264757 -45.5485143985 1.0 0.873573736738 21.783203125 211.705485058 -0.0728107688693 1408557647.04
0.282331418785 0.994510128744 0.0123761342966 -45.1329463239 1.0 0.873745317281 21.783203125 211.705485058 0.210647082976 1408557649.02
0.278433141879 0.995223012644 0.0109743517805 -44.7136034774 1.0 0.873745317281 21.783203125 211.705485058 0.219421196031 1408557650.92
0.258243314188 0.995366329286 0.0120409556539 -44.1894821127 1.0 0.873745317281 21.783203125 211.705485058 0.184753530124 1408557652.91
0.249924331419 0.99485599644 0.0146579114693 -43.6464868884 1.0 0.873745317281 21.783203125 211.705485058 0.173495258427 1408557654.9
0.256292433142 0.994380549604 0.0121133690718 -43.1797020218 1.0 0.873745317281 21.783203125 211.705485058 0.170035410718 1408557656.51
0.249729243314 0.995365187753 0.0118370460745 -42.5896937287 1.0 0.873745317281 21.783203125 211.705485058 0.149113403634 1408557658.48
0.262572924331 0.99600599836 0.00940337172816 -42.1269410049 1.0 0.873745317281 21.783203125 211.705485058 0.184612830141 1408557660.21
0.280957292433 0.996025608601 0.00661900304993 -41.68703709 1.0 0.873745317281 21.783203125 211.705485058 0.216226283543 1408557661.74
0.284595729243 0.99617611623 0.00416880202622 -41.2612599731 1.0 0.873745317281 21.783203125 211.705485058 0.224944743067 1408557663.52
0.268759572924 0.996922349917 0.00244090928125 -40.7620463839 1.0 0.874631816752 21.783203125 211.705485058 0.187650627752 1408557665.41
0.273475957292 0.997701426165 0.0027615911488 -39.4304097915 1.0 0.88072292602 21.783203125 211.705485058 -0.122352637769 1408557667.21
0.291947595729 0.998296517809 0.00649924747459 -38.2654922932 1.0 0.885956132575 21.783203125 211.705485058 0.0633445178701 1408557669.03
0.255994759573 0.998309842624 0.0121873707253 -37.2826503475 1.0 0.891017758586 21.783203125 211.705485058 0.156517693549 1408557670.91
0.288399475957 0.997359648203 0.0130615098045 -36.106208356 1.0 0.895593239727 21.783203125 211.705485058 0.129259061304 1408557672.79
0.318639947596 0.995833590543 0.0132932483084 -35.048156939 1.0 0.17015070491 -65.6083984375 202.473955012 0.187412719871 1408557674.87
0.30546399476 0.995036987215 0.0157452375679 -34.2413280334 1.0 0.317795761961 -65.6083984375 202.473955012 0.168031528474 1408557676.52
0.314946399476 0.994280901751 0.0175014488956 -33.5268666533 1.0 0.361777574423 -65.6083984375 202.473955012 0.198853499367 1408557678.09
0.332094639948 0.994603145552 0.0153647225021 -32.6882953473 1.0 0.393291200778 -65.6083984375 202.473955012 0.142302831547 1408557679.64
0.260909463995 0.994680559301 0.0122759801054 -31.3663816523 1.0 0.411707512368 -65.6083984375 202.473955012 -0.0753694391328 1408557681.39
0.244790946399 0.994215282021 0.010315353307 -30.6267837227 1.0 0.415711058366 -65.6083984375 202.473955012 0.139304250244 1408557683.29
0.26747909464 0.993345619059 0.00900362333639 -29.8469787526 1.0 0.422745860619 -65.6083984375 202.473955012 0.14249453456 1408557685.05
0.257147909464 0.992562405595 0.00828215985495 -29.2504503989 1.0 0.428408018531 -65.6083984375 202.473955012 0.177317459954 1408557686.68
0.251614790946 0.991817643773 0.0050618994195 -28.6798307072 1.0 0.435442820784 -65.6083984375 202.473955012 0.171126890603 1408557688.34
0.245661479095 0.992236048303 0.0116518986675 -28.3039549315 1.0 0.452515084789 -65.6083984375 202.473955012 0.206296702004 1408557689.75
0.237866147909 0.993044054364 0.0143001908256 -27.862706969 1.0 0.465583802797 -65.6083984375 202.473955012 0.168592169416 1408557691.25
0.247886614791 0.993949093194 0.0102533608208 -27.327919014 1.0 0.471789299093 -65.6083984375 202.473955012 0.168622787461 1408557693.23
0.304688661479 0.995145089891 0.00587114185708 -26.8530126684 1.0 0.475764248334 -65.6083984375 202.473955012 0.221931402319 1408557695.04
0.294168866148 0.996419714943 0.0064917262395 -26.5090794704 1.0 0.486001887386 -65.6083984375 202.473955012 0.253643761461 1408557696.63
0.304816886615 0.99749246341 0.0118885279974 -26.1522777317 1.0 0.502016071378 -65.6083984375 202.473955012 0.27787913865 1408557698.08
0.294181688661 0.997797520683 0.014824571442 -25.2041236524 1.0 0.519088335383 -65.6083984375 202.473955012 0.127964023072 1408557699.66
0.330918168866 0.997165501799 0.0132382592781 -24.8329091481 1.0 0.540993451343 -65.6083984375 202.473955012 0.279708609294 1408557701.38
0.356191816887 0.995502341805 0.0169416633101 -24.3335525751 1.0 0.571077239841 -65.6083984375 202.473955012 0.302841323442 1408557703.24
0.399219181689 0.993870227452 0.0134619628677 -23.6509765793 1.0 0.602791043496 -65.6083984375 202.473955012 0.290940780393 1408557704.89
0.396321918169 0.992991159325 0.0144493490597 -23.4387028511 1.0 0.623580885928 -65.6083984375 202.473955012 0.325876279426 1408557706.74
0.412232191817 0.993132196833 0.0173847605347 -23.7444879751 1.0 0.657496639881 -65.6083984375 202.473955012 0.383846273765 1408557708.71
0.406623219182 0.993644649914 0.0228670925176 -24.2765306414 1.0 0.686550945123 -65.6083984375 202.473955012 0.329016739468 1408557710.6
0.425862321918 0.992204517172 0.023445927534 -22.8108324516 1.0 0.706454288084 -65.6083984375 202.473955012 0.181510454996 1408557712.82
0.382786232192 0.989678032137 0.0189249834626 -22.283651234 1.0 0.711716091395 -65.6083984375 202.473955012 0.214641641881 1408557714.67
0.368578623219 0.98789258932 0.0134292675094 -21.8973090452 1.0 0.715405073065 -65.6083984375 202.473955012 0.216051914985 1408557716.64
0.359057862322 0.988986692867 0.011049039583 -21.2959478395 1.0 0.724384454803 -65.6083984375 202.473955012 0.17830744776 1408557718.47
0.345505786232 0.991293897505 0.0116328743711 -20.1487317338 1.0 0.731419257056 -65.6083984375 202.473955012 -0.00757723113173 1408557720.51
0.310850578623 0.993093063247 0.00853367391139 -19.2125025022 1.0 0.734421916555 -65.6083984375 202.473955012 0.128770326822 1408557722.41
0.298385057862 0.994897436695 0.00399612245393 -18.2906002459 1.0 0.736766850639 -65.6083984375 202.473955012 0.109044586826 1408557724.14
0.261138505786 0.99628116599 0.00366925414571 -17.2364379879 1.0 0.739683719866 -65.6083984375 202.473955012 0.0845643352905 1408557726.1
0.235813850579 0.997864197888 0.00463662076345 -16.1492178787 1.0 0.742772169636 -65.6083984375 202.473955012 0.0476673556734 1408557728.06
0.238681385058 0.998506546962 0.0040776622546 -14.6538934485 1.0 0.74860590809 -65.6083984375 202.473955012 -0.0469211310148 1408557730.01
0.219168138506 0.998302085283 0.00518515438959 -13.5696759987 1.0 0.75189453516 -65.6083984375 202.473955012 0.0598222189137 1408557731.61
0.249616813851 0.998442952565 0.0103071227937 -12.8914467099 1.0 0.753152792473 -65.6083984375 202.473955012 0.177522402214 1408557733.27
0.245461681385 0.998357365952 0.0163759215294 -12.0591380937 1.0 0.755211758987 -65.6083984375 202.473955012 0.118956936175 1408557734.65
0.221646168139 0.997252679774 0.0130414199703 -11.1356916126 1.0 0.7570705482 -65.6083984375 202.473955012 0.0911524992489 1408557736.61
0.252564616814 0.996092455004 0.00721175021622 -10.3659812977 1.0 0.758586176328 -65.6083984375 202.473955012 0.15009367781 1408557738.65
0.255656461681 0.996048369101 0.00809709220945 -9.66069947668 1.0 0.759186708227 -65.6083984375 202.473955012 0.160019230444 1408557740.64
0.246965646168 0.996438628169 0.00876207685206 -9.09188138065 1.0 0.759186708227 -65.6083984375 202.473955012 0.183603297483 1408557742.51
0.228996564617 0.996220952023 0.00890749861633 -8.42414710172 1.0 0.759215304984 -65.6083984375 202.473955012 0.162556409728 1408557744.25
0.236199656462 0.99550116418 0.00757765792756 -7.73402156195 1.0 0.759215304984 -65.6083984375 202.473955012 0.157123125236 1408557746.02
0.200919965646 0.995597925078 0.00668899484662 -7.02785324144 1.0 0.759215304984 -65.6083984375 202.473955012 0.147735048536 1408557747.93
0.213591996565 0.99640474525 0.00628402584322 -6.46489748063 1.0 0.759215304984 -65.6083984375 202.473955012 0.203180857131 1408557749.7
0.206759199656 0.997188202455 0.0105089088836 -6.10829591924 1.0 0.762532528811 -65.6083984375 202.473955012 0.27735226817 1408557751.33
0.226775919966 0.997601885287 0.0118082015397 -5.70053475936 1.0 0.764191140725 -65.6083984375 202.473955012 0.241024034388 1408557752.96
0.243177591997 0.997367211096 0.0125226314352 -5.98475792845 1.0 0.775973004661 -65.6083984375 202.473955012 0.403365431894 1408557754.34
0.2727177592 0.996859716183 0.0152038333351 -6.47253281478 1.0 0.791329463239 -65.6083984375 202.473955012 0.417074922491 1408557755.71
0.31257177592 0.996002816878 0.0134337723796 -7.01398381424 1.0 0.803511681775 -65.6083984375 202.473955012 0.412926600872 1408557757.13
0.294957177592 0.995048404074 0.0107936424836 -7.01844490835 1.0 0.807143469931 -65.6083984375 202.473955012 0.302296046162 1408557758.7
0.321095717759 0.99410333321 0.00965391376757 -7.09628528125 1.0 0.811404386743 -65.6083984375 202.473955012 0.2403801843 1408557760.21
0.300309571776 0.993329551076 0.0106423462781 -7.74969258486 1.0 0.823758185822 -65.6083984375 202.473955012 0.302930655167 1408557761.93
0.308130957178 0.994116011201 0.0123397878263 -7.39978266465 1.0 0.82507363665 -65.6083984375 202.473955012 0.212150261247 1408557763.82
0.347613095718 0.994419034 0.0145134469394 -7.12145042752 1.0 0.825216620435 -65.6083984375 202.473955012 0.224055079122 1408557765.63
0.328161309572 0.993620657108 0.0211743535917 -6.89476393377 1.0 0.825216620435 -65.6083984375 202.473955012 0.254283269961 1408557767.57
0.320816130957 0.992429190858 0.0199234624493 -6.83642654923 1.0 0.825216620435 -65.6083984375 202.473955012 0.293331191334 1408557769.63
0.321881613096 0.991957248489 0.0191931383762 -6.86568103177 1.0 0.825216620435 -65.6083984375 202.473955012 0.270155951029 1408557771.34
0.31838816131 0.991837937157 0.0166637362569 -7.13657811204 1.0 0.825216620435 -65.6083984375 202.473955012 0.331514865906 1408557773.55
0.358538816131 0.990746235854 0.0190927594163 -7.55329005691 1.0 0.825559781521 -65.6083984375 202.473955012 0.343831518992 1408557775.6
0.394053881613 0.989109793582 0.0263646409778 -8.27707397981 1.0 0.825559781521 -65.6083984375 202.473955012 0.358738474325 1408557777.28
0.417405388161 0.986774367555 0.0253258493103 -8.98856129715 1.0 0.825845749092 -65.6083984375 202.473955012 0.302104025165 1408557778.84
0.437740538816 0.986070340861 0.0223591769941 -9.56407103434 1.0 0.83542566273 -65.6083984375 202.473955012 0.435711482397 1408557781.0
0.452374053882 0.986182872399 0.0219416351355 -9.45754811404 1.0 0.850438960222 -65.6083984375 202.473955012 0.362504907767 1408557783.22
0.421437405388 0.987560242417 0.017363572807 -9.01464153965 1.0 0.855357602448 -65.6083984375 202.473955012 0.256676170046 1408557785.47
0.399443740539 0.98936583467 0.0221390990392 -8.34453372988 1.0 0.865280677171 -65.6083984375 202.473955012 0.206990580133 1408557787.64
0.417044374054 0.989916723822 0.0207724836784 -8.68735165432 1.0 0.865423660957 -65.6083984375 202.473955012 0.319724988158 1408557789.73
0.363904437405 0.989536164423 0.0224663929132 -8.28247876691 1.0 0.87205810861 -65.6083984375 202.473955012 0.215771406565 1408557791.81
0.365790443741 0.987546684885 0.0192989254592 -8.02282021219 1.0 0.87205810861 -65.6083984375 202.473955012 0.217013352557 1408557793.67
0.346179044374 0.986584969715 0.0134076947925 -7.70585375618 1.0 0.87205810861 -65.6083984375 202.473955012 0.218028680232 1408557795.65
0.316317904437 0.988023673666 0.0123315397271 -7.34336126283 1.0 0.87205810861 -65.6083984375 202.473955012 0.202657241399 1408557797.28
0.264731790444 0.990165030772 0.0145566971608 -6.97217535531 1.0 0.872115302125 -65.6083984375 202.473955012 0.187163986047 1408557799.19
0.279373179044 0.991695311822 0.0179999547487 -6.64099631102 1.0 0.872115302125 -65.6083984375 202.473955012 0.190854897566 1408557800.69
0.260137317904 0.991198937468 0.0126854286945 -6.07698247019 1.0 0.872115302125 -65.6083984375 202.473955012 0.147138246664 1408557802.25
0.25551373179 0.990704020797 0.00752977304427 -5.42663501959 1.0 0.872115302125 -65.6083984375 202.473955012 0.137269662563 1408557804.37
0.226251373179 0.991653527255 0.007034309585 -4.90849037719 1.0 0.872115302125 -65.6083984375 202.473955012 0.186713973559 1408557806.29
0.226925137318 0.992877234469 0.00681554270766 -4.33566873517 1.0 0.872115302125 -65.6083984375 202.473955012 0.199795648677 1408557808.34
0.253092513732 0.994294914898 0.00537394617297 -3.74872029512 1.0 0.872115302125 -65.6083984375 202.473955012 0.212319224796 1408557809.76
0.212509251373 0.995879940335 0.00573523857323 -3.1586834053 1.0 0.872115302125 -65.6083984375 202.473955012 0.205320056373 1408557811.22
0.192250925137 0.996938831663 0.00579120581314 -2.76687923589 1.0 0.872115302125 -65.6083984375 202.473955012 0.2707455932 1408557812.66
0.232525092514 0.997323726344 0.00892801578602 -2.46827189797 1.0 0.872115302125 -65.6083984375 202.473955012 0.256168402689 1408557814.09
0.231152509251 0.9971498009 0.00609694849962 -1.82721839343 1.0 0.874546026481 -65.6083984375 202.473955012 0.201834685005 1408557815.8
0.228315250925 0.996709128798 0.00528350420595 -0.99382310046 1.0 0.876747976779 -65.6083984375 202.473955012 0.147841315175 1408557817.72
0.205531525093 0.996307465 0.00460825120266 -0.354828562441 1.0 0.876747976779 -65.6083984375 202.473955012 0.174382432403 1408557819.49
0.212253152509 0.996312126102 0.00742439700021 0.196860076067 1.0 0.876747976779 -65.6083984375 202.473955012 0.211867242179 1408557821.38
0.243525315251 0.996933424136 0.00653075988863 0.706683062141 1.0 0.876747976779 -65.6083984375 202.473955012 0.243026024199 1408557823.31
0.251152531525 0.996955174122 0.00606295353164 1.06974749063 1.0 0.876747976779 -65.6083984375 202.473955012 0.30596423109 1408557824.93
0.256415253153 0.997183843048 0.00806534676924 1.57782607452 1.0 0.876747976779 -65.6083984375 202.473955012 0.247102542081 1408557826.9
0.271341525315 0.996528036377 0.0159654655266 1.91887100003 1.0 0.876747976779 -65.6083984375 202.473955012 0.311902596141 1408557828.85
0.282734152532 0.996640000451 0.0256781646301 2.08181532214 1.0 0.876747976779 -65.6083984375 202.473955012 0.362753004353 1408557830.8
0.268573415253 0.996433436852 0.0256711546182 2.31951156739 1.0 0.876747976779 -65.6083984375 202.473955012 0.300863905169 1408557832.84
0.268957341525 0.994607693767 0.0213177099472 2.59492693529 1.0 0.876747976779 -65.6083984375 202.473955012 0.279950206712 1408557834.93
0.307695734153 0.993071354586 0.0221076737177 2.34567760016 1.0 0.876747976779 -65.6083984375 202.473955012 0.403385177559 1408557836.76
0.309769573415 0.992417106429 0.0205025785124 2.45260087506 1.0 0.878663959507 -65.6083984375 202.473955012 0.305906460477 1408557838.34
0.345976957342 0.992493908321 0.0167065845325 2.75604106494 1.0 0.879664846006 -65.6083984375 202.473955012 0.215514687742 1408557839.9
0.342397695734 0.993355484335 0.0167862046505 2.74637536103 1.0 0.879664846006 -65.6083984375 202.473955012 0.225177946015 1408557841.51
0.283539769573 0.993915694051 0.0147794993503 2.81357774028 1.0 0.880093797363 -65.6083984375 202.473955012 0.194861181774 1408557843.08
0.320853976957 0.993638419212 0.0107122350081 3.13683548286 1.0 0.880093797363 -65.6083984375 202.473955012 0.213652157217 1408557844.63
0.282285397696 0.994142421506 0.0133672924284 3.01321170179 1.0 0.880408361692 -65.6083984375 202.473955012 0.32401446748 1408557846.13
0.26852853977 0.994664506414 0.0141436529713 3.50556206926 1.0 0.883897166061 -65.6083984375 202.473955012 0.217905699138 1408557847.47
0.286952853977 0.995424503433 0.0170281620255 3.78506677343 1.0 0.885384197432 -65.6083984375 202.473955012 0.267877335439 1408557848.91
0.345495285398 0.994383243761 0.0216069927888 3.20541050645 1.0 0.885384197432 -65.6083984375 202.473955012 0.481763980508 1408557850.92
0.34324952854 0.992202483893 0.0298204144525 2.64062455318 1.0 0.885384197432 -65.6083984375 202.473955012 0.433415900765 1408557853.13
0.428524952854 0.989521163292 0.0318766674467 1.17435442821 1.0 0.885384197432 -65.6083984375 202.473955012 0.584179343591 1408557854.92
0.411852495285 0.986221699624 0.0272083034065 0.492550544768 1.0 0.885384197432 -65.6083984375 202.473955012 0.388416548245 1408557856.84
0.397585249529 0.984253474039 0.0227696281037 0.407217821499 1.0 0.885384197432 -65.6083984375 202.473955012 0.343508171828 1408557859.06
0.443858524953 0.983217778093 0.0203108902788 0.353455918099 1.0 0.885384197432 -65.6083984375 202.473955012 0.349367987916 1408557861.2
0.443985852495 0.984094225158 0.0164048061039 0.17015070491 1.0 0.88589893906 -65.6083984375 202.473955012 0.41924028572 1408557863.3
0.40979858525 0.986594488199 0.0143936542129 0.236323600904 1.0 0.888472647202 -65.6083984375 202.473955012 0.320098477364 1408557865.44
0.346979858525 0.98898189113 0.0154926033681 0.417741428122 1.0 0.893620063485 -65.6083984375 202.473955012 0.251207440391 1408557867.53
0.360497985852 0.990155796416 0.0173063940358 0.72481340616 1.0 0.897108867854 -65.6083984375 202.473955012 0.271074783252 1408557869.64
0.386149798585 0.992011373957 0.0161641027086 0.861219937659 1.0 0.898881866796 -65.6083984375 202.473955012 0.320174646895 1408557871.78
0.385114979859 0.992738491698 0.0157209990377 1.16314449941 1.0 0.223826818039 22.1958007812 200.768273997 0.226781549676 1408557874.2
0.317511497986 0.9926802012 0.01319196988 1.60167576997 1.0 0.386742543396 22.1958007812 200.768273997 0.202777159889 1408557876.37
0.340451149799 0.992811558422 0.0185731954455 2.18607909863 1.0 0.442105865195 22.1958007812 200.768273997 0.158593570874 1408557878.09
0.33644511498 0.99153669287 0.016352571226 2.73630930253 1.0 0.484200291687 22.1958007812 200.768273997 0.175731889949 1408557879.69
0.315344511498 0.990157228889 0.0124608638837 3.36901255398 1.0 0.506362778461 22.1958007812 200.768273997 0.172510472783 1408557881.69
0.31683445115 0.990078220141 0.00971192379849 3.73573736738 1.0 0.533415310704 22.1958007812 200.768273997 0.242320699849 1408557883.51
0.303483445115 0.990505535938 0.00918862011484 4.03171380365 1.0 0.550630558495 22.1958007812 200.768273997 0.193216743648 1408557885.06
0.296748344511 0.991673141574 0.00902611923432 4.16912122165 1.0 0.582487345935 22.1958007812 200.768273997 0.225920799393 1408557886.89
0.271774834451 0.992877514533 0.010878832305 4.51857359375 1.0 0.598901884526 22.1958007812 200.768273997 0.172513187331 1408557888.88
0.253077483445 0.993109778284 0.0106500175453 4.73507964197 1.0 0.61171323172 22.1958007812 200.768273997 0.151720781036 1408557890.99
0.267407748345 0.992367615888 0.0123038532938 5.06714518574 1.0 0.629986559524 22.1958007812 200.768273997 0.164799405187 1408557892.93
0.295840774834 0.99249304393 0.0180766849093 5.30521318882 1.0 0.647316194344 22.1958007812 200.768273997 0.200196084547 1408557894.95
0.300484077483 0.993618024235 0.0201632384265 5.46661328605 1.0 0.669021133004 22.1958007812 200.768273997 0.314357223457 1408557896.79
0.326148407748 0.993373090817 0.01396768207 5.76693642941 1.0 0.678429466099 22.1958007812 200.768273997 0.26241182364 1408557898.76
0.324214840775 0.993389753715 0.0114593090073 6.01815894078 1.0 0.686121993766 22.1958007812 200.768273997 0.303258266766 1408557900.69
0.292521484077 0.993666296975 0.0121309222587 6.28556721668 1.0 0.69235608682 22.1958007812 200.768273997 0.283469849666 1408557902.64
0.303752148408 0.992940037033 0.0128108786239 6.78961365781 1.0 0.692899425205 22.1958007812 200.768273997 0.218624391734 1408557904.66
0.329175214841 0.992588201091 0.011569034412 7.33060710915 1.0 0.693013812234 22.1958007812 200.768273997 0.205592764845 1408557906.66
0.311017521484 0.992270670918 0.0106606880766 7.68246160885 1.0 0.697160342017 22.1958007812 200.768273997 0.265042762548 1408557908.91
0.345201752148 0.992732834158 0.0093879411877 7.97989647974 1.0 0.699047727988 22.1958007812 200.768273997 0.291106165734 1408557910.99
0.301820175215 0.994395495214 0.00781235719922 8.28073436472 1.0 0.706911836198 22.1958007812 200.768273997 0.280092832409 1408557912.99
0.279482017521 0.995708550219 0.0109809513362 8.89790957705 1.0 0.707712545397 22.1958007812 200.768273997 0.150312104526 1408557914.47
0.250248201752 0.996265567107 0.00874123359575 9.51823043267 1.0 0.707712545397 22.1958007812 200.768273997 0.168657974856 1408557916.2
0.298624820175 0.997027523117 0.00665389024806 9.8571877949 1.0 0.708198690269 22.1958007812 200.768273997 0.25198422098 1408557917.89
0.343962482018 0.997814565504 0.0139469232301 9.74571763562 1.0 0.723269181275 22.1958007812 200.768273997 0.353581159294 1408557919.63
0.326896248202 0.998188067295 0.01684942145 9.87743429895 1.0 0.733935771683 22.1958007812 200.768273997 0.317451593255 1408557921.27
0.29908962482 0.998081371028 0.0173860775625 10.1935428522 1.0 0.739025994452 22.1958007812 200.768273997 0.244848794371 1408557922.88
0.326908962482 0.997347448239 0.0148792741224 10.6234664989 1.0 0.741456718808 22.1958007812 200.768273997 0.2025052363 1408557924.5
0.309890896248 0.996178574057 0.012846243705 10.9281077526 1.0 0.747261860505 22.1958007812 200.768273997 0.217049546845 1408557926.53
0.308189089625 0.994913735723 0.0107573486466 11.1143012382 1.0 0.757299322257 22.1958007812 200.768273997 0.187073441775 1408557928.32
0.283718908962 0.994368842408 0.00944825358206 11.2294031857 1.0 0.767165203466 22.1958007812 200.768273997 0.190018078965 1408557929.96
0.300171890896 0.994593443281 0.0124671053224 11.2127026795 1.0 0.777031084675 22.1958007812 200.768273997 0.24342456127 1408557931.43
0.31171718909 0.994350993208 0.018069307227 10.83456776 1.0 0.795533186537 22.1958007812 200.768273997 0.318205714826 1408557932.9
0.367771718909 0.993801669559 0.0222554863646 10.2015499442 1.0 0.816380222483 22.1958007812 200.768273997 0.404032711248 1408557934.5
0.370677171891 0.992986203038 0.0240911633558 9.66561811891 1.0 0.834682147045 22.1958007812 200.768273997 0.388725704711 1408557936.51
0.373667717189 0.991231283211 0.0229469214959 8.72901712946 1.0 0.855329005691 22.1958007812 200.768273997 0.465715418281 1408557938.67
0.397366771719 0.988351529069 0.0260459858608 7.34353284338 1.0 0.874260058909 22.1958007812 200.768273997 0.422214956507 1408557940.69
0.379936677172 0.98501751505 0.02428995077 6.66067087992 1.0 0.887557550974 22.1958007812 200.768273997 0.344645810325 1408557942.28
0.374593667717 0.984597207195 0.0178219399487 6.38096599846 1.0 0.896136578112 22.1958007812 200.768273997 0.335157069898 1408557943.88
0.347059366772 0.987141222851 0.0188400827301 6.42294603792 1.0 0.33741313735 30.5979003906 136.081394994 0.261369746187 1408557945.93
0.343405936677 0.990717563515 0.0145545812814 6.61488747176 1.0 0.397523520833 30.5979003906 136.081394994 0.238101379638 1408557947.81
0.320540593668 0.993647879573 0.0106310444395 6.76656467157 1.0 0.425862907146 30.5979003906 136.081394994 0.224653960802 1408557949.86
0.284954059367 0.995257230335 0.00610667530635 6.91137864966 1.0 0.46953015528 30.5979003906 136.081394994 0.253326773809 1408557951.78
0.295795405937 0.996616218417 0.00562954226601 7.23435042466 1.0 0.509908776345 30.5979003906 136.081394994 0.249687407168 1408557953.75
0.295079540594 0.997549747299 0.00667114123667 7.63421887958 1.0 0.539678000515 30.5979003906 136.081394994 0.240375004136 1408557955.6
0.269807954059 0.997917180414 0.0049552820092 8.01798736023 1.0 0.560010294833 30.5979003906 136.081394994 0.258201123937 1408557957.57
0.254680795406 0.99797581854 0.0031912387707 8.64991849924 1.0 0.569161257113 30.5979003906 136.081394994 0.188558354123 1408557959.36
0.227068079541 0.998002807854 0.00299433789769 9.3586605279 1.0 0.57267865824 30.5979003906 136.081394994 0.156903366914 1408557960.97
0.230606807954 0.997980476377 0.00951928570174 10.007177786 1.0 0.573793931768 30.5979003906 136.081394994 0.168922159476 1408557962.74
0.235460680795 0.997979447803 0.0112437386724 10.6241528211 1.0 0.576910978295 30.5979003906 136.081394994 0.169900437015 1408557964.61
0.25934606808 0.997935495017 0.01124870119 11.0796705654 1.0 0.587062827075 30.5979003906 136.081394994 0.2185507959 1408557966.26
0.300434606808 0.997331021534 0.00567447005921 11.4718750894 1.0 0.600045754811 30.5979003906 136.081394994 0.235754079855 1408557967.77
0.289243460681 0.996476727887 0.00534953511141 11.5209757214 1.0 0.617489776659 30.5979003906 136.081394994 0.345585309079 1408557969.44
0.277324346068 0.996390373081 0.0125429387127 11.5925248077 1.0 0.637536103406 30.5979003906 136.081394994 0.309569947697 1408557971.13
