0.0873 0.899440190169 0.0516230704531 -208.590151277 1.0 0.742486202065 24.4748687744 106.49893119 -8.86593042607 1408558650.18
0.16803 0.879489905398 0.0101848622268 -190.903257171 1.0 0.743315508021 24.4748687744 106.49893119 -2.33903163845 1408558652.14
0.213903 0.770565315376 0.00248152002778 -180.493379851 1.0 0.743401298293 24.4748687744 106.49893119 -0.516970626588 1408558654.98
0.2391903 0.712911314243 0.00223746285267 -169.606394235 1.0 0.743401298293 24.4748687744 106.49893119 -0.456946383382 1408558658.16
0.27411903 0.699513216513 0.0040439451285 -162.516085676 1.0 0.743401298293 24.4748687744 106.49893119 -0.384353469028 1408558661.45
0.292911903 0.708968112913 0.00596295905742 -156.948039692 1.0 0.743401298293 24.4748687744 106.49893119 -0.481826252131 1408558665.04
0.3235911903 0.728367106486 0.00393092608422 -151.434070176 1.0 0.743401298293 24.4748687744 106.49893119 -0.430354179906 1408558668.33
0.31945911903 0.752002096719 0.00497026567061 -144.813949498 1.0 0.743401298293 24.4748687744 106.49893119 -0.0538420143271 1408558671.06
0.301945911903 0.776373170902 0.0055238132652 -142.324201436 1.0 0.743401298293 24.4748687744 106.49893119 0.0508418028861 1408558673.83
0.32089459119 0.798102639662 0.00636644957501 -139.048185536 1.0 0.743401298293 24.4748687744 106.49893119 0.0445350818465 1408558676.29
0.324589459119 0.821913666796 0.0070090190303 -132.038748606 1.0 0.743401298293 24.4748687744 106.49893119 -0.0840453261359 1408558679.1
0.328558945912 0.838166948141 0.0065440714302 -127.572621465 1.0 0.743401298293 24.4748687744 106.49893119 -0.0461444509925 1408558681.79
0.361355894591 0.849688641591 0.00380972733487 -121.337584718 1.0 0.744202007492 24.4748687744 106.49893119 -0.134327159096 1408558684.32
0.341235589459 0.864897938115 0.00161993758866 -114.276359061 1.0 0.744202007492 24.4748687744 106.49893119 -0.182103283999 1408558686.18
0.377023558946 0.876536001905 0.00212724873042 -109.553461637 1.0 0.744202007492 24.4748687744 106.49893119 0.033620955045 1408558687.98
0.352702355895 0.893197685184 0.00455534382761 -105.126912408 1.0 0.744202007492 24.4748687744 106.49893119 0.05632812301 1408558689.93
0.321470235589 0.90547374967 0.00487331215104 -102.952929738 1.0 0.744202007492 24.4748687744 106.49893119 0.060248388945 1408558691.89
0.364247023559 0.914079670917 0.00442358864245 -102.291343762 1.0 0.744202007492 24.4748687744 106.49893119 0.0789599117659 1408558694.16
0.330724702356 0.921355351549 0.00477038937928 -101.712631188 1.0 0.744202007492 24.4748687744 106.49893119 0.0996414262107 1408558696.21
0.357072470236 0.930774176946 0.00401210333203 -101.13157368 1.0 0.744230604249 24.4748687744 106.49893119 0.107488526605 1408558698.1
0.366007247024 0.943794688311 0.0054347946965 -99.3827104006 1.0 0.745689038863 24.4748687744 106.49893119 0.00683510115652 1408558700.3
0.317400724702 0.957770064506 0.00464645994777 -98.6997626469 1.0 0.745689038863 24.4748687744 106.49893119 0.0891849038199 1408558702.19
0.26214007247 0.968292640368 0.00470018302607 -97.9463524836 1.0 0.745689038863 24.4748687744 106.49893119 0.0872813068082 1408558704.07
0.259314007247 0.976281415088 0.00360095573079 -96.6647602162 1.0 0.745689038863 24.4748687744 106.49893119 -0.0879294064607 1408558705.77
0.256331400725 0.982719828616 0.00208591059035 -95.2335783122 1.0 0.745689038863 24.4748687744 106.49893119 -0.256327911481 1408558707.33
0.273133140072 0.986977363248 0.00125493309816 -92.8345105665 1.0 0.74571763562 24.4748687744 106.49893119 -0.618376696874 1408558708.57
0.271213314007 0.991812621166 0.000925575187712 -90.1274843433 1.0 0.74571763562 24.4748687744 106.49893119 -0.398593991642 1408558710.19
0.248521331401 0.994671852447 0.000383587451389 -88.2662358089 1.0 0.74571763562 24.4748687744 106.49893119 -0.176580386293 1408558711.7
0.26245213314 0.997007542322 0.00067573712504 -87.6088821528 1.0 0.74571763562 24.4748687744 106.49893119 0.125629849524 1408558713.24
0.236845213314 0.998007036295 0.000236513691807 -86.9766650462 1.0 0.74571763562 24.4748687744 106.49893119 0.13423425023 1408558714.65
0.243284521331 0.998042230145 0.000320808279405 -86.2632331494 1.0 0.74571763562 24.4748687744 106.49893119 0.107672729847 1408558715.86
0.239428452133 0.997924852181 0.000737027052293 -85.6022477051 1.0 0.74571763562 24.4748687744 106.49893119 0.131509747377 1408558717.0
0.250742845213 0.99828785112 0.000539330783308 -84.6240956276 1.0 0.74571763562 24.4748687744 106.49893119 0.128307451275 1408558718.34
0.238374284521 0.998638614014 0.000406152298954 -81.3102748148 1.0 0.745746232377 24.4748687744 106.49893119 -0.240391052262 1408558719.54
0.247937428452 0.998841922589 0.00163170756818 -79.5966713375 1.0 0.745746232377 24.4748687744 106.49893119 -0.0653872070007 1408558720.95
0.294793742845 0.998744640612 0.00161673945625 -78.0665160571 1.0 0.745746232377 24.4748687744 106.49893119 -0.141720434518 1408558722.39
0.291379374285 0.999219307694 0.00209303442549 -76.979038577 1.0 0.745746232377 24.4748687744 106.49893119 -0.0447606615009 1408558723.72
0.285637937428 0.999069273472 0.000896880019766 -74.9768366267 1.0 0.745746232377 24.4748687744 106.49893119 -0.415683060463 1408558724.83
0.258063793743 0.999476223223 0.000973751856742 -74.2562841374 1.0 0.745746232377 24.4748687744 106.49893119 0.0710300505303 1408558725.84
0.277806379374 0.999477573441 0.0011645598811 -73.693042409 1.0 0.745746232377 24.4748687744 106.49893119 0.102630429864 1408558727.11
0.280680637937 0.999486226044 0.00273556598171 -73.0110097515 1.0 0.745746232377 24.4748687744 106.49893119 0.0822551879829 1408558728.5
0.263868063794 0.999244855011 0.00230564421726 -72.1780148131 1.0 0.745746232377 24.4748687744 106.49893119 0.0730411023922 1408558729.57
0.290986806379 0.999112250265 0.00154409175387 -71.2630043753 1.0 0.745746232377 24.4748687744 106.49893119 0.171673862948 1408558730.66
0.253198680638 0.999006544068 0.00183548565384 -70.9025994452 1.0 0.745746232377 24.4748687744 106.49893119 0.21288201701 1408558731.66
0.214319868064 0.998789840269 0.00186517665352 -70.5137979353 1.0 0.745746232377 24.4748687744 106.49893119 0.19863860197 1408558732.98
0.272531986806 0.998895195546 0.00253419177021 -70.1519059739 1.0 0.745746232377 24.4748687744 106.49893119 0.206826346118 1408558734.16
0.303553198681 0.998883184571 0.003135546197 -69.5479710601 1.0 0.745746232377 24.4748687744 106.49893119 0.183388397952 1408558735.41
0.310255319868 0.998761191693 0.00439471721367 -68.2909148103 1.0 0.745746232377 24.4748687744 106.49893119 0.0265339640113 1408558736.62
0.292925531987 0.998226696894 0.00679869089781 -67.355943836 1.0 0.745746232377 24.4748687744 106.49893119 0.045860960798 1408558737.99
0.300192553199 0.997016187013 0.00872750654581 -66.3134776516 1.0 0.745746232377 24.4748687744 106.49893119 -0.084415127634 1408558739.47
0.33691925532 0.995320526709 0.00954712648351 -66.5170007721 1.0 0.745746232377 24.4748687744 106.49893119 0.241371579278 1408558740.54
0.344191925532 0.994149848879 0.00853675727449 -66.3204552604 1.0 0.745746232377 24.4748687744 106.49893119 0.276860507479 1408558741.84
0.343119192553 0.994548923767 0.00584329231006 -64.878721153 1.0 0.745746232377 24.4748687744 106.49893119 0.130197506336 1408558742.98
0.326811919255 0.995848779512 0.00471982939087 -61.6675341016 1.0 0.745832022649 24.4748687744 106.49893119 -0.0794920872087 1408558744.12
0.327881191926 0.997514813425 0.00675446532967 -61.0058623352 1.0 0.745832022649 24.4748687744 106.49893119 0.175333919536 1408558745.24
0.331588119193 0.997687487358 0.0107610950526 -57.9896479739 1.0 0.750321713518 24.4748687744 106.49893119 -0.0286990847568 1408558746.31
0.338258811919 0.996655781477 0.01273189841 -54.6374217164 1.0 0.752866824902 24.4748687744 106.49893119 -0.178642393961 1408558747.8
0.295725881192 0.994933633529 0.00713993727282 -52.2913723584 1.0 0.757928450914 24.4748687744 106.49893119 -0.0403144362414 1408558749.33
0.297772588119 0.99449130131 0.00412719336154 -50.9531299151 1.0 0.761159884469 24.4748687744 106.49893119 0.0859048708705 1408558750.61
0.297977258812 0.995715873503 0.00328799784126 -49.4208584746 1.0 0.766335897509 24.4748687744 106.49893119 0.0871893877725 1408558752.03
0.281797725881 0.99764921359 0.00182029167381 -48.2252566559 1.0 0.767565558066 24.4748687744 106.49893119 0.100776065112 1408558753.43
0.244179772588 0.999118016167 0.00182425370354 -47.3739311962 1.0 0.76762275158 24.4748687744 106.49893119 0.121012721115 1408558754.64
0.252117977259 0.999743851205 0.00214062225193 -46.1234807973 1.0 0.767651348337 24.4748687744 106.49893119 0.040423435887 1408558756.05
0.265511797726 0.999903941142 0.000645342084697 -44.8647945323 1.0 0.767765735366 24.4748687744 106.49893119 0.0554621865965 1408558757.44
0.256951179773 0.999861462498 0.000237837874236 -44.221596271 1.0 0.767765735366 24.4748687744 106.49893119 0.170516125405 1408558758.62
0.263295117977 0.999862753705 0.000522812001946 -43.6842632046 1.0 0.767851525637 24.4748687744 106.49893119 0.203843875032 1408558759.63
0.248629511798 0.999957992817 0.000681758840901 -43.0541908548 1.0 0.768166089965 24.4748687744 106.49893119 0.172315655518 1408558760.72
0.25526295118 0.999856748983 0.000243046158727 -42.4439646544 1.0 0.768166089965 24.4748687744 106.49893119 0.188874327307 1408558761.82
0.241526295118 0.999780965843 0.000117179238622 -41.8991106409 1.0 0.768166089965 24.4748687744 106.49893119 0.182985936025 1408558762.85
0.245552629512 0.999738856012 7.96811416047e-05 -41.2829077183 1.0 0.768166089965 24.4748687744 106.49893119 0.150854317925 1408558764.19
0.253155262951 0.999876583053 0.000184919936476 -40.6600131545 1.0 0.768166089965 24.4748687744 106.49893119 0.158461251192 1408558765.28
0.253915526295 0.999939413543 0.000241465556348 -40.0101518488 1.0 0.768166089965 24.4748687744 106.49893119 0.16702092053 1408558766.35
0.24679155263 0.999931904253 0.000142376457052 -39.3243730161 1.0 0.768166089965 24.4748687744 106.49893119 0.14464607941 1408558767.59
0.252379155263 0.999946217867 9.91775383937e-05 -38.6761703223 1.0 0.768166089965 24.4748687744 106.49893119 0.149437308716 1408558768.85
0.263737915526 0.999946311552 0.000359563286333 -38.3769338557 1.0 0.768166089965 24.4748687744 106.49893119 0.222450974402 1408558770.08
0.281073791553 0.999952250143 0.00150696145756 -37.9372587149 1.0 0.768166089965 24.4748687744 106.49893119 0.175615918688 1408558771.32
0.263907379155 0.999928861142 0.00355770254441 -37.4235179731 1.0 0.768280476994 24.4748687744 106.49893119 0.176445762445 1408558772.64
0.296390737916 0.99962091321 0.00650344868678 -36.9950241643 1.0 0.768738025108 24.4748687744 106.49893119 0.217167901525 1408558773.94
0.288839073792 0.99931127055 0.00972637099859 -36.8254739912 1.0 0.768738025108 24.4748687744 106.49893119 0.25270113746 1408558774.89
0.329483907379 0.999027580807 0.00811440742858 -36.7624467385 1.0 0.768738025108 24.4748687744 106.49893119 0.289490660523 1408558776.18
0.373148390738 0.998104825396 0.0165456913995 -37.0436100546 1.0 0.768738025108 24.4748687744 106.49893119 0.371668856056 1408558777.58
0.349614839074 0.996277522743 0.0175215285116 -37.6405959564 1.0 0.769452944036 24.4748687744 106.49893119 0.410226473557 1408558779.04
0.334661483907 0.993748492492 0.0153237251157 -36.4520575367 1.0 0.773113328948 24.4748687744 106.49893119 -0.110059031671 1408558780.62
0.352066148391 0.991644015637 0.0177636715475 -36.2838228145 1.0 0.773113328948 24.4748687744 106.49893119 0.193247622274 1408558782.2
0.344806614839 0.990735672469 0.0132207422065 -36.0842174497 1.0 0.773113328948 24.4748687744 106.49893119 0.183389283932 1408558783.75
0.308980661484 0.991930399015 0.00807775154324 -35.9494123366 1.0 0.773113328948 24.4748687744 106.49893119 0.234407805139 1408558785.3
0.267598066148 0.994744563306 0.00599752372008 -35.594955532 1.0 0.773113328948 24.4748687744 106.49893119 0.207227490505 1408558786.7
0.262559806615 0.997347194846 0.00743389839009 -34.4712459607 1.0 0.773513683548 24.4748687744 106.49893119 -0.0282299132832 1408558788.07
0.273755980661 0.997816794164 0.00807524158308 -33.7961337184 1.0 0.773742457605 24.4748687744 106.49893119 0.119291925698 1408558789.51
0.290175598066 0.996982765274 0.0059367192867 -33.2498212703 1.0 0.774057021934 24.4748687744 106.49893119 0.177658771233 1408558790.81
0.286417559807 0.997070837222 0.00220194172652 -32.8144928365 1.0 0.774057021934 24.4748687744 106.49893119 0.237974793833 1408558792.0
0.295941755981 0.99810212046 0.00242675013347 -31.6440275673 1.0 0.774057021934 24.4748687744 106.49893119 -0.0921980494643 1408558793.16
0.280694175598 0.998900049942 0.00208963031042 -30.9537018502 1.0 0.774057021934 24.4748687744 106.49893119 0.131909370191 1408558794.57
0.27736941756 0.999270725957 0.0012200990415 -30.2759015128 1.0 0.774057021934 24.4748687744 106.49893119 0.133387568109 1408558795.69
0.276136941756 0.999559787124 0.000497807785718 -29.6413680689 1.0 0.774057021934 24.4748687744 106.49893119 0.164665940318 1408558796.7
0.272413694176 0.999790747077 0.000386752843133 -28.9080900226 1.0 0.774057021934 24.4748687744 106.49893119 0.128413116498 1408558797.7
0.266641369418 0.999814089417 0.000368876875074 -27.9807257857 1.0 0.774057021934 24.4748687744 106.49893119 -0.0407095385883 1408558798.76
0.248064136942 0.999918745389 0.00107971934427 -27.4489404901 1.0 0.774057021934 24.4748687744 106.49893119 0.181437973596 1408558799.92
0.250706413694 0.999890135332 0.00557300883057 -27.1420114959 1.0 0.774285795991 24.4748687744 106.49893119 0.215669721213 1408558801.08
0.262670641369 0.999886417591 0.00729190062629 -25.9363150219 1.0 0.777545826303 24.4748687744 106.49893119 -0.105598793765 1408558802.09
0.280067064137 0.999408342115 0.0111087105923 -23.9481254826 1.0 0.784666418828 24.4748687744 106.49893119 -0.352223960375 1408558803.34
0.318706706414 0.998094140026 0.00834688011735 -23.5350739226 1.0 0.784980983157 24.4748687744 106.49893119 0.154295430955 1408558804.8
0.319870670641 0.996147296484 0.003486628095 -23.6687923589 1.0 0.785495724785 24.4748687744 106.49893119 0.191613650967 1408558805.89
0.320887067064 0.996376024394 0.00151163649524 -23.6264691584 1.0 0.785495724785 24.4748687744 106.49893119 0.221867136316 1408558806.99
0.304788706706 0.997776674791 0.000695877940761 -23.4389888187 1.0 0.785495724785 24.4748687744 106.49893119 0.180755642082 1408558808.17
0.272578870671 0.999194480473 0.00043720014066 -22.8318796648 1.0 0.785495724785 24.4748687744 106.49893119 0.143285649322 1408558809.45
0.284657887067 0.999767046309 0.000271248655037 -22.2477051102 1.0 0.785495724785 24.4748687744 106.49893119 0.158843193207 1408558810.54
0.257065788707 0.999850121279 0.000946446011118 -21.7514655838 1.0 0.785495724785 24.4748687744 106.49893119 0.187150870434 1408558812.07
0.255206578871 0.999942163283 0.00114690813663 -21.1486459436 1.0 0.785495724785 24.4748687744 106.49893119 0.142932395523 1408558813.24
0.210920657887 0.999816346227 0.00230328347131 -20.64700163 1.0 0.785495724785 24.4748687744 106.49893119 0.159552014687 1408558814.32
0.229892065789 0.999220630617 0.00163711971711 -20.0581086105 1.0 0.785495724785 24.4748687744 106.49893119 0.158110977987 1408558815.41
0.251589206579 0.999031175552 0.0011711022574 -19.7093139638 1.0 0.785495724785 24.4748687744 106.49893119 0.199913901047 1408558816.83
0.230358920658 0.999505224715 0.0013709930196 -19.2987503217 1.0 0.785495724785 24.4748687744 106.49893119 0.189514858562 1408558818.14
0.251635892066 0.999699467011 0.00129161703965 -18.7353656095 1.0 0.785495724785 24.4748687744 106.49893119 0.158341063662 1408558819.66
0.260963589207 0.999711732045 0.000629581670032 -18.4400754954 1.0 0.785495724785 24.4748687744 106.49893119 0.22792982407 1408558820.92
0.251996358921 0.999831793189 0.000472449360764 -18.2150476136 1.0 0.785495724785 24.4748687744 106.49893119 0.196672979019 1408558822.32
0.252899635892 0.999929529896 0.004326060962 -18.2866538934 1.0 0.785495724785 24.4748687744 106.49893119 0.237597651984 1408558823.77
0.286289963589 0.999806543983 0.00665757393748 -17.9197574995 1.0 0.785495724785 24.4748687744 106.49893119 0.157070773573 1408558824.97
0.282428996359 0.999082250594 0.00952735540668 -17.6334467671 1.0 0.785495724785 24.4748687744 106.49893119 0.167269902657 1408558826.1
0.341442899636 0.997501702569 0.0112467763802 -17.4115931253 1.0 0.785495724785 24.4748687744 106.49893119 0.184791017933 1408558827.39
0.314944289964 0.995503994286 0.00851332812958 -17.2730418371 1.0 0.78583888587 24.4748687744 106.49893119 0.233691886971 1408558828.78
0.294294428996 0.99452804195 0.00687187593985 -16.7862106437 1.0 0.787325917241 24.4748687744 106.49893119 0.168304057188 1408558830.36
0.2949294429 0.995212361179 0.00507799031596 -15.7496639881 1.0 0.788441190769 24.4748687744 106.49893119 0.0608506881829 1408558831.75
0.29589294429 0.997150492934 0.00324155444079 -14.2073550859 1.0 0.791501043782 24.4748687744 106.49893119 -0.103260048388 1408558833.2
0.286089294429 0.998860454896 0.00346734841405 -13.5095370185 1.0 0.791529640539 24.4748687744 106.49893119 0.130970293288 1408558834.57
0.268008929443 0.999296859535 0.00538210502032 -13.0350596242 1.0 0.791644027567 24.4748687744 106.49893119 0.229983749379 1408558835.97
0.317500892944 0.999038832432 0.00548475828101 -13.0117818639 1.0 0.792501930281 24.4748687744 106.49893119 0.33767560742 1408558837.45
0.340450089294 0.998086168112 0.00763487386404 -12.6261545941 1.0 0.795218622208 24.4748687744 106.49893119 0.236689894175 1408558838.67
0.348145008929 0.996671682539 0.00722618577923 -12.0336869799 1.0 0.798164088192 24.4748687744 106.49893119 0.156911499727 1408558840.16
0.336314500893 0.996064744963 0.00628850991568 -10.7894992708 1.0 0.803054133661 24.4748687744 106.49893119 0.00915932678563 1408558841.42
0.363931450089 0.996715127574 0.00844982336252 -9.58423174812 1.0 0.812004918642 24.4748687744 106.49893119 0.0328631663511 1408558842.56
0.332493145009 0.996679279029 0.00971611111625 -9.95584660699 1.0 0.812948611627 24.4748687744 106.49893119 0.31789054137 1408558843.86
0.281649314501 0.996088781008 0.00733746838863 -9.79004260917 1.0 0.814864594355 24.4748687744 106.49893119 0.331201102958 1408558844.98
0.31526493145 0.996175639675 0.00694210984936 -9.53455918099 1.0 0.814864594355 24.4748687744 106.49893119 0.316253530609 1408558846.48
0.311426493145 0.996033637408 0.00751521754702 -9.28994252052 1.0 0.814864594355 24.4748687744 106.49893119 0.321563675327 1408558847.92
0.282242649315 0.995671622137 0.00567103748294 -8.85761674626 1.0 0.814864594355 24.4748687744 106.49893119 0.252380346737 1408558849.4
0.250524264931 0.996012645355 0.00462716526548 -8.38130915954 1.0 0.814864594355 24.4748687744 106.49893119 0.192705211502 1408558850.76
0.244652426493 0.997262668182 0.00489886285835 -7.7510652292 1.0 0.814864594355 24.4748687744 106.49893119 0.161659928524 1408558852.14
0.229665242649 0.998069702229 0.00254153377177 -7.06048214133 1.0 0.814864594355 24.4748687744 106.49893119 0.13364429716 1408558853.47
0.217366524265 0.998947464707 0.00186874696787 -6.39646544082 1.0 0.814864594355 24.4748687744 106.49893119 0.142260417532 1408558854.97
0.239536652426 0.999312706451 0.00222603815263 -5.67768595041 1.0 0.814864594355 24.4748687744 106.49893119 0.122134245882 1408558856.32
0.235453665243 0.999127795687 0.00150173332693 -5.0324859161 1.0 0.814864594355 24.4748687744 106.49893119 0.144019109938 1408558857.66
0.223345366524 0.999330892783 0.000639512890011 -4.46361062655 1.0 0.814864594355 24.4748687744 106.49893119 0.190039934948 1408558858.84
0.250034536652 0.999813033182 0.000226048578117 -3.83917183791 1.0 0.814864594355 24.4748687744 106.49893119 0.160800989332 1408558860.11
0.238303453665 0.999893126735 0.000347129097121 -3.27750293117 1.0 0.814864594355 24.4748687744 106.49893119 0.1575054341 1408558861.24
0.243430345367 0.999798918471 0.000413271751163 -2.61400097229 1.0 0.814864594355 24.4748687744 106.49893119 0.131910744696 1408558862.17
0.242143034537 0.999717108288 0.000682071027597 -2.13131630873 1.0 0.814864594355 24.4748687744 106.49893119 0.173593724959 1408558863.15
0.280714303454 0.999817813778 0.000474523169717 -1.86908404587 1.0 0.814864594355 24.4748687744 106.49893119 0.241552195268 1408558864.42
0.302571430345 0.999849375339 0.000483966570163 -1.71795018445 1.0 0.814864594355 24.4748687744 106.49893119 0.258723481357 1408558865.71
0.294857143035 0.999852592659 0.000744325643732 -1.73442191655 1.0 0.814864594355 24.4748687744 106.49893119 0.276099672851 1408558867.14
0.276085714303 0.999839067119 0.00127285348366 -2.09622808773 1.0 0.814921787869 24.4748687744 106.49893119 0.397442693644 1408558868.56
0.31920857143 0.999665506224 0.0033627974218 -2.57731133289 1.0 0.814921787869 24.4748687744 106.49893119 0.415996848985 1408558869.97
0.331620857143 0.999220591775 0.00459972204244 -3.59452658069 1.0 0.814921787869 24.4748687744 106.49893119 0.564071128793 1408558871.2
0.345462085714 0.998191882735 0.00667775950475 -4.60101804455 1.0 0.816094254911 24.4748687744 106.49893119 0.537486327345 1408558872.66
0.375646208571 0.996746376484 0.0101885637108 -5.13869427207 1.0 0.817724270068 24.4748687744 106.49893119 0.444786083441 1408558874.17
0.375964620857 0.995192375618 0.0137129609721 -5.0477565844 1.0 0.821241671194 24.4748687744 106.49893119 0.325076479032 1408558875.72
0.384996462086 0.993945031699 0.0159302031963 -5.06751694358 1.0 0.823014670136 24.4748687744 106.49893119 0.285279762239 1408558877.2
0.357099646209 0.994047608623 0.0115253857609 -4.92027224113 1.0 0.823014670136 24.4748687744 106.49893119 0.235977739203 1408558878.84
0.385809964621 0.99447162748 0.0112036247731 -4.5711058366 1.0 0.823014670136 24.4748687744 106.49893119 0.22767767493 1408558880.53
0.327480996462 0.994911819434 0.00594567445814 -4.06408533272 1.0 0.823014670136 24.4748687744 106.49893119 0.1888139231 1408558882.13
0.287448099646 0.996377738934 0.00245134524719 -3.64362721267 1.0 0.823014670136 24.4748687744 106.49893119 0.207561053711 1408558883.54
0.267244809965 0.998312162696 0.00029721092366 -2.98758900741 1.0 0.823014670136 24.4748687744 106.49893119 0.146979343285 1408558884.8
0.199524480996 0.999229936175 3.77441595258e-05 -2.24984986703 1.0 0.823014670136 24.4748687744 106.49893119 0.116757442384 1408558886.11
0.1936524481 0.999812393272 1.88992880025e-05 -1.51302582287 1.0 0.823014670136 24.4748687744 106.49893119 0.118736063853 1408558887.32
0.20476524481 0.999792942693 7.14056431291e-05 -0.915382195659 1.0 0.823014670136 24.4748687744 106.49893119 0.167344027068 1408558888.56
0.244576524481 0.999747770608 0.000139408548688 -0.323515113386 1.0 0.823014670136 24.4748687744 106.49893119 0.179191321689 1408558889.96
0.212557652448 0.999642319848 0.000288537353592 0.329920786983 1.0 0.823014670136 24.4748687744 106.49893119 0.145566642572 1408558891.31
0.201255765245 0.999723012378 0.00011069847935 0.971403242872 1.0 0.823014670136 24.4748687744 106.49893119 0.124634732025 1408558892.53
0.238825576524 0.999871037359 0.000283722204328 1.42755011582 1.0 0.823014670136 24.4748687744 106.49893119 0.164870984673 1408558893.42
0.241682557652 0.999906344292 0.000215789248579 1.7353942063 1.0 0.823014670136 24.4748687744 106.49893119 0.203664597991 1408558894.6
0.242868255765 0.99984581332 0.000118072814342 2.04238039406 1.0 0.823014670136 24.4748687744 106.49893119 0.204311571884 1408558895.77
0.255586825577 0.999823988636 0.000697409614468 2.07360805285 1.0 0.823043266894 24.4748687744 106.49893119 0.288966121774 1408558896.88
0.244258682558 0.999706138907 0.00247777912734 2.27327061111 1.0 0.823786782579 24.4748687744 106.49893119 0.223563409372 1408558898.2
0.244025868256 0.999539188118 0.00263405643462 2.54411049787 1.0 0.824415911236 24.4748687744 106.49893119 0.233861572177 1408558899.47
0.271902586826 0.998839729726 0.00274921002613 2.73181961166 1.0 0.824415911236 24.4748687744 106.49893119 0.253563830661 1408558900.78
0.279190258683 0.998414798693 0.00384646491581 2.21101547085 1.0 0.824415911236 24.4748687744 106.49893119 0.451450564551 1408558902.27
0.313219025868 0.997938535194 0.0046895198078 2.05153135634 1.0 0.824415911236 24.4748687744 106.49893119 0.323690122305 1408558903.69
0.311221902587 0.9977349365 0.00864006025117 1.50210186165 1.0 0.824415911236 24.4748687744 106.49893119 0.328915281604 1408558904.91
0.329922190259 0.996683248092 0.00910888506208 1.63704995853 1.0 0.82776173182 24.4748687744 106.49893119 0.26785396607 1408558906.3
0.330892219026 0.995354879472 0.00711033951562 1.7799479539 1.0 0.830993165375 24.4748687744 106.49893119 0.259889248265 1408558907.74
0.309389221903 0.995345439991 0.00637844595686 1.73076153164 1.0 0.834567760016 24.4748687744 106.49893119 0.264440245625 1408558909.01
0.29553892219 0.99637890186 0.00854342582495 1.83253739026 1.0 0.840859046584 24.4748687744 106.49893119 0.276142297166 1408558910.35
0.311253892219 0.996909722156 0.0100886806631 2.19154107924 1.0 0.841945723355 24.4748687744 106.49893119 0.229183320905 1408558911.8
0.327225389222 0.995962907145 0.00992512807457 2.38637078555 1.0 0.841945723355 24.4748687744 106.49893119 0.230742757198 1408558912.94
0.345022538922 0.995041324418 0.00757111721264 2.44344991278 1.0 0.841945723355 24.4748687744 106.49893119 0.305273576468 1408558914.03
0.336002253892 0.995455531083 0.00689815686461 2.66910692327 1.0 0.841945723355 24.4748687744 106.49893119 0.214930071609 1408558915.29
0.336900225389 0.996478601153 0.00290244816509 3.00686322171 1.0 0.841945723355 24.4748687744 106.49893119 0.198232516926 1408558916.41
0.320790022539 0.997991892815 0.000659193637336 3.3747319054 1.0 0.841945723355 24.4748687744 106.49893119 0.186115286261 1408558917.68
0.268779002254 0.999150472692 0.000270503388439 3.88492664932 1.0 0.841945723355 24.4748687744 106.49893119 0.166528061238 1408558918.9
0.237477900225 0.999757230543 0.000216971189011 4.54147959621 1.0 0.841945723355 24.4748687744 106.49893119 0.138462702314 1408558920.31
0.246947790023 0.999892799278 0.00016795972553 5.24118504962 1.0 0.841945723355 24.4748687744 106.49893119 0.155781253002 1408558921.58
0.239794779002 0.999911093612 0.000533341318407 5.89770939975 1.0 0.841945723355 24.4748687744 106.49893119 0.187445038367 1408558922.86
0.2615794779 0.999868889625 0.000443927111893 6.43592896566 1.0 0.841945723355 24.4748687744 106.49893119 0.219600998435 1408558924.16
0.24845794779 0.999846054741 0.00104474069632 6.56278418027 1.0 0.841945723355 24.4748687744 106.49893119 0.27180480071 1408558925.42
0.268745794779 0.999671038694 0.0016858388942 6.6190625983 1.0 0.841945723355 24.4748687744 106.49893119 0.263826468022 1408558926.84
0.292374579478 0.999479441837 0.00207401471738 6.36926992479 1.0 0.84248906174 24.4748687744 106.49893119 0.355567249048 1408558928.04
0.316337457948 0.999296246117 0.00288004644745 5.98169807544 1.0 0.843203980669 24.4748687744 106.49893119 0.41231628116 1408558929.38
0.333133745795 0.9990741277 0.00426203804593 5.60739512139 1.0 0.843203980669 24.4748687744 106.49893119 0.384755854224 1408558930.74
0.306013374579 0.998954493854 0.00921804982508 5.18627927593 1.0 0.843346964454 24.4748687744 106.49893119 0.311815928662 1408558931.88
0.323101337458 0.998360604359 0.00789398922433 5.26103119906 1.0 0.843346964454 24.4748687744 106.49893119 0.255227096489 1408558932.93
0.285210133746 0.997301874611 0.00573574821989 5.26231805313 1.0 0.843346964454 24.4748687744 106.49893119 0.284383285608 1408558934.25
0.282321013375 0.99719126503 0.00420429368971 5.33226572107 1.0 0.843346964454 24.4748687744 106.49893119 0.301388142102 1408558935.69
0.313532101337 0.998127070897 0.00636702328439 5.46315307844 1.0 0.844519431496 24.4748687744 106.49893119 0.310354780038 1408558936.8
0.302253210134 0.998316429744 0.00510959662941 5.55637850668 1.0 0.844862592582 24.4748687744 106.49893119 0.312467950192 1408558938.17
0.332625321013 0.997803494406 0.00380588847646 5.82741857073 1.0 0.844976979611 24.4748687744 106.49893119 0.224523371584 1408558939.22
0.332062532101 0.99793412773 0.00852326426861 5.61774714747 1.0 0.845806285567 24.4748687744 106.49893119 0.283382404443 1408558940.42
0.32480625321 0.997371399795 0.0105385193033 5.73573736738 1.0 0.847379107209 24.4748687744 106.49893119 0.219484716872 1408558941.57
0.286280625321 0.995829389665 0.0120209679253 5.98567302468 1.0 0.852326346192 24.4748687744 106.49893119 0.17815728228 1408558942.8
0.294128062532 0.993690976333 0.0103011507851 6.28734021562 1.0 0.853298635935 24.4748687744 106.49893119 0.171428221046 1408558944.26
0.308412806253 0.993297181884 0.00443996590251 5.98318510681 1.0 0.853698990534 24.4748687744 106.49893119 0.245106312708 1408558945.62
0.343141280625 0.994450904898 0.00577424039078 5.74403042695 1.0 0.853698990534 24.4748687744 106.49893119 0.279282208143 1408558947.01
0.295314128063 0.996295018184 0.00804106595636 6.22076696503 1.0 0.853698990534 24.4748687744 106.49893119 0.149166546793 1408558948.15
0.297731412806 0.997441916543 0.00737393174576 6.66395950699 1.0 0.853698990534 24.4748687744 106.49893119 0.134322431889 1408558949.36
0.323173141281 0.997400162306 0.00364231904059 6.65909805828 1.0 0.853698990534 24.4748687744 106.49893119 0.190136448104 1408558950.47
0.288817314128 0.998088497225 0.00280465749337 7.00637707684 1.0 0.853698990534 24.4748687744 106.49893119 0.162332302158 1408558951.66
0.289881731413 0.998870769988 0.00556594326933 7.50427521519 1.0 0.853698990534 24.4748687744 106.49893119 0.171051689747 1408558953.04
0.270188173141 0.99844678595 0.0032619654294 7.82661786153 1.0 0.853698990534 24.4748687744 106.49893119 0.242276986855 1408558954.04
0.266418817314 0.998639713773 0.00543993482757 8.10294832566 1.0 0.853698990534 24.4748687744 106.49893119 0.261466117252 1408558955.12
0.257941881731 0.999189935362 0.00466605892277 8.35274099917 1.0 0.853698990534 24.4748687744 106.49893119 0.26484092222 1408558956.2
0.232794188173 0.999086119812 0.00662515231013 8.56041064943 1.0 0.853698990534 24.4748687744 106.49893119 0.23715754313 1408558957.66
0.241979418817 0.998249289258 0.00607771344942 8.681031771 1.0 0.85384197432 24.4748687744 106.49893119 0.277118224142 1408558958.66
0.247397941882 0.997101237092 0.00701946539383 8.75892933741 1.0 0.856444279219 24.4748687744 106.49893119 0.268922229589 1408558960.06
0.268639794188 0.996553751194 0.0075361855132 8.97863822243 1.0 0.864279790672 24.4748687744 106.49893119 0.186937291068 1408558961.38
0.278863979419 0.996064109389 0.0117839153244 8.90700334582 1.0 0.875661300009 24.4748687744 106.49893119 0.242536774769 1408558962.48
0.295186397942 0.994977147523 0.0126493003118 9.21796448283 1.0 0.885813148789 24.4748687744 106.49893119 0.165259227914 1408558963.63
0.249118639794 0.99381102934 0.0106840381106 9.63722153908 1.0 0.895450255941 24.4748687744 106.49893119 0.143234899464 1408558964.78
0.275111863979 0.993619504001 0.00825053748287 10.2239126083 1.0 0.897595012726 24.4748687744 106.49893119 0.11181412285 1408558966.04
0.270511186398 0.994946291408 0.00657532606251 10.3919471532 1.0 0.188281048929 15.7374343872 249.037486682 0.177840972513 1408558967.85
0.25655111864 0.996626109242 0.00738435857004 10.3473076153 1.0 0.293145357316 15.7374343872 249.037486682 0.218139578797 1408558969.35
0.293855111864 0.997507368179 0.0077770824968 10.5532900569 1.0 0.333666962166 15.7374343872 249.037486682 0.241911236305 1408558970.49
0.258885511186 0.997410197907 0.00745039504352 10.8107466613 1.0 0.36011896251 15.7374343872 249.037486682 0.241545356684 1408558971.66
0.277888551119 0.996725176965 0.00996254095519 11.0674311533 1.0 0.39157539535 15.7374343872 249.037486682 0.234871910474 1408558972.88
0.296888855112 0.996317334927 0.0116567599826 11.3494809689 1.0 0.428322228259 15.7374343872 249.037486682 0.293423592003 1408558974.02
0.290688885511 0.995887603434 0.0158482363893 11.7509794389 1.0 0.452801052361 15.7374343872 249.037486682 0.242109188908 1408558975.14
0.263968888551 0.994912292563 0.0105361429112 12.0404644113 1.0 0.481798164088 15.7374343872 249.037486682 0.303168607555 1408558976.51
0.284696888855 0.993924720066 0.00442730845522 11.9133232291 1.0 0.523749606795 15.7374343872 249.037486682 0.382986075574 1408558977.8
0.320069688886 0.994590060656 0.00217783894958 11.4064743058 1.0 0.572907432297 15.7374343872 249.037486682 0.495620791994 1408558979.21
0.279506968889 0.99627542313 0.00154698034073 11.5179730619 1.0 0.592867968772 15.7374343872 249.037486682 0.242926318907 1408558980.38
0.290750696889 0.99786648401 0.000820244565018 11.8887014213 1.0 0.604478252166 15.7374343872 249.037486682 0.159969184744 1408558981.37
0.272975069689 0.999203932041 0.000932224247266 12.2176499185 1.0 0.617689953959 15.7374343872 249.037486682 0.171867348153 1408558982.33
0.257697506969 0.999788606583 0.00266297678754 12.6766564672 1.0 0.624495982156 15.7374343872 249.037486682 0.173407558635 1408558983.71
0.265169750697 0.999821336626 0.00231392517115 13.0786982756 1.0 0.633761331465 15.7374343872 249.037486682 0.182918048022 1408558985.14
0.28031697507 0.999452693637 0.000648067276482 13.1019188424 1.0 0.650604821413 15.7374343872 249.037486682 0.25710510966 1408558986.52
0.283631697507 0.999650359653 0.000815523628081 13.3321799308 1.0 0.657954187995 15.7374343872 249.037486682 0.24075975039 1408558987.94
0.283063169751 0.999805506916 0.00115666894782 13.4704738483 1.0 0.669421487603 15.7374343872 249.037486682 0.262448437319 1408558989.27
0.287506316975 0.999761194417 0.00265890150468 13.4909491264 1.0 0.682661786153 15.7374343872 249.037486682 0.267538770461 1408558990.5
0.296050631698 0.99949757988 0.00323380604065 13.1707798336 1.0 0.702650919386 15.7374343872 249.037486682 0.292835129731 1408558991.58
0.28160506317 0.998958600357 0.00569929366616 13.470502445 1.0 0.70848465784 15.7374343872 249.037486682 0.202110371762 1408558992.71
0.269360506317 0.99775302989 0.00720401212225 13.7699962824 1.0 0.714718750894 15.7374343872 249.037486682 0.205482519706 1408558993.73
0.310436050632 0.996252429946 0.00740590635653 13.6968171809 1.0 0.728102033229 15.7374343872 249.037486682 0.28283678985 1408558994.79
