0.1278 0.899860014886 0.0188190833876 -207.894821127 1.0 0.377791758415 29.375 181.585420623 -21.3526144669 1408561309.19
0.18738 0.966248224738 0.00659692819586 -194.007692528 1.0 0.420829877892 29.375 181.585420623 -5.99511366541 1408561310.56
0.216738 0.94836807721 0.00741773735422 -186.559981698 1.0 0.44822557122 29.375 181.585420623 -1.74778746128 1408561312.24
0.2520738 0.933252562811 0.00887230913583 -178.787325917 1.0 0.478709714318 29.375 181.585420623 -1.49843184172 1408561314.99
0.27810738 0.926618402654 0.0117254440937 -170.31287712 1.0 0.504503989248 29.375 181.585420623 -2.06809676343 1408561317.7
0.268110738 0.927680931174 0.0130755122279 -164.529468958 1.0 0.520632560268 29.375 181.585420623 -1.07643628544 1408561320.66
0.2824110738 0.932604634615 0.0131977568666 -161.28342246 1.0 0.529583345249 29.375 181.585420623 -0.302549338818 1408561323.43
0.27664110738 0.938993024224 0.0143058234226 -159.973862564 1.0 0.531527924733 29.375 181.585420623 0.113394915413 1408561326.31
0.275164110738 0.944421906725 0.0177239080035 -157.523234865 1.0 0.535331293431 29.375 181.585420623 -0.159615396016 1408561329.05
0.318216411074 0.950473817828 0.017911505381 -153.712745575 1.0 0.536246389659 29.375 181.585420623 -0.728137332216 1408561331.61
0.303621641107 0.957026772537 0.0173987010158 -149.409905917 1.0 0.539477823215 29.375 181.585420623 -0.718213086307 1408561334.27
0.272462164111 0.962727187812 0.0182005277768 -146.34364723 1.0 0.544539449226 29.375 181.585420623 -0.737088613707 1408561336.59
0.266646216411 0.966355397304 0.0182228822056 -144.282335783 1.0 0.549829849295 29.375 181.585420623 -0.40030449176 1408561338.97
0.256164621641 0.968962979622 0.0158205116332 -142.065172009 1.0 0.554948668821 29.375 181.585420623 -0.507010396315 1408561341.04
0.269516462164 0.970943924864 0.0119196831157 -139.583631216 1.0 0.560010294833 29.375 181.585420623 -0.644403031609 1408561343.06
0.203351646216 0.973102009444 0.0121091942704 -137.711773285 1.0 0.56152592296 29.375 181.585420623 -0.290405714289 1408561345.25
0.195835164622 0.974840486479 0.0100412694201 -135.740284252 1.0 0.563241728388 29.375 181.585420623 -0.316776799638 1408561347.6
0.192383516462 0.976536178687 0.0104678592434 -133.812719838 1.0 0.563298921902 29.375 181.585420623 -0.235028343958 1408561349.75
0.210038351646 0.977286359953 0.0112916827542 -133.035145415 1.0 0.563298921902 29.375 181.585420623 0.115921819217 1408561351.7
0.207303835165 0.978892475211 0.0107252567431 -131.646858646 1.0 0.56421401813 29.375 181.585420623 -0.121866304658 1408561353.81
0.195330383516 0.979785354944 0.012587618235 -128.811318596 1.0 0.567445451686 29.375 181.585420623 -0.739684746343 1408561356.07
0.209433038352 0.98080048144 0.012927998888 -125.655494867 1.0 0.571277417141 29.375 181.585420623 -0.86466810162 1408561358.12
0.209043303835 0.981031261494 0.0137025082431 -123.142669221 1.0 0.572735851754 29.375 181.585420623 -0.589411660253 1408561360.25
0.215304330384 0.981756520345 0.0144861487561 -121.659069462 1.0 0.574079899339 29.375 181.585420623 -0.101858591052 1408561362.24
0.225830433038 0.982368938478 0.0185212250204 -119.869084046 1.0 0.575938688553 29.375 181.585420623 -0.143292652122 1408561364.21
0.218783043304 0.983587326103 0.0191913498369 -117.459978838 1.0 0.577225542623 29.375 181.585420623 -0.441211135348 1408561366.22
0.21087830433 0.984159332514 0.0160789047914 -114.467099431 1.0 0.577339929652 29.375 181.585420623 -0.689946453617 1408561367.84
0.228087830433 0.984046436559 0.018016588037 -112.949183563 1.0 0.577339929652 29.375 181.585420623 -0.183759594771 1408561369.57
0.213608783043 0.982857465405 0.0151775178265 -112.015814007 1.0 0.577339929652 29.375 181.585420623 0.0487450034233 1408561371.37
0.241860878304 0.982754972749 0.0170347344981 -111.099745489 1.0 0.577368526409 29.375 181.585420623 0.0403213949032 1408561373.11
0.21318608783 0.982124303953 0.0144994742311 -110.082673225 1.0 0.577368526409 29.375 181.585420623 -0.00972540508206 1408561374.72
0.200418608783 0.98248813187 0.0094186595602 -108.477537247 1.0 0.577368526409 29.375 181.585420623 -0.337915277245 1408561376.83
0.209041860878 0.983056704497 0.00831871696212 -106.409534159 1.0 0.578569590208 29.375 181.585420623 -0.391166966201 1408561378.73
0.218004186088 0.983348972931 0.00935192953657 -105.317452601 1.0 0.579456089679 29.375 181.585420623 -0.0349787309044 1408561380.56
0.221600418609 0.983683149941 0.0144266345377 -104.760387772 1.0 0.579656266979 29.375 181.585420623 0.171132084953 1408561382.0
0.224660041861 0.983421973166 0.0179410295978 -104.315593812 1.0 0.579713460494 29.375 181.585420623 0.200829201412 1408561383.44
0.239366004186 0.981932817205 0.0209159372591 -104.104092196 1.0 0.579713460494 29.375 181.585420623 0.222496455861 1408561385.35
0.222836600419 0.980243586022 0.0167268790378 -103.765306414 1.0 0.579742057251 29.375 181.585420623 0.176217668895 1408561387.24
0.231083660042 0.978990452728 0.0138810171579 -101.824358718 1.0 0.579770654008 29.375 181.585420623 0.0535308546901 1408561389.07
0.231908366004 0.980078910658 0.0160888986179 -99.0622551403 1.0 0.580171008608 29.375 181.585420623 0.00342219714164 1408561390.93
0.2148908366 0.981511907395 0.0153707405444 -96.5742228831 1.0 0.584174554606 29.375 181.585420623 -0.00619963363794 1408561392.89
0.21408908366 0.982574741075 0.0183181047637 -94.3237438874 1.0 0.586977036804 29.375 181.585420623 -0.0807769592946 1408561394.92
0.215808908366 0.982869918381 0.0186059637387 -91.7128027682 1.0 0.592639194715 29.375 181.585420623 -0.113697744702 1408561397.03
0.239380890837 0.981989988224 0.0178707812742 -89.1712659784 1.0 0.595413080157 29.375 181.585420623 -0.139820956685 1408561398.82
0.278638089084 0.981522465718 0.0170747530086 -87.1982327204 1.0 0.598644513712 29.375 181.585420623 -0.00968691867335 1408561400.78
0.260063808908 0.98145438121 0.0174297603503 -85.5045611828 1.0 0.60076067374 29.375 181.585420623 0.092606666725 1408561402.56
0.241106380891 0.981737596868 0.0171433275231 -84.0462409563 1.0 0.604564042438 29.375 181.585420623 0.081107918708 1408561404.6
0.252710638089 0.982223760981 0.0167871737572 -81.8806943293 1.0 0.61011181332 29.375 181.585420623 -0.199834670416 1408561406.62
0.229571063809 0.982527245128 0.0184124690624 -79.9847865252 1.0 0.610540764677 29.375 181.585420623 -0.173650437531 1408561408.64
0.210157106381 0.98242203997 0.0196019362415 -78.1048643084 1.0 0.613743601476 29.375 181.585420623 -0.0604519499999 1408561410.49
0.242415710638 0.981667301725 0.0218640054965 -74.5303840544 1.0 0.629500414653 29.375 181.585420623 -0.277004682861 1408561412.53
0.254641571064 0.979524425375 0.0159267276466 -72.4732191369 1.0 0.637679087192 29.375 181.585420623 -0.0851411922915 1408561414.47
0.253164157106 0.97899786805 0.0150986826136 -69.8439760931 1.0 0.650576224656 29.375 181.585420623 0.083124397138 1408561416.48
0.271016415711 0.978560835809 0.0144306990535 -68.2000057194 1.0 0.658726300438 29.375 181.585420623 0.200215782613 1408561418.46
0.244901641571 0.979102829763 0.0143335905009 -67.6065658154 1.0 0.65949841288 29.375 181.585420623 0.177702728493 1408561420.22
0.242290164157 0.98012032131 0.0134177621765 -66.9016271555 1.0 0.65969859018 29.375 181.585420623 0.121785671045 1408561421.87
0.242929016416 0.981301310033 0.0151580797467 -66.2499356573 1.0 0.65969859018 29.375 181.585420623 0.122195374658 1408561423.68
0.227692901642 0.982097255365 0.0149430674729 -65.5596099402 1.0 0.65969859018 29.375 181.585420623 0.109279744223 1408561425.71
0.215369290164 0.98319075391 0.0206899553355 -64.8484085905 1.0 0.65969859018 29.375 181.585420623 0.123735502555 1408561427.67
0.188936929016 0.984251465035 0.0231721625512 -64.0660871057 1.0 0.65969859018 29.375 181.585420623 0.105318803947 1408561429.73
0.143993692902 0.985520829581 0.0227851635795 -63.2833938631 1.0 0.65969859018 29.375 181.585420623 0.0986305335588 1408561431.64
0.16649936929 0.985511860344 0.0199231676034 -62.4670994309 1.0 0.65969859018 29.375 181.585420623 0.0958512160041 1408561433.09
0.169649936929 0.985323024755 0.0189247840518 -61.7212102148 1.0 0.65969859018 29.375 181.585420623 0.125233334466 1408561434.88
0.191564993693 0.985693038411 0.0166288194121 -60.9436071949 1.0 0.65969859018 29.375 181.585420623 0.116610829098 1408561436.75
0.173056499369 0.98537736668 0.0157192260019 -60.216763419 1.0 0.65969859018 29.375 181.585420623 0.132476319374 1408561438.62
0.163105649937 0.985755717351 0.0160325364857 -59.4542022935 1.0 0.65969859018 29.375 181.585420623 0.121255712593 1408561440.4
0.199910564994 0.985549896266 0.017602489058 -58.7907861249 1.0 0.65969859018 29.375 181.585420623 0.14681608795 1408561442.29
0.181991056499 0.985625229951 0.0190051590398 -58.0938545569 1.0 0.65969859018 29.375 181.585420623 0.136433225634 1408561444.14
0.17389910565 0.985051163853 0.0153855695078 -57.5316423118 1.0 0.65969859018 29.375 181.585420623 0.17185694755 1408561446.09
0.167689910565 0.985237991335 0.0149239335134 -57.0714061025 1.0 0.65969859018 29.375 181.585420623 0.191430832131 1408561447.79
0.185968991056 0.985128189632 0.0141583023358 -56.6550945123 1.0 0.65969859018 29.375 181.585420623 0.195823575672 1408561449.72
0.213896899106 0.984146466283 0.0139791300786 -56.3062426721 1.0 0.65969859018 29.375 181.585420623 0.230852431926 1408561451.32
0.221189689911 0.983123606163 0.0151580476618 -55.9227315622 1.0 0.66009894478 29.375 181.585420623 0.206235805294 1408561453.32
0.234518968991 0.982942745243 0.0146906996218 -54.9965111956 1.0 0.664302668077 29.375 181.585420623 0.0640268583029 1408561455.41
0.235851896899 0.983538453758 0.0118246935719 -53.9942520518 1.0 0.668820955704 29.375 181.585420623 0.0416966156662 1408561457.49
0.25038518969 0.985313454812 0.0143283398598 -53.2713260316 1.0 0.669764648689 29.375 181.585420623 0.0873197530739 1408561459.48
0.218538518969 0.986996234307 0.0117974809347 -52.5976436272 1.0 0.670365180589 29.375 181.585420623 0.158201416523 1408561461.53
0.221653851897 0.988407318643 0.0131206306755 -51.8609053733 1.0 0.672166776288 29.375 181.585420623 0.138821160865 1408561463.54
0.21386538519 0.988051405781 0.0146431125765 -50.9320827018 1.0 0.675970144986 29.375 181.585420623 0.065770775312 1408561465.41
0.222986538519 0.987202672514 0.019914403117 -49.6019903343 1.0 0.683348108325 29.375 181.585420623 -0.0378067902153 1408561467.32
0.251798653852 0.986493694305 0.0208010749243 -48.2452743859 1.0 0.689439217593 29.375 181.585420623 0.052882523139 1408561469.25
0.272679865385 0.985374495556 0.0169604681207 -48.1041207927 1.0 0.689839572193 29.375 181.585420623 0.260470478492 1408561471.23
0.304467986539 0.984986989422 0.0161778412051 -48.1590551631 1.0 0.68986816895 29.375 181.585420623 0.37405534306 1408561473.22
0.298646798654 0.98542493816 0.0176349817052 -48.454373874 1.0 0.68986816895 29.375 181.585420623 0.385434400685 1408561475.27
0.285464679865 0.985751156716 0.0184894431111 -48.3069003975 1.0 0.68986816895 29.375 181.585420623 0.290218427298 1408561477.3
0.293146467987 0.986242099136 0.0202350847371 -47.9346278132 1.0 0.68986816895 29.375 181.585420623 0.20786359545 1408561479.31
0.297514646799 0.985660051023 0.0202917920104 -47.4428207841 1.0 0.68986816895 29.375 181.585420623 0.194507025486 1408561481.27
0.30335146468 0.985299482265 0.0233445384199 -47.4240613114 1.0 0.68986816895 29.375 181.585420623 0.262311913474 1408561483.05
0.299435146468 0.984535309786 0.0235942332284 -47.0196745689 1.0 0.68986816895 29.375 181.585420623 0.224475961025 1408561484.96
0.287343514647 0.98348220537 0.0213141910529 -46.5065629558 1.0 0.68986816895 29.375 181.585420623 0.24354387304 1408561486.86
0.278934351465 0.983621618831 0.0218873322081 -45.3972375533 1.0 0.68986816895 29.375 181.585420623 0.234384943037 1408561488.45
0.298793435146 0.984074651272 0.0213743001527 -44.567531242 1.0 0.691383797077 29.375 181.585420623 0.208253093243 1408561490.3
0.286379343515 0.983538504544 0.0248885306171 -43.0195601819 1.0 0.69693156796 29.375 181.585420623 0.100851782747 1408561491.84
0.313937934351 0.982571979769 0.0238802907437 -41.3150218765 1.0 0.702536532357 29.375 181.585420623 0.0929213340806 1408561493.88
0.331993793435 0.98236395602 0.02054144667 -39.704223741 1.0 0.708370270811 29.375 181.585420623 0.109301856339 1408561496.03
0.321199379344 0.982479513124 0.0209117922397 -39.0535903229 1.0 0.710086076239 29.375 181.585420623 0.203183192263 1408561498.07
0.324619937934 0.982279324131 0.0181879455895 -37.8887586148 1.0 0.716663330378 29.375 181.585420623 0.168696089348 1408561500.18
0.311461993793 0.983105635462 0.0178107350354 -37.0523034688 1.0 0.720695473133 29.375 181.585420623 0.187473551613 1408561502.15
0.268746199379 0.982757445704 0.0171394038695 -36.6945580371 1.0 0.720695473133 29.375 181.585420623 0.22086109786 1408561504.15
0.296874619938 0.982388885857 0.016695119322 -36.4408190111 1.0 0.721753553147 29.375 181.585420623 0.252587014237 1408561506.01
0.296987461994 0.983022854146 0.0179928104794 -35.9809831565 1.0 0.724069890474 29.375 181.585420623 0.240088833475 1408561507.85
0.267298746199 0.984335274328 0.0174580115402 -35.9225599817 1.0 0.72501358346 29.375 181.585420623 0.29390160199 1408561509.74
0.27062987462 0.985878594771 0.0207566989075 -34.7169207012 1.0 0.733335239784 29.375 181.585420623 0.207812489671 1408561511.85
0.264662987462 0.98649818094 0.0181680677307 -34.339929652 1.0 0.733335239784 29.375 181.585420623 0.231645389453 1408561513.81
0.256866298746 0.987249790045 0.0188379442127 -34.0800995167 1.0 0.733335239784 29.375 181.585420623 0.265854859502 1408561515.71
0.274086629875 0.987086215859 0.0174494825757 -33.5742800766 1.0 0.733335239784 29.375 181.585420623 0.18130094069 1408561517.66
0.259608662987 0.987740691591 0.0185072723864 -33.2012067832 1.0 0.733335239784 29.375 181.585420623 0.216913291741 1408561519.72
0.237460866299 0.987496163033 0.0187738448214 -32.8939346278 1.0 0.733335239784 29.375 181.585420623 0.208839791431 1408561521.58
0.24244608663 0.987438169288 0.01781763087 -32.376075953 1.0 0.733335239784 29.375 181.585420623 0.170505342793 1408561523.45
0.233044608663 0.988299856321 0.0152806405645 -31.8831536504 1.0 0.733335239784 29.375 181.585420623 0.184203171769 1408561525.29
0.256404460866 0.989078679615 0.0129263011197 -31.2901998913 1.0 0.733335239784 29.375 181.585420623 0.173966345891 1408561526.98
0.240740446087 0.988992923332 0.0116500790416 -30.8830392633 1.0 0.733335239784 29.375 181.585420623 0.231461007916 1408561528.81
0.254474044609 0.988913749504 0.0144826093618 -30.7257856959 1.0 0.733335239784 29.375 181.585420623 0.299709216741 1408561530.58
0.274747404461 0.988887836037 0.0155071171321 -30.3768194687 1.0 0.733335239784 29.375 181.585420623 0.257233406862 1408561532.42
0.270474740446 0.98892331896 0.0162674798947 -30.2575137979 1.0 0.733335239784 29.375 181.585420623 0.309941944222 1408561534.0
0.243047474045 0.988941688624 0.0183490667677 -29.8490949126 1.0 0.733335239784 29.375 181.585420623 0.229050917116 1408561535.75
0.250204747404 0.987837247122 0.0156042810683 -29.286825474 1.0 0.733335239784 29.375 181.585420623 0.185202522332 1408561537.55
0.25812047474 0.987884310332 0.0134247901824 -28.6553518831 1.0 0.733335239784 29.375 181.585420623 0.174405396024 1408561539.49
0.248112047474 0.988451789415 0.0175069732722 -28.1221653464 1.0 0.733335239784 29.375 181.585420623 0.202803147858 1408561541.38
0.249811204747 0.98863825706 0.0231840933583 -27.5838599903 1.0 0.733335239784 29.375 181.585420623 0.203334381395 1408561543.31
0.262581120475 0.98839254302 0.0303496182774 -27.1446138008 1.0 0.733335239784 29.375 181.585420623 0.232504654315 1408561545.36
0.270158112047 0.98818147748 0.0299238661433 -26.6254682719 1.0 0.733335239784 29.375 181.585420623 0.190909070285 1408561547.36
0.273615811205 0.987852473644 0.0253904900312 -26.430466985 1.0 0.733335239784 29.375 181.585420623 0.248488887164 1408561549.35
0.25146158112 0.986932029454 0.0234525721578 -25.9159541308 1.0 0.733335239784 29.375 181.585420623 0.201191308193 1408561551.15
0.211446158112 0.986608620608 0.0178701285322 -25.387972204 1.0 0.733335239784 29.375 181.585420623 0.166960820508 1408561552.82
0.210144615811 0.985708274391 0.0141575504535 -24.8359975979 1.0 0.733335239784 29.375 181.585420623 0.163882703984 1408561554.56
0.232514461581 0.984770934718 0.0147768946244 -24.2769595928 1.0 0.733335239784 29.375 181.585420623 0.16009762747 1408561556.47
0.241951446158 0.984486027798 0.0159189697474 -23.823500815 1.0 0.733335239784 29.375 181.585420623 0.170489242882 1408561558.44
0.241995144616 0.984455548722 0.0149826950141 -23.2853384426 1.0 0.733335239784 29.375 181.585420623 0.16735842608 1408561560.36
0.226699514462 0.984991088994 0.0168824088307 -22.8448339958 1.0 0.733335239784 29.375 181.585420623 0.183973278203 1408561562.39
0.218869951446 0.985904040691 0.0231542058368 -22.5649861306 1.0 0.733335239784 29.375 181.585420623 0.223961171851 1408561564.27
0.250486995145 0.985891686691 0.0282660899395 -22.540678887 1.0 0.733335239784 29.375 181.585420623 0.262684576822 1408561566.19
0.232048699514 0.984621455938 0.0230641584443 -22.4739054591 1.0 0.733335239784 29.375 181.585420623 0.235777432721 1408561568.31
0.210404869951 0.983899247743 0.0200580240224 -21.9886756842 1.0 0.733335239784 29.375 181.585420623 0.149434075174 1408561569.88
0.216340486995 0.984066627207 0.0199458853147 -21.4637822071 1.0 0.733335239784 29.375 181.585420623 0.158613011372 1408561571.95
0.2493340487 0.983760800773 0.0182651204392 -21.0649432354 1.0 0.733335239784 29.375 181.585420623 0.193806308762 1408561573.93
0.24543340487 0.983211374953 0.0150273317862 -20.7670222197 1.0 0.733335239784 29.375 181.585420623 0.236223507652 1408561575.82
0.233343340487 0.984234189935 0.0138044885039 -20.2617175212 1.0 0.733335239784 29.375 181.585420623 0.179704801191 1408561577.81
0.203334334049 0.985533802683 0.0149794641368 -19.7526952444 1.0 0.733335239784 29.375 181.585420623 0.189396840146 1408561579.76
0.208433433405 0.986628908141 0.0205594848757 -19.4216305871 1.0 0.733335239784 29.375 181.585420623 0.243134988916 1408561581.75
0.20174334334 0.987567301614 0.0250029351903 -18.8913323229 1.0 0.733335239784 29.375 181.585420623 0.184492877339 1408561583.71
0.194774334334 0.988270461283 0.0231109809304 -18.3380136692 1.0 0.733335239784 29.375 181.585420623 0.176884970418 1408561585.74
0.191377433433 0.988127109704 0.0220613818188 -17.7665646716 1.0 0.733335239784 29.375 181.585420623 0.172882190261 1408561587.24
0.194637743343 0.987609631205 0.027172532012 -17.2494495124 1.0 0.733335239784 29.375 181.585420623 0.189610311281 1408561589.05
0.182363774334 0.987742901913 0.0329512891813 -16.8122050959 1.0 0.733478223569 29.375 181.585420623 0.205866720577 1408561590.78
0.177536377433 0.988269266509 0.0409854030728 -16.4319254197 1.0 0.734421916555 29.375 181.585420623 0.246425824414 1408561592.25
0.222953637743 0.987837777978 0.0472277786585 -16.1236523778 1.0 0.73516543224 29.375 181.585420623 0.250810731677 1408561594.05
0.216695363774 0.986836172153 0.052859045751 -15.5267808631 1.0 0.740055477709 29.375 181.585420623 0.208477985842 1408561595.81
0.240369536377 0.984757258533 0.0491086780606 -15.2944322114 1.0 0.740055477709 29.375 181.585420623 0.26240883859 1408561597.49
0.267036953638 0.982338692985 0.0482067347544 -14.4952672367 1.0 0.744688152364 29.375 181.585420623 0.185283617668 1408561599.34
0.287703695364 0.981340803772 0.0429268431208 -14.2591152163 1.0 0.744688152364 29.375 181.585420623 0.256174190243 1408561601.0
0.297870369536 0.981469143389 0.0358382462344 -14.1381509337 1.0 0.744688152364 29.375 181.585420623 0.303881211496 1408561603.03
0.304287036954 0.982682337784 0.0310663693067 -14.4124224313 1.0 0.744688152364 29.375 181.585420623 0.374343796263 1408561605.1
0.266228703695 0.984400792449 0.0369197735349 -14.5940690326 1.0 0.744688152364 29.375 181.585420623 0.294642047145 1408561606.7
0.24982287037 0.984669992727 0.0356153805774 -14.4721038634 1.0 0.747948182676 29.375 181.585420623 0.264528381845 1408561608.58
0.253582287037 0.986151811441 0.0406312880471 -13.8470073494 1.0 0.753352969773 29.375 181.585420623 0.24274638504 1408561610.39
0.257558228704 0.985920410717 0.0465806096676 -12.2088707141 1.0 0.768938202408 29.375 181.585420623 0.183470806313 1408561612.04
0.28765582287 0.98499901661 0.0445613411444 -11.0043181103 1.0 0.782292887987 29.375 181.585420623 0.25341156611 1408561613.55
0.261865582287 0.98393796344 0.0387262350223 -10.1991192199 1.0 0.79241614001 29.375 181.585420623 0.229641790174 1408561615.28
0.270986558229 0.983519655757 nan -10.1668334811 1.0 0.792530527038 29.375 181.585420623 0.359210181036 1408561616.94
0.244898655823 0.983663178111 nan -9.95833452486 1.0 0.792530527038 29.375 181.585420623 0.285711391224 1408561618.67
0.266589865582 0.983405919536 nan -9.95607538105 1.0 0.792530527038 29.375 181.585420623 0.337643658404 1408561620.43
0.270558986558 0.983498337534 nan -10.1051216792 1.0 0.792530527038 29.375 181.585420623 0.339909851924 1408561621.98
0.255655898656 0.98476568569 nan -10.0293402728 1.0 0.792530527038 29.375 181.585420623 0.29566336418 1408561623.5
0.248765589866 0.986303385669 nan -9.68689410621 1.0 0.792530527038 29.375 181.585420623 0.253789536554 1408561625.13
0.244476558987 0.986101614672 nan -9.26712230833 1.0 0.792530527038 29.375 181.585420623 0.207543083821 1408561626.89
0.280947655899 0.984784822721 nan -8.9725185164 1.0 0.792530527038 29.375 181.585420623 0.239771594516 1408561628.71
0.28459476559 0.983740551417 nan -8.70525322428 1.0 0.792530527038 29.375 181.585420623 0.227925827395 1408561630.34
0.291259476559 0.983726360039 nan -8.24959249621 1.0 0.792530527038 29.375 181.585420623 0.192287184097 1408561632.06
0.285625947656 0.983720091029 nan -7.91420972862 1.0 0.792530527038 29.375 181.585420623 0.233802985095 1408561633.74
0.267062594766 0.983846968896 nan -7.81117561269 1.0 0.792530527038 29.375 181.585420623 0.238859424653 1408561635.46
0.276906259477 0.984463351906 nan -7.44385026738 1.0 0.792530527038 29.375 181.585420623 0.202509770271 1408561637.29
0.298590625948 0.98502974212 nan -6.90706053933 1.0 0.792530527038 29.375 181.585420623 0.173466937015 1408561639.25
0.235059062595 0.985641339468 nan -6.28139209014 1.0 0.792530527038 29.375 181.585420623 0.15415964108 1408561641.11
0.222405906259 0.984769414652 nan -5.66919271355 1.0 0.792530527038 29.375 181.585420623 0.16579228834 1408561642.68
0.219340590626 0.984984992214 nan -5.17472618605 1.0 0.792530527038 29.375 181.585420623 0.212828416757 1408561644.15
0.188434059063 0.98519334341 nan -4.45574651834 1.0 0.792530527038 29.375 181.585420623 0.140185665993 1408561645.72
0.191643405906 0.985708081807 nan -3.72881695216 1.0 0.792530527038 29.375 181.585420623 0.134473421645 1408561647.3
0.170364340591 0.986739788741 nan -3.02250564786 1.0 0.792530527038 29.375 181.585420623 0.142578287851 1408561649.04
0.152936434059 0.987068304899 nan -2.28671108696 1.0 0.792530527038 29.375 181.585420623 0.134909785048 1408561650.69
0.171893643406 0.987544963509 nan -1.75035031027 1.0 0.792530527038 29.375 181.585420623 0.202933677023 1408561652.47
0.188189364341 0.988411252481 nan -1.07057679659 1.0 0.792530527038 29.375 181.585420623 0.163360767338 1408561654.24
0.177218936434 0.9891822607 nan -0.4587777746 1.0 0.792530527038 29.375 181.585420623 0.179814410231 1408561655.97
0.201321893643 0.988856608558 nan 0.244530870199 1.0 0.792530527038 29.375 181.585420623 0.149503909244 1408561657.51
0.194732189364 0.98818602285 nan 0.896937287312 1.0 0.792530527038 29.375 181.585420623 0.174330010993 1408561659.14
0.176973218936 0.988125140527 nan 1.55397637908 1.0 0.792530527038 29.375 181.585420623 0.159903078739 1408561660.65
0.188697321894 0.988024849699 nan 2.15496582688 1.0 0.792530527038 29.375 181.585420623 0.195376600224 1408561662.19
0.194369732189 0.988200911249 nan 2.73911178472 1.0 0.792530527038 29.375 181.585420623 0.183415098653 1408561663.95
0.174236973219 0.988301609092 nan 3.27395693328 1.0 0.792530527038 29.375 181.585420623 0.199954143357 1408561665.81
0.202823697322 0.987812170004 nan 3.90528754039 1.0 0.792530527038 29.375 181.585420623 0.170913422592 1408561667.68
0.193982369732 0.987492963847 nan 4.53656095399 1.0 0.792530527038 29.375 181.585420623 0.168125137516 1408561669.51
0.184998236973 0.987390825988 nan 4.9795247219 1.0 0.792530527038 29.375 181.585420623 0.193102055715 1408561671.29
0.206599823697 0.987216260902 nan 5.41839915354 1.0 0.792530527038 29.375 181.585420623 0.219953885404 1408561672.96
0.19435998237 0.986822880188 nan 5.7051102405 1.0 0.792530527038 29.375 181.585420623 0.226877334573 1408561674.4
0.214735998237 0.98726218586 nan 5.99042008636 1.0 0.792530527038 29.375 181.585420623 0.215501450811 1408561675.99
0.210473599824 0.986506941431 nan 6.36529497555 1.0 0.792530527038 29.375 181.585420623 0.178900447907 1408561677.66
0.219047359982 0.984858941364 nan 6.53092739283 1.0 0.792530527038 29.375 181.585420623 0.20653015976 1408561679.56
0.223504735998 0.982575413077 nan 6.38651376934 1.0 0.792530527038 29.375 181.585420623 0.25698355951 1408561681.51
0.2212504736 0.980897190842 nan 6.24187137179 1.0 0.792530527038 29.375 181.585420623 0.224356344193 1408561683.39
0.21472504736 0.980176518401 nan 6.15636706797 1.0 0.792530527038 29.375 181.585420623 0.243199247401 1408561684.97
0.229372504736 0.980250022936 nan 6.32814778804 1.0 0.792530527038 29.375 181.585420623 0.191748064585 1408561686.87
0.241637250474 0.979433297328 nan 5.95393062427 1.0 0.792530527038 29.375 181.585420623 0.276902780582 1408561688.79
0.230263725047 0.977073987233 nan 5.0072063828 1.0 0.792587720552 29.375 181.585420623 0.303258415012 1408561690.89
0.231826372505 0.974441539069 nan 4.13657811204 1.0 0.79510423518 29.375 181.585420623 0.351091075375 1408561693.0
0.24368263725 0.9732617783 nan 3.96202350653 1.0 0.800766393091 29.375 181.585420623 0.248954249612 1408561694.92
0.264668263725 0.972529206206 nan 3.87131459293 1.0 0.805113100174 29.375 181.585420623 0.265069752481 1408561696.56
0.264966826373 0.97259702362 nan 4.0609682862 1.0 0.812891418113 29.375 181.585420623 0.284923455519 1408561698.7
0.281196682637 0.973792067065 nan 3.85810289113 1.0 0.812948611627 29.375 181.585420623 0.389138856392 1408561700.65
0.277419668264 0.975150602369 nan 3.92539106065 1.0 0.812948611627 29.375 181.585420623 0.323321698937 1408561702.65
0.254541966826 0.976322545082 nan 4.14364151105 1.0 0.812948611627 29.375 181.585420623 0.272959708996 1408561704.59
0.243254196683 0.976922523128 nan 4.00932254282 1.0 0.812948611627 29.375 181.585420623 0.354344375818 1408561706.32
0.246625419668 0.977111792888 nan 3.83136492322 1.0 0.812948611627 29.375 181.585420623 0.326066829419 1408561708.15
0.223562541967 0.976609117706 nan 3.94898338528 1.0 0.812948611627 29.375 181.585420623 0.25137725739 1408561710.23
0.241056254197 0.976782568423 nan 4.20117818639 1.0 0.812948611627 29.375 181.585420623 0.198841507232 1408561712.27
0.23110562542 0.97727903808 nan 4.56201206783 1.0 0.812948611627 29.375 181.585420623 0.19188577891 1408561714.32
0.227410562542 0.977443771659 nan 5.06454288084 1.0 0.812948611627 29.375 181.585420623 0.181535539798 1408561716.35
0.219841056254 0.977477793771 nan 5.23835397066 1.0 0.812948611627 29.375 181.585420623 0.23676724639 1408561718.37
0.231684105625 0.977287812857 nan 5.22537104292 1.0 0.812948611627 29.375 181.585420623 0.265428597884 1408561719.92
0.258968410563 0.975530897538 nan 5.16511767566 1.0 0.812948611627 29.375 181.585420623 0.297051372624 1408561721.98
0.248196841056 0.974353198788 nan 5.23226286139 1.0 0.814063885155 29.375 181.585420623 0.247301125342 1408561723.65
0.239919684106 0.973935105954 nan 5.62990076925 1.0 0.81969744631 29.375 181.585420623 0.186384448899 1408561725.28
0.229191968411 0.974152620631 nan 6.0770396637 1.0 0.827704538305 29.375 181.585420623 0.152808893508 1408561727.14
0.236219196841 0.973534479585 nan 6.39151820184 1.0 0.834882324344 29.375 181.585420623 0.160287514411 1408561728.96
0.235121919684 0.973657812219 nan 6.71489033144 1.0 0.839457805485 29.375 181.585420623 0.17946052923 1408561731.06
0.210712191968 0.974500663006 nan 7.02350653436 1.0 0.839543595756 29.375 181.585420623 0.190346679618 1408561732.97
0.219971219197 0.974787582395 nan 7.13832251423 1.0 0.839543595756 29.375 181.585420623 0.214152734484 1408561734.93
0.25239712192 0.975626360902 nan 7.48983385284 1.0 0.839543595756 29.375 181.585420623 0.186652536858 1408561736.61
0.243039712192 0.976594885138 nan 8.04012125025 1.0 0.839543595756 29.375 181.585420623 0.152329200691 1408561738.3
0.222303971219 0.975993606806 nan 8.66856358489 1.0 0.839543595756 29.375 181.585420623 0.161092745587 1408561740.45
0.249930397122 0.975896446516 nan 9.26429122937 1.0 0.839543595756 29.375 181.585420623 0.173845813083 1408561742.46
0.213093039712 0.975624613468 nan 9.86462295176 1.0 0.839543595756 29.375 181.585420623 0.160405794343 1408561744.23
0.229209303971 0.975736907295 nan 10.3648088307 1.0 0.839543595756 29.375 181.585420623 0.151306262265 1408561745.79
0.219120930397 0.976778659821 nan 10.9324258629 1.0 0.839543595756 29.375 181.585420623 0.146492241496 1408561747.86
0.18031209304 0.978975367806 nan 11.4146529784 1.0 0.839543595756 29.375 181.585420623 0.142036371021 1408561750.03
0.189931209304 0.980109744897 nan 11.8319940519 1.0 0.839543595756 29.375 181.585420623 0.157469491575 1408561751.82
0.20889312093 0.981433082612 nan 12.3538848695 1.0 0.839543595756 29.375 181.585420623 0.159685597665 1408561753.9
0.214389312093 0.981320577857 nan 12.8818953931 1.0 0.839543595756 29.375 181.585420623 0.18678950409 1408561755.64
0.224838931209 0.981111873102 nan 13.0393491378 1.0 0.839543595756 29.375 181.585420623 0.280016808036 1408561757.4
0.249283893121 0.981964096793 nan 13.4604077898 1.0 0.839543595756 29.375 181.585420623 0.229948567693 1408561759.5
0.220228389312 0.982430808833 nan 13.9371157311 1.0 0.839543595756 29.375 181.585420623 0.225203244477 1408561761.5
0.198422838931 0.982375249089 nan 14.3777917584 1.0 0.839543595756 29.375 181.585420623 0.246575515025 1408561763.54
0.196242283893 0.982593135354 nan 14.877548686 1.0 0.839543595756 29.375 181.585420623 0.202297582838 1408561765.54
0.232024228389 0.982479929984 nan 15.1628299351 1.0 0.839543595756 29.375 181.585420623 0.260528594491 1408561767.05
0.235602422839 0.981506845354 nan 15.5389344848 1.0 0.839543595756 29.375 181.585420623 0.233669142893 1408561768.89
0.237760242284 0.98054200744 nan 15.8301066659 1.0 0.839543595756 29.375 181.585420623 0.262360795956 1408561770.78
0.279376024228 0.979962689261 nan 16.1296862936 1.0 0.839543595756 29.375 181.585420623 0.250030298521 1408561772.59
0.309637602423 0.978993924779 nan 16.3850553347 1.0 0.839543595756 29.375 181.585420623 0.24456783406 1408561774.13
0.267663760242 0.978386659711 nan 16.6568389145 1.0 0.839543595756 29.375 181.585420623 0.237694451951 1408561776.06
0.271566376024 0.978282004231 nan 17.1479596214 1.0 0.839543595756 29.375 181.585420623 0.163540276875 1408561778.03
0.270156637602 0.979152653777 nan 17.6605850897 1.0 0.839543595756 29.375 181.585420623 0.178969411965 1408561780.06
