0.077 0.999650071235 0.148009568007 0.918888888889 0.0811111111111 0.0811111111111 0 0 0.881023083223 1409546948.24
0.13 0.932316213777 0.051313725943 1.74986666667 0.125066666667 0.125066666667 0 0 0.670796106987 1409546948.92
0.141 0.865518513646 0.0262911970028 2.51031111111 0.163377777778 0.163377777778 0 0 0.551271506052 1409546949.78
0.159 0.837360182387 0.0154115017263 3.26951111111 0.184133333333 0.184133333333 0 0 0.511765194994 1409546951.0
0.214 0.829181587403 0.0111041301842 3.97444444444 0.206533333333 0.206533333333 0 0 0.491746315739 1409546952.22
0.225 0.8361291206 0.011086200174 4.58746666667 0.236222222222 0.236222222222 0 0 0.499080506104 1409546953.51
0.199 0.852232358019 0.0125249325995 5.31177777778 0.245644444444 0.245644444444 0 0 0.515303785661 1409546954.76
0.186 0.868160879329 0.0180456869627 6.02737777778 0.255511111111 0.255511111111 0 0 0.512030632815 1409546955.94
0.193 0.88050130029 0.0209353906582 6.6932 0.270533333333 0.270533333333 0 0 0.490402257483 1409546956.98
0.202 0.889889494215 0.0224177466932 7.3844 0.280622222222 0.280622222222 0 0 0.497633010384 1409546957.94
0.203 0.897821510988 0.0167292037809 7.9988 0.298533333333 0.298533333333 0 0 0.528812112902 1409546958.86
0.247 0.908645245881 0.0087765386887 8.43853333333 0.327288888889 0.327288888889 0 0 0.519292771112 1409546959.88
0.247 0.9208280765 0.00537672336973 8.71008888889 0.3664 0.3664 0 0 0.513303188274 1409546961.04
0.231 0.931483697529 0.00561518646392 9.19306666667 0.388222222222 0.388222222222 0 0 0.539524201933 1409546962.08
0.235 0.940742077655 0.0108071923223 9.82573333333 0.397422222222 0.397422222222 0 0 0.565009479363 1409546963.01
0.214 0.951313149749 0.0098082611638 10.2211555556 0.421333333333 0.421333333333 0 0 0.609071579183 1409546963.96
0.208 0.962954137338 0.00768783950469 10.6044 0.445511111111 0.445511111111 0 0 0.628277584066 1409546964.91
0.221 0.970933657534 0.0044651662983 11.0636444444 0.463377777778 0.463377777778 0 0 0.61476129858 1409546965.78
0.222 0.976576860476 0.0108578866127 11.4450666667 0.483911111111 0.483911111111 0 0 0.618088789271 1409546966.63
0.196 0.9784506233 0.0101859250581 11.9884444444 0.492666666667 0.492666666667 0 0 0.614595994837 1409546967.43
0.213 0.979615775012 0.00641263978882 12.5783555556 0.497288888889 0.497288888889 0 0 0.627554603557 1409546968.2
0.225 0.979636190943 0.00623176125718 13.1090222222 0.501111111111 0.501111111111 0 0 0.641313194105 1409546968.95
0.181 0.98311311759 0.00285039814875 13.8779555556 0.501466666667 0.501466666667 0 0 0.665569379212 1409546969.75
0.15 0.986848735047 0.0013397418246 14.6221333333 0.504088888889 0.504088888889 0 0 0.70140672043 1409546970.5
0.159 0.989952423623 0.00556577839342 15.1274222222 0.516222222222 0.516222222222 0 0 0.71190562917 1409546971.24
0.201 0.990670675009 0.00611295305544 15.6255111111 0.525244444444 0.525244444444 0 0 0.727258800284 1409546971.95
0.223 0.989828433218 0.00386717247616 16.1598222222 0.532755555556 0.532755555556 0 0 0.717987113235 1409546972.7
0.203 0.989789953355 0.00274860437898 16.7493333333 0.536444444444 0.536444444444 0 0 0.71135626854 1409546973.45
0.181 0.992555775851 0.0019720650187 17.3964 0.5372 0.5372 0 0 0.74022315803 1409546974.16
0.173 0.995556117772 0.00346120405425 18.1038666667 0.537377777778 0.537377777778 0 0 0.771905301823 1409546974.83
0.158 0.996383396491 0.00310792624805 18.7606666667 0.541555555556 0.541555555556 0 0 0.775957902778 1409546975.57
0.197 0.996263359659 0.00405359432512 19.3386666667 0.546177777778 0.546177777778 0 0 0.777184792187 1409546976.29
0.175 0.996515715017 0.00798008470166 19.8821777778 0.552311111111 0.552311111111 0 0 0.786718242448 1409546976.88
0.171 0.9957739395 0.00400924200866 20.5958666667 0.553288888889 0.553288888889 0 0 0.775744244983 1409546977.58
0.176 0.994847625498 0.00491730405982 21.2832888889 0.5548 0.5548 0 0 0.756187468375 1409546978.25
0.189 0.994645915871 0.00482153173617 21.9223111111 0.555111111111 0.555111111111 0 0 0.741325170567 1409546978.93
0.184 0.994477229007 0.00455915021353 22.546 0.555511111111 0.555511111111 0 0 0.735631450596 1409546979.62
0.177 0.996114306823 0.00478070986581 23.0808888889 0.556933333333 0.556933333333 0 0 0.760109666015 1409546980.32
0.18 0.996164760413 0.00459244598169 23.4391111111 0.5652 0.5652 0 0 0.775887022685 1409546980.94
0.198 0.996212157219 0.00708570521763 23.4553333333 0.576977777778 0.576977777778 0 0 0.7877357546 1409546981.68
0.224 0.99631836699 0.00952647642419 23.2343555556 0.588577777778 0.588577777778 0 0 0.774820763537 1409546982.44
0.206 0.996076183823 0.0163921988047 23.1824 0.593022222222 0.593022222222 0 0 0.781983117136 1409546983.19
0.21 0.994144542146 0.017392446351 23.0491555556 0.605333333333 0.605333333333 0 0 0.775943070651 1409546983.96
0.208 0.992047275875 0.0264187082443 22.5334666667 0.623733333333 0.623733333333 0 0 0.756184387294 1409546984.63
0.207 0.988695797622 0.0315944483545 22.1764444444 0.639244444444 0.639244444444 0 0 0.744322933873 1409546985.37
0.231 0.986910054942 0.0300463079438 21.1644 0.665333333333 0.665333333333 0 0 0.719477187873 1409546986.18
0.27 0.984277293372 0.0335927724402 19.7490666667 0.701155555556 0.701155555556 0 0 0.680245767796 1409546986.99
0.304 0.980428695959 0.036070219515 17.5405777778 0.7496 0.7496 0 0 0.642703493558 1409546987.97
0.313 0.979076660125 0.0298129651742 16.2652 0.781022222222 0.781022222222 0 0 0.63674917463 1409546988.88
0.325 0.979902255423 0.0232587488717 14.9876444444 0.809466666667 0.809466666667 0 0 0.63177094051 1409546989.83
0.32 0.981716028505 0.0173187286709 14.7014666667 0.822577777778 0.822577777778 0 0 0.690753073591 1409546990.88
0.283 0.985790332904 0.0169322127751 14.3600888889 0.839466666667 0.839466666667 0 0 0.716965869305 1409546992.07
0.231 0.989025924265 0.0203071116077 14.0063555556 0.854977777778 0.854977777778 0 0 0.760786842389 1409546993.08
0.209 0.989089186709 0.024002809459 13.7616888889 0.868977777778 0.868977777778 0 0 0.77173435382 1409546994.11
0.214 0.987182784447 0.0399639844575 13.5170666667 0.8848 0.8848 0 0 0.786341240111 1409546994.98
0.238 0.984171087533 0.0459147984457 12.6334666667 0.910711111111 0.0954222222222 55 47.5754079819 0.77655068671 1409546995.96
0.232 0.980919434738 0.0319464177436 11.9679555556 0.9316 0.250933333333 55 47.5754079819 0.750159405368 1409546997.1
0.23 0.978845907876 0.0320413702882 10.7410222222 0.960488888889 0.310622222222 55 47.5754079819 0.707375949926 1409546998.07
0.234 0.979100031471 0.0269142304461 10.4605333333 0.9732 0.352044444444 55 47.5754079819 0.697539506657 1409546999.15
0.264 0.981779293805 0.0362535567426 9.9784 0.983688888889 0.415377777778 55 47.5754079819 0.698952026032 1409547000.26
0.27 0.983349353064 0.0336378828568 10.2249333333 0.985911111111 0.446266666667 55 47.5754079819 0.703062487754 1409547000.93
0.228 0.983523438815 0.0319192220587 10.8402222222 0.986 0.457511111111 55 47.5754079819 0.696213094395 1409547001.79
0.23 0.98240103378 0.025039892604 11.4120888889 0.986 0.470266666667 55 47.5754079819 0.679720192698 1409547002.59
0.235 0.982357090482 0.0173388718929 11.9382666667 0.986 0.486177777778 55 47.5754079819 0.667953606471 1409547003.33
0.257 0.985613928885 0.0192800170669 12.4333777778 0.986 0.503066666667 55 47.5754079819 0.706849128128 1409547004.04
0.254 0.988960423816 0.0309126815502 12.7680444444 0.986 0.532577777778 55 47.5754079819 0.732273276315 1409547004.79
0.224 0.988542948775 0.0280936460945 12.8877777778 0.986 0.570266666667 55 47.5754079819 0.737409730762 1409547005.63
0.245 0.986840648025 0.0165092866301 13.0133777778 0.986 0.597688888889 55 47.5754079819 0.718187990476 1409547006.44
0.222 0.987684530036 0.0167398183777 13.4058222222 0.986 0.6156 55 47.5754079819 0.732964882567 1409547007.32
0.181 0.989607478647 0.012165526989 13.9259555556 0.986 0.628311111111 55 47.5754079819 0.771007868885 1409547008.05
0.148 0.99161985675 0.00513513183418 14.5587555556 0.986 0.638222222222 55 47.5754079819 0.795985691691 1409547008.65
0.161 0.993734317183 0.00396214203342 15.0765333333 0.986044444444 0.650711111111 55 47.5754079819 0.801255681026 1409547009.24
0.16 0.995078084672 0.00563196104583 15.2545333333 0.988622222222 0.668222222222 55 47.5754079819 0.791280491489 1409547009.98
0.154 0.995959430355 0.00777525769698 15.2313777778 0.994888888889 0.685422222222 55 47.5754079819 0.787987840559 1409547010.78
0.192 0.996194734853 0.0137934016531 15.0196888889 0.999066666667 0.706711111111 55 47.5754079819 0.777458851925 1409547011.52
0.178 0.995413785062 0.0153296677147 14.6216888889 0.999955555556 0.733511111111 55 47.5754079819 0.748280822027 1409547012.27
0.194 0.99464142103 0.0125667329255 14.4809333333 0.999955555556 0.754444444444 55 47.5754079819 0.734628580841 1409547013.07
0.167 0.992980110447 0.0180430396362 14.4836 0.999955555556 0.774088888889 55 47.5754079819 0.72731764341 1409547013.8
0.18 0.992321627555 0.0142626553663 14.8895111111 0.999955555556 0.782622222222 55 47.5754079819 0.719094737488 1409547014.55
0.181 0.991372387646 0.0148046183621 15.1303555556 0.999955555556 0.792577777778 55 47.5754079819 0.718709396498 1409547015.26
0.159 0.990879233646 0.0146037062746 15.4089333333 0.999955555556 0.805733333333 55 47.5754079819 0.727701894594 1409547015.96
0.163 0.991126498789 0.0118473316754 15.2975111111 0.999955555556 0.821022222222 55 47.5754079819 0.717600923871 1409547016.71
0.153 0.991419240814 0.013106892711 15.8751555556 0.999955555556 0.8244 55 47.5754079819 0.76854740705 1409547017.38
0.17 0.992096072758 0.0172070200173 15.9042222222 0.999955555556 0.835911111111 55 47.5754079819 0.760169271274 1409547018.15
0.196 0.991153380012 0.0211027284144 16.0512888889 0.999955555556 0.848577777778 55 47.5754079819 0.73779464624 1409547018.94
0.21 0.989205776838 0.0241149434552 15.7444888889 0.999955555556 0.8688 55 47.5754079819 0.734077207051 1409547019.76
0.231 0.986855142997 0.0244658382706 15.3033333333 0.999955555556 0.894666666667 55 47.5754079819 0.710477588037 1409547020.56
0.205 0.985576950445 0.0195177112454 15.0640444444 0.999955555556 0.203822222222 43.5 36.4666949511 0.706586713794 1409547021.56
0.249 0.98584126671 0.0177071854654 15.0268888889 0.999955555556 0.265511111111 43.5 36.4666949511 0.716345156704 1409547022.42
0.215 0.986182903484 0.0143359196182 15.3946222222 0.999955555556 0.287422222222 43.5 36.4666949511 0.712859939704 1409547023.24
0.199 0.986867007042 0.0149151922385 15.8986222222 0.999955555556 0.301777777778 43.5 36.4666949511 0.714533783157 1409547023.98
0.157 0.989755635711 0.0192894408704 16.6550222222 0.999955555556 0.306222222222 43.5 36.4666949511 0.752025202171 1409547024.79
0.158 0.99165959063 0.0171013451006 17.4570666667 0.999955555556 0.307555555556 43.5 36.4666949511 0.793074409336 1409547025.47
0.139 0.9920042301 0.00923298804814 18.2296 0.999955555556 0.315644444444 43.5 36.4666949511 0.79618120662 1409547026.07
0.139 0.993496342318 0.00341695706775 19.0197333333 0.999955555556 0.319866666667 43.5 36.4666949511 0.775730073993 1409547026.9
0.149 0.995334170193 0.000951899561126 19.8028 0.999955555556 0.324 43.5 36.4666949511 0.778636299666 1409547027.54
0.157 0.996224249853 0.0029332354876 20.6626666667 0.999955555556 0.324444444444 43.5 36.4666949511 0.834178083109 1409547028.02
0.143 0.996804142235 0.0056545606256 21.456 0.999955555556 0.327066666667 43.5 36.4666949511 0.826738701528 1409547028.67
0.126 0.997700208838 0.00499266325661 22.1808888889 0.999955555556 0.332577777778 43.5 36.4666949511 0.843326778195 1409547029.39
0.154 0.998183176955 0.00516642161896 22.6472444444 0.999955555556 0.350533333333 43.5 36.4666949511 0.838138688491 1409547030.14
0.155 0.997862964088 0.00878585377776 23.0728 0.999955555556 0.368311111111 43.5 36.4666949511 0.838208257581 1409547030.91
0.164 0.997055456215 0.011571922987 23.4857777778 0.999955555556 0.381244444444 43.5 36.4666949511 0.816795783581 1409547031.75
0.191 0.99651764234 0.018268853633 23.9010666667 0.999955555556 0.3892 43.5 36.4666949511 0.790271367203 1409547032.54
0.153 0.995406673431 0.0133694639262 24.2466222222 0.999955555556 0.402311111111 43.5 36.4666949511 0.766626842641 1409547033.29
0.164 0.994013825622 0.0164630557043 24.6544 0.999955555556 0.412622222222 43.5 36.4666949511 0.749989329423 1409547034.04
0.16 0.991403682766 0.0206242486959 24.8383555556 0.999955555556 0.433244444444 43.5 36.4666949511 0.74473440369 1409547034.76
0.209 0.987878287061 0.0147268889813 25.1824888889 0.999955555556 0.444266666667 43.5 36.4666949511 0.700511875825 1409547035.58
0.175 0.988356882375 0.0167393721939 25.3919111111 0.999955555556 0.455111111111 43.5 36.4666949511 0.698916324325 1409547036.38
0.166 0.98975334473 0.0159470335867 25.7187111111 0.999955555556 0.463866666667 43.5 36.4666949511 0.768163040696 1409547037.18
0.163 0.992033983784 0.012337896206 26.2029333333 0.999955555556 0.469377777778 43.5 36.4666949511 0.79321412126 1409547037.93
0.153 0.993602763366 0.0086449099699 26.5811111111 0.999955555556 0.477333333333 43.5 36.4666949511 0.809414024284 1409547038.78
0.141 0.994609891464 0.00914800285449 26.7344444444 0.999955555556 0.488755555556 43.5 36.4666949511 0.84631835005 1409547039.63
0.135 0.995650433565 0.00944393372977 26.6603555556 0.999955555556 0.504355555556 43.5 36.4666949511 0.85918841593 1409547040.41
0.128 0.996199990678 0.00842342341892 26.4834666667 0.999955555556 0.522088888889 43.5 36.4666949511 0.824400694105 1409547041.08
0.124 0.995968391055 0.0126249859889 26.6609333333 0.999955555556 0.533022222222 43.5 36.4666949511 0.799838377668 1409547041.77
0.144 0.99492920232 0.0168221689541 26.4848444444 0.999955555556 0.549866666667 43.5 36.4666949511 0.777230874132 1409547042.48
0.174 0.993502243555 0.0154307780047 26.6384444444 0.999955555556 0.561688888889 43.5 36.4666949511 0.747181433324 1409547043.24
0.163 0.992364114336 0.0153468764401 26.6689333333 0.999955555556 0.575644444444 43.5 36.4666949511 0.756432965486 1409547043.92
0.192 0.991030269394 0.0158366561279 26.5167555556 0.999955555556 0.590222222222 43.5 36.4666949511 0.740030701943 1409547044.54
0.178 0.990406499697 0.0144026754234 26.6288888889 0.999955555556 0.598666666667 43.5 36.4666949511 0.735266424621 1409547045.09
0.206 0.991183494475 0.0173580809088 26.7228444444 0.999955555556 0.608977777778 43.5 36.4666949511 0.726858685146 1409547045.86
0.191 0.992578051308 0.0232171007197 26.1962666667 0.999955555556 0.627777777778 43.5 36.4666949511 0.726732055443 1409547046.65
0.233 0.991829029735 0.0312868939136 25.2749333333 0.999955555556 0.653866666667 43.5 36.4666949511 0.720996822473 1409547047.43
0.24 0.988878317623 0.0297796614986 24.6662666667 0.999955555556 0.675244444444 43.5 36.4666949511 0.713282641305 1409547048.23
0.215 0.985105094798 0.027324143694 24.1402666667 0.999955555556 0.694666666667 43.5 36.4666949511 0.720719714993 1409547048.92
0.225 0.983764379006 0.0266885245707 22.9503555556 0.999955555556 0.724266666667 43.5 36.4666949511 0.742702397059 1409547049.8
0.214 0.984391324248 0.0258002286791 21.2878666667 0.999955555556 0.758222222222 43.5 36.4666949511 0.768784836529 1409547050.72
0.202 0.984319127953 0.0266171676806 20.2196 0.999955555556 0.786844444444 43.5 36.4666949511 0.746468557054 1409547051.78
0.201 0.983295932234 0.0228570470168 19.1203555556 0.999955555556 0.818355555556 43.5 36.4666949511 0.71420921394 1409547052.82
0.191 0.983360740563 0.01630584331 19.1206222222 0.999955555556 0.8276 43.5 36.4666949511 0.691545388246 1409547053.8
0.18 0.986117126273 0.0179130504165 19.5113333333 0.999955555556 0.834 43.5 36.4666949511 0.735081004338 1409547054.73
0.175 0.989050731873 0.0351406458044 19.1578666667 0.999955555556 0.848577777778 43.5 36.4666949511 0.737630178434 1409547055.66
0.191 0.989742614589 0.0462270177458 19.0824444444 0.999955555556 0.8588 43.5 36.4666949511 0.714182638302 1409547056.62
0.217 0.985851774132 0.0358569322451 18.7359555556 0.999955555556 0.872711111111 43.5 36.4666949511 0.724671689601 1409547057.52
0.222 0.983321254616 0.0356684563279 18.2361333333 0.999955555556 0.887777777778 43.5 36.4666949511 0.690993807981 1409547058.41
0.237 0.981302274415 0.0298726331321 16.9453777778 0.999955555556 0.0653333333333 45.75 37.3603209853 0.687494179548 1409547059.41
0.261 0.980571516995 0.0392065399146 16.01 0.999955555556 0.255511111111 45.75 37.3603209853 0.680848642306 1409547060.12
0.248 0.979078499145 0.0440531405365 15.4280888889 0.999955555556 0.294533333333 45.75 37.3603209853 0.66909972408 1409547060.78
0.258 0.979092182997 0.0445823303176 15.1648444444 1.0 0.330977777778 45.75 37.3603209853 0.673920509739 1409547061.49
0.282 0.977102093642 0.0479965273446 14.4684444444 1.0 0.378355555556 45.75 37.3603209853 0.648095288788 1409547062.17
0.268 0.975379134366 0.0523051131941 13.6283555556 1.0 0.439422222222 45.75 37.3603209853 0.663026604031 1409547062.99
0.27 0.974732261754 0.056323734447 13.2769333333 1.0 0.483066666667 45.75 37.3603209853 0.689470914982 1409547063.81
0.259 0.972840979545 0.0461729957344 12.7549333333 1.0 0.523866666667 45.75 37.3603209853 0.686192586246 1409547064.55
0.258 0.972997841141 0.0409632754265 12.2595111111 1.0 0.558666666667 45.75 37.3603209853 0.688845478768 1409547065.33
0.257 0.973784496058 0.0382899137861 12.0246222222 1.0 0.587822222222 45.75 37.3603209853 0.687987905474 1409547066.25
0.265 0.973399738691 0.0239046062082 11.3952 1.0 0.629111111111 45.75 37.3603209853 0.633627986655 1409547067.07
0.279 0.977505485339 0.0251611054804 10.5110666667 1.0 0.678355555556 45.75 37.3603209853 0.628855021724 1409547067.95
0.265 0.982102326662 0.0381028787601 9.86035555556 1.0 0.714 45.75 37.3603209853 0.66088855773 1409547068.79
0.281 0.982575705047 0.0343824304107 8.7564 1.0 0.763377777778 45.75 37.3603209853 0.650556193042 1409547069.5
0.287 0.980028531794 0.0179323471473 7.78755555556 1.0 0.813777777778 45.75 37.3603209853 0.656169344976 1409547070.16
0.28 0.979388258254 0.0175412989577 7.49573333333 1.0 0.837955555556 45.75 37.3603209853 0.661769762898 1409547070.76
0.28 0.983117991572 0.025302783639 7.434 1.0 0.855155555556 45.75 37.3603209853 0.699848793337 1409547071.41
0.277 0.986679160809 0.0306300440403 7.58964444444 1.0 0.871422222222 45.75 37.3603209853 0.709770410568 1409547072.06
0.264 0.987081194366 0.0161758216377 7.94102222222 1.0 0.882133333333 45.75 37.3603209853 0.740186593535 1409547072.69
0.265 0.988339827684 0.011800174481 8.2164 1.0 0.890888888889 45.75 37.3603209853 0.760099892826 1409547073.29
0.219 0.991048747675 0.00965552315206 8.59097777778 1.0 0.897333333333 45.75 37.3603209853 0.804501212331 1409547073.92
0.198 0.992928439602 0.00614890399461 9.11075555556 1.0 0.0338222222222 33.375 26.3557600677 0.789274933066 1409547074.74
0.205 0.995045175067 0.00909454133082 9.67075555556 1.0 0.187866666667 33.375 26.3557600677 0.790751112071 1409547075.66
0.178 0.995444166308 0.00912967671823 10.2298666667 1.0 0.211555555556 33.375 26.3557600677 0.778228349166 1409547076.39
0.143 0.995130226877 0.00559880133054 10.6388444444 1.0 0.239466666667 33.375 26.3557600677 0.7625830199 1409547077.18
0.169 0.995217710777 0.00935304815967 10.9781777778 1.0 0.266711111111 33.375 26.3557600677 0.775218966097 1409547077.89
0.153 0.994704702072 0.00734203041077 11.1522666667 1.0 0.300533333333 33.375 26.3557600677 0.772149662904 1409547078.67
0.168 0.994665467325 0.00336605845303 11.3482222222 1.0 0.329733333333 33.375 26.3557600677 0.726711906665 1409547079.39
0.149 0.995772877257 0.00513748828707 11.9592 1.0 0.341066666667 33.375 26.3557600677 0.750597015004 1409547080.07
0.164 0.997232743939 0.0138249109547 12.3380444444 1.0 0.3668 33.375 26.3557600677 0.757071059695 1409547080.76
0.147 0.996919095621 0.0152187746143 12.8072444444 1.0 0.385244444444 33.375 26.3557600677 0.77025542862 1409547081.55
0.188 0.995658619139 0.0163288236911 13.1166666667 1.0 0.405422222222 33.375 26.3557600677 0.767132083812 1409547082.26
0.196 0.992831598407 0.0159144905805 12.7132888889 1.0 0.443422222222 33.375 26.3557600677 0.735249113567 1409547083.06
0.191 0.991674172543 0.021316216569 12.2951111111 1.0 0.486622222222 33.375 26.3557600677 0.731950431972 1409547083.84
0.21 0.991072865644 0.0313032400512 12.2232888889 1.0 0.516355555556 33.375 26.3557600677 0.722102175406 1409547084.69
0.182 0.990631155427 0.0450803367288 12.1359111111 1.0 0.543155555556 33.375 26.3557600677 0.707018975011 1409547085.52
0.212 0.988206276998 0.0354654468213 12.5349777778 1.0 0.553111111111 33.375 26.3557600677 0.69931685329 1409547086.29
0.206 0.986807863439 0.0272671491237 12.8742222222 1.0 0.564933333333 33.375 26.3557600677 0.707442419647 1409547087.04
0.216 0.987122420237 0.0124923313221 13.0894666667 1.0 0.581511111111 33.375 26.3557600677 0.715605280985 1409547087.85
0.213 0.990108053841 0.00634965181862 13.2824888889 1.0 0.593733333333 33.375 26.3557600677 0.722885300523 1409547088.65
0.179 0.993454594408 0.00361463251038 13.6406666667 1.0 0.603288888889 33.375 26.3557600677 0.753005054825 1409547089.43
0.202 0.995987750213 0.00168366760208 14.0916 1.0 0.613422222222 33.375 26.3557600677 0.782502407976 1409547090.19
0.172 0.99820016102 0.00265610432937 14.5309333333 1.0 0.624577777778 33.375 26.3557600677 0.796190630726 1409547090.94
0.163 0.999241160007 0.00111655817761 14.8935111111 1.0 0.637377777778 33.375 26.3557600677 0.827026304681 1409547091.62
0.151 0.999810679949 0.00158089396871 15.5690222222 1.0 0.639155555556 33.375 26.3557600677 0.858801024604 1409547092.33
0.18 0.999762527642 0.00232484765515 16.1985333333 1.0 0.641955555556 33.375 26.3557600677 0.843422361842 1409547093.05
0.151 0.999541167821 0.00619495979353 16.6955111111 1.0 0.644977777778 33.375 26.3557600677 0.844024846529 1409547093.77
0.171 0.998995467838 0.00763011478107 17.0776444444 1.0 0.653644444444 33.375 26.3557600677 0.841414636199 1409547094.49
0.157 0.998172719987 0.00490361037761 17.4176444444 1.0 0.663022222222 33.375 26.3557600677 0.82958427223 1409547095.26
0.158 0.998256426568 0.00340598064807 17.9775555556 1.0 0.666266666667 33.375 26.3557600677 0.827974147128 1409547096.01
0.154 0.997899698305 0.00551896833977 18.3464 1.0 0.667066666667 33.375 26.3557600677 0.796698135476 1409547096.74
0.152 0.997338468811 0.0104277049705 18.6335111111 1.0 0.673377777778 33.375 26.3557600677 0.771713394535 1409547097.3
0.166 0.995056245689 0.0115044593982 18.8744888889 1.0 0.684444444444 33.375 26.3557600677 0.751519507883 1409547097.82
0.194 0.993307770575 0.0169709884818 18.9478222222 1.0 0.695466666667 33.375 26.3557600677 0.739582803155 1409547098.4
0.226 0.991776322473 0.0173150313846 19.0778222222 1.0 0.705466666667 33.375 26.3557600677 0.723741949575 1409547099.14
0.21 0.989171899058 0.0226718412919 18.5896 1.0 0.727377777778 33.375 26.3557600677 0.717796575342 1409547099.91
0.225 0.985653364867 0.0233525296314 17.8590666667 1.0 0.754844444444 33.375 26.3557600677 0.705323513689 1409547100.54
0.245 0.984382134358 0.0252253122184 17.0887555556 1.0 0.780666666667 33.375 26.3557600677 0.705763014165 1409547101.21
0.217 0.983399796694 0.0289403069455 16.9364444444 1.0 0.798088888889 33.375 26.3557600677 0.706894619546 1409547101.9
0.253 0.982246781333 0.0270707133011 16.4336 1.0 0.816266666667 33.375 26.3557600677 0.675097378577 1409547102.74
0.232 0.981638331689 0.0321844138205 15.9534666667 1.0 0.834222222222 33.375 26.3557600677 0.701895589995 1409547103.6
0.235 0.979682981437 0.0355120014218 15.8546666667 1.0 0.845422222222 33.375 26.3557600677 0.712984464456 1409547104.45
0.263 0.976910890395 0.0373611236908 14.8848444444 1.0 0.871066666667 33.375 26.3557600677 0.686445641618 1409547105.34
0.263 0.974566781395 0.0364007629409 13.8848 1.0 0.895066666667 33.375 26.3557600677 0.671528704689 1409547106.23
0.269 0.975159866841 0.0431008761322 13.3749777778 1.0 0.209733333333 38.1875 29.2262866348 0.67359138247 1409547107.35
0.282 0.973692486693 0.0464617470472 12.9434666667 1.0 0.337511111111 38.1875 29.2262866348 0.676313666937 1409547108.34
0.308 0.971086310009 0.0407813176861 12.6745777778 1.0 0.388088888889 38.1875 29.2262866348 0.67675946194 1409547109.28
0.313 0.972145486786 0.0309329806875 11.9354666667 1.0 0.442311111111 38.1875 29.2262866348 0.676919461765 1409547110.2
0.299 0.974987264953 0.0291976678047 11.232 1.0 0.4828 38.1875 29.2262866348 0.658600368991 1409547110.81
0.275 0.97743486194 0.0306522340618 10.9244444444 1.0 0.523955555556 38.1875 29.2262866348 0.653304886882 1409547111.57
0.259 0.977908852971 0.0241037482868 9.86817777778 1.0 0.579955555556 38.1875 29.2262866348 0.647859083309 1409547112.45
0.273 0.980134387465 0.0184606395122 9.25235555556 1.0 0.633688888889 38.1875 29.2262866348 0.639173064826 1409547113.39
0.252 0.984073058919 0.0181560535897 8.90875555556 1.0 0.6708 38.1875 29.2262866348 0.701304480377 1409547114.2
0.241 0.987986488597 0.018050055163 8.95684444444 1.0 0.700311111111 38.1875 29.2262866348 0.741206481285 1409547115.13
0.255 0.990865499386 0.0195232009955 8.72657777778 1.0 0.735688888889 38.1875 29.2262866348 0.742472711602 1409547116.04
0.218 0.991969482641 0.0254167292795 8.67337777778 1.0 0.758666666667 38.1875 29.2262866348 0.751956796445 1409547116.88
0.22 0.990398533227 0.0283265682924 9.14573333333 1.0 0.767777777778 38.1875 29.2262866348 0.740017385202 1409547117.7
0.221 0.987452735235 0.0173028399743 9.33853333333 1.0 0.784666666667 38.1875 29.2262866348 0.705353963305 1409547118.51
0.226 0.986789443162 0.0126990479 9.50164444444 1.0 0.799511111111 38.1875 29.2262866348 0.706713640651 1409547119.37
0.232 0.989259203758 0.00983182904117 9.73662222222 1.0 0.808044444444 38.1875 29.2262866348 0.715336540632 1409547120.05
0.232 0.992554771246 0.00653810434325 9.90902222222 1.0 0.819155555556 38.1875 29.2262866348 0.750786954702 1409547120.66
0.194 0.994210351579 0.0147541510247 10.0308444444 1.0 0.829111111111 38.1875 29.2262866348 0.788843105116 1409547121.43
0.201 0.993829650689 0.017950091388 10.2929333333 1.0 0.837822222222 38.1875 29.2262866348 0.814487363295 1409547122.38
0.218 0.99123617728 0.0144627793232 10.7166666667 1.0 0.848222222222 38.1875 29.2262866348 0.788254280575 1409547123.3
0.205 0.989427436193 0.0138301728287 10.9499111111 1.0 0.861555555556 38.1875 29.2262866348 0.765212548898 1409547124.3
0.235 0.990038894481 0.0146793378154 10.9690666667 1.0 0.877733333333 38.1875 29.2262866348 0.731113276926 1409547125.12
0.231 0.99090338435 0.0156194197989 10.9681777778 1.0 0.8956 38.1875 29.2262866348 0.71961541779 1409547125.93
0.213 0.991257888231 0.0248263731897 10.9272 1.0 0.116044444444 30.59375 24.5094473287 0.735630503869 1409547126.72
0.265 0.988643002329 0.0340552844971 10.7867555556 1.0 0.268888888889 30.59375 24.5094473287 0.684736804393 1409547127.45
0.266 0.985182232314 0.0307858015649 10.7897777778 1.0 0.311422222222 30.59375 24.5094473287 0.672412218162 1409547128.11
0.265 0.982079796538 0.0240906761119 10.4375111111 1.0 0.368977777778 30.59375 24.5094473287 0.673407188737 1409547128.74
0.271 0.981595048961 0.0252469880489 10.3091111111 1.0 0.411955555556 30.59375 24.5094473287 0.696296537553 1409547129.36
0.259 0.982466669648 0.0218642140531 10.7124888889 1.0 0.431777777778 30.59375 24.5094473287 0.722657391277 1409547130.22
0.26 0.984292610286 0.0155946327657 11.2315555556 1.0 0.443733333333 30.59375 24.5094473287 0.756212336713 1409547131.05
0.23 0.987729844573 0.0106465302868 11.7725333333 1.0 0.456 30.59375 24.5094473287 0.793536078132 1409547131.84
0.202 0.991881379061 0.00829676539774 12.3850222222 1.0 0.464533333333 30.59375 24.5094473287 0.791053570893 1409547132.67
0.204 0.995388072064 0.00828333539347 12.9220444444 1.0 0.476844444444 30.59375 24.5094473287 0.79451780112 1409547133.41
0.2 0.997162031318 0.00539238799593 13.1953777778 1.0 0.503333333333 30.59375 24.5094473287 0.776135229375 1409547134.25
0.186 0.997735039861 0.0068672710245 13.7241777778 1.0 0.519022222222 30.59375 24.5094473287 0.762777140589 1409547135.08
0.198 0.99707788991 0.010091338878 14.1351111111 1.0 0.533377777778 30.59375 24.5094473287 0.787246007911 1409547135.68
0.185 0.996563496922 0.0089481649108 14.6434666667 1.0 0.545066666667 30.59375 24.5094473287 0.783898241559 1409547136.46
0.192 0.995743132115 0.00746180578135 15.3136444444 1.0 0.547066666667 30.59375 24.5094473287 0.772996453418 1409547137.23
0.183 0.995966622025 0.00366018235237 15.9901777778 1.0 0.547288888889 30.59375 24.5094473287 0.768523932627 1409547137.96
0.166 0.997038940913 0.00220026400623 16.6877333333 1.0 0.547422222222 30.59375 24.5094473287 0.762623456991 1409547138.59
0.174 0.997944665408 0.00293903213264 17.4073777778 1.0 0.547555555556 30.59375 24.5094473287 0.770045868338 1409547139.12
0.17 0.998257447106 0.00145176711789 18.0290666667 1.0 0.548622222222 30.59375 24.5094473287 0.770381753604 1409547139.74
0.157 0.99943603368 0.000940279198986 18.5933777778 1.0 0.5516 30.59375 24.5094473287 0.815010446812 1409547140.48
0.182 0.999601636657 0.00294942249612 19.0475555556 1.0 0.560888888889 30.59375 24.5094473287 0.818982815035 1409547141.22
0.159 0.999149069821 0.00175499932841 19.5011111111 1.0 0.566533333333 30.59375 24.5094473287 0.801060624321 1409547141.98
0.189 0.999009472622 0.00146894823113 19.8663111111 1.0 0.569555555556 30.59375 24.5094473287 0.809981163596 1409547142.73
0.189 0.99930119611 0.00303226213258 20.2263111111 1.0 0.571377777778 30.59375 24.5094473287 0.795502499568 1409547143.48
0.182 0.999151913012 0.00890865421683 20.5317333333 1.0 0.575111111111 30.59375 24.5094473287 0.79580468871 1409547144.27
0.2 0.998632503001 0.010839841053 20.4496444444 1.0 0.594533333333 30.59375 24.5094473287 0.771920049786 1409547145.06
0.222 0.997001968397 0.0117678458633 20.7909333333 1.0 0.605288888889 30.59375 24.5094473287 0.749509431563 1409547145.74
0.218 0.994774004057 0.00645016843941 21.1997333333 1.0 0.611466666667 30.59375 24.5094473287 0.71558083526 1409547146.31
0.222 0.993117326733 0.0117229755945 21.1277777778 1.0 0.6252 30.59375 24.5094473287 0.70728590609 1409547146.8
0.234 0.993632975881 0.0316134735303 20.7966666667 1.0 0.642 30.59375 24.5094473287 0.728634290841 1409547147.36
0.272 0.992617077399 0.0353892413003 20.3410666667 1.0 0.659155555556 30.59375 24.5094473287 0.749716095798 1409547147.97
0.262 0.99095403631 0.044839318363 18.6825777778 1.0 0.7012 30.59375 24.5094473287 0.725370302541 1409547148.6
0.242 0.98852028702 0.0587796822648 16.7521777778 1.0 0.744088888889 30.59375 24.5094473287 0.693873047175 1409547149.22
0.267 0.983056152487 0.0677087141809 15.3995555556 1.0 0.776488888889 30.59375 24.5094473287 0.657299096242 1409547149.89
0.274 0.978982565664 0.0541672440281 14.3323555556 1.0 0.800133333333 30.59375 24.5094473287 0.646716272909 1409547150.53
0.284 0.976439243025 0.0505570162929 13.6838222222 1.0 0.817066666667 30.59375 24.5094473287 0.648611867038 1409547151.34
0.308 0.975876005872 0.04420338869 12.9592 1.0 0.834577777778 30.59375 24.5094473287 0.644560492788 1409547152.24
0.331 0.974664056302 0.0405304653916 12.2615111111 1.0 0.851244444444 30.59375 24.5094473287 0.646601710447 1409547153.17
0.346 0.974691881014 0.0293579348055 12.2898222222 1.0 0.855911111111 30.59375 24.5094473287 0.658532598538 1409547154.12
0.306 0.976991772439 0.0284115740261 12.1216 1.0 0.858977777778 30.59375 24.5094473287 0.685019491404 1409547154.98
0.306 0.980155121084 0.0178227909704 12.0217777778 1.0 0.8644 30.59375 24.5094473287 0.71370459189 1409547155.81
0.255 0.983632034696 0.0149237780423 12.3333333333 1.0 0.871155555556 30.59375 24.5094473287 0.756444126641 1409547156.48
0.261 0.986923570783 0.0215618502179 12.3774666667 1.0 0.880133333333 30.59375 24.5094473287 0.772981178753 1409547157.22
0.255 0.989574963898 0.0229228560689 12.0255555556 1.0 0.893066666667 30.59375 24.5094473287 0.76606715851 1409547158.01
0.241 0.989446429169 0.0272748312089 12.1420444444 1.0 0.0634222222222 37.296875 28.2851821147 0.745967317677 1409547158.65
0.224 0.989819027718 0.0187755569159 12.7069333333 1.0 0.227644444444 37.296875 28.2851821147 0.766808026219 1409547159.47
0.249 0.989945495312 0.011213901204 13.1370222222 1.0 0.276088888889 37.296875 28.2851821147 0.742582796483 1409547160.28
0.194 0.991533461172 0.0098939668582 13.6513333333 1.0 0.301288888889 37.296875 28.2851821147 0.780037759496 1409547160.93
0.191 0.993021570903 0.00539423425223 14.2093777778 1.0 0.319644444444 37.296875 28.2851821147 0.801960572327 1409547161.72
0.177 0.995486671344 0.00437917023898 14.6797777778 1.0 0.337955555556 37.296875 28.2851821147 0.820833305903 1409547162.51
0.186 0.997686967891 0.0126469235007 14.5665777778 1.0 0.3636 37.296875 28.2851821147 0.808407001901 1409547163.28
0.2 0.998661589373 0.0221129662325 14.3329777778 1.0 0.394933333333 37.296875 28.2851821147 0.80688857608 1409547164.08
0.225 0.997495230842 0.0306452337431 13.4350222222 1.0 0.450888888889 37.296875 28.2851821147 0.758264604398 1409547164.82
0.233 0.994995438309 0.0313078319132 12.0816444444 1.0 0.487911111111 37.296875 28.2851821147 0.761184106214 1409547165.53
0.241 0.990601633673 0.0213832683419 11.5468888889 1.0 0.512666666667 37.296875 28.2851821147 0.742739585822 1409547166.23
0.244 0.98648449528 0.0231241719298 11.5295111111 1.0 0.532933333333 37.296875 28.2851821147 0.71939027715 1409547167.11
0.276 0.984606338287 0.0244110750695 11.5613333333 1.0 0.559777777778 37.296875 28.2851821147 0.665508809226 1409547167.98
0.229 0.98583568999 0.0138084387778 11.8903111111 1.0 0.576488888889 37.296875 28.2851821147 0.69176039884 1409547168.89
0.203 0.987017537004 0.0166246307344 12.1250222222 1.0 0.595111111111 37.296875 28.2851821147 0.697507823139 1409547169.69
0.219 0.989778615058 0.0173074723335 12.6536888889 1.0 0.601688888889 37.296875 28.2851821147 0.713939316799 1409547170.45
0.237 0.990790803814 0.014307013331 13.0606666667 1.0 0.605955555556 37.296875 28.2851821147 0.711526054109 1409547171.15
0.214 0.990914070375 0.0107987327546 13.4087555556 1.0 0.608666666667 37.296875 28.2851821147 0.732266805494 1409547171.98
0.23 0.990578049036 0.00989591867178 13.7563111111 1.0 0.613733333333 37.296875 28.2851821147 0.735290083623 1409547172.7
0.217 0.98987610883 0.00453751063361 14.2733777778 1.0 0.617777777778 37.296875 28.2851821147 0.732464533934 1409547173.55
0.224 0.991166881223 0.00315858550442 14.8293777778 1.0 0.621066666667 37.296875 28.2851821147 0.72954802996 1409547174.19
0.227 0.993423068919 0.00536953047138 15.3371555556 1.0 0.6232 37.296875 28.2851821147 0.756176446358 1409547174.73
0.194 0.99506747342 0.00705255924879 15.8524 1.0 0.630755555556 37.296875 28.2851821147 0.774832056939 1409547175.39
0.209 0.995823340946 0.00629199104597 16.4856444444 1.0 0.636 37.296875 28.2851821147 0.783486034984 1409547176.13
0.159 0.996989263179 0.0065583871907 17.0575111111 1.0 0.641377777778 37.296875 28.2851821147 0.785927981595 1409547176.75
0.205 0.996981413197 0.00655228850127 17.5441333333 1.0 0.647555555556 37.296875 28.2851821147 0.784440351908 1409547177.57
0.194 0.997352361265 0.00873831287522 18.0073333333 1.0 0.654444444444 37.296875 28.2851821147 0.787626250287 1409547178.33
0.22 0.996588449993 0.00911247930618 18.5254222222 1.0 0.6556 37.296875 28.2851821147 0.788721531176 1409547179.06
0.186 0.99588199539 0.00598741236765 19.0596444444 1.0 0.6556 37.296875 28.2851821147 0.764824245044 1409547179.75
0.199 0.996491284091 0.00562295964704 19.4353777778 1.0 0.656 37.296875 28.2851821147 0.788274937278 1409547180.57
0.182 0.997116996193 0.00467310710221 19.7591111111 1.0 0.656 37.296875 28.2851821147 0.788116315295 1409547181.3
0.176 0.997616023256 0.00264569794728 20.4344444444 1.0 0.656 37.296875 28.2851821147 0.795228057662 1409547182.08
0.147 0.998284530326 0.00129939179501 21.116 1.0 0.656888888889 37.296875 28.2851821147 0.785329739522 1409547182.81
0.186 0.998986431012 0.0122469155508 21.6639555556 1.0 0.657866666667 37.296875 28.2851821147 0.80477484651 1409547183.51
0.19 0.998638106386 0.0153471495716 22.1292 1.0 0.657911111111 37.296875 28.2851821147 0.811015417616 1409547184.11
0.19 0.998367914 0.0234363873681 22.5672 1.0 0.658488888889 37.296875 28.2851821147 0.812702948807 1409547184.77
0.197 0.997833313222 0.0122906724781 23.0167111111 1.0 0.658488888889 37.296875 28.2851821147 0.779023821792 1409547185.54
0.186 0.997355831849 0.00682654280859 23.5023111111 1.0 0.661155555556 37.296875 28.2851821147 0.752873618474 1409547186.29
0.17 0.997061765833 0.00547150844987 23.9319111111 1.0 0.667644444444 37.296875 28.2851821147 0.734003362608 1409547187.05
0.158 0.996288553344 0.00550756829358 24.0904888889 1.0 0.680266666667 37.296875 28.2851821147 0.747574588414 1409547187.75
0.183 0.996025686619 0.00830918832115 24.5232888889 1.0 0.684666666667 37.296875 28.2851821147 0.763495100514 1409547188.49
0.162 0.994394469001 0.011734701909 24.7264 1.0 0.696533333333 37.296875 28.2851821147 0.737327253767 1409547189.14
0.223 0.992104800748 0.0171682794996 24.2484888889 1.0 0.719244444444 37.296875 28.2851821147 0.730675796113 1409547189.66
0.215 0.989371243065 0.0120809640307 23.8296444444 1.0 0.738177777778 37.296875 28.2851821147 0.704658050079 1409547190.3
0.23 0.989361184092 0.0142246290553 22.5797333333 1.0 0.772888888889 37.296875 28.2851821147 0.722595201131 1409547190.89
0.236 0.990548146504 0.0216085876998 21.8 1.0 0.793866666667 37.296875 28.2851821147 0.752041196403 1409547191.5
0.23 0.988396526802 0.0226045061367 21.1091555556 1.0 0.812488888889 37.296875 28.2851821147 0.720882591082 1409547192.08
0.247 0.986927428949 0.0253464318894 21.1237777778 1.0 0.820888888889 37.296875 28.2851821147 0.69134263126 1409547192.63
0.24 0.98457690809 0.0197694721322 21.0048888889 1.0 0.822577777778 37.296875 28.2851821147 0.688679008299 1409547193.34
0.26 0.985318648828 0.0233322441821 20.8148888889 1.0 0.833288888889 37.296875 28.2851821147 0.709274593797 1409547194.23
0.216 0.985611551169 0.0176998342576 20.8216 1.0 0.842355555556 37.296875 28.2851821147 0.721392109326 1409547195.0
0.216 0.988004131862 0.0132008009288 20.6837333333 1.0 0.849422222222 37.296875 28.2851821147 0.731292500112 1409547195.76
0.218 0.990752265121 0.00950448863938 20.8181777778 1.0 0.852 37.296875 28.2851821147 0.73891552257 1409547196.4
0.185 0.992865860818 0.0148735217449 20.0512 1.0 0.866444444444 37.296875 28.2851821147 0.740839993113 1409547197.0
0.208 0.992188274997 0.0188373952918 19.5927111111 1.0 0.877644444444 37.296875 28.2851821147 0.740358914573 1409547197.63
0.21 0.990727414153 0.0181457298041 17.9402222222 1.0 0.0723555555556 46.1484375 33.9547780138 0.747293282967 1409547198.31
0.238 0.988404200261 0.018726013522 16.8382666667 1.0 0.240222222222 46.1484375 33.9547780138 0.737285624765 1409547199.0
0.233 0.988788860303 0.0247116531473 15.6828444444 1.0 0.285688888889 46.1484375 33.9547780138 0.728807416117 1409547199.62
0.239 0.986312555038 0.0280685984628 15.5254666667 1.0 0.331022222222 46.1484375 33.9547780138 0.731162931986 1409547200.43
0.228 0.98488206502 0.0313265027736 15.6791111111 1.0 0.354266666667 46.1484375 33.9547780138 0.732966728867 1409547201.13
0.21 0.983562188637 0.0319474590908 15.8895555556 1.0 0.377466666667 46.1484375 33.9547780138 0.712026652198 1409547201.99
0.255 0.981044014268 0.0312451178538 15.8735111111 1.0 0.4004 46.1484375 33.9547780138 0.691986586383 1409547202.77
0.217 0.979747448769 0.0317237924407 15.6099555556 1.0 0.428622222222 46.1484375 33.9547780138 0.673699287991 1409547203.38
0.248 0.978810974276 0.0292387079695 14.5876 1.0 0.468355555556 46.1484375 33.9547780138 0.665798503691 1409547203.96
0.279 0.979559781601 0.018832648003 14.0028888889 1.0 0.505511111111 46.1484375 33.9547780138 0.682641918548 1409547204.61
0.25 0.981648402219 0.0172627845244 13.6372444444 1.0 0.543866666667 46.1484375 33.9547780138 0.715844859285 1409547205.28
0.267 0.984391815959 0.0153153946691 13.2329777778 1.0 0.586488888889 46.1484375 33.9547780138 0.738158470984 1409547206.07
0.227 0.988770218757 0.0143362139 12.7116444444 1.0 0.628177777778 46.1484375 33.9547780138 0.76967556168 1409547206.99
0.217 0.991336566802 0.0147784871125 12.13 1.0 0.662488888889 46.1484375 33.9547780138 0.78567482091 1409547207.98
0.194 0.992006371617 0.0213493380646 11.8753777778 1.0 0.6872 46.1484375 33.9547780138 0.819797384342 1409547208.85
0.215 0.992329625846 0.0178903048061 11.9497777778 1.0 0.705555555556 46.1484375 33.9547780138 0.819001562183 1409547209.43
0.178 0.991415661891 0.0248807509751 12.0116888889 1.0 0.717422222222 46.1484375 33.9547780138 0.792099409668 1409547210.27
0.172 0.99067982134 0.0287672214919 12.2466666667 1.0 0.724755555556 46.1484375 33.9547780138 0.77025887608 1409547211.06
0.188 0.991056708785 0.0287805739339 12.7640888889 1.0 0.7284 46.1484375 33.9547780138 0.774850288518 1409547211.74
0.195 0.990190646787 0.0181678972726 13.0746222222 1.0 0.733688888889 46.1484375 33.9547780138 0.761518754432 1409547212.56
0.247 0.988337656885 0.0240704308369 13.0664 1.0 0.749377777778 46.1484375 33.9547780138 0.738241392114 1409547213.42
0.252 0.986334569407 0.0231140605647 12.7945777778 1.0 0.769377777778 46.1484375 33.9547780138 0.723995215044 1409547214.3
0.222 0.984787456976 0.0226484465983 13.1103555556 1.0 0.7788 46.1484375 33.9547780138 0.736002959723 1409547215.14
0.253 0.984176813465 0.0215952703828 13.4127111111 1.0 0.786044444444 46.1484375 33.9547780138 0.75310175905 1409547215.94
0.22 0.984427093446 0.0114994734769 13.4631555556 1.0 0.800577777778 46.1484375 33.9547780138 0.766424491128 1409547216.78
0.235 0.988056351348 0.0137586031575 13.6975555556 1.0 0.808844444444 46.1484375 33.9547780138 0.763527764567 1409547217.57
0.188 0.99118440595 0.0270351319665 14.0735555556 1.0 0.816711111111 46.1484375 33.9547780138 0.752218181291 1409547218.39
0.217 0.991820462162 0.0210498161813 14.3514222222 1.0 0.8256 46.1484375 33.9547780138 0.727951093248 1409547219.18
0.171 0.990421141969 0.0175124400491 14.7683555556 1.0 0.832488888889 46.1484375 33.9547780138 0.75679783332 1409547219.92
0.201 0.987598750107 0.0108527324779 15.1321333333 1.0 0.8388 46.1484375 33.9547780138 0.754121141993 1409547220.6
0.197 0.988946820234 0.00868201766295 15.6228888889 1.0 0.840488888889 46.1484375 33.9547780138 0.772673128105 1409547221.32
0.173 0.991846985835 0.00471884696113 16.3296888889 1.0 0.840488888889 46.1484375 33.9547780138 0.79046979904 1409547221.97
0.176 0.994258578799 0.003065630775 16.8156 1.0 0.840488888889 46.1484375 33.9547780138 0.78597412345 1409547222.56
0.193 0.996356086505 0.00488607548422 17.2900444444 1.0 0.840488888889 46.1484375 33.9547780138 0.795280238165 1409547223.13
0.204 0.997759365016 0.01033062341 17.5948444444 1.0 0.840711111111 46.1484375 33.9547780138 0.805146768114 1409547223.92
0.221 0.997543256425 0.0149314795336 17.8376888889 1.0 0.841377777778 46.1484375 33.9547780138 0.779329253091 1409547224.73
0.218 0.996211434983 0.00839362142662 18.2370666667 1.0 0.841555555556 46.1484375 33.9547780138 0.785874839416 1409547225.45
0.196 0.994768418857 0.00363339365068 18.8946222222 1.0 0.8424 46.1484375 33.9547780138 0.77820777543 1409547226.17
0.208 0.995077198175 0.0105774640076 19.3704444444 1.0 0.846844444444 46.1484375 33.9547780138 0.786359886075 1409547226.93
0.211 0.995170060286 0.0149946429791 19.4818222222 1.0 0.856533333333 46.1484375 33.9547780138 0.764473022472 1409547227.68
0.227 0.994849598632 0.0180813417178 19.1348444444 1.0 0.874666666667 46.1484375 33.9547780138 0.749830992616 1409547228.45
0.246 0.992586634038 0.0164265498354 18.6628 1.0 0.889466666667 46.1484375 33.9547780138 0.736512533233 1409547229.25
0.267 0.991126782765 0.0257703309015 18.3404444444 1.0 0.00773333333333 44.07421875 32.9082159093 0.712812025838 1409547230.05
0.269 0.987741879494 0.0261820611462 17.9177777778 1.0 0.269377777778 44.07421875 32.9082159093 0.698351618576 1409547231.08
0.265 0.982951514446 0.0272487355638 17.1793777778 1.0 0.334266666667 44.07421875 32.9082159093 0.668292980773 1409547231.97
0.265 0.980756064345 0.0220354892348 16.4770222222 1.0 0.391866666667 44.07421875 32.9082159093 0.672707614304 1409547232.88
0.285 0.982215483613 0.0143950542162 16.1366666667 1.0 0.447422222222 44.07421875 32.9082159093 0.677345064143 1409547233.71
0.233 0.986944316776 0.0155053337367 16.4045333333 1.0 0.473466666667 44.07421875 32.9082159093 0.697597694855 1409547234.41
0.224 0.990575626513 0.0180511315124 16.6882666667 1.0 0.493422222222 44.07421875 32.9082159093 0.705465511969 1409547235.08
0.227 0.991292882937 0.0124997542696 16.8577777778 1.0 0.517688888889 44.07421875 32.9082159093 0.73455374652 1409547235.84
0.232 0.991922641309 0.00862816658282 16.5013333333 1.0 0.561022222222 44.07421875 32.9082159093 0.726091343434 1409547236.49
0.203 0.993573669474 0.0105437920178 16.4495111111 1.0 0.589422222222 44.07421875 32.9082159093 0.760423893713 1409547237.28
0.219 0.995313325342 0.020098103351 16.0752888889 1.0 0.626666666667 44.07421875 32.9082159093 0.767872522501 1409547238.13
0.22 0.995660645538 0.0273102163558 15.1910222222 1.0 0.658133333333 44.07421875 32.9082159093 0.788304614004 1409547238.94
0.195 0.994838189286 0.0276506612927 15.1246666667 1.0 0.672444444444 44.07421875 32.9082159093 0.811450122774 1409547239.62
0.22 0.994554256002 0.0204925692961 15.4618666667 1.0 0.681333333333 44.07421875 32.9082159093 0.812556994581 1409547240.19
0.179 0.994651433637 0.0194800774408 15.3561333333 1.0 0.696533333333 44.07421875 32.9082159093 0.793280792983 1409547240.94
0.198 0.993141893339 0.0232953287067 14.9272 1.0 0.721244444444 44.07421875 32.9082159093 0.798380826575 1409547241.78
0.217 0.989768750302 0.0307061067321 13.7759555556 1.0 0.753288888889 44.07421875 32.9082159093 0.801645266729 1409547242.51
0.247 0.985493273025 0.0263178958812 12.7759111111 1.0 0.788311111111 44.07421875 32.9082159093 0.770439391914 1409547243.16
0.216 0.98338602475 0.0250734861863 11.9968444444 1.0 0.817911111111 44.07421875 32.9082159093 0.756575382376 1409547243.86
0.231 0.982623927529 0.0199141528796 11.3275555556 1.0 0.841288888889 44.07421875 32.9082159093 0.733800485306 1409547244.54
0.25 0.985009514132 0.0119578482385 11.1061333333 1.0 0.855333333333 44.07421875 32.9082159093 0.699752909843 1409547245.17
0.247 0.989049369028 0.00985559282836 11.0212 1.0 0.869066666667 44.07421875 32.9082159093 0.701071871777 1409547246.0
0.2 0.992692088649 0.00910114210802 11.3862666667 1.0 0.876933333333 44.07421875 32.9082159093 0.753909107402 1409547246.73
0.18 0.994655040629 0.0197872170241 11.4639555556 1.0 0.887688888889 44.07421875 32.9082159093 0.767450614774 1409547247.43
0.198 0.994191062744 0.0181967729865 11.6585777778 1.0 0.898355555556 44.07421875 32.9082159093 0.772132836333 1409547248.04
0.208 0.992328992332 0.0163265744262 11.5577333333 1.0 0.155244444444 34.537109375 25.623410895 0.754927676532 1409547248.9
0.23 0.990309205533 0.0148203451341 11.3226666667 1.0 0.256933333333 34.537109375 25.623410895 0.717429590738 1409547249.69
0.2 0.989627513103 0.0108606344497 11.1274222222 1.0 0.302266666667 34.537109375 25.623410895 0.689820150304 1409547250.54
0.196 0.991006903225 0.0103515155346 11.4964888889 1.0 0.326577777778 34.537109375 25.623410895 0.707117041552 1409547251.26
0.207 0.993079466725 0.0239834853495 11.4835555556 1.0 0.3552 34.537109375 25.623410895 0.735680983554 1409547251.81
0.179 0.992838332418 0.0305404994892 11.6966222222 1.0 0.368355555556 34.537109375 25.623410895 0.765339398767 1409547252.45
0.202 0.99015099719 0.0413970436663 11.5816444444 1.0 0.391022222222 34.537109375 25.623410895 0.77420705423 1409547253.18
0.206 0.9860716375 0.0394154577832 11.5258666667 1.0 0.420266666667 34.537109375 25.623410895 0.755792269352 1409547253.86
0.201 0.983166637688 0.034059566396 11.7157777778 1.0 0.444177777778 34.537109375 25.623410895 0.746599015899 1409547254.63
0.231 0.981895891896 0.0253008053916 11.7820444444 1.0 0.475644444444 34.537109375 25.623410895 0.699988150549 1409547255.39
0.246 0.980490640322 0.0232868003006 12.0305333333 1.0 0.494933333333 34.537109375 25.623410895 0.698675078849 1409547256.25
0.239 0.982375381913 0.0114838162799 12.2568888889 1.0 0.510088888889 34.537109375 25.623410895 0.714453601938 1409547257.08
0.19 0.985719632113 0.013291792434 12.5372444444 1.0 0.524133333333 34.537109375 25.623410895 0.746155372746 1409547257.89
0.209 0.989666145723 0.0205858016881 13.0982666667 1.0 0.531644444444 34.537109375 25.623410895 0.771396442988 1409547258.78
0.18 0.991551049426 0.0183681221313 13.3741333333 1.0 0.546222222222 34.537109375 25.623410895 0.761065790305 1409547259.52
0.218 0.992393711391 0.0272335840819 13.4260444444 1.0 0.571377777778 34.537109375 25.623410895 0.754565716792 1409547260.39
0.201 0.991601468712 0.0261008772274 13.5105777778 1.0 0.602044444444 34.537109375 25.623410895 0.740718955721 1409547261.26
0.206 0.988431208383 0.0220111750053 13.7485777778 1.0 0.621422222222 34.537109375 25.623410895 0.727562189095 1409547262.28
0.208 0.986747189137 0.0265587908658 13.6299111111 1.0 0.653911111111 34.537109375 25.623410895 0.72656403556 1409547263.2
0.211 0.985580821274 0.0266057982021 13.6863555556 1.0 0.671422222222 34.537109375 25.623410895 0.738283611376 1409547264.0
0.227 0.98367175379 0.0182466138343 13.3532444444 1.0 0.704711111111 34.537109375 25.623410895 0.723617874444 1409547264.95
0.234 0.985328635327 0.0133669842313 13.2248888889 1.0 0.726266666667 34.537109375 25.623410895 0.732505587806 1409547265.83
0.214 0.989236471753 0.0237996546485 13.402 1.0 0.739066666667 34.537109375 25.623410895 0.77273475679 1409547266.53
0.187 0.992424634614 0.0212665718261 13.6170222222 1.0 0.751155555556 34.537109375 25.623410895 0.766960053164 1409547267.22
0.178 0.993105915812 0.00580178681149 14.0674666667 1.0 0.752533333333 34.537109375 25.623410895 0.776596345583 1409547268.07
0.16 0.99484069355 0.00724358984086 14.7519111111 1.0 0.753155555556 34.537109375 25.623410895 0.828786278663 1409547268.83
0.181 0.99582085344 0.00940815063806 15.1799555556 1.0 0.755866666667 34.537109375 25.623410895 0.81621813777 1409547269.59
0.161 0.996089498853 0.00904640537881 15.4389777778 1.0 0.759555555556 34.537109375 25.623410895 0.840298399804 1409547270.36
0.18 0.995508615847 0.00554169738672 15.8648444444 1.0 0.764311111111 34.537109375 25.623410895 0.809252776582 1409547271.13
0.189 0.995887946191 0.00305294995481 16.4121777778 1.0 0.769644444444 34.537109375 25.623410895 0.804904788137 1409547271.87
0.177 0.995960050022 0.00533547005936 16.6733333333 1.0 0.781866666667 34.537109375 25.623410895 0.810069084075 1409547272.57
0.201 0.995462243558 0.0122732694796 17.0495555556 1.0 0.790488888889 34.537109375 25.623410895 0.793933822322 1409547273.37
0.189 0.994271614097 0.016671979395 17.4063111111 1.0 0.797911111111 34.537109375 25.623410895 0.777117795977 1409547274.22
0.188 0.993347271562 0.0150361857394 17.3276444444 1.0 0.813822222222 34.537109375 25.623410895 0.770244592178 1409547275.12
0.194 0.991294114467 0.0135741993915 17.4751555556 1.0 0.826177777778 34.537109375 25.623410895 0.732489556501 1409547275.9
0.171 0.990656071205 0.0151156609714 17.8483111111 1.0 0.831111111111 34.537109375 25.623410895 0.73133025414 1409547276.72
0.181 0.990548292376 0.0123037994524 17.7215111111 1.0 0.842177777778 34.537109375 25.623410895 0.733446197476 1409547277.47
0.212 0.990750807598 0.0176258844079 17.4903111111 1.0 0.853733333333 34.537109375 25.623410895 0.709594156292 1409547278.23
0.234 0.990476652838 0.0379375155912 16.8732888889 1.0 0.871155555556 34.537109375 25.623410895 0.749459312459 1409547278.98
0.223 0.988833368553 0.0416062901526 15.7098666667 1.0 0.892755555556 34.537109375 25.623410895 0.769089531168 1409547279.73
0.226 0.988687216223 0.0408115039958 15.1304 1.0 0.0165777777778 37.2685546875 28.8913393987 0.800927175419 1409547280.58
0.206 0.98771773501 0.0293576818526 14.7772 1.0 0.214222222222 37.2685546875 28.8913393987 0.777902170895 1409547281.51
0.228 0.987176140211 0.0255286374376 14.2837777778 1.0 0.266755555556 37.2685546875 28.8913393987 0.781641441388 1409547282.16
0.208 0.986864665068 0.0285163425112 14.0741333333 1.0 0.304888888889 37.2685546875 28.8913393987 0.79240370892 1409547282.73
0.185 0.984381582914 0.0230225719857 14.3772444444 1.0 0.326177777778 37.2685546875 28.8913393987 0.794791471429 1409547283.28
0.199 0.982440799308 0.0242170266218 14.0046222222 1.0 0.366888888889 37.2685546875 28.8913393987 0.761001171999 1409547283.86
0.212 0.981789456959 0.0268796559088 13.0530666667 1.0 0.418266666667 37.2685546875 28.8913393987 0.733679024802 1409547284.47
0.227 0.982621308902 0.0302177022456 12.502 1.0 0.464711111111 37.2685546875 28.8913393987 0.735988337558 1409547285.16
0.229 0.982512801876 0.0419923858818 12.4557333333 1.0 0.498311111111 37.2685546875 28.8913393987 0.744350002993 1409547285.8
0.241 0.981678559694 0.0472872623843 12.1957333333 1.0 0.5384 37.2685546875 28.8913393987 0.720205743969 1409547286.5
0.229 0.979307889956 0.0334717541605 11.5508888889 1.0 0.579822222222 37.2685546875 28.8913393987 0.689033611108 1409547287.68
0.252 0.9783237949 0.0355651799844 11.1309333333 1.0 0.613111111111 37.2685546875 28.8913393987 0.675739552181 1409547288.58
0.211 0.978457896572 0.0356463269216 10.9211111111 1.0 0.6388 37.2685546875 28.8913393987 0.668173152711 1409547289.52
0.211 0.977490428955 0.0335106704387 11.2736888889 1.0 0.6464 37.2685546875 28.8913393987 0.699634370537 1409547290.35
0.273 0.97811962643 0.0421737846168 11.1919111111 1.0 0.665288888889 37.2685546875 28.8913393987 0.689291301004 1409547291.22
0.27 0.97656394171 0.0404816480418 10.7005333333 1.0 0.696844444444 37.2685546875 28.8913393987 0.672501268674 1409547292.2
0.267 0.975377188107 0.0340276466486 10.1596888889 1.0 0.729866666667 37.2685546875 28.8913393987 0.641805892281 1409547293.29
0.315 0.977686006851 0.0328291322083 9.3412 1.0 0.768888888889 37.2685546875 28.8913393987 0.650249670439 1409547294.21
0.289 0.98038063518 0.0266729159594 9.31031111111 1.0 0.789555555556 37.2685546875 28.8913393987 0.657329840827 1409547295.19
0.262 0.983370270206 0.0169615247452 9.06404444444 1.0 0.812933333333 37.2685546875 28.8913393987 0.661141864758 1409547296.17
0.236 0.98704433245 0.0209509408577 9.32386666667 1.0 0.823822222222 37.2685546875 28.8913393987 0.715848083718 1409547296.79
0.244 0.98915514629 0.0238340943416 9.57586666667 1.0 0.838933333333 37.2685546875 28.8913393987 0.736109690901 1409547297.59
0.216 0.989403607302 0.0240016374374 9.66333333333 1.0 0.859866666667 37.2685546875 28.8913393987 0.738349003794 1409547298.5
0.217 0.987684961849 0.0187512198394 10.0836444444 1.0 0.866088888889 37.2685546875 28.8913393987 0.72423529995 1409547299.32
0.232 0.986672218845 0.0167025191354 10.4682666667 1.0 0.876444444444 37.2685546875 28.8913393987 0.702476600607 1409547299.95
0.203 0.987585407222 0.0147414069464 10.6947555556 1.0 0.891688888889 37.2685546875 28.8913393987 0.694326217639 1409547300.68
0.183 0.989836567109 0.0144284947851 10.9769333333 1.0 0.131155555556 31.6342773438 24.689205218 0.715501717614 1409547301.37
0.15 0.992826884024 0.00782055845492 11.3704888889 1.0 0.204577777778 31.6342773438 24.689205218 0.764949008658 1409547301.94
0.161 0.995230423163 0.0143640395243 11.6511555556 1.0 0.2248 31.6342773438 24.689205218 0.796458463412 1409547302.47
0.159 0.996658515843 0.0205079757059 11.9111111111 1.0 0.250044444444 31.6342773438 24.689205218 0.833037156988 1409547302.96
0.154 0.997214742151 0.0248531966128 12.1417777778 1.0 0.270088888889 31.6342773438 24.689205218 0.847354100057 1409547303.65
0.141 0.996112189663 0.033359825672 12.3640444444 1.0 0.288888888889 31.6342773438 24.689205218 0.822283085552 1409547304.4
0.147 0.994383051905 0.0182737995042 12.8121777778 1.0 0.302666666667 31.6342773438 24.689205218 0.81588652521 1409547305.05
0.168 0.993243210951 0.0184976042442 13.2322222222 1.0 0.318933333333 31.6342773438 24.689205218 0.795653843596 1409547305.7
0.199 0.994182763944 0.0144565150325 13.7898666667 1.0 0.328533333333 31.6342773438 24.689205218 0.766327550935 1409547306.53
0.166 0.995392612078 0.0106398654786 14.2354666667 1.0 0.347155555556 31.6342773438 24.689205218 0.770505934272 1409547307.39
0.172 0.99665124983 0.00983404353162 14.6988444444 1.0 0.362933333333 31.6342773438 24.689205218 0.813939625392 1409547308.15
0.179 0.996523253602 0.00901807934042 15.2641777778 1.0 0.372711111111 31.6342773438 24.689205218 0.824733673537 1409547308.88
0.171 0.995118247844 0.0101925494108 15.7441333333 1.0 0.389066666667 31.6342773438 24.689205218 0.829375984185 1409547309.47
0.175 0.993681757394 0.00916267892844 16.2384444444 1.0 0.403644444444 31.6342773438 24.689205218 0.839321638936 1409547310.25
0.17 0.993656020529 0.00630161826638 16.4816 1.0 0.430177777778 31.6342773438 24.689205218 0.84687951849 1409547310.93
0.133 0.994827009078 0.00500888297777 16.7656 1.0 0.447466666667 31.6342773438 24.689205218 0.841208043122 1409547311.65
0.161 0.995971879514 0.00376614877059 17.1820444444 1.0 0.4596 31.6342773438 24.689205218 0.83363878684 1409547312.34
0.159 0.995917687245 0.00227640084312 17.7432 1.0 0.464533333333 31.6342773438 24.689205218 0.802007910203 1409547312.92
0.16 0.996220187997 0.00155046541767 18.2692444444 1.0 0.469688888889 31.6342773438 24.689205218 0.788390159374 1409547313.48
0.162 0.997000931389 0.00263190207975 18.8342666667 1.0 0.474977777778 31.6342773438 24.689205218 0.797766401212 1409547314.22
0.166 0.997408897023 0.00359778289046 19.3553333333 1.0 0.478133333333 31.6342773438 24.689205218 0.812203419921 1409547314.87
0.177 0.997560844607 0.00728946767577 19.7403111111 1.0 0.487644444444 31.6342773438 24.689205218 0.8345374596 1409547315.55
0.2 0.997251290799 0.00877702324331 20.1701333333 1.0 0.495777777778 31.6342773438 24.689205218 0.836329352214 1409547316.35
0.174 0.99622146711 0.00933725540436 20.5201777778 1.0 0.504844444444 31.6342773438 24.689205218 0.821486985351 1409547317.07
0.168 0.995586169054 0.016121026744 20.6804 1.0 0.521777777778 31.6342773438 24.689205218 0.825148394896 1409547317.84
0.178 0.997113179369 0.0156530918417 20.4869333333 1.0 0.544133333333 31.6342773438 24.689205218 0.810207273814 1409547318.59
0.173 0.998209725664 0.0192187273892 20.7001777778 1.0 0.557022222222 31.6342773438 24.689205218 0.81859818063 1409547319.28
0.179 0.996594642607 0.0379923897257 19.9832444444 1.0 0.589866666667 31.6342773438 24.689205218 0.784940712378 1409547319.88
0.207 0.993226357979 0.0419703889068 19.3472 1.0 0.618577777778 31.6342773438 24.689205218 0.762529732348 1409547320.56
0.202 0.988735861114 0.0471178508684 18.6972888889 1.0 0.652044444444 31.6342773438 24.689205218 0.75184254429 1409547321.37
0.237 0.983312456054 0.0395375389329 17.7741777778 1.0 0.686844444444 31.6342773438 24.689205218 0.735201432498 1409547322.2
0.23 0.979593560392 0.027711467094 16.8976444444 1.0 0.719644444444 31.6342773438 24.689205218 0.699327895651 1409547323.02
0.306 0.980373245222 0.0294557353539 15.8698222222 1.0 0.750088888889 31.6342773438 24.689205218 0.692967358705 1409547323.83
0.279 0.982860205425 0.0244340535002 15.8802222222 1.0 0.756444444444 31.6342773438 24.689205218 0.730364566213 1409547324.67
0.249 0.985395955128 0.0227170253904 16.0679111111 1.0 0.761955555556 31.6342773438 24.689205218 0.745883782857 1409547325.46
0.239 0.9868348877 0.0230122056678 15.9708888889 1.0 0.771288888889 31.6342773438 24.689205218 0.755232963354 1409547326.3
0.213 0.987166151474 0.0232225981715 15.6072 1.0 0.7912 31.6342773438 24.689205218 0.713363803262 1409547327.15
0.233 0.987914026322 0.0207883817751 15.4112444444 1.0 0.807422222222 31.6342773438 24.689205218 0.680087101328 1409547327.87
0.213 0.987647391 0.0226683725219 15.0103555556 1.0 0.822133333333 31.6342773438 24.689205218 0.685673387466 1409547328.7
0.224 0.985707132945 0.0213030639489 14.3063111111 1.0 0.84 31.6342773438 24.689205218 0.658109521223 1409547329.41
0.226 0.985143982951 0.0203912711821 13.7197333333 1.0 0.855955555556 31.6342773438 24.689205218 0.665571100936 1409547330.23
0.229 0.985777425962 0.0232381480459 13.5371111111 1.0 0.866711111111 31.6342773438 24.689205218 0.680327952638 1409547331.0
0.211 0.985751538784 0.0192413446023 13.8291555556 1.0 0.870266666667 31.6342773438 24.689205218 0.687739987447 1409547331.81
0.222 0.987087875469 0.0132022053741 14.1801777778 1.0 0.871511111111 31.6342773438 24.689205218 0.689140253664 1409547332.5
0.245 0.990023640742 0.0165398776907 14.4938666667 1.0 0.874488888889 31.6342773438 24.689205218 0.706412109981 1409547333.29
0.23 0.991340336517 0.0162609335173 14.6203111111 1.0 0.877911111111 31.6342773438 24.689205218 0.713543611396 1409547334.05
0.256 0.991681964535 0.0164271770763 14.5429777778 1.0 0.8808 31.6342773438 24.689205218 0.731551365951 1409547334.77
0.246 0.991192490462 0.0230929025861 14.4961333333 1.0 0.8884 31.6342773438 24.689205218 0.75901858225 1409547335.57
0.241 0.989816335507 0.0179206370809 14.6845333333 1.0 0.893866666667 31.6342773438 24.689205218 0.733910275832 1409547336.38
0.223 0.988944658214 0.0203563651195 14.7652 1.0 0.896977777778 31.6342773438 24.689205218 0.730072406252 1409547337.17
0.235 0.988674587339 0.0146356800681 14.5780888889 1.0 0.191066666667 40.8171386719 30.6289561036 0.729151773136 1409547338.06
0.241 0.990292943083 0.0190015149335 14.0653333333 1.0 0.305155555556 40.8171386719 30.6289561036 0.715548972572 1409547338.78
0.253 0.990604554885 0.0235956865358 13.3352 1.0 0.373511111111 40.8171386719 30.6289561036 0.733154038824 1409547339.58
0.248 0.989879137701 0.0180624819622 12.7012444444 1.0 0.426222222222 40.8171386719 30.6289561036 0.719093424059 1409547340.39
0.252 0.990378651891 0.0176123850891 11.9094666667 1.0 0.473333333333 40.8171386719 30.6289561036 0.730383551445 1409547341.21
0.259 0.991419392751 0.0268026277437 11.7035111111 1.0 0.502933333333 40.8171386719 30.6289561036 0.757654793899 1409547342.13
0.236 0.990736595271 0.0371805054426 11.1466666667 1.0 0.533244444444 40.8171386719 30.6289561036 0.763337083206 1409547342.99
0.232 0.986031158787 0.0356611949439 10.3448444444 1.0 0.564622222222 40.8171386719 30.6289561036 0.734432989325 1409547343.81
0.221 0.981994094084 0.0372608692165 9.65008888889 1.0 0.593555555556 40.8171386719 30.6289561036 0.717564903689 1409547344.68
0.217 0.976365719131 0.0438645877374 9.74 1.0 0.619333333333 40.8171386719 30.6289561036 0.727885923044 1409547345.52
0.231 0.970865413509 0.0365890896721 10.0661333333 1.0 0.6428 40.8171386719 30.6289561036 0.70827080611 1409547346.38
0.263 0.971453871139 0.0306242653016 10.0924 1.0 0.671733333333 40.8171386719 30.6289561036 0.664429601541 1409547347.22
0.271 0.97515901195 0.0249888556312 10.4023555556 1.0 0.6864 40.8171386719 30.6289561036 0.659737784463 1409547348.0
0.233 0.981646701756 0.0240897379052 10.7549333333 1.0 0.699733333333 40.8171386719 30.6289561036 0.666477849616 1409547348.66
0.189 0.987614566516 0.0139269907219 11.1656 1.0 0.714488888889 40.8171386719 30.6289561036 0.680396829455 1409547349.39
0.168 0.992319644207 0.0100225603121 11.7102666667 1.0 0.721466666667 40.8171386719 30.6289561036 0.730196788882 1409547350.26
0.153 0.994338471191 0.00602940295328 12.1798222222 1.0 0.732088888889 40.8171386719 30.6289561036 0.780362479207 1409547351.05
0.169 0.994855868646 0.00728211773007 12.6350666667 1.0 0.742622222222 40.8171386719 30.6289561036 0.765461297551 1409547351.86
0.156 0.994263802004 0.00599336235486 13.3579111111 1.0 0.742755555556 40.8171386719 30.6289561036 0.802132398362 1409547352.57
0.165 0.99394418102 0.00481468196083 13.8986666667 1.0 0.743866666667 40.8171386719 30.6289561036 0.780079704806 1409547353.29
0.154 0.994481880459 0.00884631928408 14.5701333333 1.0 0.743866666667 40.8171386719 30.6289561036 0.750823650909 1409547354.06
0.139 0.995416687914 0.00479185796208 15.2802666667 1.0 0.7456 40.8171386719 30.6289561036 0.747811681708 1409547354.68
0.146 0.997388926751 0.00897648417596 15.9127111111 1.0 0.749333333333 40.8171386719 30.6289561036 0.777884648602 1409547355.31
0.158 0.998668218957 0.0150194133444 16.4044444444 1.0 0.754488888889 40.8171386719 30.6289561036 0.81208965272 1409547355.99
0.179 0.998725607745 0.0132069029212 16.7382222222 1.0 0.762355555556 40.8171386719 30.6289561036 0.822974146992 1409547356.54
0.178 0.997201662041 0.00723599288285 16.9528888889 1.0 0.773644444444 40.8171386719 30.6289561036 0.80383637954 1409547357.08
0.164 0.996726876881 0.00671926898474 17.4823111111 1.0 0.774844444444 40.8171386719 30.6289561036 0.798471114659 1409547357.7
0.166 0.996253176372 0.00878660506621 17.6086222222 1.0 0.784666666667 40.8171386719 30.6289561036 0.807524557343 1409547358.45
0.213 0.995124811391 0.0111077917962 17.7904 1.0 0.788933333333 40.8171386719 30.6289561036 0.776138867739 1409547359.24
0.239 0.995144219867 0.0184212599818 17.6052888889 1.0 0.798666666667 40.8171386719 30.6289561036 0.758174427518 1409547360.03
0.228 0.99425822916 0.0239808318022 17.2163111111 1.0 0.811822222222 40.8171386719 30.6289561036 0.778214494089 1409547360.83
0.227 0.991035893776 0.0192679014113 16.8536888889 1.0 0.827777777778 40.8171386719 30.6289561036 0.736078849905 1409547361.62
0.246 0.988557163783 0.0108747711939 16.6833777778 1.0 0.838044444444 40.8171386719 30.6289561036 0.709222161121 1409547362.44
0.236 0.990370169582 0.017307909257 16.3609777778 1.0 0.849777777778 40.8171386719 30.6289561036 0.729461895707 1409547363.25
0.197 0.991160902713 0.0290367423156 16.3344888889 1.0 0.859866666667 40.8171386719 30.6289561036 0.733376843038 1409547364.06
0.221 0.990877413646 0.0253914144709 15.7452888889 1.0 0.877066666667 40.8171386719 30.6289561036 0.714303885027 1409547364.78
0.225 0.988794992727 0.0160155341407 15.4083555556 1.0 0.891111111111 40.8171386719 30.6289561036 0.696754930287 1409547365.61
0.261 0.988813570538 0.0210439021421 14.8970666667 1.0 0.182355555556 38.9085693359 29.5337325455 0.704643583134 1409547366.53
0.224 0.989065454156 0.02267103748 14.7051555556 1.0 0.276177777778 38.9085693359 29.5337325455 0.698413860415 1409547367.45
0.243 0.988325968096 0.0226772716879 14.7284444444 1.0 0.3148 38.9085693359 29.5337325455 0.719532777481 1409547368.35
0.214 0.988578609213 0.0189941200615 14.5335111111 1.0 0.344888888889 38.9085693359 29.5337325455 0.711010056172 1409547369.22
0.214 0.989153360061 0.0132417401807 14.4804888889 1.0 0.366311111111 38.9085693359 29.5337325455 0.718883302989 1409547370.05
0.171 0.990649337594 0.00802064010042 14.7442666667 1.0 0.386222222222 38.9085693359 29.5337325455 0.736711157654 1409547370.81
0.179 0.99329622282 0.0097907403341 15.2260888889 1.0 0.397955555556 38.9085693359 29.5337325455 0.766265544379 1409547371.36
0.153 0.994290228868 0.0140502309879 15.6562666667 1.0 0.413555555556 38.9085693359 29.5337325455 0.784834383166 1409547371.93
0.14 0.993975301857 0.0177125268103 15.8580444444 1.0 0.432844444444 38.9085693359 29.5337325455 0.741018232016 1409547372.53
0.164 0.992846514657 0.0106152491628 16.2855111111 1.0 0.446622222222 38.9085693359 29.5337325455 0.744010761098 1409547373.08
0.169 0.99239024107 0.0136127699308 16.5989333333 1.0 0.463955555556 38.9085693359 29.5337325455 0.729119721498 1409547373.62
0.18 0.992434714896 0.0165384866853 16.9870222222 1.0 0.479066666667 38.9085693359 29.5337325455 0.725358292085 1409547374.35
0.157 0.991687046177 0.0163440478547 17.228 1.0 0.4972 38.9085693359 29.5337325455 0.713359592965 1409547374.94
0.196 0.990314768263 0.0141502325583 17.4254666667 1.0 0.514177777778 38.9085693359 29.5337325455 0.726004658482 1409547375.55
0.222 0.990035982808 0.0141633894295 17.3809333333 1.0 0.5352 38.9085693359 29.5337325455 0.726041215562 1409547376.12
0.21 0.990157623059 0.0258551149939 17.4715111111 1.0 0.555911111111 38.9085693359 29.5337325455 0.74643022119 1409547376.9
0.188 0.988854785392 0.0306791193108 17.5260444444 1.0 0.578044444444 38.9085693359 29.5337325455 0.744764560194 1409547377.63
0.203 0.985266195735 0.0371494314764 17.7502666667 1.0 0.596933333333 38.9085693359 29.5337325455 0.750619718737 1409547378.21
0.225 0.982812368816 0.0334813093751 17.9887555556 1.0 0.608444444444 38.9085693359 29.5337325455 0.739190939678 1409547378.97
0.217 0.982823557753 0.0173927563285 18.5626222222 1.0 0.614044444444 38.9085693359 29.5337325455 0.755702568232 1409547379.64
0.173 0.984838640057 0.0145593387943 18.7696444444 1.0 0.628355555556 38.9085693359 29.5337325455 0.763852968963 1409547380.41
0.206 0.987581747737 0.016165340963 18.9966666667 1.0 0.639066666667 38.9085693359 29.5337325455 0.713299161126 1409547381.08
0.183 0.990100261612 0.024003936149 19.5584888889 1.0 0.6424 38.9085693359 29.5337325455 0.758451494193 1409547381.87
0.193 0.988829716213 0.0225218545033 19.7443111111 1.0 0.655244444444 38.9085693359 29.5337325455 0.750209318078 1409547382.67
0.191 0.985980787903 0.0189246517399 19.4749777778 1.0 0.677777777778 38.9085693359 29.5337325455 0.727052133098 1409547383.28
0.221 0.984673737559 0.0221775224853 18.6705333333 1.0 0.707911111111 38.9085693359 29.5337325455 0.706751339073 1409547383.86
0.219 0.986604347937 0.0229606277934 18.0895111111 1.0 0.732622222222 38.9085693359 29.5337325455 0.703000420236 1409547384.64
0.208 0.988131701077 0.0144214561707 17.9997777778 1.0 0.744844444444 38.9085693359 29.5337325455 0.721283284566 1409547385.29
0.191 0.98871340838 0.0192667935566 18.2003555556 1.0 0.752533333333 38.9085693359 29.5337325455 0.735658924501 1409547385.88
0.206 0.988382231649 0.023199001444 18.6084 1.0 0.755022222222 38.9085693359 29.5337325455 0.72192290001 1409547386.46
0.24 0.989208637451 0.0318297272083 18.3959555556 1.0 0.771155555556 38.9085693359 29.5337325455 0.698585925931 1409547387.03
0.22 0.98829174535 0.0285709246303 18.166 1.0 0.786044444444 38.9085693359 29.5337325455 0.731275188686 1409547387.82
0.235 0.98688560736 0.0265954912094 17.3574666667 1.0 0.806666666667 38.9085693359 29.5337325455 0.714167269002 1409547388.68
0.239 0.985149149436 0.0185858886822 16.3423555556 1.0 0.827466666667 38.9085693359 29.5337325455 0.691868223959 1409547389.49
0.228 0.98535688358 0.0132679251394 15.4784444444 1.0 0.849644444444 38.9085693359 29.5337325455 0.724816400948 1409547390.32
0.224 0.988157741762 0.0206215279761 15.4427555556 1.0 0.863333333333 38.9085693359 29.5337325455 0.759209780204 1409547391.11
0.216 0.990917117531 0.0284024897165 15.2388444444 1.0 0.876666666667 38.9085693359 29.5337325455 0.78659112232 1409547391.88
0.18 0.990846725938 0.0290953926545 15.1510666667 1.0 0.889466666667 38.9085693359 29.5337325455 0.783008349113 1409547392.67
0.21 0.988167130278 0.0309383149401 15.0298666667 1.0 0.113244444444 38.454284668 28.3824507654 0.758618902585 1409547393.57
0.25 0.985244959395 0.0352496025078 14.0818222222 1.0 0.271911111111 38.454284668 28.3824507654 0.714836113415 1409547394.51
0.227 0.983414963558 0.0393269664403 13.5752444444 1.0 0.304088888889 38.454284668 28.3824507654 0.704653869831 1409547395.36
0.242 0.980651878876 0.0339976653801 13.2046222222 1.0 0.346355555556 38.454284668 28.3824507654 0.66925786049 1409547396.26
0.261 0.977085859377 0.0290978412385 12.6145777778 1.0 0.394177777778 38.454284668 28.3824507654 0.653744959661 1409547397.11
0.245 0.977842809567 0.0226373716629 11.7219111111 1.0 0.454533333333 38.454284668 28.3824507654 0.649218057408 1409547398.02
0.237 0.982088129902 0.0221338701904 11.2471111111 1.0 0.492 38.454284668 28.3824507654 0.690709226509 1409547398.83
0.224 0.985890736192 0.0261832259822 11.3808888889 1.0 0.506755555556 38.454284668 28.3824507654 0.747610504665 1409547399.65
0.233 0.986519544237 0.0212778424766 11.6129777778 1.0 0.532622222222 38.454284668 28.3824507654 0.77585534819 1409547400.48
0.201 0.986805848355 0.0127591241217 11.7497333333 1.0 0.562088888889 38.454284668 28.3824507654 0.766076324606 1409547401.28
0.21 0.988399852802 0.0074580045327 12.0189333333 1.0 0.581377777778 38.454284668 28.3824507654 0.752137668957 1409547402.05
0.227 0.991455094385 0.0134219869379 12.2852888889 1.0 0.6016 38.454284668 28.3824507654 0.774868576863 1409547402.88
0.212 0.992872014817 0.0181224476408 12.6723111111 1.0 0.615911111111 38.454284668 28.3824507654 0.783434510552 1409547403.71
0.192 0.991896217306 0.0296724657621 12.6626666667 1.0 0.641866666667 38.454284668 28.3824507654 0.7821180756 1409547404.51
0.227 0.989128106878 0.0231900003989 12.4031111111 1.0 0.673644444444 38.454284668 28.3824507654 0.764525632077 1409547405.36
0.244 0.985551355299 0.0170946477264 12.3906222222 1.0 0.699822222222 38.454284668 28.3824507654 0.721228996025 1409547406.21
0.255 0.986251018295 0.0153751557666 12.5128444444 1.0 0.720844444444 38.454284668 28.3824507654 0.718215191882 1409547407.09
0.239 0.988494646819 0.0219057688127 12.7800888889 1.0 0.7292 38.454284668 28.3824507654 0.717897936455 1409547407.97
0.221 0.988494162893 0.0140744191865 13.1856444444 1.0 0.736266666667 38.454284668 28.3824507654 0.717928543033 1409547408.86
0.236 0.990458082054 0.00694768709935 13.5638222222 1.0 0.743466666667 38.454284668 28.3824507654 0.725281842847 1409547409.74
0.217 0.99388815006 0.0096349845203 13.8652888889 1.0 0.756622222222 38.454284668 28.3824507654 0.726689987958 1409547410.4
0.241 0.996122281667 0.012715969754 13.8791555556 1.0 0.774444444444 38.454284668 28.3824507654 0.731262179142 1409547410.96
0.202 0.996374214275 0.0154656860076 13.4768888889 1.0 0.796177777778 38.454284668 28.3824507654 0.763988222577 1409547411.72
0.225 0.994582007273 0.0188468645422 13.3938222222 1.0 0.811911111111 38.454284668 28.3824507654 0.73749220605 1409547412.44
0.205 0.99250868586 0.0134912982777 13.5752444444 1.0 0.821244444444 38.454284668 28.3824507654 0.756088545954 1409547413.16
0.202 0.991085929931 0.00981253143665 14.0670222222 1.0 0.825511111111 38.454284668 28.3824507654 0.722036281882 1409547413.83
0.185 0.991966545951 0.00907458929761 14.1363111111 1.0 0.836044444444 38.454284668 28.3824507654 0.762221784898 1409547414.58
0.2 0.994057886967 0.0181308527304 14.2616 1.0 0.844622222222 38.454284668 28.3824507654 0.757871347835 1409547415.42
0.187 0.993386183007 0.0167285041355 14.0739555556 1.0 0.8576 38.454284668 28.3824507654 0.779934574876 1409547416.17
0.222 0.992496017315 0.0146808786946 14.0677333333 1.0 0.866977777778 38.454284668 28.3824507654 0.755393271275 1409547416.96
0.233 0.992756721696 0.0193864166259 14.2848 1.0 0.872177777778 38.454284668 28.3824507654 0.737553416981 1409547417.74
0.231 0.992990416464 0.0270539496233 14.5076444444 1.0 0.873333333333 38.454284668 28.3824507654 0.737916238241 1409547418.52
0.212 0.993299288652 0.027744323048 15.0458222222 1.0 0.873333333333 38.454284668 28.3824507654 0.731651794719 1409547419.33
0.213 0.99327910631 0.0197789838451 15.4503111111 1.0 0.873333333333 38.454284668 28.3824507654 0.769197814386 1409547420.1
0.221 0.992611950485 0.0187935275627 15.7996 1.0 0.873333333333 38.454284668 28.3824507654 0.782402306683 1409547420.9
0.209 0.990235202331 0.0090101948735 16.4127555556 1.0 0.873333333333 38.454284668 28.3824507654 0.769293384223 1409547421.74
0.192 0.990017128775 0.00704248794182 17.0334666667 1.0 0.873333333333 38.454284668 28.3824507654 0.752061818576 1409547422.47
0.191 0.991727554824 0.00423422267856 17.6060888889 1.0 0.873333333333 38.454284668 28.3824507654 0.757963819918 1409547423.18
0.186 0.994458535979 0.00264667438185 18.1383111111 1.0 0.873333333333 38.454284668 28.3824507654 0.767714347383 1409547423.9
0.17 0.997026572785 0.00418138969994 18.5859111111 1.0 0.873333333333 38.454284668 28.3824507654 0.800054666729 1409547424.66
0.137 0.997632360906 0.00157802001811 19.2028444444 1.0 0.873333333333 38.454284668 28.3824507654 0.789996178886 1409547425.37
0.135 0.998493723846 0.00194663861698 19.8701777778 1.0 0.873333333333 38.454284668 28.3824507654 0.821727855483 1409547426.11
0.14 0.999048124325 0.00173976961558 20.4778666667 1.0 0.873333333333 38.454284668 28.3824507654 0.825007769629 1409547426.88
0.115 0.999251368394 0.00129361271489 21.0163555556 1.0 0.873333333333 38.454284668 28.3824507654 0.839470829282 1409547427.51
0.132 0.999254734179 0.00634862060121 21.5365777778 1.0 0.873333333333 38.454284668 28.3824507654 0.83623482326 1409547428.22
0.153 0.999271241163 0.00515783029261 22.1286666667 1.0 0.873333333333 38.454284668 28.3824507654 0.811611998059 1409547428.99
0.166 0.998752756859 0.00505275321925 22.594 1.0 0.873333333333 38.454284668 28.3824507654 0.807722088567 1409547429.72
0.208 0.998380228429 0.00703596797355 22.7898666667 1.0 0.875377777778 38.454284668 28.3824507654 0.798974767953 1409547430.46
0.195 0.997149749243 0.00349515855638 23.2706666667 1.0 0.875688888889 38.454284668 28.3824507654 0.790685985381 1409547431.21
0.191 0.996623444664 0.00692048337285 23.5074222222 1.0 0.878044444444 38.454284668 28.3824507654 0.780453867099 1409547431.94
0.174 0.996709900832 0.0162328934041 23.7128444444 1.0 0.880888888889 38.454284668 28.3824507654 0.801201891886 1409547432.69
0.141 0.996213801078 0.0158207270043 24.0400888889 1.0 0.880888888889 38.454284668 28.3824507654 0.819108110666 1409547433.39
0.156 0.99506227593 0.0176160612148 24.2336888889 1.0 0.880888888889 38.454284668 28.3824507654 0.831408208577 1409547434.12
0.201 0.992519255116 0.0300855397255 24.1380444444 1.0 0.880933333333 38.454284668 28.3824507654 0.810917030575 1409547434.88
0.207 0.991856812776 0.043189636115 23.2769333333 1.0 0.884577777778 38.454284668 28.3824507654 0.762198570357 1409547435.68
0.22 0.991050072065 0.035700589035 22.2427111111 1.0 0.891244444444 38.454284668 28.3824507654 0.747219533284 1409547436.57
0.239 0.988970097251 0.0331130779276 21.0258666667 1.0 0.125155555556 47.227142334 36.16582236 0.735688898813 1409547437.75
0.207 0.986036517827 0.029479408891 20.8393777778 1.0 0.247955555556 47.227142334 36.16582236 0.737002657336 1409547438.78
0.216 0.983864672494 0.0197220050408 20.1036888889 1.0 0.298666666667 47.227142334 36.16582236 0.722095979222 1409547439.66
0.215 0.984474571236 0.015326332507 19.7964888889 1.0 0.3392 47.227142334 36.16582236 0.753871490556 1409547440.6
0.227 0.985937269034 0.0153922916909 18.9891111111 1.0 0.3944 47.227142334 36.16582236 0.754399057683 1409547441.48
0.241 0.987950399015 0.0184984995546 18.5509333333 1.0 0.447511111111 47.227142334 36.16582236 0.753169167858 1409547442.32
0.247 0.989516027889 0.0202046447876 18.4308 1.0 0.485555555556 47.227142334 36.16582236 0.714449336811 1409547443.2
0.228 0.989846552544 0.0126963618305 17.9172 1.0 0.526844444444 47.227142334 36.16582236 0.699877270523 1409547444.22
0.19 0.99138502287 0.0177971464187 18.0059111111 1.0 0.552044444444 47.227142334 36.16582236 0.736158364199 1409547445.05
0.165 0.991775288688 0.0196951910174 18.5763111111 1.0 0.563822222222 47.227142334 36.16582236 0.770856737424 1409547445.79
0.199 0.990764066429 0.0150136661258 19.0395111111 1.0 0.575155555556 47.227142334 36.16582236 0.73220158907 1409547446.5
0.224 0.990212293945 0.0203656143485 19.3368 1.0 0.593244444444 47.227142334 36.16582236 0.705642698858 1409547447.26
0.21 0.989800919172 0.0214695614452 19.5333777778 1.0 0.611022222222 47.227142334 36.16582236 0.70834393821 1409547448.03
0.221 0.988287248736 0.0185996485093 19.4631555556 1.0 0.630844444444 47.227142334 36.16582236 0.693680303934 1409547448.79
0.248 0.98581810666 0.0173821940471 19.2960444444 1.0 0.653333333333 47.227142334 36.16582236 0.681448794728 1409547449.68
0.206 0.986245176041 0.0209284107312 19.4011111111 1.0 0.669955555556 47.227142334 36.16582236 0.686949790302 1409547450.46
0.251 0.986018488071 0.0112913018283 18.5354666667 1.0 0.699111111111 47.227142334 36.16582236 0.688504429894 1409547451.27
0.241 0.988764144833 0.0122944122236 17.7819111111 1.0 0.714622222222 47.227142334 36.16582236 0.688358865777 1409547452.04
0.211 0.991829041535 0.0195646745445 17.0808888889 1.0 0.734533333333 47.227142334 36.16582236 0.739778711252 1409547452.82
0.226 0.992187201432 0.0345065348133 16.2995111111 1.0 0.753333333333 47.227142334 36.16582236 0.764294872774 1409547453.63
0.18 0.991404073569 0.0377320285262 15.8828888889 1.0 0.773911111111 47.227142334 36.16582236 0.76217745191 1409547454.47
0.222 0.989218173171 0.0399243476024 15.3892 1.0 0.796711111111 47.227142334 36.16582236 0.763911935284 1409547455.28
0.234 0.986447243098 0.0359826492344 14.1546222222 1.0 0.834177777778 47.227142334 36.16582236 0.754602225731 1409547456.08
0.26 0.984327220178 0.0437686606169 12.5877777778 1.0 0.870133333333 47.227142334 36.16582236 0.720387849139 1409547456.95
0.255 0.980970122996 0.0522393669594 10.4404 1.0 0.0968 35.613571167 28.2991722092 0.702272719219 1409547457.9
0.275 0.974378747649 0.0599659811524 8.87871111111 1.0 0.276222222222 35.613571167 28.2991722092 0.708921419529 1409547458.96
0.293 0.969876621041 0.0479337061517 8.11537777778 1.0 0.344133333333 35.613571167 28.2991722092 0.659088070693 1409547459.92
0.309 0.96699716517 0.0390829869505 7.74448888889 1.0 0.405511111111 35.613571167 28.2991722092 0.643824822801 1409547460.9
0.305 0.968671850182 0.0320000579911 7.88613333333 1.0 0.440222222222 35.613571167 28.2991722092 0.651020123882 1409547461.86
0.28 0.972850958138 0.0288702156896 8.286 1.0 0.465066666667 35.613571167 28.2991722092 0.673186854908 1409547462.77
0.273 0.977631709176 0.0257890650487 8.56391111111 1.0 0.492933333333 35.613571167 28.2991722092 0.677906643932 1409547463.67
0.273 0.982243083971 0.0244066052395 8.86275555556 1.0 0.519422222222 35.613571167 28.2991722092 0.700631803449 1409547464.58
0.239 0.984858931008 0.0176186533996 9.32155555556 1.0 0.540622222222 35.613571167 28.2991722092 0.735345084246 1409547465.4
0.226 0.987176004562 0.00776617947451 9.74884444444 1.0 0.566177777778 35.613571167 28.2991722092 0.755592266455 1409547466.19
0.203 0.991300064262 0.00568479253522 10.0729333333 1.0 0.590755555556 35.613571167 28.2991722092 0.775919065464 1409547467.02
0.209 0.994804129649 0.00636712061654 10.1582222222 1.0 0.6244 35.613571167 28.2991722092 0.757546442009 1409547467.84
0.226 0.996427598101 0.00851313952016 10.0388444444 1.0 0.654311111111 35.613571167 28.2991722092 0.764489430773 1409547468.59
0.241 0.996561783063 0.00747840373116 10.1095111111 1.0 0.679911111111 35.613571167 28.2991722092 0.776204567248 1409547469.39
0.22 0.996841233455 0.00708763185498 10.4257333333 1.0 0.6948 35.613571167 28.2991722092 0.787374096506 1409547470.19
0.213 0.995417105703 0.00943169107161 10.7012 1.0 0.709066666667 35.613571167 28.2991722092 0.777294442236 1409547470.99
0.244 0.993038350223 0.00564626988097 11.0160444444 1.0 0.716311111111 35.613571167 28.2991722092 0.759608686247 1409547471.8
0.25 0.993911011692 0.00561777160065 11.3503555556 1.0 0.723288888889 35.613571167 28.2991722092 0.758176153817 1409547472.62
0.224 0.995973597298 0.00435845165787 11.9364444444 1.0 0.725066666667 35.613571167 28.2991722092 0.7923948769 1409547473.44
0.176 0.997048082674 0.00339334407197 12.5536444444 1.0 0.729555555556 35.613571167 28.2991722092 0.820666439178 1409547474.21
0.181 0.998154728915 0.00554444261728 13.1448444444 1.0 0.733288888889 35.613571167 28.2991722092 0.818777190958 1409547474.97
0.178 0.998545774567 0.00733470629133 13.5593333333 1.0 0.738 35.613571167 28.2991722092 0.806509366015 1409547475.69
0.195 0.997723651066 0.0116661741915 13.958 1.0 0.742577777778 35.613571167 28.2991722092 0.794904336996 1409547476.47
0.23 0.995790906647 0.0138344139468 14.1029777778 1.0 0.749955555556 35.613571167 28.2991722092 0.741499167508 1409547477.23
0.194 0.993597605815 0.0239205504718 14.3666666667 1.0 0.758177777778 35.613571167 28.2991722092 0.749498165401 1409547477.96
0.217 0.990356106218 0.0182162675538 14.4952444444 1.0 0.769377777778 35.613571167 28.2991722092 0.701484186503 1409547478.74
0.188 0.989534273614 0.0145073158694 14.5965333333 1.0 0.781377777778 35.613571167 28.2991722092 0.721201274816 1409547479.52
0.208 0.989421029531 0.0122663144779 14.9036888889 1.0 0.786755555556 35.613571167 28.2991722092 0.763617687571 1409547480.3
0.181 0.990351278206 0.00717224912105 15.4280888889 1.0 0.7888 35.613571167 28.2991722092 0.75264265046 1409547481.03
0.169 0.993001991264 0.00541097346711 16.1304888889 1.0 0.789155555556 35.613571167 28.2991722092 0.789309140497 1409547481.79
0.151 0.995769162229 0.00184175798606 16.8512888889 1.0 0.7896 35.613571167 28.2991722092 0.815529471619 1409547482.51
0.128 0.997871912904 0.00135166698312 17.6513777778 1.0 0.7896 35.613571167 28.2991722092 0.801166465741 1409547483.27
0.126 0.99938021999 0.00145690088656 18.2294222222 1.0 0.7896 35.613571167 28.2991722092 0.801161078172 1409547483.91
0.145 0.999735857331 0.00122088869053 18.9243555556 1.0 0.7896 35.613571167 28.2991722092 0.818324432646 1409547484.51
0.141 0.999706334594 0.00143057682532 19.5280888889 1.0 0.7896 35.613571167 28.2991722092 0.837283481196 1409547485.18
0.162 0.999768813638 0.000989050418819 20.0603555556 1.0 0.7896 35.613571167 28.2991722092 0.809608725865 1409547485.87
0.156 0.999753165944 0.00125674805161 20.7549777778 1.0 0.7896 35.613571167 28.2991722092 0.811814738024 1409547486.62
0.177 0.999750800092 0.00140838080608 21.3059555556 1.0 0.7896 35.613571167 28.2991722092 0.830508103121 1409547487.31
0.175 0.999671769461 0.00246753074497 21.5666666667 1.0 0.793644444444 35.613571167 28.2991722092 0.831485422937 1409547488.06
0.194 0.999494232041 0.00954122269458 21.904 1.0 0.7952 35.613571167 28.2991722092 0.816169047411 1409547488.75
0.184 0.998669436193 0.0102075054165 22.01 1.0 0.7952 35.613571167 28.2991722092 0.798473075423 1409547489.47
0.206 0.997876650838 0.00318848263199 22.2938666667 1.0 0.795244444444 35.613571167 28.2991722092 0.792919054467 1409547490.2
0.183 0.997818646494 0.00134031688456 22.5254666667 1.0 0.799777777778 35.613571167 28.2991722092 0.787347200487 1409547490.92
0.151 0.998690236875 0.00199392791836 23.0874222222 1.0 0.802666666667 35.613571167 28.2991722092 0.799848371167 1409547491.47
0.195 0.998709325567 0.00312508294044 22.8078666667 1.0 0.814622222222 35.613571167 28.2991722092 0.772750085089 1409547492.04
0.207 0.998087003848 0.00624428872362 22.8675111111 1.0 0.820533333333 35.613571167 28.2991722092 0.760215314027 1409547492.78
0.198 0.997270171121 0.00642616108423 22.702 1.0 0.831644444444 35.613571167 28.2991722092 0.76232810512 1409547493.52
0.228 0.996642748434 0.0143586884825 22.7190222222 1.0 0.839911111111 35.613571167 28.2991722092 0.758181605712 1409547494.28
0.211 0.99533680964 0.027586166016 22.4010666667 1.0 0.846577777778 35.613571167 28.2991722092 0.774315315465 1409547495.04
0.255 0.991858545851 0.0250813211274 21.692 1.0 0.850177777778 35.613571167 28.2991722092 0.742231323144 1409547495.84
0.218 0.986786449036 0.0225601947337 20.9981777778 1.0 0.862933333333 35.613571167 28.2991722092 0.720372047222 1409547496.59
0.265 0.983418064312 0.0224088048972 19.5298222222 1.0 0.877733333333 35.613571167 28.2991722092 0.687995916042 1409547497.36
0.307 0.983013852858 0.0135669804288 18.6409777778 1.0 0.886888888889 35.613571167 28.2991722092 0.689530849979 1409547498.01
0.305 0.986685080436 0.0145887823174 17.432 1.0 0.117777777778 44.3067855835 34.6459645264 0.690272785251 1409547498.95
0.28 0.989948258643 0.022471489993 17.1607111111 1.0 0.316577777778 44.3067855835 34.6459645264 0.70654338331 1409547500.02
0.302 0.990934904885 0.034253826081 16.7830666667 1.0 0.376755555556 44.3067855835 34.6459645264 0.698300983164 1409547500.94
0.261 0.992134372685 0.0275687245919 16.6424888889 1.0 0.415866666667 44.3067855835 34.6459645264 0.713057265998 1409547501.81
0.284 0.993662543646 0.0317092349476 16.0934222222 1.0 0.460488888889 44.3067855835 34.6459645264 0.721456766303 1409547502.77
0.273 0.991643826126 0.0354206312038 14.9899555556 1.0 0.513555555556 44.3067855835 34.6459645264 0.700591139893 1409547503.68
0.296 0.9876035028 0.0364961785226 13.7824888889 1.0 0.559422222222 44.3067855835 34.6459645264 0.672142259722 1409547504.58
0.328 0.98428987172 0.0486013591427 13.0303111111 1.0 0.6092 44.3067855835 34.6459645264 0.668910389819 1409547505.5
0.295 0.978379590403 0.0547474628242 12.1783111111 1.0 0.661866666667 44.3067855835 34.6459645264 0.6495838527 1409547506.47
0.353 0.971467123338 0.0389097911012 11.3952 1.0 0.7 44.3067855835 34.6459645264 0.620337878345 1409547507.43
0.327 0.970969409431 0.0416599936758 10.1557333333 1.0 0.743422222222 44.3067855835 34.6459645264 0.618404056239 1409547508.34
0.364 0.974904338677 0.0542175945256 8.65151111111 1.0 0.782088888889 44.3067855835 34.6459645264 0.621362805987 1409547509.22
0.341 0.974157952883 0.0522617401541 8.07288888889 1.0 0.807511111111 44.3067855835 34.6459645264 0.634471445328 1409547509.84
0.362 0.970025054822 0.0466741373569 7.2964 1.0 0.8404 44.3067855835 34.6459645264 0.619869776361 1409547510.56
0.31 0.966820630218 0.0339099443861 6.89337777778 1.0 0.866622222222 44.3067855835 34.6459645264 0.620177874751 1409547511.26
0.315 0.970464341881 0.0254776739251 6.47648888889 1.0 0.893155555556 44.3067855835 34.6459645264 0.620424082179 1409547512.14
0.27 0.976136980163 0.0188305278472 6.13066666667 1.0 0.228888888889 30.1533927917 24.2597736832 0.650186112891 1409547512.99
0.244 0.981783496806 0.012998295855 6.10764444444 1.0 0.332266666667 30.1533927917 24.2597736832 0.695328947739 1409547513.68
0.267 0.988144685684 0.0134451753985 6.38004444444 1.0 0.376444444444 30.1533927917 24.2597736832 0.739153142275 1409547514.53
0.197 0.991599267364 0.0129863502419 6.65404444444 1.0 0.415244444444 30.1533927917 24.2597736832 0.774885234686 1409547515.45
0.193 0.992447725946 0.00761855213431 7.15462222222 1.0 0.431777777778 30.1533927917 24.2597736832 0.770156465103 1409547516.28
0.202 0.993364949699 0.00326466317865 7.70031111111 1.0 0.446311111111 30.1533927917 24.2597736832 0.784597270864 1409547517.1
0.161 0.994984233921 0.00262919895048 8.38973333333 1.0 0.449022222222 30.1533927917 24.2597736832 0.792719637493 1409547517.88
0.18 0.996941079547 0.00708182119392 8.88146666667 1.0 0.459822222222 30.1533927917 24.2597736832 0.791894192297 1409547518.61
0.196 0.998378260507 0.0181843668912 9.27253333333 1.0 0.473822222222 30.1533927917 24.2597736832 0.806105931266 1409547519.31
0.206 0.997955673391 0.0125217337075 9.97702222222 1.0 0.475244444444 30.1533927917 24.2597736832 0.808821832682 1409547520.09
0.184 0.996102633885 0.0050306557275 10.5764 1.0 0.478488888889 30.1533927917 24.2597736832 0.797230593837 1409547520.88
0.194 0.99591638497 0.00355003199441 11.0834222222 1.0 0.490088888889 30.1533927917 24.2597736832 0.751126876139 1409547521.62
0.198 0.996948195813 0.00532713977821 11.4108888889 1.0 0.500133333333 30.1533927917 24.2597736832 0.763176365185 1409547522.2
0.161 0.997119174865 0.00640908107898 11.7301333333 1.0 0.514355555556 30.1533927917 24.2597736832 0.795369320637 1409547522.74
0.18 0.996667082165 0.00667746137897 12.2202222222 1.0 0.521288888889 30.1533927917 24.2597736832 0.802138663409 1409547523.26
0.186 0.99724268487 0.00533896408206 12.8576 1.0 0.523333333333 30.1533927917 24.2597736832 0.771469398887 1409547523.75
0.197 0.99781939075 0.00836888258397 13.2568444444 1.0 0.535111111111 30.1533927917 24.2597736832 0.770666465005 1409547524.44
0.228 0.996806333978 0.00704492172283 13.5938666667 1.0 0.549555555556 30.1533927917 24.2597736832 0.767555219616 1409547525.08
0.179 0.996109714979 0.00215284426229 13.9389333333 1.0 0.558533333333 30.1533927917 24.2597736832 0.752576206374 1409547525.87
0.175 0.997591315683 0.00583220717283 14.2600888889 1.0 0.568 30.1533927917 24.2597736832 0.752642237048 1409547526.62
0.198 0.997960294623 0.0150866099466 14.1510222222 1.0 0.586755555556 30.1533927917 24.2597736832 0.758128288772 1409547527.37
0.207 0.997388912975 0.0340480059453 14.1892888889 1.0 0.605733333333 30.1533927917 24.2597736832 0.789411071819 1409547528.04
