0.2727 0.88684557057 0.370589035021 0.708864
0.37107 0.981464433453 0.346957722606 1.275136
0.469107 0.995140268418 0.311762936254 1.657536
0.5536107 0.998865707455 0.287704908766 1.825984
0.63586107 0.999872768714 0.267523465336 1.791104
0.750286107 0.999149967666 0.246891365134 1.557696
0.7968286107 0.996976138718 0.213043981929 1.33888
0.85008286107 0.993946912266 0.185477551334 1.102208
0.911208286107 0.990534920151 0.169684822434 0.672
0.920920828611 0.986484337783 0.161105395306 0.398848
0.960592082861 0.981580438603 0.156275530524 0.152384
0.970859208286 0.976414526635 0.139446124622 0.079744
0.951185920829 0.970746202314 0.13446189693 0.097984
0.978018592083 0.965803059988 0.135241697855 0.063104
0.967201859208 0.958365000052 0.128316237387 0.060352
0.978720185921 0.951166898719 0.118064004698 0.058816
0.963672018592 0.945985198544 0.106734434312 0.0832
0.952267201859 0.944447663449 0.0898078162105 0.103808
0.983526720186 0.943731533959 0.0939405482839 0.067008
0.958752672019 0.942887044515 0.0901226541824 0.092352
0.973375267202 0.944064597958 0.0964342359039 0.07808
0.95683752672 0.942414242564 0.0756216377647 0.083328
0.981283752672 0.946379431365 0.0782624997844 0.068608
0.964828375267 0.9474529998 0.0868999068777 0.086336
0.972182837527 0.948730759853 0.0915924296224 0.082624
0.982818283753 0.95076864468 0.112778848625 0.06144
0.991981828375 0.94901180255 0.11780727467 0.049728
0.986598182838 0.945637816851 0.117495217334 0.050752
0.989659818284 0.945268219853 0.135799221211 0.0448
0.989965981828 0.943196783675 0.133830951006 0.035648
0.980996598183 0.943296658609 0.128013047817 0.046144
0.978299659818 0.940683373897 0.117666415645 0.05248
0.983429965982 0.939199667845 0.115236333721 0.044224
0.978542996598 0.938690466503 0.126406525488 0.051776
0.97535429966 0.936619784074 0.124471776387 0.050688
0.987635429966 0.934019042778 0.117791575075 0.036224
0.987963542997 0.934946277996 0.11811925545 0.034432
0.9870963543 0.935153171311 0.130911172735 0.033216
0.99420963543 0.931824285394 0.136941465813 0.031232
0.987720963543 0.929696308933 0.13310367827 0.034048
0.978072096354 0.926791786672 0.120864682308 0.047808
0.980707209635 0.927611121816 0.11930944148 0.042048
0.990870720964 0.928501983642 0.108926078097 0.035264
0.993687072096 0.932809257173 0.123798357814 0.037568
0.99486870721 0.929986725896 0.115075694597 0.0368
0.994986870721 0.932196737073 0.109301703376 0.035008
0.989598687072 0.934220596517 0.120273824239 0.033088
0.995359868707 0.931925886715 0.106062497918 0.020224
0.989635986871 0.932764100951 0.110807544803 0.027776
0.989063598687 0.933875852258 0.116931015053 0.03904
0.980006359869 0.932758123753 0.120630166062 0.046848
0.988100635987 0.932630862141 0.12941583708 0.02944
0.970010063599 0.931658797056 0.125892945695 0.04576
0.98710100636 0.932053411785 0.104941334757 0.02848
0.964510100636 0.93498560752 0.0856038295285 0.053504
0.960451010064 0.939864247555 0.0750102172496 0.08544
0.986145101006 0.944596396806 0.0825178118821 0.047552
0.995014510101 0.946724599478 0.0870123162087 0.02112
0.99680145101 0.948756183986 0.099556295962 0.021696
0.990680145101 0.94761343517 0.105565599656 0.021504
0.97926801451 0.94862074256 0.120059392083 0.049024
0.988026801451 0.94513071124 0.109463424899 0.044544
0.988902680145 0.945437151296 0.120711022571 0.029824
0.995290268015 0.94239123656 0.123524665161 0.021952
0.986029026801 0.940147660911 0.105293111433 0.034816
0.98600290268 0.939858309695 0.0908185953095 0.048896
0.996800290268 0.942875931802 0.0875146640728 0.030656
0.996980029027 0.946732914949 0.0897951908582 0.017536
0.996998002903 0.946100267202 0.11164676832 0.01792
0.99609980029 0.942131955094 0.118401035149 0.021888
0.992409980029 0.940909835869 0.115982439101 0.041152
0.982140998003 0.940982533421 0.118142659253 0.044992
0.9964140998 0.940824649877 0.113916357185 0.039552
0.99334140998 0.940900471756 0.115948890251 0.046912
0.986734140998 0.939872361686 0.133708056933 0.048704
0.9905734141 0.936136803204 0.149660789806 0.02656
0.98645734141 0.932074402093 0.156362515999 0.026432
0.990545734141 0.929978708254 0.151568572471 0.029888
0.991854573414 0.927137914009 0.151905529734 0.0256
0.982985457341 0.923787353957 0.143603916692 0.04224
0.997398545734 0.921458685883 0.125845449143 0.028288
0.979939854573 0.922284246345 0.148037282613 0.052096
0.989893985457 0.916371402274 0.144496391157 0.021312
0.995389398546 0.914104093638 0.151406754572 0.017792
0.995938939855 0.913052061304 0.137739974774 0.02112
0.998693893985 0.915178267766 0.134640117828 0.01344
0.989969389399 0.916884735772 0.145514893291 0.022464
0.98909693894 0.914331918162 0.145696836245 0.0256
0.993509693894 0.913039574796 0.151509184298 0.01792
0.993950969389 0.911211068456 0.152596564875 0.016448
0.990395096939 0.910258233205 0.155040868125 0.025024
0.981939509694 0.911547280278 0.158211734508 0.040256
0.992793950969 0.910556691562 0.156890930954 0.028224
0.992979395097 0.911020811419 0.146501143419 0.027968
0.98129793951 0.911478047653 0.137963910443 0.03264
0.992729793951 0.912014804556 0.148538010038 0.029888
0.981272979395 0.908823351234 0.141149592107 0.030208
0.98822729794 0.909015563772 0.149149784093 0.028672
0.983522729794 0.909879053968 0.138519279189 0.0368
0.987552272979 0.911721011265 0.13687836394 0.040064
0.987955227298 0.914049629276 0.123580383943 0.033472
0.97539552273 0.918625066804 0.136655275267 0.0464
0.981339552273 0.917845759678 0.144400491607 0.05824
0.974733955227 0.916770400499 0.149344490132 0.07424
0.973173395523 0.91472028058 0.12761855034 0.071104
0.991917339552 0.917371947604 0.131194868484 0.044672
0.982991733955 0.916870455969 0.136720809639 0.048832
0.986599173396 0.914091123946 0.135461287447 0.047808
0.99595991734 0.915473292667 0.129536173787 0.042048
0.989695991734 0.915554221552 0.130670023448 0.054208
0.989969599173 0.915545791017 0.116010406686 0.053248
0.989096959917 0.91862040355 0.118447708278 0.0704
0.984509695992 0.91777622308 0.112551318924 0.0704
0.976850969599 0.92102149309 0.10811930051 0.058944
0.98958509696 0.924478558245 0.101605440844 0.042816
0.989958509696 0.929458730295 0.1097630038 0.036288
0.99449585097 0.929507408286 0.106040625195 0.017472
0.987749585097 0.930897439457 0.10752995173 0.026752
0.99427495851 0.932896297489 0.10050502575 0.030656
0.995827495851 0.936436518564 0.0892246769823 0.024576
0.990582749585 0.939625711328 0.0787463398079 0.029568
0.995458274959 0.941215070332 0.0877118488805 0.01824
0.970745827496 0.940696918082 0.091158892729 0.046912
0.98717458275 0.941700491569 0.0946911614082 0.044864
0.987017458275 0.94129466448 0.0930695770753 0.036928
0.979801745827 0.941767007911 0.0906537720106 0.043072
0.979080174583 0.943709625392 0.0998622980197 0.04448
0.989808017458 0.940817134069 0.0905503509086 0.037248
0.985480801746 0.942119134685 0.0930793297655 0.039552
0.988648080175 0.941660581464 0.0851078878049 0.025024
0.989864808017 0.942962135282 0.0956181450775 0.038784
0.997186480802 0.942591499201 0.0997552992084 0.025088
0.99791864808 0.94133025685 0.0801584412473 0.021696
0.988991864808 0.944978832577 0.0830912916738 0.025664
0.988999186481 0.946278883372 0.086812768498 0.032448
0.975499918648 0.947917231825 0.0784830252981 0.049216
0.995749991865 0.951018358397 0.0851449333558 0.045824
0.986974999186 0.951328373927 0.0806271351655 0.050432
0.988797499919 0.950629802176 0.0812109452842 0.041728
0.974579749992 0.952152655153 0.0653481582309 0.067328
0.974957974999 0.95566929916 0.0747560038282 0.055552
0.9938957975 0.955643768108 0.0899737463344 0.0464
0.98498957975 0.955258641352 0.0890611354323 0.060928
0.995798957975 0.956020293917 0.0999811018838 0.045632
0.993279895797 0.953894165927 0.135417268265 0.042048
0.98762798958 0.95001118202 0.1454540621 0.046656
0.994262798958 0.944986099776 0.158624596892 0.038592
0.977826279896 0.940502963744 0.145071059625 0.062272
0.99418262799 0.935181416035 0.136013067535 0.040256
0.985918262799 0.932496109391 0.148504801209 0.034624
0.98419182628 0.925713324323 0.140393538623 0.035712
0.988519182628 0.923460417159 0.12842294493 0.028928
0.993451918263 0.923620379965 0.102652015084 0.02624
0.994845191826 0.929845791626 0.102797994794 0.01824
0.987784519183 0.931390479264 0.100295676995 0.04096
0.984378451918 0.93397176555 0.105791252033 0.045952
0.988537845192 0.934536478935 0.0956609510343 0.029184
0.989853784519 0.937191790704 0.0829085733921 0.033088
0.988185378452 0.94221282574 0.0718899540747 0.045312
0.979918537845 0.947437439044 0.0767800386987 0.042432
0.988991853785 0.950645485027 0.0846283024285 0.052736
0.996199185378 0.951138399411 0.0855417216865 0.040704
0.985219918538 0.949477502288 0.0840880633837 0.042624
0.996721991854 0.949989088075 0.0918045453563 0.035712
0.969972199185 0.949343568154 0.105022340999 0.055424
0.981697219919 0.946858982844 0.0893556107133 0.037632
0.992769721992 0.948825047817 0.0793800939812 0.02432
0.986676972199 0.952742872794 0.0915939444382 0.031872
0.98606769722 0.951313521602 0.0830774771884 0.03616
0.986006769722 0.950717050959 0.0874099454048 0.03776
0.982400676972 0.949509682059 0.0883884833114 0.043328
0.977540067697 0.949492483699 0.0762204764958 0.04384
0.98425400677 0.951415211698 0.0851972698038 0.047552
0.997525400677 0.949794192722 0.0793835453871 0.025152
0.994352540068 0.950503464812 0.0831638435528 0.040576
0.994035254007 0.951424074028 0.0938852470281 0.030464
0.982303525401 0.951329491555 0.0994220654471 0.058496
0.98023035254 0.951033130824 0.0954930891756 0.061312
0.991723035254 0.952168804755 0.109940752201 0.033344
0.978472303525 0.949965773646 0.123022359567 0.067264
0.987047230353 0.947567321637 0.142983959498 0.053824
0.990604723035 0.942638112989 0.129605813634 0.048576
0.987360472304 0.942766653369 0.138329183492 0.047872
0.99063604723 0.93825570475 0.132618850085 0.05664
0.994563604723 0.936316717993 0.125671511484 0.031808
0.994056360472 0.934502711355 0.129275811798 0.025472
0.984105636047 0.932737617208 0.12209989511 0.041088
0.991210563605 0.930970446611 0.101694296354 0.033792
0.99282105636 0.931277042527 0.0990561363418 0.018944
0.992082105636 0.934012862249 0.108728344127 0.024064
0.988408210564 0.933943576204 0.106851995039 0.030848
0.981740821056 0.936550117384 0.100010008868 0.026304
0.991874082106 0.937502569536 0.0989813472346 0.023808
0.990187408211 0.937348291245 0.0840636359448 0.022336
0.994518740821 0.940783893123 0.0766536882738 0.02336
0.988651874082 0.943225126754 0.0939263909783 0.030336
0.987165187408 0.942912833563 0.0837795540667 0.0272
0.995116518741 0.945299219775 0.0954228906182 0.031808
0.996811651874 0.945556486262 0.101919982089 0.033408
0.987981165187 0.945083155015 0.111652232823 0.044544
0.984398116519 0.94324432821 0.0971986193524 0.036544
0.988539811652 0.944069695562 0.0853361742009 0.037056
0.972753981165 0.948968594002 0.0904545110564 0.061184
0.983775398117 0.950756842597 0.0895276381241 0.054848
0.976777539812 0.952858225967 0.104946893986 0.060096
0.977877753981 0.949397813443 0.107257378974 0.05568
0.986987775398 0.946488589054 0.101519230842 0.045248
0.98879877754 0.944227270638 0.1010885738 0.034112
0.983579877754 0.943267210716 0.0925886896287 0.048128
0.978557987775 0.944628406549 0.0784922515918 0.060864
0.987955798778 0.946971503189 0.0650420203719 0.046336
0.978095579878 0.95082811579 0.0691448365941 0.05824
0.990609557988 0.95235128204 0.0705284044399 0.051008
0.987360955799 0.954338800821 0.0743138618485 0.069312
0.98793609558 0.955436744807 0.0800270907732 0.05792
0.991593609558 0.954293621726 0.0805875000533 0.05344
0.964059360956 0.954471871405 0.0898620369264 0.060864
0.970305936096 0.953719137852 0.0733354355316 0.094336
0.98533059361 0.953950992216 0.0650929399347 0.066368
0.988633059361 0.955183273054 0.0956764780514 0.052736
0.988063305936 0.950286487298 0.11625831086 0.056128
0.983506330594 0.945723118749 0.129407212451 0.062016
0.986650633059 0.942613746762 0.129075210926 0.067776
0.986065063306 0.939091423452 0.107110225432 0.052992
0.989606506331 0.942293733993 0.118327220414 0.037184
0.982760650633 0.938929666606 0.115937967418 0.047232
0.991976065063 0.935395950466 0.102807730479 0.023744
0.984797606506 0.936395933782 0.0853641551014 0.039424
0.977779760651 0.941165376992 0.0964274100573 0.052736
0.983377976065 0.941729086919 0.0934425248394 0.035008
0.982137797607 0.944584769603 0.0838974843177 0.03456
0.979313779761 0.946531033119 0.106885885955 0.048192
0.962831377976 0.944787699846 0.0894060550892 0.060288
0.986383137798 0.948152610092 0.0970671218018 0.048512
0.98693831378 0.946764154369 0.0882620005903 0.046592
0.994193831378 0.946155998672 0.0749320362381 0.033728
0.976919383138 0.949537144366 0.0862707653369 0.050688
0.991391938314 0.948249411809 0.0890479350022 0.039936
0.997339193831 0.948204771053 0.0849863458841 0.03712
0.991633919383 0.948933778289 0.0792357125903 0.032384
0.984763391938 0.950004274604 0.0811366760795 0.038464
0.995776339194 0.949712327323 0.0804451354927 0.025792
0.981577633919 0.950241570316 0.0796955285191 0.043328
0.977457763392 0.950624823097 0.0904960706267 0.038208
0.992345776339 0.949544856165 0.102349037247 0.027968
0.991134577634 0.947354715397 0.0969872883883 0.032384
0.995513457763 0.947871933889 0.0989768381789 0.030208
0.996851345776 0.946898587568 0.112372093612 0.024128
0.992485134578 0.9400081006 0.124317361024 0.025856
0.994748513458 0.932741497106 0.113975082928 0.028992
