0.2097 0.88676006546 0.39095838496 0.768704
0.32427 0.981422917768 0.452996325366 1.397312
0.405027 0.995046702788 0.481106362143 1.85984
0.5067027 0.998864905134 0.467114923492 2.096256
0.57267027 0.999873066744 0.425564609205 2.100352
0.680967027 0.999020324971 0.407098335355 1.872128
0.7493967027 0.996306721963 0.392028602421 1.617152
0.83453967027 0.99204590448 0.384046194462 1.1424
0.872753967027 0.986139941935 0.394008140637 0.736256
0.908075396703 0.978432183802 0.378998328239 0.501888
0.92510753967 0.969121271529 0.352145491063 0.278336
0.966410753967 0.957976073673 0.299035313538 0.1152
0.971441075397 0.948558770749 0.275928251269 0.086336
0.98904410754 0.937673637864 0.239566863662 0.053568
0.994404410754 0.926911754979 0.214941566273 0.033408
0.981440441075 0.918476401375 0.208628904863 0.052352
0.984644044108 0.905711081377 0.192234822368 0.04832
0.995764404411 0.903637647796 0.19860585433 0.025472
0.982476440441 0.897828781459 0.172826754154 0.04704
0.972147644044 0.897480970781 0.198318227001 0.068608
0.976514764404 0.891400244139 0.205007435478 0.071552
0.98055147644 0.889344199287 0.192092042223 0.068032
0.983655147644 0.891909899837 0.21969265305 0.057024
0.981265514764 0.883181893934 0.214437833613 0.062464
0.992726551476 0.880799975692 0.208682694419 0.034496
0.992072655148 0.877891197708 0.215344548213 0.03552
0.998307265515 0.877779789595 0.206681347223 0.042816
0.957530726551 0.879901948805 0.205597895753 0.089664
0.984053072655 0.878747524383 0.195533620943 0.04544
0.925505307266 0.881765243353 0.190879395358 0.114944
0.950250530727 0.88241973132 0.215526255779 0.145024
0.979725053073 0.878039109349 0.192252984439 0.0832
0.979972505307 0.881500929802 0.208925676524 0.078144
0.996197250531 0.877896372542 0.198560925265 0.063424
0.983419725053 0.878435821043 0.195081136681 0.083776
0.971341972505 0.88306692235 0.188295334716 0.102272
0.980034197251 0.88545524924 0.211590760573 0.075648
0.984503419725 0.881041300181 0.197671899124 0.073344
0.990350341973 0.882037915368 0.198074423124 0.074368
0.981035034197 0.88177403404 0.179503986411 0.092608
0.98820350342 0.883372308447 0.154881341858 0.080832
0.978120350342 0.892639530769 0.142085127549 0.092352
0.991512035034 0.89776711709 0.137612822601 0.058752
0.991051203503 0.903005785089 0.159113111267 0.073472
0.98560512035 0.89974927899 0.165636670064 0.078208
0.980560512035 0.896028133815 0.192479418165 0.088
0.985456051204 0.888970439816 0.179131268761 0.06464
0.99314560512 0.887251786034 0.187049971293 0.067648
0.984014560512 0.885762936488 0.179501498863 0.080064
0.979501456051 0.88691176404 0.166166512614 0.057792
0.989850145605 0.890755663234 0.157718552078 0.059136
0.968385014561 0.892735962939 0.187599612347 0.0848
0.992338501456 0.892527279741 0.190736600234 0.048768
0.992933850146 0.890181116111 0.172958324411 0.04544
0.988493385015 0.891048951405 0.174692021054 0.062464
0.991649338501 0.890545683056 0.16185621074 0.030848
0.97756493385 0.894704947588 0.176434957483 0.044352
0.986056493385 0.892562048571 0.173452047341 0.040256
0.986005649339 0.89274726879 0.169051386885 0.045312
0.970700564934 0.893076169948 0.168010065834 0.043968
0.988970056493 0.893203005408 0.187504757764 0.040128
0.983597005649 0.890106804834 0.179965879346 0.049792
0.981259700565 0.890269763283 0.18658556611 0.043904
0.987325970056 0.887503855135 0.174779910881 0.041344
0.986132597006 0.889066683786 0.162251968045 0.031744
0.994113259701 0.894184971945 0.165139513664 0.0336
0.97511132597 0.896228876727 0.162455436191 0.041984
0.986711132597 0.897269234761 0.160007539994 0.041856
0.98697111326 0.898564084581 0.152707334095 0.031168
0.987897111326 0.90034560041 0.155238424542 0.033728
0.995189711133 0.902751250461 0.167773649635 0.02464
0.982418971113 0.900406013418 0.172591735114 0.049024
0.980241897111 0.895489049131 0.157200662895 0.038912
0.991724189711 0.898561481661 0.134615381212 0.025024
0.991972418971 0.903505882232 0.145942826196 0.030528
0.988397241897 0.907079303275 0.186021198272 0.022912
0.98713972419 0.899497285379 0.185789847397 0.024768
0.986113972419 0.899027295256 0.173500959107 0.030144
0.980611397242 0.901972426843 0.171488352079 0.040448
0.986361139724 0.897985792649 0.146795635509 0.0368
0.991436113972 0.903758223007 0.163320806639 0.033792
0.994643611397 0.900736717697 0.155193393148 0.031232
0.99316436114 0.899652664607 0.163282170602 0.033344
0.990316436114 0.899615803398 0.167406105371 0.035264
0.996331643611 0.903157236359 0.158232478378 0.025088
0.981633164361 0.904283957449 0.170611942789 0.051456
0.991863316436 0.903677696426 0.198939930476 0.02976
0.989286331644 0.894688802798 0.215084038485 0.030784
0.993528633164 0.888816093814 0.208423166602 0.028544
0.993052863316 0.889434176144 0.184586133622 0.025728
0.993005286332 0.890523497843 0.180397734821 0.029824
0.991200528633 0.891745309504 0.189492627493 0.034368
0.980220052863 0.889130472761 0.189718291194 0.047744
0.987222005286 0.884964142201 0.156849551735 0.031936
0.996922200529 0.891935675516 0.135402910571 0.02304
0.986192220053 0.898335563896 0.120441509554 0.041344
0.995919222005 0.908110805171 0.142517615878 0.036224
0.982491922201 0.908396101317 0.164393934734 0.037504
0.97034919222 0.90412275615 0.163880763173 0.06912
0.983534919222 0.903632943471 0.184742209638 0.039616
0.970453491922 0.89869978314 0.169716672453 0.059328
0.991645349192 0.897418680587 0.175172600049 0.04736
0.992864534919 0.898368353654 0.170379377012 0.05312
0.996586453492 0.899104312806 0.172310567251 0.058496
0.974458645349 0.895501223435 0.178116082466 0.076544
0.989345864535 0.894036916839 0.176806938313 0.067264
0.989034586453 0.893494782405 0.179344127735 0.040192
0.986303458645 0.893672465585 0.18079746124 0.043328
0.986930345865 0.893726663334 0.190336119906 0.034112
0.983393034586 0.89040468895 0.201097739997 0.04928
0.988439303459 0.887987468522 0.21894114471 0.047488
0.970943930346 0.882385627917 0.189897440792 0.070144
0.985394393035 0.883963295037 0.176216322287 0.054208
0.980539439303 0.888091250208 0.20224772151 0.07168
0.96115394393 0.883225069838 0.206860819964 0.084864
0.965515394393 0.87940660128 0.214044075791 0.09856
0.991151539439 0.875979957336 0.198883702364 0.060352
0.973915153944 0.876649869835 0.207797289726 0.0752
0.993791515394 0.874224375534 0.202876855191 0.059264
0.991279151539 0.874610194351 0.194967958912 0.05024
0.974827915154 0.876604541014 0.185696030011 0.081344
0.959682791515 0.877540947868 0.186367938882 0.086784
0.993268279152 0.8793579264 0.172727919692 0.059328
0.988526827915 0.884303043781 0.155709140844 0.06752
0.984452682792 0.88858125196 0.179159029487 0.076736
0.984945268279 0.888908959184 0.171597551063 0.077632
0.994894526828 0.889687335387 0.18472188777 0.069568
0.967989452683 0.88889026012 0.18820006103 0.09568
0.975198945268 0.891309115629 0.188787821572 0.091008
0.988519894527 0.890158041476 0.197012603604 0.094976
0.995251989453 0.885456036573 0.188117448367 0.081792
0.990525198945 0.886179637869 0.195247053635 0.085952
0.968452519895 0.885144780955 0.187575041281 0.111296
0.990545251989 0.883392871533 0.201050184212 0.096384
0.964854525199 0.877889633494 0.219839237683 0.138432
0.98208545252 0.874285730152 0.201542667087 0.114176
0.989208545252 0.874926129092 0.223339816933 0.114688
0.988120854525 0.87166003143 0.218513737639 0.1216
0.979012085453 0.870211832188 0.206684034417 0.060032
0.992501208545 0.868682866459 0.193800032666 0.033152
0.998350120855 0.871542613158 0.165170390165 0.017536
0.994435012085 0.88006993787 0.15958617002 0.019264
0.983243501209 0.888808042865 0.177437853116 0.03488
0.993824350121 0.888598535554 0.1894278977 0.028032
0.992182435012 0.886093473269 0.214719603758 0.022976
0.995618243501 0.880004514785 0.213058481427 0.013312
0.99956182435 0.87907198559 0.221439596589 0.010816
0.999056182435 0.874797965106 0.211953246549 0.013184
0.993605618244 0.875568823469 0.202893980986 0.021312
0.994860561824 0.874389693326 0.192658261579 0.02944
0.994986056182 0.878664110242 0.187615434817 0.018432
0.994098605618 0.880543086888 0.196766246749 0.016064
0.986809860562 0.879687832627 0.206473055191 0.028864
0.990580986056 0.875662668175 0.189511101285 0.024896
0.992758098606 0.874847423376 0.170716324956 0.019904
0.985775809861 0.881131328776 0.175741743526 0.02976
0.980577580986 0.885214362094 0.190993561267 0.040704
0.989957758099 0.881407194759 0.182670738032 0.038848
0.98009577581 0.882943154047 0.174640345779 0.050048
0.985409577581 0.886487305845 0.160503258907 0.040384
0.991340957758 0.888689426857 0.184469330102 0.035584
0.997334095776 0.886805877682 0.187692552662 0.041728
0.995233409578 0.883254548304 0.193060139349 0.028352
0.993223340958 0.882635683863 0.153145513909 0.02048
0.985822334096 0.892558428107 0.163949913351 0.035136
0.97878223341 0.893132790397 0.170984743927 0.053376
0.986178223341 0.8920801823 0.151245992246 0.0384
0.998617822334 0.898064287097 0.149992928251 0.027008
0.992661782233 0.900516826032 0.155088709308 0.0432
0.992966178223 0.90021093057 0.168420492732 0.032832
0.988496617822 0.89949057035 0.160623962416 0.048
0.958349661782 0.899427203727 0.165169038347 0.079104
0.987734966178 0.898799618794 0.151853890182 0.052736
0.984373496618 0.900589501832 0.17728547235 0.059904
0.985837349662 0.897592208318 0.157367995597 0.039104
0.988683734966 0.901902480989 0.149464214066 0.044608
0.993468373497 0.902161914778 0.148018591699 0.034944
0.99664683735 0.905038415883 0.142829569235 0.024448
0.983464683735 0.907863843289 0.161754566566 0.03424
0.992946468373 0.909715609913 0.175326791206 0.022976
0.992094646837 0.910642568275 0.18346849383 0.038912
0.993809464684 0.909658667958 0.210735834897 0.035136
0.990380946468 0.904361731876 0.214532446774 0.037952
0.982838094647 0.900257383703 0.230977314009 0.027328
0.978483809465 0.895960744499 0.214610670619 0.040768
0.966348380946 0.894437059061 0.223812489576 0.057408
0.971434838095 0.888994669866 0.225771356919 0.084096
0.987243483809 0.887430384422 0.20873015646 0.0512
0.982524348381 0.888144865231 0.208220598557 0.049088
0.986552434838 0.8859380071 0.193792921299 0.04032
0.988755243484 0.884409708558 0.209359498768 0.034176
0.972775524348 0.880386013667 0.171660939416 0.054208
0.995477552435 0.883893342297 0.161127051254 0.024192
0.985147755243 0.887365832944 0.151874331603 0.050368
0.994014775524 0.891869020043 0.13945330324 0.038464
0.995801477552 0.895688019515 0.160134414045 0.031552
0.993280147755 0.897800019279 0.18243410123 0.032192
0.994828014776 0.893490970418 0.198857804647 0.022912
0.997682801478 0.88658136617 0.177924653795 0.023872
0.990768280148 0.886919421591 0.177064745562 0.033728
0.986476828015 0.888476601298 0.143544468356 0.036352
0.995047682801 0.896845496215 0.121523558262 0.01856
0.98060476828 0.9042132754 0.11871088589 0.047744
0.987260476828 0.910931051183 0.119332269423 0.04544
0.981626047683 0.913637732189 0.136731816816 0.038144
0.990962604768 0.912714768525 0.142457813607 0.032064
0.990096260477 0.912114083683 0.171825808789 0.03392
0.986409626048 0.90669739647 0.132161640009 0.03936
0.994140962605 0.909627534251 0.143362734791 0.03296
0.99491409626 0.910255863613 0.147351345863 0.016512
0.985991409626 0.909498360539 0.145436380964 0.027584
0.983299140963 0.910831257135 0.172199302327 0.048384
0.991129914096 0.906262267559 0.14090902954 0.04896
0.98111299141 0.911278856205 0.137420452896 0.062656
0.995411299141 0.913192275703 0.126537195173 0.039104
0.986941129914 0.917514593663 0.151802598787 0.03936
0.983394112991 0.911791571729 0.136589281467 0.039936
0.992939411299 0.911369593438 0.120746697406 0.025088
0.98489394113 0.916116907309 0.126191369494 0.030976
0.972389394113 0.918774551163 0.116820017516 0.054848
0.984638939411 0.923463083821 0.11334530702 0.037312
0.967863893941 0.926433871409 0.119645945088 0.054656
0.991386389394 0.924533733491 0.129418803517 0.033024
0.977538638939 0.922789432168 0.144211888532 0.04832
0.976153863894 0.920351988042 0.14918289075 0.064832
0.980515386389 0.920878112729 0.163643985866 0.065792
0.992651538639 0.916755595088 0.155419661177 0.0416
0.983965153864 0.914205355361 0.170671250238 0.050176
0.983096515386 0.908370772034 0.149004622005 0.040256
0.964109651539 0.908388820221 0.13510435457 0.071168
0.964010965154 0.914871491651 0.138895222448 0.05408
0.991901096515 0.918537310438 0.157017731378 0.049344
0.979390109652 0.918334581015 0.164186185717 0.059136
0.979039010965 0.918149437199 0.156202206346 0.057728
0.990703901097 0.918087847199 0.155529586101 0.053952
0.98197039011 0.918046432082 0.165720013035 0.066752
0.963097039011 0.911399289062 0.137066099043 0.083648
0.973809703901 0.910428196651 0.0995880050249 0.099008
0.98478097039 0.919487301014 0.106862555801 0.058048
0.986778097039 0.924531954069 0.149052361384 0.062784
0.978877809704 0.919835756637 0.161988570652 0.078592
0.97538778097 0.917519348768 0.170526928848 0.068608
0.989438778097 0.908996772552 0.176543537078 0.04672
0.98454387781 0.908266179478 0.176422849538 0.04672
0.990354387781 0.908805935216 0.190913651417 0.056064
0.986435438778 0.901081543744 0.182474984969 0.035968
0.992343543878 0.89785736237 0.182720303699 0.034496
0.983034354388 0.897852332842 0.177024164868 0.054784
0.981203435439 0.899033336615 0.165649788865 0.046336
0.990020343544 0.901446906868 0.166952123549 0.043648
