0.2322 0.886795977606 0.373263629487 0.766528
0.31212 0.981397664456 0.322452669019 1.388288
0.388512 0.995023987185 0.269680864018 1.852288
0.4483512 0.998822713775 0.239093886918 2.212608
0.54703512 0.999869654473 0.256710989903 2.247808
0.630703512 0.999152981504 0.276294041493 2.26112
0.7056703512 0.997127545087 0.291161038185 2.013632
0.78246703512 0.994055316035 0.265778493076 1.690432
0.786546703512 0.990319200509 0.222500870958 1.399808
0.835554670351 0.984847905108 0.187290302896 1.079424
0.912455467035 0.979602628668 0.17736753619 0.597888
0.907545546704 0.971931316625 0.163889116858 0.26304
0.92955455467 0.965675512727 0.156909202171 0.172736
0.971355455467 0.959530712611 0.141086615443 0.0976
0.945835545547 0.955456555166 0.114338098725 0.101632
0.953183554555 0.952997240965 0.0943246673297 0.104704
0.959318355455 0.953018279778 0.0760830801001 0.074944
0.976131835546 0.95564487017 0.0784064563035 0.082688
0.971513183555 0.955850778107 0.0790763128384 0.08448
0.933251318355 0.955055878409 0.0738981886258 0.109376
0.959125131836 0.957282045944 0.102429970754 0.077824
0.957212513184 0.954592782556 0.112689924536 0.093248
0.967821251318 0.952092783857 0.114056698612 0.089344
0.931082125132 0.950586843254 0.125371688472 0.116608
0.967008212513 0.946344304707 0.105488976776 0.086336
0.931000821251 0.944858607257 0.0990709298333 0.128896
0.927400082125 0.944654815035 0.0964789733726 0.175936
0.961240008213 0.944814647061 0.0735861035557 0.12352
0.963724000821 0.949274631057 0.0678835384447 0.110656
0.953172400082 0.951759496769 0.0694288081866 0.113984
0.967417240008 0.955425986817 0.0650396733272 0.142528
0.973341724001 0.957769747475 0.0668426200423 0.130688
0.9703341724 0.959327541666 0.0913536753476 0.105984
0.97003341724 0.956314661818 0.10453041342 0.107136
0.963703341724 0.952325144545 0.0904257293127 0.09376
0.946870334172 0.950675579385 0.0974020348494 0.115648
0.953287033417 0.949171507418 0.0916919831569 0.106688
0.962028703342 0.948174999963 0.0964684465498 0.106048
0.970102870334 0.946034055854 0.108906191082 0.103744
0.961010287033 0.942844833177 0.107238329529 0.085504
0.933101028703 0.943344020564 0.111881396312 0.123648
0.97891010287 0.942058578291 0.10790597579 0.057856
0.987091010287 0.943277962926 0.0905226410938 0.06112
0.978909101029 0.94468342729 0.107133769487 0.050304
0.969990910103 0.941207897626 0.118645550204 0.057984
0.98079909101 0.938289402545 0.11948973645 0.041664
0.988179909101 0.938083614275 0.11107771519 0.036544
0.97631799091 0.941128397311 0.104643300483 0.041472
0.984131799091 0.941483836446 0.0972251852616 0.053888
0.989413179909 0.941549906802 0.0976834943358 0.057152
0.932341317991 0.94052257585 0.105970080297 0.095488
0.947334131799 0.941291568743 0.126574813666 0.117568
0.92633341318 0.937062554183 0.120015394756 0.162624
0.936833341318 0.938417846754 0.122383682523 0.16128
0.927083334132 0.938249210066 0.128655767438 0.161152
0.924308333413 0.935187058048 0.117812451316 0.182144
0.955530833341 0.931896308047 0.125932605651 0.176384
0.969453083334 0.929773688191 0.111120727313 0.107008
0.954645308333 0.933595113457 0.126307320999 0.119104
0.963964530833 0.932733438256 0.149280885825 0.130624
0.971196453083 0.926102738722 0.145783296964 0.101056
0.978219645308 0.92439614402 0.139148503369 0.082624
0.985221964531 0.924116083226 0.110539276032 0.085568
0.981422196453 0.929395574833 0.092289756801 0.090688
0.963042219645 0.934972418362 0.0807676127144 0.093248
0.983704221965 0.93972197032 0.0990417316753 0.096192
0.976770422196 0.939579410462 0.108404021518 0.094336
0.97967704222 0.936871918518 0.100039275679 0.092352
0.942167704222 0.937221632434 0.116957107407 0.13632
0.945616770422 0.932725177561 0.109279044121 0.123264
0.977461677042 0.932584812006 0.108596356663 0.07776
0.990546167704 0.934771457081 0.101630508276 0.068672
0.98915461677 0.936830044372 0.096239907675 0.064384
0.962015461677 0.941670244767 0.0922095251721 0.07232
0.989901546168 0.944163487295 0.111346197407 0.070592
0.990890154617 0.94092561258 0.107975132842 0.053056
0.977489015462 0.941232831879 0.0995512442308 0.050496
0.968948901546 0.942948145051 0.0899807426366 0.075712
0.963594890155 0.945945436137 0.0958256277348 0.102528
0.974759489015 0.944407252116 0.107495857195 0.093888
0.957875948902 0.944688669365 0.0971636744577 0.11232
0.94898759489 0.945537331507 0.120970211267 0.123584
0.982298759489 0.945883376184 0.1330309447 0.0896
0.985629875949 0.944441034786 0.128486952442 0.06496
0.945462987595 0.943942135161 0.124787428734 0.10272
0.962146298759 0.943903013926 0.115786602624 0.1152
0.974614629876 0.942824911277 0.113652526706 0.10368
0.967761462988 0.942222148701 0.103322147836 0.114944
0.980576146299 0.94306482355 0.106501153384 0.06432
0.96655761463 0.94350686026 0.108353309264 0.09024
0.977755761463 0.942450556913 0.109921821323 0.06016
0.968975576146 0.939992595794 0.119185437932 0.09376
0.980697557615 0.936852538977 0.12717336919 0.06304
0.967469755761 0.935281591784 0.126026995244 0.081024
0.986846975576 0.931259482223 0.127405481049 0.059392
0.967184697558 0.928783075822 0.142218993757 0.06464
0.973318469756 0.924599361608 0.156345158294 0.077184
0.970331846976 0.9212314985 0.163800594293 0.09248
0.983533184698 0.919242317938 0.170247219699 0.089728
0.99115331847 0.916367019559 0.172827287298 0.026112
0.997315331847 0.914530846948 0.179168519425 0.020864
0.980831533185 0.913364997745 0.173459780392 0.037184
0.993583153318 0.913501118164 0.165931762081 0.030528
0.985858315332 0.911887623745 0.173831885077 0.0528
0.998585831533 0.903602635841 0.164306273803 0.019008
0.978258583153 0.902047427343 0.154382544294 0.051584
0.979825858315 0.903649046585 0.132679816245 0.054464
0.991682585832 0.910083807588 0.118202934664 0.03392
0.929868258583 0.916803391365 0.0902830636429 0.115904
0.936286825858 0.925096360918 0.098920654218 0.147712
0.945928682586 0.927677339977 0.111309557001 0.128256
0.955892868259 0.927773402676 0.123046247329 0.109312
0.945189286826 0.927171978369 0.126527088116 0.106496
0.950418928683 0.927609759302 0.13345013358 0.11104
0.983341892868 0.928809315804 0.124729901557 0.049472
0.977634189287 0.927238651222 0.119373026846 0.06656
0.971663418929 0.930367984831 0.119631158456 0.045056
0.947666341893 0.928116788075 0.11562304797 0.105664
0.977666634189 0.927188702919 0.127597270315 0.08736
0.953666663419 0.923944840181 0.118521069888 0.104896
0.963866666342 0.927390983468 0.126149759875 0.105344
0.983786666634 0.928651763119 0.118849228108 0.065472
0.983978666663 0.93020414336 0.111909826588 0.07584
0.993897866666 0.929251415525 0.115463215322 0.05248
0.963389786667 0.930198796218 0.123413910292 0.076992
0.985538978667 0.930777111491 0.129493763521 0.062592
0.976053897867 0.927401355627 0.128372355026 0.077184
0.975105389787 0.927046001276 0.128989626519 0.093248
0.975010538979 0.926751538799 0.143151608703 0.057152
0.966901053898 0.924190840722 0.159009050614 0.069888
0.97599010539 0.921335154494 0.154121220592 0.044608
0.985899010539 0.920616372838 0.164904618599 0.0368
0.989589901054 0.917127852172 0.158171563274 0.027072
0.981858990105 0.913842998802 0.145215522046 0.037952
0.981085899011 0.915022415582 0.136711492297 0.039616
0.978308589901 0.917940689465 0.140792025345 0.056448
0.97443085899 0.917951052556 0.125585992217 0.069504
0.980343085899 0.92076479779 0.129900101036 0.046848
0.95483430859 0.922463445189 0.113927438839 0.084992
0.976583430859 0.926093750191 0.144796231273 0.065984
0.965258343086 0.92205765475 0.16257012587 0.075264
0.983025834309 0.916469867785 0.157343513379 0.054208
0.977602583431 0.913881429026 0.141964023581 0.059584
0.981560258343 0.916237126142 0.155844530619 0.0624
0.982856025834 0.914172378144 0.161238920413 0.05088
0.990185602583 0.909704583424 0.146255171934 0.0544
0.947718560258 0.911892143775 0.134686426779 0.110976
0.979471856026 0.916052008685 0.136280770106 0.07744
0.963747185603 0.917765704662 0.13362207597 0.112704
0.97567471856 0.918472059625 0.131282256278 0.089216
0.972367471856 0.92057309852 0.14204131996 0.107008
0.983736747186 0.921187260005 0.143788909408 0.109184
0.975873674719 0.919119359776 0.130940981731 0.148224
0.985887367472 0.917906235467 0.118642228095 0.13792
0.976988736747 0.920323600194 0.106149403393 0.090752
0.958998873675 0.924566392434 0.105659528504 0.126208
0.950899887367 0.927772938562 0.10888253085 0.152128
0.967189988737 0.929489671878 0.0939971964657 0.099008
0.977818998874 0.936092640342 0.0912481655083 0.08928
0.973481899887 0.940496211586 0.097765091329 0.110016
0.983848189989 0.941852540885 0.109246234956 0.091584
0.957884818999 0.939146251023 0.090720357465 0.107328
0.9633884819 0.942090026826 0.108842330898 0.115136
0.95763884819 0.939118024146 0.122284278659 0.100288
0.984063884819 0.937215302343 0.123150710204 0.074816
0.983106388482 0.934979840739 0.122572380294 0.072704
0.987510638848 0.934625770895 0.111309145867 0.059136
0.985251063885 0.936065199872 0.124053882237 0.065216
0.985925106388 0.936785319092 0.0979846318526 0.068096
0.977892510639 0.940236270361 0.0958226108159 0.072192
0.971689251064 0.942112649953 0.0958261847996 0.0816
0.980068925106 0.943298796946 0.110023325382 0.073984
0.964706892511 0.940077270288 0.110435613988 0.097792
0.981170689251 0.938931127282 0.0991758411829 0.099136
0.976517068925 0.938359303891 0.0896794532744 0.09952
0.972451706893 0.943035450497 0.11174516417 0.100032
0.981045170689 0.940031955049 0.101729947557 0.076416
0.974704517069 0.941906969632 0.0979241451913 0.065792
0.964170451707 0.939164478828 0.086613781736 0.13088
0.984717045171 0.941315222561 0.0799682597641 0.109376
0.973271704517 0.946592476791 0.0993120680918 0.096128
0.964927170452 0.944927125516 0.0967166287473 0.096576
0.984792717045 0.944760807303 0.0968456090072 0.066496
0.987679271705 0.943370954866 0.109995741163 0.047424
0.94746792717 0.942924566581 0.119478758748 0.088
0.965946792717 0.940352098825 0.109531082773 0.08768
0.967794679272 0.940042953148 0.0912650667302 0.071872
0.966179467927 0.941153520318 0.0828100906002 0.09632
0.988517946793 0.941535911383 0.082418161823 0.066496
0.986251794679 0.944669773699 0.0945838811665 0.075584
0.963525179468 0.94463331757 0.0934898919043 0.083264
0.971152517947 0.944535187492 0.0875372679412 0.063616
0.981815251795 0.946257020551 0.0916072996394 0.079232
0.970281525179 0.949928636235 0.101144145426 0.09792
0.972728152518 0.952368188461 0.0938834460863 0.081152
0.989172815252 0.950167265649 0.0685502888688 0.069888
0.986317281525 0.953102936713 0.0831930538248 0.07072
0.977931728153 0.954372741522 0.0930027820621 0.078336
0.977093172815 0.951299587761 0.0966732893732 0.08224
0.975209317282 0.94948623629 0.0914239200695 0.10464
0.976820931728 0.948429658448 0.119726593286 0.105664
0.986882093173 0.943140566125 0.116500981911 0.088256
0.985188209317 0.941571855655 0.139831007122 0.07392
0.960718820932 0.936087537446 0.133713767614 0.121088
0.977171882093 0.936130864745 0.135741546643 0.099776
0.977917188209 0.933206820403 0.139908562865 0.094592
0.981591718821 0.930853908237 0.147652486696 0.090304
0.991859171882 0.926390630906 0.135421205906 0.085696
0.986585917188 0.924807709878 0.137533178132 0.0656
0.980658591719 0.923557405512 0.122485846634 0.070656
0.968365859172 0.923840254344 0.111162036349 0.065216
0.981536585917 0.928591023035 0.110763724419 0.05728
0.977453658592 0.928943017264 0.119615428784 0.067328
0.986945365859 0.929256194912 0.123123089492 0.057024
0.986994536586 0.92744894479 0.138507615295 0.046592
0.995099453659 0.923546823405 0.151076108322 0.034752
0.972509945366 0.92182939766 0.162057649015 0.063808
0.959450994537 0.914172479563 0.158242575381 0.111168
0.973445099454 0.910878597488 0.149055564618 0.10016
0.984744509945 0.910915969108 0.140692073129 0.068224
0.988574450995 0.914203906267 0.144746414295 0.06976
0.997957445099 0.912406078164 0.137119431608 0.058816
0.98989574451 0.911572973738 0.136783642581 0.066304
0.975589574451 0.913055810338 0.130308066971 0.062272
0.990358957445 0.915945971725 0.124648795186 0.064704
0.972035895745 0.9172047675 0.133083303389 0.0704
0.991803589574 0.915462266299 0.108425020914 0.060544
0.991980358957 0.921764702046 0.116344915951 0.068928
0.963198035896 0.92325484581 0.119019495027 0.107072
0.98011980359 0.924939618822 0.129043808326 0.09792
0.976411980359 0.925243520951 0.137287177119 0.128832
0.988641198036 0.921648623668 0.143341980519 0.09856
0.982664119804 0.92067320831 0.12958368154 0.0944
0.97126641198 0.922691278122 0.149642193256 0.121536
0.981826641198 0.920359586582 0.139529675264 0.110272
0.97748266412 0.920662245744 0.151835581797 0.12672
0.968948266412 0.919092058386 0.139003384857 0.155584
0.982494826641 0.918973263692 0.140369583012 0.131328
0.972149482664 0.917328532291 0.153181750312 0.132032
0.987314948266 0.917686201162 0.136926737264 0.133312
0.982531494827 0.918348781713 0.138048879884 0.129024
0.972153149483 0.920021761106 0.124123305921 0.118464
0.962115314948 0.92399955213 0.134083828459 0.121344
0.979111531495 0.919161854545 0.130581964203 0.11328
0.984411153149 0.920013906323 0.126591211356 0.097536
0.980441115315 0.919973160682 0.13970485023 0.106944
0.985444111531 0.917051832743 0.145867464735 0.114752
0.993144411153 0.91449683563 0.133637813898 0.108288
0.982214441115 0.914571771243 0.134955810703 0.124288
0.969421444112 0.915190921344 0.15986479978 0.149824
