0.3285 0.886787690188 0.0 0.660864
0.41445 0.981390179284 0.0 1.155776
0.511245 0.995063619212 0.0 1.475328
0.6496245 0.998852778385 1.73940529853e-173 1.516672
0.75976245 0.999882777444 5.45246726372e-62 1.333248
0.791476245 0.999984536018 9.2646953206e-27 1.235968
0.8018476245 0.999995704941 8.26929886302e-12 1.173888
0.85328476245 0.999996077034 1.60945601621e-06 0.953792
0.886328476245 0.99999636251 0.000242976540665 0.800256
0.921132847624 0.999968973011 0.00215661826053 0.550464
0.925513284762 0.999783152275 0.00603992815675 0.32064
0.940351328476 0.999396983302 0.0171219688921 0.196416
0.960735132848 0.998663114229 0.0260805240235 0.1264
0.968173513285 0.997705551057 0.0275055180911 0.09248
0.951817351328 0.996429778159 0.0178204462052 0.104448
0.965481735133 0.995498875278 0.0142712990873 0.093952
0.978548173513 0.995019225868 0.00651137319384 0.07552
0.967254817351 0.995431665054 0.00500472642197 0.080896
0.970625481735 0.995945162171 0.00471627171025 0.085824
0.979962548174 0.996532792438 0.0031686704742 0.070528
0.970996254817 0.997127820103 0.00255167760085 0.075328
0.952999625482 0.997725660265 0.00519683739238 0.119168
0.964699962548 0.997869532116 0.00691888664604 0.114496
0.964069996255 0.997684724445 0.00557373877804 0.118336
0.963106999625 0.997819738988 0.00779124864007 0.112
0.967510699963 0.997886380548 0.00842117115652 0.101248
0.976951069996 0.99755498018 0.0130867494895 0.093248
0.976995107 0.997005150435 0.0134391405779 0.083584
0.9616995107 0.996404005009 0.0183738752723 0.09536
0.97096995107 0.995583390648 0.0171773677954 0.100096
0.965596995107 0.994429671563 0.0131408224418 0.096256
0.938059699511 0.994101141367 0.00543632743333 0.110784
0.954205969951 0.995366599635 0.00220316154164 0.115392
0.936020596995 0.996526084833 0.00300194138137 0.124864
0.9792020597 0.997016868435 0.00412093945066 0.08416
0.97272020597 0.997400674663 0.00509307720561 0.0864
0.978372020597 0.997549764152 0.00527259839782 0.062144
0.95913720206 0.997417435659 0.00315293753743 0.101504
0.967113720206 0.997889954684 0.00236725176173 0.086464
0.973311372021 0.998393148903 0.000720492211323 0.080768
0.966731137202 0.998873029523 0.000863525377326 0.085504
0.95887311372 0.999155211355 0.0036331828728 0.0912
0.981487311372 0.999173628691 0.00122092147002 0.068608
0.940548731137 0.9994464597 0.00143287799902 0.113984
0.960754873114 0.999349239653 0.00134119016099 0.107712
0.957375487311 0.999369259874 0.00306675617138 0.099776
0.949837548731 0.999152251269 0.00908933792906 0.102912
0.966183754873 0.998648213029 0.0117804936815 0.08928
0.976818375487 0.998461171396 0.0155985393143 0.07264
0.949981837549 0.998128174255 0.0219603297718 0.130368
0.970698183755 0.997202015805 0.0167411759149 0.115456
0.949369818375 0.996713347206 0.014133963672 0.112064
0.947236981838 0.995959491641 0.0123164183855 0.111168
0.973123698184 0.995482318627 0.0168674028612 0.080064
0.950512369818 0.995435631295 0.0206851188641 0.095424
0.972551236982 0.995341785366 0.0215082490026 0.064768
0.984655123698 0.995023609383 0.00982817338694 0.041408
0.96336551237 0.995145972054 0.0125540881207 0.062208
0.966636551237 0.994684182834 0.0170664761024 0.070144
0.969663655124 0.993784201882 0.0252330075597 0.063744
0.987066365512 0.992712703294 0.0286141018167 0.05408
0.975306636551 0.991601187497 0.0285943082358 0.068992
0.975030663655 0.990816943473 0.0272210787842 0.068352
0.981303066366 0.990263091468 0.0234580742729 0.05568
0.961230306637 0.989863605709 0.0179106369389 0.08736
0.961923030664 0.990153038422 0.0104252222443 0.10016
0.984492303066 0.99133975076 0.0116449642867 0.0704
0.971449230307 0.992062905629 0.0128201580836 0.075904
0.977344923031 0.992195828333 0.0113336112952 0.088832
0.950934492303 0.992276654666 0.0130479786545 0.116416
0.97709344923 0.992714139822 0.00685554302973 0.081472
0.958109344923 0.993807810617 0.00429087651216 0.082816
0.947210934492 0.99516793148 0.00648891843823 0.116864
0.962321093449 0.995218940273 0.0045248563155 0.09536
0.948532109345 0.996094412099 0.005515120969 0.105024
0.980453210934 0.996495044579 0.00871462128597 0.091968
0.996245321093 0.995896089933 0.00501268423937 0.072192
0.986124532109 0.996698243372 0.00633510613292 0.095424
0.981512453211 0.996864674452 0.00874296393241 0.089216
0.985551245321 0.996496992556 0.0151199014131 0.090112
0.974255124532 0.995747911791 0.0195402685621 0.084288
0.986625512453 0.995080555515 0.0186581049245 0.0784
0.975262551245 0.995001482625 0.0147505584649 0.089856
0.982226255125 0.994553602772 0.016201866566 0.080768
0.979322625512 0.994265221919 0.0197149490527 0.067072
0.995232262551 0.993766017932 0.0288409557668 0.049152
0.983323226255 0.99253322124 0.0322606271685 0.04032
0.983032322626 0.990857793084 0.0244359458783 0.045568
0.967703232263 0.991410933916 0.0271431151022 0.072384
0.988670323226 0.990910163788 0.0213259316618 0.06272
0.988067032323 0.992075145334 0.0269927848556 0.053376
0.978106703232 0.992311415154 0.0205716277291 0.06848
0.966310670323 0.992579353382 0.019949970862 0.099392
0.967831067032 0.991937513674 0.0221806335524 0.096512
0.943683106703 0.990935027023 0.0245158943714 0.115904
0.96826831067 0.990560997764 0.0292706971648 0.092992
0.975226831067 0.989409980008 0.0316444690117 0.081856
0.975022683107 0.987247244317 0.0340680439023 0.085184
0.975902268311 0.98722391091 0.0383194026075 0.076864
0.975990226831 0.985331790072 0.0361737816095 0.06144
0.981399022683 0.985583514422 0.0293683148997 0.051456
0.987339902268 0.987095515774 0.0241199895452 0.05024
0.969033990227 0.988781801263 0.0289698089018 0.072768
0.978003399023 0.987797144535 0.0206441863108 0.058944
0.977100339902 0.987910150093 0.0197202728434 0.047616
0.96711003399 0.988124259309 0.0157951708214 0.081792
0.980511003399 0.988275495846 0.0140865414705 0.066368
0.97465110034 0.989401127693 0.0139671940698 0.075712
0.970465110034 0.990407660703 0.0112968072341 0.076992
0.961946511003 0.991561253907 0.0096452929424 0.089664
0.9727946511 0.992144563566 0.0133233530234 0.095232
0.95857946511 0.992839715397 0.0190405708901 0.105664
0.974257946511 0.992177473452 0.016183508203 0.076352
0.962325794651 0.992343178796 0.0116217686333 0.07904
0.975532579465 0.992526645732 0.0172094123275 0.06368
0.970553257947 0.991455988195 0.0135369095185 0.076416
0.979055325795 0.991816365793 0.0161984087711 0.078144
0.968205532579 0.992113925495 0.0201088915475 0.083776
0.975220553258 0.992660688774 0.0181346121289 0.073024
0.985822055326 0.992284726863 0.0186904315905 0.051456
0.971582205533 0.991486756164 0.0261380663637 0.07296
0.973758220553 0.989799662286 0.0184951560159 0.070784
0.963175822055 0.990046856845 0.0234899846138 0.102528
0.984617582206 0.98844298867 0.0199502970889 0.075392
0.983161758221 0.988900846533 0.0244144012637 0.076672
0.969516175822 0.98797723477 0.019283827472 0.07904
0.968151617582 0.987973984848 0.0134043696743 0.085632
0.954515161758 0.989640127201 0.0135371354949 0.101888
0.960351516176 0.990250798931 0.0110598359305 0.098368
0.961835151618 0.991806849067 0.0117868854389 0.09824
0.969183515162 0.991953973346 0.00460948298875 0.085568
0.956418351516 0.99332442983 0.00377062724183 0.104896
0.965941835152 0.994210903307 0.00756544215102 0.100288
0.964194183515 0.994001243308 0.00259865360766 0.088896
0.958619418352 0.995295617692 0.00681157273021 0.105024
0.954461941835 0.995108151715 0.00814429713869 0.105664
0.969346194184 0.995590900125 0.0108381657253 0.087616
0.982534619418 0.99568623385 0.0159954282234 0.073152
0.984753461942 0.995908362622 0.0207372114599 0.076672
0.975075346194 0.994988508669 0.023727860118 0.079936
0.975907534619 0.993867534634 0.0157255180725 0.091776
0.967890753462 0.993671814744 0.0142025189812 0.090304
0.965289075346 0.992677145123 0.0119833942451 0.094848
0.946128907535 0.99292652183 0.0168319121625 0.116096
0.955912890753 0.992260486096 0.014964443638 0.097216
0.956891289075 0.992963060037 0.0165130616969 0.105408
0.962389128908 0.993405218772 0.0189133060224 0.100416
0.971938912891 0.99365258816 0.0128421327334 0.080448
0.977393891289 0.994314161397 0.0151432834398 0.07552
0.983339389129 0.99428358633 0.0133526091673 0.068992
0.973133938913 0.994724994089 0.0111307731411 0.089024
0.954113393891 0.994532464222 0.00982491738148 0.12448
0.963011339389 0.994731158991 0.00634687519436 0.126784
0.963901133939 0.995423553698 0.00896514402769 0.09792
0.974790113394 0.995010793202 0.00749763851828 0.095552
0.984879011339 0.99507365873 0.00680833050423 0.090688
0.962487901134 0.995412066631 0.00505763490389 0.104704
0.973748790113 0.996318543883 0.00300380531393 0.092864
0.964074879011 0.997043073569 0.00329927254976 0.109824
0.964007487901 0.997539113567 0.00766053862226 0.126464
0.97030074879 0.996853654313 0.00974040329799 0.105088
0.961930074879 0.996384622728 0.0161807486041 0.126528
0.952993007488 0.995249784822 0.00916341223288 0.158656
0.970099300749 0.995308387442 0.00521769518369 0.140032
0.966409930075 0.996023284894 0.0049952189142 0.123264
0.971440993007 0.996784510946 0.00515725866861 0.13408
0.977344099301 0.996648775221 0.00836187521533 0.121536
0.98063440993 0.996507114638 0.0116841839124 0.099712
0.962963440993 0.996599009026 0.0210881735455 0.117632
0.975596344099 0.996417039577 0.0236676991046 0.100736
0.97595963441 0.996296512537 0.0218668882998 0.121472
0.980495963441 0.995664081682 0.0223461004904 0.098816
0.966549596344 0.994179731631 0.0188631285197 0.11872
0.966054959634 0.99325646275 0.0164522801432 0.117632
0.964205495963 0.992074040519 0.0169522497495 0.127168
0.968520549596 0.991488118801 0.0182053278089 0.125504
0.97705205496 0.990835866684 0.0153851662572 0.121856
0.977905205496 0.990041496556 0.0176246715473 0.12416
0.97979052055 0.989344555599 0.0188520578104 0.105984
0.978179052055 0.988304271373 0.0306867770621 0.115072
0.981617905205 0.98634810561 0.0318235771424 0.129152
0.979261790521 0.985142612274 0.0317307109277 0.0672
0.979926179052 0.98396585774 0.0358745789613 0.062464
0.984492617905 0.982939835133 0.0309344196015 0.06304
0.975949261791 0.982577083772 0.023389163225 0.069376
0.975094926179 0.983963043298 0.021043127449 0.073536
0.972309492618 0.98498431269 0.0154660446069 0.0704
0.982830949262 0.986995584636 0.0170839945826 0.081728
0.972183094926 0.988052036228 0.0142709514097 0.078144
0.973818309493 0.989319717453 0.0113228308863 0.094592
0.970381830949 0.990496249579 0.00545595900573 0.09952
0.957438183095 0.992096149765 0.0142279236332 0.118976
0.974143818309 0.991745557197 0.011174794946 0.095936
0.962314381831 0.99155983395 0.0177833110182 0.091712
0.974631438183 0.99104588885 0.0127241478985 0.084672
0.963263143818 0.990818141441 0.0140608022053 0.105088
0.958526314382 0.991219711318 0.0131496706141 0.13856
0.962552631438 0.991284504895 0.0190208386309 0.133376
0.954855263144 0.991002083278 0.0149226146263 0.130816
0.955885526314 0.991524994392 0.0166021193482 0.120704
0.955988552631 0.992165399269 0.0151121961825 0.09728
0.967698855263 0.992895394977 0.019212169103 0.084352
0.984169885526 0.992526490415 0.0174185378056 0.087808
0.952516988553 0.992856363343 0.0167721699985 0.1152
0.966451698855 0.992808776554 0.0145820918025 0.09984
0.953445169886 0.992906859132 0.00936245373873 0.09824
0.978244516989 0.992628170094 0.00588285353708 0.074944
0.977124451699 0.993903518721 0.00260409244805 0.070208
0.97701244517 0.994712033612 0.00727045512579 0.068352
0.946401244517 0.99505011995 0.00380737250885 0.0768
0.964040124452 0.996031813752 0.00514334053302 0.090624
0.983804012445 0.995632539906 0.00602060062893 0.066496
0.982180401245 0.996191324025 0.00238578537513 0.05152
0.972118040124 0.997058185259 0.00621899449265 0.075968
0.964811804012 0.996941691605 0.00791478392196 0.086208
0.964981180401 0.996664067931 0.00424935114641 0.095808
0.95869811804 0.997199760191 0.00169531424408 0.097984
0.967969811804 0.997860294649 0.00526913584734 0.090816
0.98509698118 0.99750514764 0.00180453277764 0.069824
0.959809698118 0.998290304182 0.00743907356864 0.088128
0.973480969812 0.997670614499 0.00515938287126 0.075328
0.981148096981 0.99746782518 0.00395524498411 0.06752
0.974714809698 0.997601002426 0.00434116593143 0.080256
0.97947148097 0.997533470095 0.00800796711007 0.067648
0.979947148097 0.997213314347 0.012102106954 0.059072
0.98719471481 0.99677768601 0.015111709027 0.065408
0.970819471481 0.995938222064 0.0161479875124 0.079936
0.978181947148 0.995016101377 0.0178050401884 0.089088
0.984318194715 0.993886870529 0.0153904316397 0.08576
0.974131819471 0.99247137225 0.0151313942022 0.078976
0.983913181947 0.992087269636 0.0146882463182 0.066048
0.972291318195 0.992806490288 0.00836132420359 0.056
0.988229131819 0.993805227056 0.00851502278868 0.04544
0.938522913182 0.994563601578 0.0105005606203 0.108288
0.959652291318 0.994958110432 0.0108071756609 0.106048
0.964465229132 0.99436571348 0.00725602648969 0.089216
0.973946522913 0.994901292846 0.012305712833 0.097664
0.976694652291 0.99431574935 0.0123780675354 0.081472
0.975169465229 0.993997771466 0.01376913509 0.062912
0.979516946523 0.9939680012 0.0225201197987 0.055488
0.985351694652 0.993115043243 0.0214421430224 0.051456
0.987735169465 0.993185589916 0.0231850029092 0.047808
0.983473516947 0.992120955891 0.0146831973986 0.052096
0.975847351695 0.992360953156 0.0120964703474 0.04832
0.985884735169 0.992575045023 0.0131110090773 0.050304
0.977888473517 0.992600918392 0.0126403966348 0.056768
0.992388847352 0.993757873703 0.0199079658393 0.049856
0.983938884735 0.993325753087 0.0254639218259 0.069184
0.964193888474 0.99280354919 0.0190654622196 0.088576
0.979319388847 0.992839086177 0.0187798836292 0.085824
