0.2367 0.886763485664 0.340858768682 0.71584
0.39537 0.981500178527 0.381320994586 1.22976
0.478737 0.995082310668 0.38280418475 1.621056
0.5770737 0.998844704137 0.345037462141 1.828672
0.65980737 0.999864048273 0.294380138499 1.780864
0.734680737 0.999077804833 0.256892026416 1.626624
0.8069680737 0.997032820828 0.223125361073 1.362496
0.84749680737 0.99360070262 0.202324624214 1.0992
0.916349680737 0.989184229516 0.16757648115 0.732032
0.925934968074 0.985061333768 0.146845781139 0.383168
0.979093496807 0.980886315544 0.138435557751 0.14176
0.963709349681 0.977589003442 0.128002475558 0.07744
0.963970934968 0.974124327047 0.0908197410271 0.0688
0.951397093497 0.972065542046 0.0738050841097 0.100992
0.95913970935 0.971379408963 0.0686864403919 0.096576
0.986013970935 0.968612897993 0.0814333407967 0.073856
0.974301397093 0.965503002131 0.0702733202368 0.086848
0.966830139709 0.964666021124 0.077037950806 0.097664
0.946283013971 0.962070182544 0.0621377549183 0.097664
0.920828301397 0.964571855108 0.0565120678745 0.125248
0.92908283014 0.965883025239 0.0473027271694 0.131968
0.960508283014 0.967916260762 0.0472128441008 0.12288
0.981650828301 0.969032997509 0.0443341008217 0.080512
0.98106508283 0.969906667542 0.0382922116895 0.07968
0.948606508283 0.97307287895 0.037702277231 0.078464
0.975960650828 0.974567873579 0.0371589009167 0.090176
0.972396065083 0.97553468641 0.0321079586529 0.089856
0.976539606508 0.977795454027 0.0445476496096 0.06208
0.978753960651 0.977114065373 0.0528229790503 0.058176
0.968175396065 0.975677301347 0.0495418124579 0.087488
0.970717539607 0.975396779377 0.0497459345581 0.06368
0.971871753961 0.975636985436 0.0696129421151 0.076032
0.975587175396 0.973902822397 0.0733521880129 0.066432
0.99125871754 0.971157954834 0.0560438691114 0.039296
0.988325871754 0.970821195841 0.0500256309333 0.049408
0.962832587175 0.97050587432 0.0473919540892 0.07776
0.982783258718 0.970211600809 0.0390223174716 0.062528
0.968578325872 0.971680192155 0.0396213312035 0.065728
0.979757832587 0.97373826357 0.0427672728061 0.072448
0.982675783259 0.974530173833 0.0452960058998 0.040128
0.986567578326 0.975698604858 0.0540334795215 0.034496
0.984256757833 0.975617519811 0.0595022951316 0.0592
0.962425675783 0.975333008062 0.0756517769073 0.066752
0.974642567578 0.971771951675 0.0818428489759 0.065856
0.967764256758 0.970886151151 0.0795252925732 0.078272
0.967976425676 0.970778724165 0.0940610897654 0.083904
0.978797642568 0.967579470166 0.0762479415614 0.075136
0.985279764257 0.968296791601 0.0904457825558 0.073536
0.989527976426 0.963275324454 0.0780851146692 0.061184
0.984552797643 0.96229427769 0.0742615709672 0.081856
0.984955279764 0.962706954108 0.0679507260498 0.086592
0.981395527976 0.963079155551 0.0532300269466 0.081152
0.961239552798 0.965039740803 0.0456757666322 0.095808
0.97722395528 0.966982219423 0.0403428537618 0.09536
0.976122395528 0.96883793231 0.0277041965225 0.089792
0.973312239553 0.97341767511 0.0362533783501 0.096896
0.969431223955 0.973408028809 0.0424214270602 0.113728
0.965443122396 0.974121291485 0.0454935203926 0.110336
0.98394431224 0.972993232222 0.043327934162 0.108928
0.974094431224 0.974187486183 0.0458257337774 0.128512
0.978509443122 0.974335643994 0.0561104474423 0.123904
0.990650944312 0.973006963525 0.0616465235603 0.117504
0.987365094431 0.972082207365 0.0705334923562 0.109696
0.987036509443 0.968531157598 0.0626849550071 0.088064
0.989703650944 0.967238415809 0.0700995418262 0.081984
0.992670365094 0.96623590878 0.0736188560663 0.058688
0.986667036509 0.965890246325 0.075547285368 0.065856
0.981566703651 0.964743961477 0.0831019284081 0.08192
0.976556670365 0.961889594285 0.0738911344749 0.099456
0.976055667037 0.960943055594 0.058747764315 0.111808
0.954405566704 0.962657403459 0.0636731745427 0.11872
0.96034055667 0.962085444775 0.0652809165776 0.125696
0.971734055667 0.962157046628 0.0735671050601 0.126912
0.970173405567 0.960087456101 0.0755269847921 0.153984
0.972717340557 0.960048684457 0.0826759908706 0.140608
0.972071734056 0.956029360578 0.0703405768421 0.126848
0.981907173406 0.957190376874 0.0799163527783 0.138304
0.972090717341 0.956647222079 0.0697433168374 0.14752
0.973809071734 0.957527733059 0.0810083670068 0.14432
0.978480907173 0.955836094554 0.0717671206648 0.150848
0.986148090717 0.958380574541 0.0738870881354 0.123072
0.976114809072 0.958408346342 0.0633841795223 0.121216
0.981411480907 0.959141830001 0.0632501132734 0.131712
0.971141148091 0.959818925367 0.0607002223754 0.14816
0.968314114809 0.960024717386 0.056432539017 0.155392
0.977931411481 0.960842259538 0.0488748692925 0.153088
0.977093141148 0.965055401946 0.0470191195021 0.157952
0.962609314115 0.967388135612 0.0448018285433 0.19296
0.950360931411 0.969370525068 0.051508317818 0.194688
0.933836093141 0.969999856235 0.0430684588316 0.215168
0.966383609314 0.971448116166 0.0534434935024 0.180608
0.945338360931 0.970036627618 0.0481182071875 0.207104
0.978333836093 0.96983198906 0.0481276398362 0.169984
0.993333383609 0.969461827875 0.0417180615376 0.14752
0.975033338361 0.970307255206 0.0443318829699 0.179264
0.987603333836 0.970345303247 0.0547514140363 0.064384
0.951960333384 0.969022222895 0.059721068814 0.0976
0.978996033338 0.969115808561 0.0660569291494 0.087296
0.978099603334 0.969711923573 0.0753347689056 0.079488
0.978909960333 0.969235858811 0.0678044993537 0.054592
0.974490996033 0.96808317309 0.0507709631949 0.064256
0.990249099603 0.96800380796 0.0572133395313 0.053952
0.99092490996 0.966837999051 0.0563176546858 0.052416
0.991892490996 0.965575206683 0.0592712191718 0.051904
0.9829892491 0.966217042969 0.0479221027701 0.063936
0.97129892491 0.969376968587 0.0460698082944 0.089152
0.965629892491 0.970883300693 0.047654023551 0.109632
0.982162989249 0.971324190732 0.0597213922778 0.084928
0.964916298925 0.970839038936 0.0708614070722 0.096704
0.979391629892 0.968136297184 0.07689107586 0.09376
0.991639162989 0.964704865718 0.0788202347316 0.05184
0.973963916299 0.963932032446 0.0854005263395 0.064512
0.97309639163 0.961523842987 0.0838912666247 0.049984
0.979309639163 0.961547025319 0.0774347343044 0.050432
0.986230963916 0.961183494812 0.0663861482086 0.03232
0.989623096392 0.962645421286 0.0751020916855 0.039808
0.995362309639 0.961745388491 0.071329371934 0.047936
0.984236230964 0.959906877252 0.0706543478629 0.046144
0.988523623096 0.959938593458 0.059371244965 0.047808
0.98085236231 0.961554536093 0.0679265070131 0.065152
0.971985236231 0.961275127047 0.0639700227002 0.086656
0.984598523623 0.962183456095 0.0592625235558 0.07328
0.972359852362 0.962373238459 0.0603324712858 0.076032
0.984635985236 0.962241137548 0.0513422448838 0.059648
0.984063598524 0.964247115531 0.0465788991337 0.060672
0.968706359852 0.966991258582 0.0458142995067 0.068672
0.984270635985 0.967763763306 0.046058149913 0.067648
0.986727063599 0.969961905374 0.040947588267 0.053184
0.97977270636 0.971552842177 0.0437618576548 0.077952
0.967377270636 0.974313737182 0.0582898774061 0.092352
0.964337727064 0.972285694063 0.0491205526638 0.102208
0.973033772706 0.972228286882 0.047177963603 0.095936
0.982903377271 0.973147705623 0.0476078963215 0.072064
0.961390337727 0.972976019495 0.0438324865127 0.086784
0.951139033773 0.974084027714 0.0519075318065 0.102208
0.969013903377 0.973119216875 0.0544870012506 0.067968
0.973501390338 0.973016526151 0.0482957954084 0.08032
0.991050139034 0.972192311418 0.035316872209 0.054336
0.958605013903 0.973973898464 0.0403995657584 0.088128
0.97516050139 0.973975611894 0.0338876845027 0.093632
0.971416050139 0.97625152301 0.0504563213449 0.087616
0.988141605014 0.973879475546 0.044005098083 0.054912
0.974514160501 0.97462218568 0.0533659310557 0.069632
0.96235141605 0.973778704447 0.0390889083389 0.07616
0.979135141605 0.975883287856 0.0453955757171 0.079552
0.970013514161 0.977090537965 0.0548353142794 0.097024
0.974501351416 0.975687668965 0.0501435187376 0.08288
0.976750135142 0.974575424848 0.0439084567745 0.059072
0.961675013514 0.975700112879 0.0472811915744 0.087232
0.974567501351 0.975157783725 0.0465755757225 0.060544
0.982156750135 0.974791124149 0.0396592242415 0.069248
0.993715675014 0.975341381019 0.0374337078061 0.035712
0.983171567501 0.975132912904 0.0418298481426 0.049472
0.96501715675 0.976152173193 0.0528589727432 0.062784
0.965901715675 0.975630015054 0.0548788523533 0.069376
0.953390171568 0.974527315891 0.0577256720538 0.085184
0.969239017157 0.973808530517 0.0594106658375 0.089408
0.971723901716 0.97334279598 0.0661501190824 0.09984
0.966572390172 0.972965671784 0.0702130293684 0.078848
0.976857239017 0.971524715544 0.0536255266712 0.065472
0.969785723902 0.971854174123 0.0540460145129 0.058432
0.98167857239 0.971330759696 0.0515498804517 0.041024
0.985567857239 0.970990364618 0.0406218832241 0.04736
0.960756785724 0.973119795212 0.04003874968 0.075008
0.978075678572 0.973723384534 0.0446229849113 0.055424
0.978007567857 0.974133342775 0.0490375684428 0.041664
0.972600756786 0.972707096764 0.0384102089134 0.06272
0.972060075679 0.975011563339 0.0429239875431 0.065792
0.978306007568 0.974658298502 0.0463515305776 0.050432
0.979830600757 0.974426101678 0.0526209884654 0.054912
0.984483060076 0.973454716147 0.059946754131 0.039296
0.959748306008 0.971826185855 0.0507653961286 0.069632
0.980674830601 0.971757202245 0.053630996894 0.051648
0.98816748306 0.971462231716 0.0557286870559 0.04352
0.978116748306 0.968410296443 0.0576384453849 0.039936
0.985211674831 0.967382970185 0.062389869447 0.043776
0.972421167483 0.965974564665 0.0610870611739 0.060032
0.960342116748 0.965355906705 0.0612252462325 0.084032
0.979834211675 0.964926313863 0.0546394378899 0.08448
0.937683421167 0.966872466849 0.0525595514164 0.132928
0.964068342117 0.968370810915 0.0463406366729 0.131712
0.964006834212 0.969146335208 0.0378227795761 0.124544
0.966700683421 0.971537992014 0.0434273349991 0.129216
0.962470068342 0.973008319837 0.0424377057588 0.139712
0.966547006834 0.973953203363 0.0426221121072 0.114112
0.978654700683 0.975226388888 0.0469973659183 0.09824
0.961865470068 0.976066183831 0.051318155164 0.115648
0.978186547007 0.976834446714 0.0499868768779 0.087552
0.945618654701 0.977341975395 0.0397622035142 0.129792
0.97026186547 0.978033843673 0.0349252079656 0.118208
0.968226186547 0.978060708493 0.0327184111758 0.122368
0.962622618655 0.97958700547 0.0316097240539 0.133248
0.953062261865 0.981414273352 0.0284626727036 0.15872
0.953906226187 0.98368930125 0.0293618872886 0.1536
0.968390622619 0.983342344281 0.0327970353616 0.166912
0.969839062262 0.982082190677 0.0368222404771 0.140032
0.965483906226 0.981141590578 0.036969477749 0.142336
0.963248390623 0.980796466646 0.032794839233 0.153344
0.963924839062 0.980485495572 0.0270512211951 0.141888
0.957692483906 0.982043426861 0.0328926246788 0.155968
0.951669248391 0.980606021642 0.0273285508433 0.146816
0.961866924839 0.98129773648 0.0310158711192 0.136768
0.949386692484 0.980701557682 0.0292707771896 0.139776
0.958038669248 0.981293563173 0.0263808144037 0.158336
0.958903866925 0.982350671051 0.0283697603496 0.130432
0.978790386692 0.981998993821 0.0257539154017 0.111936
0.968179038669 0.982336824315 0.0223510745729 0.140992
0.975217903867 0.983878307637 0.0216472316474 0.081088
0.967821790387 0.984451491181 0.0208568800311 0.092864
0.985082179039 0.985872749147 0.0227111037726 0.078784
0.969708217904 0.985624850204 0.0233234585492 0.081152
0.96457082179 0.986142547389 0.0223936910931 0.092288
0.961357082179 0.98630419542 0.0348211350135 0.102016
0.940335708218 0.984806608487 0.030839402924 0.114176
0.959833570822 0.984395995616 0.0239917106865 0.097792
0.970783357082 0.985475821851 0.0353583078796 0.102272
0.962878335708 0.98466618352 0.0409730076212 0.106176
0.962087833571 0.983913415561 0.0489148648643 0.11424
0.970108783357 0.982336971004 0.0456426676515 0.124416
0.961910878336 0.981335476977 0.0504513959595 0.110912
0.970091087834 0.981494234138 0.0451574659764 0.122752
0.979909108783 0.980181924014 0.0443212730327 0.110592
0.971890910878 0.981343234535 0.053517224782 0.119744
0.969289091088 0.981344422198 0.0505327034379 0.122368
0.960928909109 0.981082675429 0.0446715142231 0.13248
0.979892890911 0.981128344297 0.0383489397492 0.101312
0.979089289091 0.981099933164 0.0311127639644 0.092992
0.978108928909 0.982362700647 0.022980195761 0.076544
0.963610892891 0.984405941694 0.026915944846 0.091456
0.970261089289 0.984039114512 0.0244860798795 0.090496
0.965526108929 0.984498329177 0.0265360488622 0.10592
0.954252610893 0.985616666662 0.0285677942698 0.106688
0.965725261089 0.985469755849 0.0332929527074 0.115584
0.964172526109 0.985559595632 0.0267458042638 0.1312
0.958617252611 0.985543745108 0.0170437240769 0.117312
0.975161725261 0.98728540599 0.0172484087113 0.12864
0.979516172526 0.98759499296 0.0231979172756 0.121088
0.965551617253 0.987036327412 0.0229847065581 0.118144
0.970455161725 0.987150636492 0.0208474790558 0.120512
0.947545516173 0.987613592063 0.0204593991651 0.125504
0.970454551617 0.987220019738 0.0240908787016 0.083136
0.973645455162 0.986424632444 0.0314127759488 0.085568
0.946964545516 0.985862451241 0.0318423172497 0.115264
0.947896454552 0.98553398657 0.0308896088209 0.107648
0.959689645455 0.98564479347 0.0257647811191 0.089984
0.970768964546 0.985508778138 0.0316500902735 0.081024
0.976376896455 0.9850326022 0.035377257344 0.064768
0.980537689645 0.982950998357 0.0390765083013 0.063168
0.977353768965 0.981713539762 0.0356805043488 0.073088
0.973435376896 0.981995508883 0.0329853821664 0.091264
