0.1557 0.886805771828 0.52170996977 0.832896
0.21897 0.981406510567 0.530203790107 1.53152
0.299997 0.994991833169 0.519939393221 2.114752
0.3692997 0.998788651256 0.504328307712 2.537984
0.45002997 0.999852171046 0.523654464358 2.724608
0.531902997 0.998929050165 0.515122293823 2.770112
0.5886902997 0.996007851776 0.512393489145 2.653376
0.68796902997 0.991498486197 0.470997664032 2.459584
0.778896902997 0.984852705721 0.396411775484 1.798912
0.8194896903 0.976535810194 0.328833578253 1.362752
0.82894896903 0.967276712574 0.250305551501 1.019456
0.840694896903 0.961985782109 0.252650350097 0.760448
0.86256948969 0.955883094624 0.210854668528 0.59904
0.893556948969 0.950390028156 0.190851769728 0.36256
0.884955694897 0.946457200797 0.161559450397 0.312192
0.88679556949 0.942402912744 0.16206129717 0.306752
0.911279556949 0.936165186092 0.161349595736 0.252288
0.954227955695 0.931141192673 0.172956660845 0.180608
0.954022795569 0.921069494351 0.162741934003 0.154304
0.953102279557 0.920722577792 0.150704011451 0.13376
0.966510227956 0.918359747518 0.181136963994 0.10304
0.978651022796 0.910248709994 0.207067178607 0.084864
0.97716510228 0.900178484009 0.195416138264 0.089344
0.977016510228 0.895474962374 0.197624403692 0.081856
0.981501651023 0.895156302812 0.200155715755 0.069184
0.980150165102 0.895326926977 0.19430586892 0.080512
0.97551501651 0.894985825211 0.190651401659 0.096448
0.972351501651 0.891869712397 0.190247872991 0.089152
0.968435150165 0.890699114719 0.171875106504 0.116352
0.968043515017 0.89092012566 0.178043111283 0.105536
0.942804351502 0.889952891148 0.180824741223 0.121536
0.96548043515 0.891597818908 0.178424187118 0.09824
0.938048043515 0.891751561082 0.173590089151 0.1296
0.968604804352 0.893292492553 0.176169982986 0.109696
0.970760480435 0.892397212576 0.182027343603 0.08384
0.972776048044 0.889846993603 0.203871736749 0.08448
0.982877604804 0.88331996344 0.230272099793 0.062656
0.99108776048 0.877564611472 0.242274101937 0.042432
0.994608776048 0.871100933034 0.198019402058 0.047744
0.968860877605 0.87639663806 0.17365957801 0.060992
0.97978608776 0.882070127503 0.192179690623 0.051136
0.970078608776 0.881212578983 0.199612423972 0.06912
0.943007860878 0.880943543934 0.202644659734 0.125632
0.979900786088 0.878564446019 0.186133687195 0.083328
0.949390078609 0.881316967203 0.153365626965 0.11168
0.945439007861 0.891091755778 0.163195893862 0.140032
0.940543900786 0.893263598887 0.157517956398 0.159232
0.932854390079 0.895972093828 0.163793156576 0.144192
0.958185439008 0.89924420996 0.176538119418 0.1168
0.961618543901 0.899040190887 0.200516738454 0.106944
0.95296185439 0.891957184268 0.201069853217 0.106816
0.961096185439 0.891876929447 0.213203238032 0.109504
0.976309618544 0.88815680515 0.217419510342 0.085504
0.967930961854 0.881369928938 0.197777651257 0.08
0.957193096185 0.882998348847 0.194083882845 0.091968
0.962419309619 0.885215706304 0.17586547712 0.093632
0.954841930962 0.887849052655 0.169389772511 0.095808
0.970284193096 0.889077379742 0.146080332301 0.111872
0.96012841931 0.8950821632 0.159686346547 0.128832
0.974412841931 0.894620129943 0.123961717013 0.095552
0.973141284193 0.906389715909 0.158992514948 0.087104
0.932514128419 0.90497159468 0.181068255591 0.120064
0.947351412842 0.899891321974 0.156207209029 0.115968
0.952435141284 0.904791595906 0.128694096582 0.15968
0.951143514128 0.908821632911 0.10732114938 0.136256
0.933914351413 0.918507585619 0.108431720658 0.18208
0.951991435141 0.922744112686 0.0959868401956 0.142912
0.947499143514 0.928052870229 0.102954617982 0.162816
0.951549914351 0.933615953374 0.0881968721724 0.165632
0.915954991435 0.939226584719 0.108071592302 0.20384
0.921395499144 0.936767928443 0.100564757681 0.181696
0.895839549914 0.937425791902 0.11230198964 0.24096
0.942783954991 0.935002253317 0.10565627429 0.181568
0.939378395499 0.936288027137 0.1026957559 0.190656
0.90123783955 0.939491876969 0.100974564483 0.265216
0.912723783955 0.938242282277 0.0980611154168 0.256704
0.944472378395 0.940305774828 0.0845522223042 0.199296
0.94764723784 0.94405851467 0.0934585577553 0.224512
0.912864723784 0.944526277064 0.100661011111 0.250176
0.946286472378 0.944113651618 0.106759683099 0.186304
0.929828647238 0.940042358785 0.100258572026 0.187264
0.909282864724 0.942081831765 0.130875847532 0.228096
0.928828286472 0.935323040759 0.108763045693 0.187648
0.902882828647 0.936731247344 0.124759014708 0.230656
0.913788282865 0.932137698037 0.138602979692 0.22176
0.931078828286 0.927497085564 0.128959652578 0.238592
0.920207882829 0.928018708977 0.1202341276 0.260288
0.920020788283 0.929182308249 0.125671194176 0.303552
0.933502078828 0.929229407224 0.117927957998 0.235456
0.915950207883 0.933315689471 0.105496108892 0.285312
0.911495020788 0.936351052412 0.0961192591359 0.271744
0.875949502079 0.938134168489 0.108123602886 0.289024
0.908394950208 0.936700792505 0.13709902807 0.272064
0.932339495021 0.931307021399 0.0960702818145 0.237184
0.941933949502 0.938255175421 0.103576534843 0.238208
0.95729339495 0.937242973741 0.115726013197 0.220416
0.932729339495 0.937954992607 0.0972250433203 0.245184
0.93297293395 0.943213938098 0.117254919398 0.240768
0.897897293395 0.944955371537 0.126044601164 0.321472
0.925889729339 0.94100868797 0.116501488688 0.275264
0.902588972934 0.940204937394 0.11136931072 0.301248
0.892158897293 0.940070196298 0.103161634538 0.314816
0.892915889729 0.940778056106 0.11335862084 0.35456
0.919091588973 0.939729629266 0.137541329236 0.29856
0.917209158897 0.931915007602 0.145080507451 0.344576
0.92872091589 0.926057451241 0.152669653948 0.266368
0.925372091589 0.922579437095 0.171479603719 0.247936
0.956537209159 0.91712520701 0.155313235649 0.201664
0.944353720916 0.916852565806 0.16495314322 0.207232
0.955735372092 0.9115516833 0.133376267959 0.171392
0.959573537209 0.917276530037 0.138478549847 0.172736
0.953657353721 0.91736856195 0.154993501949 0.204928
0.934165735372 0.912573787895 0.15569464447 0.179648
0.904316573537 0.911062345145 0.158093463081 0.234944
0.949931657354 0.910839337754 0.139487872189 0.16288
0.939193165735 0.912693234049 0.135139148346 0.22816
0.957019316574 0.913234222632 0.125315395752 0.1936
0.970501931657 0.918383458298 0.126473527615 0.16992
0.947550193166 0.920327550082 0.117368491426 0.185344
0.943455019317 0.922497454768 0.138363885657 0.19328
0.959245501932 0.918070709862 0.134939367963 0.177088
0.966224550193 0.918413667093 0.129701086089 0.181184
0.957922455019 0.920590748384 0.130467299008 0.209152
0.966992245502 0.91988424218 0.129531541501 0.199808
0.93549922455 0.922858835534 0.110147804187 0.211072
0.949449922455 0.927790759684 0.126298752742 0.177152
0.954444992246 0.929355811138 0.146636476132 0.19776
0.936944499225 0.927298962301 0.124685637419 0.232832
0.966694449922 0.930181753057 0.132003947818 0.216704
0.943569444992 0.926087100448 0.133011901306 0.22784
0.952056944499 0.922247916701 0.126328113239 0.20928
0.93940569445 0.921996527132 0.154551686396 0.230528
0.953440569445 0.916501121004 0.153105898416 0.248896
0.940444056944 0.911933798959 0.14156538616 0.260672
0.933744405694 0.912928895732 0.172179249988 0.293824
0.948374440569 0.908641905667 0.144457303356 0.285248
0.930037444057 0.910787916045 0.165515412507 0.287552
0.926403744406 0.908890631398 0.164022709616 0.288064
0.945840374441 0.905413611666 0.144284721361 0.270848
0.927984037444 0.903287536727 0.158851200964 0.306304
0.947798403744 0.89765162188 0.162794437917 0.256384
0.973179840374 0.896312255149 0.158443981574 0.228736
0.955917984037 0.899045854222 0.145821912601 0.225856
0.948791798404 0.902306931434 0.159958664786 0.2592
0.96967917984 0.901167064142 0.141293927729 0.234048
0.959167917984 0.905179860978 0.14996114018 0.179328
0.977016791798 0.906562689052 0.142565422041 0.160704
0.95090167918 0.911091076782 0.128220445051 0.178496
0.942890167918 0.91361309874 0.148149939743 0.18464
0.975389016792 0.911213003124 0.143280084156 0.165888
0.941738901679 0.913109240678 0.157000908442 0.178624
0.978873890168 0.91345611531 0.171052330204 0.151552
0.947487389017 0.910891902508 0.175540104021 0.208512
0.933548738902 0.90911977726 0.183855757952 0.199616
0.95735487389 0.90678199501 0.180163676999 0.202624
0.958835487389 0.906515478335 0.192884526294 0.179072
0.952683548739 0.898610651745 0.18740160169 0.212672
0.932268354874 0.896129628232 0.179074711891 0.238272
0.955426835487 0.89720737308 0.179976859159 0.197056
0.950542683549 0.898405777425 0.208188584933 0.224192
0.903254268355 0.89137611032 0.194971406295 0.307264
0.932725426835 0.889549687426 0.18972257024 0.287936
0.937472542684 0.888339895465 0.192248360204 0.223936
0.934347254268 0.890358253554 0.185804260906 0.177344
0.934934725427 0.890522879036 0.197205716507 0.166272
0.967393472543 0.888490671921 0.18840009089 0.138816
0.948139347254 0.888890173143 0.189256266025 0.173568
0.968713934725 0.88661474824 0.16112903089 0.134784
0.929371393473 0.890971801499 0.143194889559 0.195072
0.933537139347 0.895478150041 0.135369458893 0.198912
0.950153713935 0.901662903642 0.139044696918 0.138432
0.934715371393 0.906389072949 0.150875263483 0.169536
0.967371537139 0.903972716856 0.146198150999 0.138944
0.968837153714 0.903973498749 0.162771204008 0.149184
0.941983715371 0.902813975977 0.160391228278 0.189568
0.942898371537 0.902777863986 0.159727547973 0.200512
0.964589837154 0.90411294814 0.162937484802 0.187008
0.976658983715 0.900946173683 0.161442811012 0.153984
0.979665898372 0.901283179505 0.148182555718 0.101376
0.946666589837 0.905247345348 0.170555923716 0.1328
0.963166658984 0.903325610689 0.165883724464 0.141696
0.892816665898 0.902478659018 0.156827367213 0.204864
0.95148166659 0.902513122328 0.161570506754 0.144576
0.942948166659 0.902526381733 0.145875159968 0.12992
0.968194816666 0.905570460314 0.165840831221 0.12416
0.965319481667 0.900133120367 0.153631033772 0.100608
0.939831948167 0.899880876372 0.155566330778 0.137792
0.928283194817 0.901926173059 0.151829749032 0.13696
0.927128319482 0.902760830401 0.14808279994 0.140544
0.923412831948 0.905312015717 0.146940102937 0.194944
0.950041283195 0.907858035896 0.126782673687 0.139456
0.955404128319 0.912108621253 0.108392523535 0.125504
0.975740412832 0.91926942335 0.109495478312 0.070976
0.962474041283 0.92245323966 0.122732847402 0.09472
0.936847404128 0.922762656187 0.136072163841 0.111936
0.936084740413 0.92162291068 0.12096156098 0.107392
0.955808474041 0.921533282288 0.124590235393 0.120448
0.966780847404 0.922140772352 0.137309788253 0.09088
0.97237808474 0.919223238195 0.141230120665 0.09952
0.972937808474 0.917713472705 0.145696309444 0.079744
0.969393780847 0.917845734618 0.158321721269 0.082944
0.902439378085 0.917693159229 0.146871417326 0.1472
0.964143937808 0.921783923273 0.148826008781 0.128448
0.935214393781 0.920239220558 0.15787136965 0.164992
0.943121439378 0.919288893848 0.127451866447 0.154304
0.891712143938 0.922527186656 0.106095874896 0.216192
0.914471214394 0.927782098594 0.0827365843287 0.245824
0.929347121439 0.935667007051 0.0720248347918 0.235264
0.912834712144 0.942915694671 0.0921352461242 0.2848
0.920183471214 0.94468595841 0.0879585188188 0.271424
0.939818347121 0.945178146366 0.10251828069 0.258112
0.924681834712 0.94219840336 0.0996643943141 0.242112
0.945668183471 0.942116597776 0.11360415544 0.207296
0.954966818347 0.939420140106 0.115044306028 0.192512
0.927996681835 0.939567233417 0.103971620643 0.1952
0.909999668183 0.940407589025 0.0902426504533 0.200192
0.947799966818 0.943366000374 0.105851912064 0.166848
0.951579996682 0.940034598338 0.113099315968 0.157632
0.934857999668 0.938662015277 0.108862659409 0.173632
0.922385799967 0.9391399695 0.121420927301 0.2016
0.949938579997 0.93556038651 0.107192186085 0.195712
0.930193858 0.934592914076 0.120529451902 0.2144
0.9633193858 0.931773859224 0.116548532664 0.190464
0.89823193858 0.930707007644 0.126686495051 0.291456
0.915123193858 0.929290363836 0.120263364436 0.348032
0.921312319386 0.929832031016 0.104198336624 0.301248
0.951631231939 0.932214851364 0.0915352004819 0.26912
0.913263123194 0.941258108798 0.133352798258 0.295744
0.927426312319 0.93687303826 0.156324280953 0.26976
0.934242631232 0.933090646303 0.150859450888 0.298688
0.955624263123 0.934289175627 0.140826561717 0.28256
0.947862426312 0.932180489239 0.133307288757 0.293376
0.926386242631 0.929450724339 0.123455956012 0.334656
0.962938624263 0.928889019871 0.107792861837 0.312896
0.970193862426 0.929523901501 0.132838097485 0.287424
0.947519386243 0.925956570268 0.130939945235 0.3248
0.939851938624 0.925002363493 0.12924580259 0.335936
0.958885193862 0.927535081535 0.161475146701 0.323968
0.965288519386 0.918380693385 0.149566803757 0.310016
0.962328851939 0.91594415654 0.13821533309 0.310272
0.973732885194 0.913774937862 0.156904920387 0.249216
0.960473288519 0.911238016329 0.16688278357 0.278272
0.969047328852 0.910074928763 0.134610427813 0.253888
0.965404732885 0.915584873085 0.182891429963 0.207936
0.971340473289 0.909850748947 0.188386046981 0.185344
0.980934047329 0.901453139325 0.201280371945 0.164096
0.976493404733 0.892889726469 0.200416302888 0.177024
0.979649340473 0.886447130823 0.180926125428 0.154688
0.969164934047 0.885759878146 0.177452006756 0.156544
0.942916493405 0.888287229765 0.175517755325 0.181184
