0.306 0.886790847299 0.422462845575 0.708288
0.4032 0.981371053996 0.468304429476 1.251904
0.46692 0.995069398215 0.477283240178 1.622784
0.550692 0.998866224205 0.474984169899 1.79744
0.6355692 0.999869557591 0.470414741083 1.794496
0.72415692 0.998902178816 0.459643199813 1.630336
0.822115692 0.996287014419 0.427132066902 1.380288
0.9030115692 0.991560359309 0.405456887988 0.865792
0.92730115692 0.985705898995 0.364807131349 0.38272
0.968430115692 0.97744865594 0.318215829002 0.169728
0.988743011569 0.968896966504 0.292201306093 0.062848
0.989874301157 0.958723873516 0.276729191851 0.064128
0.990887430116 0.947803979536 0.250550664418 0.047488
0.987388743012 0.93933931324 0.223109724464 0.039232
0.993338874301 0.931498991235 0.22786752867 0.025472
0.98313388743 0.921634806729 0.226288851471 0.027072
0.985713388743 0.909638167539 0.200572267531 0.02752
0.995871338874 0.900637260027 0.180355567884 0.019008
0.989687133887 0.900683296727 0.176051477185 0.03296
0.998068713389 0.899675606682 0.185770706281 0.01088
0.992606871339 0.897305367054 0.207339500281 0.011072
0.992060687134 0.891121961807 0.190285274747 0.014848
0.997406068713 0.890881944175 0.193225724501 0.013824
0.997040606871 0.891257330003 0.204535401932 0.018368
0.997004060687 0.887316833975 0.184383082114 0.010624
0.999700406069 0.88947937557 0.179256040183 0.002496
0.997270040607 0.890518387888 0.187793249348 0.007232
0.986227004061 0.889506735799 0.18485326812 0.029696
0.983322700406 0.889103907231 0.188648298394 0.030208
0.992032270041 0.888247069169 0.192767667038 0.021248
0.992003227004 0.888391949672 0.180870602847 0.020352
0.9929003227 0.888769548507 0.175422262757 0.0208
0.99029003227 0.88982755584 0.15963305812 0.025728
0.991829003227 0.895256054407 0.164708752706 0.035584
0.999182900323 0.896921406865 0.161424237249 0.027328
0.996318290032 0.896559860393 0.165068621388 0.027584
0.994231829003 0.896099596965 0.165058598702 0.021568
0.9895231829 0.895751420193 0.187691944238 0.027904
0.99265231829 0.894174430773 0.167290223332 0.013568
0.997465231829 0.894463742611 0.166709985626 0.014144
0.989846523183 0.894947186615 0.166197576232 0.017536
0.992684652318 0.894234154248 0.172034877687 0.010176
0.994768465232 0.892072991696 0.175279581919 0.01408
0.998576846523 0.891907446545 0.183231084515 0.009024
0.998957684652 0.893158440043 0.182105570191 0.01056
0.997195768465 0.891814925459 0.184426944762 0.014272
0.998819576847 0.895150282353 0.179902839567 0.011392
0.995381957685 0.898176631382 0.175161982766 0.019648
0.995038195768 0.89937817665 0.171583098626 0.029184
0.995903819577 0.901137733302 0.147995722611 0.026688
0.979790381958 0.907602769538 0.14519227154 0.052608
0.991679038196 0.911922703425 0.157635802113 0.035648
0.99826790382 0.912984103805 0.169658937602 0.01824
0.987226790382 0.909413549091 0.179914905819 0.02528
0.997822679038 0.906512695772 0.182999885369 0.023232
0.981782267904 0.90091212569 0.192531434646 0.034368
0.98827822679 0.900031299282 0.190259699126 0.027136
0.991627822679 0.899484265773 0.191933523317 0.035328
0.978462782268 0.897389602436 0.204638701292 0.056128
0.990646278227 0.892504987211 0.188530263718 0.024192
0.994564627823 0.889720590048 0.18152718709 0.013056
0.980556462782 0.888688816773 0.179300258803 0.032512
0.995355646278 0.88821212078 0.180745372821 0.01792
0.984235564628 0.886910536705 0.172603636099 0.028736
0.990323556463 0.887776292575 0.176398981529 0.028864
0.996332355646 0.888458047966 0.169090933665 0.014528
0.985233235565 0.889372347988 0.15412583662 0.031424
0.975123323556 0.894982473822 0.164416402556 0.032896
0.991212332356 0.897625259913 0.163554464505 0.026048
0.989221233236 0.898016700869 0.184913273964 0.027456
0.974622123324 0.895203143391 0.17555174026 0.059648
0.975862212332 0.893537121017 0.164875860629 0.072576
0.983186221233 0.894420139296 0.161301416355 0.074112
0.978518622123 0.896570144608 0.17138061558 0.043712
0.996951862212 0.897866316018 0.164115152034 0.025536
0.989795186221 0.898570235798 0.165097705685 0.02944
0.998079518622 0.900390195112 0.187096786546 0.010624
0.994407951862 0.898359316764 0.18923162542 0.012928
0.996740795186 0.900106188247 0.201358525427 0.008384
0.982574079519 0.89546416291 0.191548951435 0.030976
0.998257407952 0.893464843682 0.184998002276 0.014784
0.998925740795 0.889623376456 0.170997046111 0.009024
0.99269257408 0.891279513302 0.180685132311 0.014528
0.993869257408 0.890730124606 0.181022559947 0.020096
0.986786925741 0.887091753338 0.177678926603 0.024
0.997778692574 0.887253931861 0.159493650854 0.013952
0.994377869257 0.89332251149 0.153994369367 0.014208
0.995837786926 0.894728942139 0.161782337309 0.0128
0.996883778693 0.895391242206 0.162847839834 0.014464
0.998788377869 0.896816499941 0.169817846743 0.009152
0.998978837787 0.897133987116 0.168517357166 0.008192
0.991797883779 0.9008570108 0.190160541547 0.021952
0.990179788378 0.896916689441 0.198822962449 0.020864
0.988217978838 0.89133065874 0.186643500999 0.022912
0.994321797884 0.890764781862 0.188141526617 0.023616
0.994932179788 0.890651232796 0.17594746923 0.03008
0.990493217979 0.891673269714 0.160968081608 0.032
0.991849321798 0.895085069632 0.164896210666 0.016448
0.98658493218 0.895077756015 0.173406008565 0.02688
0.995958493218 0.895238831204 0.182834658529 0.030016
0.994195849322 0.895604973883 0.166084592612 0.02592
0.992219584932 0.897850833961 0.158772833037 0.033472
0.991121958493 0.901747732287 0.149356875926 0.03104
0.993712195849 0.901819693363 0.156562847539 0.027904
0.986771219585 0.90211086931 0.151396953243 0.03296
0.991477121958 0.903330696715 0.156103799651 0.034944
0.993747712196 0.901825755886 0.155806672563 0.023808
0.99127477122 0.902253957618 0.157136977528 0.030592
0.995527477122 0.901578092488 0.160829406396 0.02208
0.995952747712 0.902647186921 0.15615514464 0.02208
0.987895274771 0.904239295831 0.155617156526 0.034752
0.992489527477 0.904411904772 0.170944963153 0.017472
0.998348952748 0.902302022393 0.171689281999 0.010368
0.996234895275 0.903260541334 0.16778397587 0.010432
0.995123489527 0.905878188839 0.161975220754 0.014656
0.990512348953 0.905671606667 0.146272442361 0.0256
0.994551234895 0.907303200153 0.152997934496 0.017792
0.99135512349 0.909560704189 0.148078590055 0.025088
0.991935512349 0.906987865474 0.143298137261 0.011968
0.995593551235 0.908369160097 0.134974937848 0.017536
0.995059355123 0.907912135276 0.142478675353 0.013248
0.995005935512 0.909663534262 0.117922950625 0.021632
0.992300593551 0.914672670026 0.138147361181 0.03776
0.994730059355 0.915549456415 0.136863964365 0.021504
0.995873005936 0.913477596452 0.140088797346 0.02336
0.996887300594 0.912080919568 0.138723800295 0.012544
0.993388730059 0.913358558795 0.143822526039 0.019456
0.994838873006 0.914823984309 0.148466211385 0.018624
0.990483887301 0.914465937334 0.142852580973 0.03104
0.99814838873 0.914710513618 0.150920017046 0.016256
0.997114838873 0.914236737245 0.157081078109 0.024448
0.993411483887 0.9125432964 0.160064308069 0.02688
0.993941148389 0.910888605976 0.137807689485 0.034752
0.988594114839 0.9149564443 0.15590871531 0.039104
0.989859411484 0.91431805348 0.164640947824 0.033408
0.995385941148 0.911726143919 0.167048276043 0.027648
0.997738594115 0.910105503484 0.177798898059 0.022656
0.997973859411 0.9077521542 0.198136387321 0.007488
0.997997385941 0.904454100343 0.196828630267 0.012992
0.984499738594 0.899134506133 0.203047647771 0.021696
0.995749973859 0.894427114161 0.216825747222 0.019328
0.993274997386 0.887510863131 0.203349582504 0.011264
0.996627499739 0.888472118319 0.185355303895 0.008832
0.995162749974 0.888406484228 0.194114153435 0.015936
0.978816274997 0.884720814526 0.210688495812 0.02528
0.9960816275 0.879945316998 0.214679703096 0.017664
0.99690816275 0.875981638467 0.220459261245 0.017984
0.997890816275 0.873512930135 0.229975334576 0.01568
0.988989081627 0.872415503431 0.249520512924 0.020928
0.995298908163 0.866651531354 0.221520700155 0.012224
0.995929890816 0.868152333399 0.212360745359 0.022912
0.999592989082 0.869193209553 0.20321276102 0.012288
0.992759298908 0.869390424063 0.189270434544 0.014592
0.999275929891 0.875342429046 0.170368963018 0.010304
0.992727592989 0.884199775114 0.179739973515 0.02016
0.992972759299 0.88694670747 0.175087316946 0.026304
0.99659727593 0.891301784677 0.187055661605 0.007744
0.991559727593 0.887739426993 0.185540014409 0.017344
0.994655972759 0.889050540626 0.18643959588 0.016704
0.990465597276 0.887466453918 0.183038012877 0.01216
0.980146559728 0.889128533326 0.188279285946 0.032576
0.996214655973 0.88752552089 0.17442876096 0.02208
0.999621465597 0.890079639132 0.189395561539 0.009536
0.99906214656 0.887186045388 0.195320672228 0.010752
0.987306214656 0.886651776461 0.191322140109 0.033664
0.985230621466 0.886363915814 0.189341687216 0.039488
0.995823062147 0.886695237793 0.189202395863 0.024256
0.997782306215 0.883597978977 0.202222728648 0.009664
0.997978230621 0.881116501974 0.213260270443 0.012416
0.999797823062 0.877339428647 0.218409905638 0.009344
0.999979782306 0.872671201048 0.209896904678 0.006592
0.997297978231 0.871748308546 0.212128762724 0.009984
0.999729797823 0.871696498327 0.201610038605 0.004992
0.985572979782 0.873520926733 0.207326869367 0.013056
0.995857297978 0.871821628369 0.177455480318 0.010432
0.995985729798 0.877859006155 0.199987185487 0.021952
0.99689857298 0.875184401691 0.206723582551 0.023936
0.995189857298 0.877343210702 0.180061884624 0.017856
0.99141898573 0.881536499935 0.188794854807 0.022336
0.997341898573 0.882505422783 0.172128596897 0.0064
0.997034189857 0.884839862655 0.175673629151 0.019968
0.997903418986 0.888863801171 0.176634339668 0.01376
0.998890341899 0.889775519706 0.200638008484 0.013376
0.99178903419 0.88819587544 0.179804946575 0.014656
0.992878903419 0.89194958365 0.173941228393 0.01472
0.974987890342 0.895501363684 0.172365574186 0.033856
0.985798789034 0.896925251008 0.17603978794 0.03968
0.994079878903 0.898233726458 0.18840305095 0.02848
0.98770798789 0.895406685831 0.189263951947 0.02976
0.987970798789 0.892982940769 0.191400214143 0.030208
0.997897079879 0.890977690487 0.202701529218 0.024896
0.980889707988 0.885452409752 0.174903460219 0.036928
0.990888970799 0.887288220631 0.185069520229 0.035776
0.98828889708 0.884926789251 0.171321935806 0.036288
0.994328889708 0.88834665292 0.199452445037 0.029888
0.998532888971 0.88386116603 0.191247545928 0.015168
0.998053288897 0.885919719742 0.182774685063 0.016896
0.99260532889 0.890042689344 0.18357104058 0.017408
0.988460532889 0.890279381454 0.178411044917 0.02304
0.986246053289 0.892602037665 0.17686194216 0.031936
0.988724605329 0.896350802893 0.17951158582 0.019072
0.991672460533 0.896544232498 0.177161798795 0.019904
0.982067246053 0.897284385932 0.146157562046 0.03744
0.997306724605 0.900346271779 0.143971309999 0.035136
0.985330672461 0.903853901261 0.15308754635 0.029696
0.994033067246 0.90460355126 0.157204800225 0.033024
0.995803306725 0.904105068648 0.180809024937 0.022144
0.995980330672 0.901567916499 0.190780215832 0.022144
0.995098033067 0.897958110343 0.183714403289 0.023296
0.990509803307 0.894870606815 0.184230140518 0.029696
0.996350980331 0.892052080159 0.177645856398 0.014208
0.988835098033 0.890844657142 0.159063420608 0.031168
0.994383509803 0.895631356034 0.162842834392 0.021376
0.99673835098 0.89444908184 0.15697438392 0.012928
0.998773835098 0.897578831569 0.150970672507 0.01472
0.99357738351 0.900245229298 0.172793926743 0.015744
0.994857738351 0.897260339413 0.168007599687 0.011584
0.994985773835 0.896353107219 0.167077813398 0.005696
0.993198577384 0.89817149804 0.155417728748 0.015488
0.996619857738 0.900104804704 0.160553266356 0.009984
0.991561985774 0.899506970081 0.152936856265 0.01472
0.991956198577 0.903877700313 0.147977174378 0.02432
0.998295619858 0.907471694623 0.15519291161 0.019776
0.997129561986 0.906413417962 0.155093055213 0.014976
0.994312956199 0.90630375754 0.148143755292 0.01824
0.99673129562 0.905854127588 0.155612824896 0.014336
0.989773129562 0.90698558157 0.171060882023 0.02016
0.989077312956 0.903316282139 0.15071996817 0.029504
0.996207731296 0.905155042285 0.149833862726 0.016
0.99242077313 0.905899293085 0.156011668796 0.025664
0.990242077313 0.908335242838 0.168715417158 0.01728
0.990024207731 0.907244691936 0.181940682994 0.017216
0.980102420773 0.905014836102 0.168491963916 0.039936
0.997110242077 0.902978435437 0.181869193013 0.0144
0.987111024208 0.897847645145 0.165316626288 0.022848
0.990611102421 0.899403778264 0.193392187386 0.024
0.990961110242 0.896096754909 0.199796649594 0.021952
0.981996111024 0.893123175217 0.183725024616 0.046464
0.988299611102 0.893166760457 0.197382291973 0.043712
0.98982996111 0.889305506063 0.192312030545 0.0304
0.980982996111 0.887372296866 0.194441068407 0.052288
0.992698299611 0.88619235877 0.200565968492 0.02848
0.989369829961 0.883008415189 0.204351450601 0.030528
0.991736982996 0.880023547209 0.196416782136 0.039168
0.9874736983 0.879957980197 0.197372827976 0.042624
0.97804736983 0.878402965532 0.195911398725 0.055488
0.982504736983 0.878827733843 0.171439089827 0.051136
0.991950473698 0.883102072987 0.180429602674 0.0416
0.99289504737 0.883088202683 0.160399912509 0.037632
0.984889504737 0.889012389964 0.157859316292 0.046848
