0.2187 0.88676006546 0.0 0.760448
0.28737 0.981336384187 0.0 1.387904
0.387837 0.994977478614 0.0 1.851712
0.5004837 0.998838022817 8.42004327569e-202 2.05792
0.56124837 0.999845525654 9.07849451141e-71 2.125696
0.615924837 0.999981307372 7.25854537785e-25 2.154944
0.6906924837 0.999994482111 7.94300366021e-12 2.05408
0.71796924837 0.999997413316 1.42120991636e-07 1.873024
0.755796924837 0.99999528584 2.65692750958e-05 1.659264
0.731679692484 0.999994949045 8.57268245619e-05 1.474944
0.792267969248 0.999993759887 0.00141943044191 1.221312
0.799226796925 0.999904419798 0.00647435741365 0.9504
0.784622679692 0.999614965894 0.0085077781141 0.837056
0.813762267969 0.99900458829 0.00796950247385 0.69312
0.818476226797 0.998844901531 0.0173498512822 0.538176
0.80904762268 0.997873628099 0.0234296408509 0.48
0.847704762268 0.997572521778 0.0146071402742 0.376384
0.823670476227 0.99771909457 0.0126948318112 0.362752
0.874367047623 0.996817521795 0.00959744482988 0.31328
0.864136704762 0.996599613898 0.0102638384509 0.275456
0.874813670476 0.996628711523 0.00709474343602 0.272896
0.859681367048 0.996971413468 0.00590377972582 0.2768
0.902268136705 0.99718464993 0.0137952967685 0.27168
0.90292681367 0.996388472992 0.0223388222979 0.259072
0.881392681367 0.994900486072 0.0176102943157 0.293824
0.871139268137 0.994761399082 0.0243712700259 0.295104
0.871913926814 0.994155949432 0.027467681036 0.317824
0.894491392681 0.9925180056 0.0241992629421 0.283904
0.902149139268 0.990196207655 0.0202934659561 0.251776
0.874114913927 0.990857309079 0.0296706783388 0.298624
0.889311491393 0.989707264952 0.0276449032422 0.265216
0.867431149139 0.987277264125 0.0218462329319 0.234112
0.886843114914 0.987596573891 0.0247290056895 0.248896
0.910384311491 0.986980702477 0.031512011138 0.223744
0.893838431149 0.985281531882 0.0273509685745 0.22272
0.903883843115 0.985145210304 0.0300449645319 0.217536
0.924688384311 0.983121830635 0.0269671987285 0.193152
0.915068838431 0.983471453875 0.0257289987366 0.227328
0.866406883843 0.984018838959 0.0283175056228 0.284928
0.891240688384 0.983224903939 0.0272204838427 0.264064
0.897324068838 0.983489662249 0.0310793059248 0.251968
0.898832406884 0.982648204708 0.0361411089192 0.254208
0.898983240688 0.980968473537 0.035804938715 0.250112
0.925998324069 0.980435257268 0.0345588435644 0.212672
0.918799832407 0.981884872862 0.024806443898 0.202944
0.957679983241 0.980674058244 0.0198495340295 0.171968
0.910267998324 0.983112310567 0.0246084928307 0.20736
0.947826799832 0.983224255707 0.0305838430863 0.180288
0.926382679983 0.98308626835 0.023494240528 0.203392
0.927838267998 0.984427131906 0.0177847581492 0.2304
0.9144838268 0.986593673018 0.0224584005463 0.230912
0.89064838268 0.986414130007 0.020862580649 0.236416
0.924264838268 0.986344273796 0.0200189955489 0.178816
0.879026483827 0.986727560752 0.0238034978266 0.23424
0.908702648383 0.98596933264 0.0251375592547 0.23104
0.932370264838 0.985219072586 0.020048042227 0.203328
0.928437026484 0.986319022645 0.0235937538063 0.20896
0.905543702648 0.985873341706 0.0232695366601 0.225728
0.889754370265 0.985755035065 0.0193373873367 0.266496
0.917875437026 0.987319458342 0.0227991537655 0.233856
0.873887543703 0.987197585449 0.0284816431205 0.295808
0.90008875437 0.98703217574 0.0249534077141 0.267904
0.890108875437 0.986496369391 0.0237626045465 0.261696
0.888210887544 0.985886538305 0.0172272889765 0.278144
0.910521088754 0.987320051166 0.0259754054106 0.302592
0.900152108875 0.985739496853 0.0268801143779 0.257024
0.901815210888 0.985048103729 0.0156645134819 0.26272
0.895681521089 0.986866320306 0.0212024683042 0.307968
0.912168152109 0.986402428896 0.0144839141085 0.280832
0.889516815211 0.988262080968 0.0163399850005 0.303104
0.918751681521 0.988347774835 0.0199251444879 0.251072
0.908175168152 0.989216698412 0.0227330076104 0.279872
0.932317516815 0.988434151608 0.0141207512132 0.237056
0.896031751682 0.989816631285 0.0234181886752 0.260096
0.914903175168 0.988789312887 0.0160741251666 0.251456
0.896990317517 0.989955647117 0.0197412611341 0.283392
0.914999031752 0.989974910068 0.0200654489231 0.25312
0.896999903175 0.990184327491 0.0296494723706 0.250688
0.930299990318 0.989805756572 0.0324874812753 0.185088
0.921929999032 0.988924405083 0.0318575015436 0.196096
0.921992999903 0.98704203542 0.0277370063968 0.181568
0.91929929999 0.985451951132 0.0280794629435 0.183232
0.907329929999 0.983940463977 0.0252761598481 0.209856
0.930432993 0.983811052807 0.0214761452362 0.193856
0.8913432993 0.985562191609 0.0218367790221 0.247616
0.92343432993 0.9861578774 0.0252330588028 0.22944
0.886143432993 0.986094561954 0.0296002231041 0.22432
0.894114343299 0.985532348469 0.0312066940279 0.234304
0.90751143433 0.985279328012 0.0279328930045 0.266816
0.898051143433 0.985168906563 0.0342607430511 0.296576
0.876405114343 0.982661654167 0.0274324210173 0.24832
0.889540511434 0.983041914441 0.0202277840986 0.302336
0.946654051143 0.984954971829 0.0248395918619 0.24576
0.913665405114 0.984984453901 0.0257195619659 0.237824
0.926566540511 0.984388225026 0.0220182898678 0.234432
0.865756654051 0.984432191109 0.0192426259569 0.334464
0.887575665405 0.985269676148 0.0176250415599 0.325376
0.879857566541 0.987476478415 0.0210574637094 0.318272
0.875485756654 0.988018274194 0.0327515484743 0.270016
0.911948575665 0.985779282739 0.0380496498375 0.223104
0.910194857567 0.982969184173 0.0340504758005 0.216384
0.916319485757 0.982798307893 0.0412099982269 0.221312
0.916931948576 0.979952313779 0.029456866681 0.216768
0.888193194858 0.981863451094 0.0188803155311 0.223296
0.892519319486 0.984412571432 0.0144123328111 0.292736
0.906451931949 0.986981186721 0.0166238563518 0.236416
0.902445193195 0.988532523356 0.0142512518566 0.232896
0.893044519319 0.990354291284 0.0118650462259 0.250752
0.891204451932 0.990283839124 0.0122855453381 0.277696
0.882020445193 0.990925218596 0.00538414849715 0.305984
0.873902044519 0.991962128779 0.0141311912488 0.334208
0.896490204452 0.99217393633 0.0088442195208 0.29856
0.872649020445 0.991979159088 0.00465741519234 0.363328
0.894564902045 0.993805314151 0.00462245122642 0.361536
0.859856490204 0.995463550795 0.0133957259922 0.364608
0.85548564902 0.995295406678 0.0193388719845 0.356736
0.870348564902 0.995117850984 0.0310675228329 0.387328
0.90243485649 0.994040661212 0.0341409330214 0.30624
0.895743485649 0.992533041211 0.0235306004628 0.230784
0.929274348565 0.990892436898 0.0186917891784 0.195008
0.911927434856 0.99171553246 0.0311785810733 0.219392
0.929992743486 0.990275086131 0.0186441077784 0.189888
0.907499274349 0.99074846029 0.0187401626735 0.240768
0.917849927435 0.99045771404 0.00880352894518 0.22848
0.898184992743 0.992180870293 0.0150531240965 0.249344
0.882718499274 0.99239401008 0.0178873133404 0.293824
0.889271849927 0.992608785334 0.0222125715739 0.277632
0.869227184993 0.993116983367 0.0193183524073 0.282496
0.901422718499 0.992055383397 0.037094605425 0.274368
0.91094227185 0.989735401514 0.0382389962056 0.26592
0.873194227185 0.98700749747 0.0257007054643 0.315392
0.878419422718 0.986872077328 0.0350897391396 0.342464
0.922141942272 0.984356104075 0.0342274883795 0.263744
0.931014194227 0.982517733707 0.03669608007 0.23776
0.945401419423 0.980431471262 0.0327829791384 0.226112
0.918940141942 0.980053838378 0.0321791222173 0.277888
0.924394014194 0.979452481151 0.0383853786874 0.291328
0.917739401419 0.978480725784 0.0228591775102 0.271872
0.899073940142 0.980424602862 0.0318606326187 0.32544
0.926907394014 0.980254218674 0.0353238443667 0.301952
0.913490739401 0.978603550168 0.0478467465173 0.30336
0.88514907394 0.977307627237 0.0385190448813 0.278464
0.923714907394 0.976280313696 0.0469435776839 0.243328
0.933871490739 0.974585084969 0.0463609180424 0.255424
0.915987149074 0.972763642185 0.0505765160304 0.256896
0.915998714907 0.971300583954 0.0477922829928 0.262016
0.906099871491 0.971560496428 0.0439276701834 0.288768
0.934809987149 0.972139194438 0.0470086789385 0.245312
0.950280998715 0.972151705017 0.0378047628574 0.22176
0.932028099871 0.973183875491 0.0328615857653 0.237696
0.917602809987 0.975550238648 0.0333474009294 0.251648
0.914360280999 0.977173595969 0.0366063094808 0.29248
0.9212360281 0.977371930552 0.025219172335 0.2384
0.93182360281 0.978765874392 0.0280946709645 0.267648
0.916682360281 0.9784741306 0.0358910686705 0.287168
0.955668236028 0.977947006394 0.0284654209102 0.256832
0.912766823603 0.980365618149 0.0265408250721 0.29152
0.89047668236 0.980736804771 0.0241683753054 0.336128
0.944047668236 0.982273692091 0.017121602657 0.26496
0.925104766824 0.983626035578 0.0292627155274 0.29504
0.922310476682 0.982821436541 0.0227327162249 0.27808
0.907631047668 0.984052556387 0.0243310893905 0.303936
0.916963104767 0.983616500298 0.0180374702969 0.303296
0.907096310477 0.984499579671 0.0329653674175 0.307904
0.916909631048 0.983263330426 0.0356455838901 0.295936
0.936790963105 0.982195602071 0.0279953693208 0.256256
0.93247909631 0.982550820238 0.0389265725815 0.25728
0.946447909631 0.980246811081 0.0323851273713 0.270912
0.948744790963 0.981120256577 0.026118450617 0.253184
0.959774479096 0.980156984078 0.0260594301369 0.23584
0.94917744791 0.982181537144 0.0281386569698 0.250624
0.958017744791 0.981945584687 0.0325063643063 0.238592
0.956201774479 0.982224481721 0.017692597737 0.244672
0.939820177448 0.983317050724 0.0310702428077 0.247936
0.944482017745 0.983348604484 0.0376549229415 0.256064
0.945848201774 0.982152173625 0.0226078730373 0.268992
0.941484820177 0.982933900133 0.0387255469413 0.277952
0.948248482018 0.980895034475 0.0336814865901 0.280128
0.952524848202 0.979233929996 0.0471814895628 0.282304
0.94485248482 0.976140699308 0.0436886710588 0.268288
0.953085248482 0.975286664516 0.0293014911142 0.260864
0.949408524848 0.976012692547 0.0301038837819 0.263296
0.939140852485 0.977126901206 0.0378257722651 0.300224
0.941714085248 0.976227960852 0.035103584138 0.301888
0.920371408525 0.976695218493 0.0409320962898 0.360576
0.929937140852 0.97579240344 0.0273366363528 0.35616
0.932693714085 0.978553947243 0.0306313516679 0.391808
0.923069371409 0.980041870503 0.0387784307791 0.393088
0.937406937141 0.978173952535 0.0302418532026 0.358336
0.951440693714 0.979014022279 0.0434210298318 0.31744
0.910544069371 0.977848740968 0.0433847450158 0.354368
0.939754406937 0.977607288097 0.0434586523892 0.318528
0.936375440694 0.977382233713 0.0401762047376 0.253376
0.933337544069 0.976662036595 0.0415152468736 0.154432
0.954633754407 0.976564631439 0.0432936832636 0.145664
0.972063375441 0.976087863439 0.0336904782004 0.119744
0.933306337544 0.978178055518 0.0270295512947 0.163072
0.941130633754 0.979858291928 0.0361422199705 0.148544
0.935613063375 0.978462069305 0.0299634910143 0.151744
0.951261306338 0.979738740383 0.0366567642308 0.131392
0.942026130634 0.979365683064 0.0213911437769 0.150464
0.927602613063 0.98256160081 0.0378675275385 0.179008
0.921660261306 0.981239768162 0.0297359647276 0.202944
0.901266026131 0.981448189339 0.0316947828941 0.216576
0.931626602613 0.980730055966 0.0295824867594 0.2064
0.942762660261 0.980533967894 0.0399919890545 0.198976
0.938476266026 0.979079429946 0.0373762773561 0.164992
0.925447626603 0.977989560174 0.0449339865846 0.172736
0.97274476266 0.976956586878 0.0488576836051 0.151744
0.907274476266 0.975232592814 0.0466695001915 0.200128
0.963727447627 0.974565176441 0.0421449738375 0.148416
0.961272744763 0.975004693887 0.0403929235853 0.155072
0.957427274476 0.974520040491 0.0225098210152 0.151936
0.936342727448 0.978236341953 0.0274393999243 0.172928
0.936934272745 0.980505307746 0.0496575834442 0.16544
0.936993427274 0.976632934474 0.0427843608154 0.159552
0.953199342727 0.97703841447 0.0384483788975 0.156608
0.962919934273 0.977912917926 0.0368290032085 0.129152
0.960291993427 0.979274164417 0.0300329266461 0.123456
0.951929199343 0.978889665088 0.0367792902564 0.141632
0.940292919934 0.979260666815 0.0484745634858 0.146496
0.964329291993 0.977377062934 0.0472019056874 0.142528
0.933432929199 0.975831703095 0.0275054463889 0.157184
0.95284329292 0.979186444923 0.0317828508663 0.166848
0.943084329292 0.979986946789 0.033034001931 0.180608
0.929508432929 0.979397551772 0.0437747141652 0.19168
0.884950843293 0.977779504597 0.0319608149595 0.215232
0.934495084329 0.979686889657 0.0373550727077 0.172416
0.948449508433 0.978075681857 0.0378501008187 0.138752
0.902144950843 0.978416572943 0.0492569177835 0.180672
0.944314495084 0.97617032705 0.0322136434956 0.154752
0.928731449508 0.978572809995 0.0412598031576 0.178816
0.933473144951 0.97898873195 0.0620289402012 0.173696
0.943847314495 0.975407352927 0.0591926258175 0.14464
0.93318473145 0.974451441006 0.0500808653572 0.153088
0.930318473145 0.97436985057 0.0372458431258 0.175936
0.937231847314 0.974796578498 0.0366165747852 0.16288
0.937023184731 0.974507850079 0.0378491789264 0.126272
0.938802318473 0.974466896275 0.0366140589467 0.141312
0.947080231847 0.975499467786 0.0321724163143 0.136192
0.960508023185 0.976724023173 0.0476736494469 0.118208
0.931250802318 0.974998987835 0.0424011928181 0.152064
0.947225080232 0.97439122275 0.0631421361193 0.131392
0.954222508023 0.970992488506 0.0727388760679 0.137728
0.968422250802 0.968436477332 0.0741254273757 0.108352
0.96264222508 0.967141777857 0.0663526626765 0.122048
0.959364222508 0.966415860854 0.0610392679879 0.109312
0.954536422251 0.964667514608 0.0497233793654 0.1168
0.956753642225 0.966347633941 0.043393629192 0.11968
0.955175364223 0.967884227161 0.0306394872395 0.117056
