0.2214 0.886903714045 0.0 0.776256
0.33084 0.98149497168 0.0 1.3664
0.410184 0.995094288723 0.0 1.841088
0.4784184 0.998819763979 0.0 2.1296
0.54734184 0.999879134637 0.0 2.255232
0.598334184 0.999984264837 1.12838711154e-203 2.347712
0.6592334184 0.999994777857 3.62883441781e-108 2.208576
0.69052334184 0.999994618861 1.05046878937e-54 2.204608
0.731452334184 0.999997830423 8.26010651827e-25 1.891904
0.766145233418 0.999996134416 7.44358474149e-11 1.629312
0.784014523342 0.99999515795 6.17567771033e-06 1.4208
0.766901452334 0.999995463736 0.000465516025516 1.079936
0.785890145233 0.999915476139 0.0022257516469 0.958016
0.811189014523 0.999746972995 0.00883684844968 0.701696
0.822718901452 0.999292200181 0.0243322628663 0.47936
0.820271890145 0.998374457393 0.033731027321 0.458816
0.828127189015 0.997394139265 0.0298638047763 0.372928
0.832512718901 0.996636632053 0.0258399447831 0.359552
0.79605127189 0.996428002044 0.0229603899883 0.407936
0.821205127189 0.995199245031 0.0181410321855 0.405568
0.816520512719 0.994696687587 0.0160898044625 0.427904
0.834052051272 0.993336457919 0.0159963787832 0.458112
0.843005205127 0.993702768682 0.019037309057 0.377024
0.866400520513 0.994181792145 0.0157800945075 0.315712
0.886740052051 0.994209302696 0.0100950565113 0.31008
0.884274005205 0.99426585938 0.00310301145281 0.334144
0.851627400521 0.995514772317 0.00508227059207 0.353344
0.863662740052 0.995950557479 0.00645996736289 0.3248
0.873866274005 0.995918131758 0.00738233322451 0.30048
0.903686627401 0.99557974541 0.00358281059321 0.222208
0.88776866274 0.996516657483 0.00135384824587 0.236096
0.833076866274 0.997402551823 0.0004169706045 0.320064
0.819507686627 0.998128680021 0.000221381477537 0.34592
0.881150768663 0.9987180953 0.00108486502625 0.32128
0.870215076866 0.999225520198 0.00625987113197 0.331008
0.855621507687 0.998846838227 0.0106878942614 0.326272
0.889262150769 0.998273108661 0.0135347692802 0.303616
0.864726215077 0.997579407239 0.00570320697241 0.317952
0.852372621508 0.997337055971 0.00505280361283 0.345728
0.818737262151 0.997169377391 0.00595695429542 0.377472
0.813573726215 0.996731924833 0.0108885004257 0.402304
0.873357372622 0.995994990026 0.00552247700332 0.360128
0.877535737262 0.99662782991 0.00616275808265 0.33088
0.881553573726 0.997126770202 0.00588756964954 0.318464
0.856755357373 0.997340170757 0.00553021808358 0.355904
0.879475535737 0.997057225124 0.00468007949992 0.338752
0.841247553574 0.99722734589 0.0109640342066 0.352768
0.830224755357 0.996570937861 0.0150326440807 0.35008
0.808422475536 0.995810311397 0.00765981734216 0.412992
0.839542247554 0.995734248751 0.0024486361496 0.405184
0.820154224755 0.996555526383 0.00298480881234 0.434816
0.768715422476 0.997373846446 0.00113471945189 0.500224
0.824771542248 0.998094576298 0.00440546552108 0.497536
0.847477154225 0.997559133407 0.00673560935819 0.50816
0.896547715422 0.996770497002 0.0115531694411 0.397952
0.880754771542 0.99600335423 0.0143231798275 0.313344
0.859375477154 0.994859051223 0.0131069244597 0.246528
0.867137547715 0.993927034335 0.0118779858782 0.287232
0.886813754772 0.993225806747 0.00866449566349 0.238528
0.851881375477 0.994177990272 0.00391477943024 0.287104
0.876288137548 0.995394795246 0.00142831097347 0.29792
0.859828813755 0.996190126756 0.00542187730593 0.330048
0.879782881375 0.996864591024 0.00701820226719 0.302656
0.863778288138 0.997466916993 0.0116161171875 0.365056
0.892777828814 0.997582812007 0.0188046506931 0.299328
0.885777782881 0.997572867217 0.0289416182855 0.286528
0.890477778288 0.996591792518 0.027176672495 0.27328
0.885547777829 0.995112062769 0.0196170210352 0.335104
0.885954777783 0.994199215616 0.0140438657397 0.324608
0.882395477778 0.993542855846 0.0152930173876 0.292544
0.892839547778 0.993488279133 0.0123803207304 0.25696
0.910083954778 0.993101245944 0.0206938755315 0.227776
0.871308395478 0.991265194606 0.019580308773 0.255808
0.880030839548 0.989443540001 0.0262405407284 0.246848
0.925003083955 0.988564586955 0.0309736074308 0.198208
0.911500308395 0.987620368816 0.0295328655895 0.196544
0.92545003084 0.985384511419 0.0191692223363 0.179584
0.961945003084 0.986949890591 0.0116914972091 0.143424
0.937694500308 0.989146835641 0.0157950635793 0.164864
0.923569450031 0.989566206443 0.0172386959381 0.180416
0.913156945003 0.989864233713 0.0167398592421 0.197696
0.9103156945 0.989764298701 0.017648952939 0.234112
0.90373156945 0.988659072919 0.0287968225078 0.212096
0.923773156945 0.986155888415 0.0293036943301 0.233024
0.906877315695 0.985217144925 0.0245165590049 0.249408
0.886287731569 0.985240872624 0.0229788805492 0.263488
0.898628773157 0.986803320718 0.0329126297285 0.251904
0.903462877316 0.985708924004 0.0291906846012 0.23392
0.905746287732 0.984723037651 0.0295271301674 0.239104
0.902374628773 0.984902194049 0.0273972492391 0.268416
0.898437462877 0.984951374541 0.023636250884 0.254848
0.894443746288 0.985580790532 0.0237904298105 0.260416
0.869744374629 0.985740427753 0.0132869380986 0.287232
0.903274437463 0.987908377663 0.0126243752192 0.24
0.904827443746 0.989647657663 0.0202752903326 0.216064
0.887882744375 0.988217209221 0.0288920037628 0.232
0.916788274437 0.98768143746 0.0259747228274 0.218816
0.907978827444 0.987030105389 0.0278167155035 0.18944
0.928697882744 0.986354956664 0.0146524296611 0.184384
0.909169788274 0.988004368455 0.00598925684408 0.1744
0.905416978827 0.990437304884 0.00749057145778 0.1984
0.896041697883 0.992219376196 0.00899815347512 0.210624
0.883404169788 0.993135363431 0.00740909878026 0.20736
0.887540416979 0.993569241285 0.0119277782955 0.232512
0.870854041698 0.9938801639 0.0177357337641 0.244288
0.89438540417 0.994243701581 0.0145919570576 0.2256
0.900338540417 0.993886952888 0.0130989611751 0.26368
0.902733854042 0.993406822773 0.016321109229 0.22752
0.869673385404 0.99282279294 0.0258451041255 0.259904
0.91676733854 0.99161144986 0.0150838830234 0.183168
0.896276733854 0.991538519921 0.0133247648689 0.222656
0.908627673385 0.991819813408 0.0157271636903 0.232768
0.895462767339 0.99150509293 0.0241917422512 0.247872
0.905846276734 0.98980706267 0.0261227432205 0.203584
0.911384627673 0.988326887989 0.0268578722851 0.209984
0.912838462767 0.98583766555 0.0130712192799 0.230912
0.913883846277 0.98807384042 0.0141641830179 0.241408
0.924788384628 0.988902310917 0.023691392787 0.237248
0.925878838463 0.98788768425 0.0290770502471 0.254784
0.940387883846 0.986017833442 0.0257727324506 0.226432
0.902238788385 0.985786710154 0.0311742705103 0.240384
0.911923878838 0.984241880866 0.0189507441988 0.192512
0.917392387884 0.985692554272 0.0221972574768 0.198464
0.925139238788 0.98597040975 0.0239408049476 0.215296
0.918713923879 0.985518963134 0.0240375407691 0.232448
0.903671392388 0.984868961521 0.0320651997758 0.24256
0.912967139239 0.983858774343 0.0186856666595 0.28768
0.908496713924 0.985293328133 0.0282130364551 0.3056
0.936849671392 0.983512394376 0.0225961856958 0.19904
0.925284967139 0.983202054752 0.0284753362093 0.212032
0.945728496714 0.982772672996 0.0218405953816 0.205696
0.935172849671 0.983093545962 0.0255252177427 0.23456
0.927817284967 0.983433319889 0.0219399128466 0.238912
0.937881728497 0.983135301542 0.0233553782698 0.253824
0.92448817285 0.984265185113 0.0277992888375 0.24128
0.945648817285 0.983500930116 0.0209523644333 0.21376
0.926164881728 0.984912810309 0.0224481317469 0.221696
0.922416488173 0.985693695716 0.0213644436544 0.225344
0.926541648817 0.986014952565 0.0298674352596 0.259968
0.940454164882 0.984527551987 0.0216155559307 0.204416
0.943645416488 0.984051628705 0.0226363095106 0.218752
0.925064541649 0.984719325829 0.0200980590979 0.2256
0.898906454165 0.985425057635 0.0260298028403 0.274176
0.906190645416 0.984587078812 0.0124488648371 0.28288
0.921319064542 0.98680386646 0.0167557326357 0.2608
0.921931906454 0.987691946976 0.0151220527526 0.254592
0.917493190645 0.988172263389 0.0167135760869 0.260864
0.915249319065 0.988050472578 0.0136914542204 0.284864
0.906924931906 0.989168996016 0.0117147761623 0.297472
0.917792493191 0.989602961137 0.0155924517421 0.285056
0.918879249319 0.989934036446 0.0111219611232 0.260096
0.936087924932 0.991512418002 0.0127755326923 0.239104
0.935108792493 0.99084795954 0.0176663407367 0.233472
0.935910879249 0.991101498127 0.0180175025485 0.237376
0.943191087925 0.989958814089 0.0176756172673 0.25024
0.926819108792 0.989885742713 0.00707641415382 0.248576
0.921581910879 0.990992903052 0.0107508092078 0.256576
0.893158191088 0.991741349476 0.00941469430914 0.261184
0.899315819109 0.993331281202 0.00609045301035 0.259072
0.883731581911 0.99386348613 0.0155230213636 0.30016
0.869573158191 0.993600783394 0.0136134839621 0.311488
0.889757315819 0.992997248753 0.0125356896125 0.335488
0.860275731582 0.992757084891 0.00820590040432 0.355264
0.882527573158 0.993851762751 0.00848370900845 0.393216
0.899152757316 0.9938501584 0.0185535810779 0.376896
0.898115275732 0.992803836198 0.0145775521435 0.302592
0.918711527573 0.99295420135 0.00741434818782 0.279808
0.913571152757 0.993525436172 0.0101453038725 0.354304
0.914857115276 0.993363373322 0.0114141325158 0.341568
0.871785711528 0.992555911363 0.0190582051697 0.3728
0.870178571153 0.99093131596 0.0217855453503 0.378752
0.906017857115 0.989701232436 0.0254292424118 0.400256
0.901501785712 0.988849351316 0.014519874969 0.38496
0.891150178571 0.988608714516 0.0309063483098 0.310912
0.895515017857 0.987029702024 0.0261002095561 0.322944
0.937351501786 0.986013223032 0.0306165797786 0.275392
0.914535150179 0.98427166914 0.0403677079687 0.287552
0.929353515018 0.981821028945 0.0417465628305 0.295168
0.940735351502 0.980672388912 0.0510775471629 0.299264
0.92567353515 0.977739925782 0.0453510050141 0.277696
0.940367353515 0.976797949426 0.0468584767405 0.285888
0.955336735352 0.974873371975 0.0334860379261 0.278016
0.915433673535 0.976477670652 0.0251708989655 0.319168
0.940243367354 0.978495911303 0.0155887126491 0.286016
0.951724336735 0.980885562128 0.0135369111579 0.272
0.919572433674 0.983792166804 0.0107488002164 0.290176
0.903757243367 0.985705259713 0.012156895502 0.310272
0.910275724337 0.988135974784 0.00793743712195 0.323712
0.879427572434 0.989598199033 0.00893458466876 0.378048
0.894342757243 0.991355579829 0.00388863649617 0.31296
0.923734275724 0.99277287068 0.00528136132888 0.313024
0.876273427572 0.994205197864 0.00646293090187 0.272448
0.899427342757 0.993892810832 0.00865771112339 0.266624
0.888242734276 0.994657572977 0.014921417346 0.271808
0.900624273428 0.992791789905 0.00727443734359 0.257664
0.874862427343 0.993927868517 0.00394964407358 0.273344
0.841686242734 0.995091189399 0.00901415613465 0.3264
0.879768624273 0.994236233999 0.00797808624585 0.318144
0.892576862427 0.994349379835 0.016538150817 0.250496
0.927157686243 0.993366807414 0.0227860341035 0.220416
0.891915768624 0.992322604038 0.0195522978859 0.198144
0.887491576862 0.992094926675 0.0186140810789 0.2352
0.871749157686 0.990901328069 0.0263071694594 0.23488
0.925074915769 0.988979396145 0.0175560193686 0.16352
0.918707491577 0.989494967201 0.0105714165663 0.185216
0.903670749158 0.990949004971 0.0122038898743 0.16928
0.916567074916 0.991611122732 0.0181079633104 0.20096
0.923256707492 0.990315639477 0.0219009780663 0.211712
0.900525670749 0.988720602068 0.0134869178373 0.208896
0.900052567075 0.990293960984 0.00858151793075 0.21856
0.887405256707 0.991950682676 0.00327672098946 0.247744
0.880740525671 0.99300867317 0.00806686322095 0.234432
0.875574052567 0.9933104926 0.0113007011151 0.23968
0.895757405257 0.992707156614 0.0136029388687 0.215488
0.878875740526 0.992581060363 0.00530298307783 0.244032
0.925787574053 0.993117919902 0.0114183821164 0.1888
0.903478757405 0.992860400352 0.00842521606864 0.21216
0.879647875741 0.99397804842 0.00873015602549 0.256256
0.908764787574 0.994544023663 0.011182984588 0.237888
0.896376478757 0.993919835087 0.0110327140519 0.241088
0.897837647876 0.994371970324 0.0214650775613 0.230848
0.894383764788 0.993393214075 0.0338326742503 0.23168
0.913838376479 0.991606975424 0.030574762182 0.187968
0.896883837648 0.992034574872 0.0202816239833 0.223424
0.875388383765 0.991432010843 0.0296670602007 0.24672
0.884938838376 0.990504522159 0.0169616279311 0.220416
0.918293883838 0.989644376664 0.0158361495439 0.210304
0.897329388384 0.98996375957 0.0282156637613 0.237056
0.912332938838 0.987979904039 0.0228994131379 0.224512
0.874233293884 0.987756188228 0.0235641715923 0.262912
0.883923329388 0.987220530421 0.012913571455 0.25728
0.908292332939 0.987892934571 0.0117582451873 0.251264
0.855829233294 0.98995297235 0.015896937059 0.32352
0.891082923329 0.988846199085 0.0280211449936 0.302784
0.914408292333 0.986759713905 0.029763902634 0.284416
0.889740829233 0.984576255658 0.0274115380727 0.265216
0.911574082923 0.983888261765 0.0328910739581 0.230848
0.920057408292 0.981932859606 0.0278817510854 0.218368
0.911905740829 0.982088208799 0.0247575817039 0.182976
0.914690574083 0.982763263884 0.0316979713056 0.24512
0.932069057408 0.983405180271 0.0383495038286 0.2112
0.905906905741 0.984043893515 0.0262967080155 0.26592
0.884390690574 0.98499817855 0.0117954675169 0.291712
0.895739069057 0.987999542855 0.0160738728751 0.283008
0.905873906906 0.988431838886 0.0282852374314 0.288704
0.903287390691 0.986006494121 0.0287066914247 0.279232
0.896728739069 0.984248920806 0.0211933752482 0.270336
0.894272873907 0.985262917938 0.0324437955269 0.283712
0.940827287391 0.984352461083 0.0242706499942 0.220608
0.904982728739 0.984985914775 0.0179679567619 0.233472
