0.0162 0.880679152866 7.93281416056e-37 -5209025.40856
0.01872 0.975654320356 1.0535145242e-37 -4849781.23253
0.025272 0.990572199701 9.60672479147e-19 -4849780.26876
0.0223272 0.995937639043 5.60159498841e-10 -4849779.3014
0.02203272 0.99881285289 1.6082734454e-05 -4849778.34204
0.034603272 0.999881285289 0.00115051062104 -4849777.40437
0.0250603272 0.999861379545 0.0165710704439 -4849776.46389
0.03220603272 0.998449729622 0.0584464181365 -4849775.5318
0.028420603272 0.995344601829 0.127364303196 -4849774.63586
0.0532420603272 0.990548372037 0.216573891891 -4849773.74959
0.0440242060327 0.984056220248 0.267992173387 -4849772.87432
0.0350024206033 0.975910279793 0.251367333346 -4849771.98511
0.0467002420603 0.966117354585 0.201834934288 -4849771.13186
0.042470024206 0.954831361468 0.167250544942 -4849770.2884
0.0474470024206 0.942012393175 0.252280955442 -4849769.46536
0.0578447002421 0.927750977617 0.315516182603 -4849768.71548
0.0588844700242 0.912120617112 0.345232742294 -4849767.95375
0.0652884470024 0.895127116246 0.322495850633 -4849767.18997
0.0614288447002 0.876980788239 0.246615855721 -4849766.40578
0.08174288447 0.857717251709 0.177224249763 -4849765.67112
0.087374288447 0.873239801785 0.135882418217 -4849764.86984
0.0861374288447 0.891239034713 0.0675425517985 -4849764.14536
0.0671137428845 0.908469422822 0.0224701080334 -4849763.43324
0.0760113742884 0.924396680582 0.00352547817076 -4849762.68949
0.0697011374288 0.938919268853 0.000361873658975 -4849761.91592
0.0582701137429 0.952111552895 3.6187556948e-05 -4849761.0925
0.0535270113743 0.963737481895 3.61875598661e-06 -4849760.34376
0.0557527011374 0.973878405958 3.65444680234e-07 -4849759.58568
0.0496752701137 0.982366147417 9.19023854597e-07 -4849758.7892
0.0481675270114 0.989233373658 4.83329689115e-05 -4849758.01724
0.0417167527011 0.994434568639 0.000171544181891 -4849757.28661
0.0302716752701 0.997907048531 0.00028354711287 -4849756.44309
0.047127167527 0.999665713533 0.000156273777357 -4849755.6397
0.0389127167527 0.99996656548 5.11743442166e-05 -4849754.855
0.0317912716753 0.999996650675 5.20475440702e-06 -4849754.07887
0.0337791271675 0.999999659194 5.20482421395e-07 -4849753.30293
0.0303779127168 0.999999965919 5.20482421455e-08 -4849752.634
0.0291377912717 0.999999990718 5.20482421455e-09 -4849751.86536
0.0254137791272 0.999999993198 5.20482421455e-10 -4849751.10696
0.0205413779127 0.99999999932 5.20482421455e-11 -4849750.39938
0.0335541377913 0.999999994059 5.20482421455e-12 -4849749.6132
0.0330554137791 0.999999999406 5.20482421455e-13 -4849748.91023
0.0276055413779 0.999999999941 5.20482421455e-14 -4849748.21372
0.0279605541378 0.999999994121 5.20482421455e-15 -4849747.52168
0.0297960554138 0.999999999412 5.20482421455e-16 -4849746.84943
0.0308796055414 0.999999999941 5.20482421455e-17 -4849746.12616
0.0264879605541 0.999999999994 5.20482421455e-18 -4849745.5069
0.0314487960554 0.999999999999 5.20482421455e-19 -4849744.85602
0.0391448796055 0.999999994126 1.99215026939e-14 -4849744.33116
0.0480144879606 0.999999993539 1.7964970441e-06 -4849743.77589
0.0345014487961 0.99999999348 0.00115885539897 -4849743.22338
0.0403501448796 0.999875008028 0.00621605549704 -4849742.56636
0.036435014488 0.998863203635 0.0479213390689 -4849742.13288
0.0369435014488 0.996102462265 0.126300041688 -4849741.79272
0.0468943501449 0.991629684853 0.194340963583 -4849741.37762
0.0523894350145 0.985464831092 0.269580148033 -4849741.02319
0.0565389435014 0.97766748 0.369016851263 -4849740.71516
0.0659538943501 0.968196464426 0.395742687251 -4849740.56264
0.076795389435 0.957176085326 0.381367991824 -4849740.2596
0.0859795389435 0.944641788905 0.404049438544 -4849740.04149
0.0841979538944 0.930654587067 0.326350176812 -4849740.0022
0.0876197953894 0.915346522464 0.296973221328 -4849739.86812
0.104161979539 0.898611886256 0.203103177962 -4849739.91695
0.0995161979539 0.884108400952 0.256492261815 -4849739.82063
0.115251619795 0.86560746467 0.214505207022 -4849739.74735
0.10152516198 0.860230233709 0.139662273658 -4849739.6724
0.109152516198 0.876940294372 0.138219193919 -4849739.17122
0.0910152516198 0.894841083209 0.108375348417 -4849738.79132
0.073901525162 0.911702611339 0.0719045618306 -4849738.5373
0.0919901525162 0.92736066931 0.0352458968829 -4849738.17928
0.0622990152516 0.941708493096 0.0124732213265 -4849737.87554
0.0746299015252 0.954568582959 0.00548598953594 -4849737.29845
0.0542629901525 0.965886574722 0.00364956615227 -4849736.91484
0.0666262990153 0.975709654363 0.000743775553555 -4849736.60572
0.0516626299015 0.983872828043 8.25021055593e-05 -4849735.99644
0.0690662629902 0.990422733244 8.25833968755e-06 -4849735.48143
0.046506626299 0.995258415226 8.25834588377e-07 -4849734.91842
0.0361506626299 0.998401544355 9.74849638969e-08 -4849734.31535
0.026115066263 0.999808032638 1.61128358266e-06 -4849733.60476
0.0233115066263 0.999980803264 0.000323832119457 -4849733.0909
0.0302311506626 0.999966830869 0.0016420222993 -4849732.60527
0.0354231150663 0.999715477028 0.00499238728725 -4849732.14159
0.0278423115066 0.998847250535 0.0389748782466 -4849731.76674
0.0441842311507 0.996111407192 0.0288492146613 -4849731.56213
0.0539184231151 0.991630579345 0.0608665432968 -4849731.50056
0.0440918423115 0.985464920541 0.14688546363 -4849731.14792
0.0575091842312 0.977667488945 0.165680426469 -4849731.05653
0.0633509184231 0.96819646532 0.0759310394201 -4849730.98504
0.0675350918423 0.963386546824 0.016631348638 -4849730.6838
0.0535535091842 0.972169121435 0.0033554154816 -4849730.50351
0.0458553509184 0.980836560288 0.000442676915787 -4849730.15733
0.0441855350918 0.988015396179 4.43820956501e-05 -4849729.58549
0.0359185535092 0.993535754687 6.96455479716e-06 -4849728.91925
0.0341918553509 0.997355796046 0.000477054704393 -4849728.38242
0.0430191855351 0.999454373545 0.00459793114514 -4849727.86511
0.0439019185535 0.999164526341 0.0146457691831 -4849727.75311
0.0331901918554 0.996787377029 0.0184571607813 -4849727.8116
0.0474190191855 0.994412952772 0.0649546176577 -4849727.59599
0.0560419019186 0.989354726442 0.0372582290782 -4849727.82933
0.0497041901919 0.985237335251 0.0103607510916 -4849727.62677
0.0508704190192 0.990559183965 0.0284178974396 -4849727.14607
0.0473870419019 0.98784507757 0.00978832436405 -4849727.3926
0.0380387041902 0.992680302571 0.0208424855357 -4849727.2086
0.047903870419 0.991287468883 0.0311720652986 -4849727.35746
0.0560903870419 0.986715151958 0.0724914152806 -4849727.49276
0.0614090387042 0.979323875239 0.0545594174008 -4849728.23752
0.0646409038704 0.973762854276 0.0847574164371 -4849728.2726
0.074864090387 0.96394318572 0.0568831090155 -4849728.98498
0.0596864090387 0.964920645178 0.0412551560853 -4849729.38376
0.0635686409039 0.972291910984 0.0320450573131 -4849729.22389
0.0738568640904 0.979382455899 0.025094026216 -4849729.21692
0.068585686409 0.984261971786 0.0277832247227 -4849729.20188
0.0527585686409 0.984749923375 0.0181547358377 -4849729.25621
0.0502758568641 0.989488904192 0.048885260237 -4849728.97807
0.0545275856864 0.983927197241 0.0677176753032 -4849728.87983
0.0558527585686 0.975897377493 0.157057739356 -4849728.53423
0.0613852758569 0.96615194376 0.26531467208 -4849728.18812
0.0772385275857 0.954834820385 0.355749027838 -4849727.9606
0.0635238527586 0.942012739066 0.400567921254 -4849728.03042
0.0810523852759 0.927751012206 0.388183034957 -4849727.97653
0.0936052385276 0.912120620571 0.317119446636 -4849727.97903
0.0975605238528 0.895198389466 0.211495667221 -4849728.03215
0.103356052385 0.876987915561 0.104784417483 -4849728.23669
0.101235605239 0.891685118965 0.104201299559 -4849727.6742
0.0974235605239 0.908450021001 0.154783001329 -4849727.16796
0.101542356052 0.901040571259 0.160140001235 -4849726.94184
0.0911542356052 0.897181291136 0.144383606764 -4849726.50504
0.0928154235605 0.899913698273 0.142834201765 -4849726.17903
0.0920815423561 0.903260826351 0.224090934379 -4849725.70863
0.0929081542356 0.887861869743 0.26222888576 -4849725.81692
0.119090815424 0.869471812839 0.223536680907 -4849725.97295
0.114509081542 0.860616668526 0.192369988556 -4849726.89647
0.106850908154 0.866747292718 0.156878591068 -4849726.887
0.103385090815 0.88421051638 0.22383226564 -4849727.17058
0.101238509082 0.869106677503 0.268833620539 -4849727.71407
0.110023850908 0.849776568582 0.233847693488 -4849728.40994
0.0929023850908 0.84784355769 0.165116939107 -4849728.2452
0.0767902385091 0.865469981634 0.0891489095566 -4849727.96495
0.0814790238509 0.884008608289 0.0304374854753 -4849727.74748
0.0882479023851 0.901670317353 0.0052175827969 -4849727.50652
0.0700247902385 0.918118585852 0.000543370841766 -4849727.42677
0.0781024790239 0.933248027453 5.4340903024e-05 -4849727.23151
0.0708102479024 0.947026868111 5.4340903024e-06 -4400673.4517
0.0529810247902 0.959293091708 5.4340903024e-07 -1616538.6204
0.070098102479 0.969996156586 5.4340903024e-08 -269376.430419
0.0493098102479 0.979178421635 5.4340903024e-09 -89754.9711423
0.0499309810248 0.986707001337 5.4340903024e-10 56.308928
0.0409930981025 0.992566494947 5.43409055327e-11 56.863488
0.0382993098102 0.99672895573 7.94253908389e-12 57.598272
0.026329930981 0.999173034436 4.72010276995e-09 58.32032
0.0206329930981 0.99991729757 2.27428034405e-07 59.129984
0.0398632993098 0.999991729757 3.25779998387e-06 59.873216
0.030986329931 0.999999172976 1.00565642647e-05 60.68832
0.0282986329931 0.999999911424 1.12732550047e-05 61.377408
0.0235298632993 0.999999991142 6.58100424419e-06 62.167616
0.0275529863299 0.999999999114 2.29584644127e-06 62.871168
0.024355298633 0.999999999911 2.68300475653e-07 63.573504
0.0258355298633 0.999999999991 1.77124225514e-06 64.189952
0.0268835529863 0.999999999999 0.000110080489436 64.8768
0.0251883552986 1.0 0.00043239947321 65.546432
0.0259188355299 0.999968750543 0.000388583633289 66.286144
0.022391883553 0.999965625597 0.000177603552793 66.938496
0.0211391883553 0.999996556686 9.0600802221e-05 67.512128
0.0291139188355 0.999999649795 1.19466806837e-05 68.118912
0.0218113918836 0.99999996498 1.19841209814e-06 68.809792
0.0300811391884 0.999999996498 1.19841559074e-07 69.443712
0.0210081139188 0.999999993776 1.23064020582e-08 70.048896
0.0309008113919 0.999999993504 4.01976369976e-07 70.599808
0.0201900811392 0.999999993477 3.85057720632e-05 71.146496
0.0263190081139 0.999999993474 0.000325154879266 71.710144
0.0341319008114 0.99996874989 0.00163730014485 72.165952
0.0250131900811 0.999871883669 0.00235711788632 72.746688
0.0313013190081 0.999705982308 0.00235364531305 73.314368
0.0310301319008 0.999467152977 0.00241125467718 73.684608
0.0346030131901 0.999443270044 0.00130709905459 74.165184
0.025060301319 0.99981757802 0.000487070152517 74.678272
0.0295060301319 0.999950508345 0.000223583043765 74.902912
0.0227506030132 0.999995044961 2.54689419171e-05 75.30752
0.0184750603013 0.999999504496 2.54708991546e-06 75.713088
0.0234475060301 0.99999995045 2.54708991546e-07 76.195456
0.021244750603 0.999999989171 2.54708991546e-08 76.636992
0.0273244750603 0.999999998917 2.54708991546e-09 76.833216
0.018032447506 0.999999999892 2.54708991546e-10 77.16288
0.0252032447506 0.999999994116 2.54708991546e-11 77.503936
0.0196203244751 0.999999999412 2.54708991546e-12 77.721856
0.0199620324475 0.999999994068 2.54708991546e-13 77.772736
0.0154962032448 0.999999999407 2.54708991546e-14 77.971008
0.0276496203245 0.999999994067 2.54708991546e-15 78.285952
0.0234649620324 0.999999993533 2.54708991546e-16 78.554816
0.0356464962032 0.999999999353 2.54708991546e-17 78.817536
0.0323646496203 0.999999999935 2.54708991546e-18 78.738176
0.031136464962 0.999999999994 2.54708991546e-19 78.672064
0.0337136464962 0.999999994126 2.54708991546e-20 78.471296
0.0285713646496 0.999999999413 1.12061965715e-13 78.173568
0.036157136465 0.999999994068 2.7115635588e-07 78.067712
0.0351157136465 0.999999999407 0.00017215734049 77.668416
0.0359115713646 0.999999994067 0.00163567845234 77.311488
0.0386911571365 0.999873250423 0.00667927007916 76.99616
0.0407691157136 0.998857544258 0.00618756404437 76.488128
0.0373769115714 0.998349346093 0.0028280399596 75.999168
0.0316376911571 0.999049498753 0.000608422343552 75.961664
0.0328637691157 0.999873700418 8.94241696856e-05 76.152064
0.0239863769116 0.999987364168 5.17369671169e-05 75.876416
0.0374986376912 0.999998730543 0.000981948927398 75.640128
0.0388498637691 0.99987312407 0.000461079768171 75.08544
0.0371849863769 0.99995606295 0.00128810762182 74.719552
0.0352184986377 0.999868857311 0.000528819696567 73.889984
0.0359218498638 0.999955636274 0.0095228170311 73.935936
0.0350921849864 0.998871266459 0.0411817456455 73.254656
0.0350092184986 0.996113808784 0.126735883302 72.241152
0.0440009218499 0.991646831318 0.241701976099 71.524096
0.045800092185 0.985466545738 0.332737603795 71.111104
0.0441800092185 0.977639594674 0.368554036493 70.647616
0.0539180009218 0.968228224923 0.428332813039 70.716416
0.0440918000922 0.957220556142 0.424917522618 70.44032
0.0512091800092 0.944694481779 0.356611269381 69.716928
0.0510209180009 0.930715208117 0.344246573764 69.449664
0.0510020918001 0.915352584569 0.284953917287 69.438336
0.06900020918 0.898612492467 0.174630999382 69.494016
0.064500020918 0.893847576656 0.0762262513413 70.137344
0.0631500020918 0.908730277016 0.0223146125607 70.70496
0.0648150002092 0.924365979001 0.00336711234728 71.478976
0.0586815000209 0.938916198694 0.000343183883954 72.2848
0.0571681500021 0.952068575747 3.43184518484e-05 73.16224
0.0399168150002 0.963733184181 3.43184518484e-06 74.004224
0.0444916815 0.973877976187 3.43224008081e-07 74.851776
0.06654916815 0.98236610444 3.83301970041e-05 75.422208
0.048954916815 0.989250522298 0.00678455077734 75.696512
0.0480954916815 0.994424681097 0.0614382986446 75.687936
0.0597095491681 0.990439227026 0.139252423264 75.285504
0.0662709549168 0.984022229524 0.184675630794 74.823936
0.0651270954917 0.975877547991 0.194708022489 73.948416
0.0632127095492 0.96614996081 0.163054314655 73.244736
0.0819212709549 0.954791951959 0.0907436508883 72.20448
0.0693921270955 0.949181260562 0.0315472020648 71.922496
0.0771392127095 0.959508530953 0.00675365609934 71.857856
0.068013921271 0.970049619609 0.00154497162121 71.74912
0.0599013921271 0.979158226761 0.00862963354919 71.649664
0.0437901392127 0.98670498185 0.0553378654327 71.485696
0.0574790139213 0.980849304161 0.109087547675 71.07072
0.0552479013921 0.97218369693 0.097612736099 70.298624
0.0712247901392 0.96180877459 0.0329205256469 69.408576
0.0566224790139 0.970279643973 0.00781285887572 68.937536
0.0668622479014 0.979206770373 0.0447662997103 68.92416
0.0750862247901 0.975396002076 0.130747045518 68.191488
0.056108622479 0.966101806218 0.221093831463 67.284928
0.0722108622479 0.954787136499 0.303369324034 66.469504
0.0747210862248 0.942007970678 0.358846520825 65.635968
0.0911721086225 0.927750535368 0.329703354521 64.60416
0.0829172108622 0.912056562641 0.309751667233 63.468672
