0.243 0.880686138633 0.143612943229 -10956914.4245
0.3114 0.975662600542 0.142467806744 -1975835.78006
0.36774 0.990567716104 0.129255536266 1.91392
0.427374 0.995940691642 0.131750406328 2.38752
0.4675374 0.998815176889 0.131160772415 2.734528
0.51295374 0.999881514978 0.123518617347 2.96032
0.541795374 0.999589193095 0.120260247172 3.107264
0.6211795374 0.998492292293 0.111277310972 3.159488
0.67321795374 0.996380567619 0.106232994265 3.048832
0.727921795374 0.99376874584 0.110179050807 2.873408
0.747792179537 0.990930018891 0.100655115881 2.712256
0.782179217954 0.988458833142 0.106237238446 2.503168
0.809017921795 0.984256551678 0.0919678621017 2.216128
0.83060179218 0.982110281367 0.0906700873759 1.856832
0.837260179218 0.978257533261 0.0819103034278 1.49504
0.879326017922 0.975339715395 0.0738284273697 1.183936
0.894332601792 0.972176807011 0.0657240917129 0.908288
0.916533260179 0.970532603603 0.0678442778964 0.667648
0.918753326018 0.968632288826 0.0510948358886 0.482048
0.952275332602 0.969379222563 0.0374447171519 0.283584
0.95112753326 0.971432008814 0.0318169268571 0.186432
0.943812753326 0.973226257286 0.0283219430182 0.169472
0.921481275333 0.975705518951 0.0217398712736 0.188672
0.928248127533 0.978647121948 0.0345131404164 0.19808
0.937024812753 0.97900994054 0.0470600975264 0.1808
0.954102481275 0.977103480432 0.0439622330821 0.154496
0.940510248128 0.97656643011 0.037047392344 0.164032
0.951751024813 0.977502055666 0.0384464333041 0.154752
0.948375102481 0.977820899507 0.0397781350474 0.173632
0.952537510248 0.977505475278 0.0366563889357 0.176128
0.940353751025 0.978152338954 0.0422509026972 0.19488
0.927435375102 0.977070672744 0.044075158792 0.211584
0.93244353751 0.975696521318 0.0448175367261 0.207424
0.940144353751 0.974656548094 0.0457382434332 0.173568
0.935514435375 0.974067926883 0.0383460220961 0.199296
0.953051443538 0.974334124382 0.0379152357834 0.1568
0.949405144354 0.974908575892 0.032952264767 0.158272
0.928340514435 0.977065821177 0.0364174267063 0.211712
0.921734051444 0.977278620756 0.0343775348753 0.269184
0.913873405144 0.977446736589 0.0479998228693 0.25728
0.909487340514 0.974505458318 0.0427091576337 0.2352
0.953148734051 0.974396003868 0.0451224480451 0.180608
0.968314873405 0.97386751018 0.0335788318966 0.129472
0.957231487341 0.975744902408 0.03700013248 0.131968
0.950723148734 0.975529661248 0.0258290350075 0.151936
0.942872314873 0.978674992646 0.0345545177112 0.173568
0.939387231487 0.979120637445 0.0364182825101 0.19968
0.918338723149 0.98016692298 0.0403731141074 0.21184
0.942333872315 0.981112408906 0.0476062346732 0.195968
0.944733387231 0.98160827314 0.0427700399137 0.178752
0.914373338723 0.981182930349 0.0353649841101 0.22112
0.932937333872 0.98200185835 0.0454010553473 0.184704
0.932093733387 0.981028933767 0.0508470498054 0.190464
0.933809373339 0.979742690668 0.0430085122451 0.217472
0.936680937334 0.97973217408 0.045094595296 0.197504
0.937868093733 0.978622466015 0.0480863657969 0.169856
0.948786809373 0.977804602347 0.0419477030789 0.15456
0.946278680937 0.978427513209 0.0306277791881 0.172416
0.932527868094 0.98009215548 0.0363959686807 0.19584
0.905952786809 0.979540858511 0.0455293449707 0.21696
0.903295278681 0.978621406487 0.0335211693703 0.25344
0.913829527868 0.979110284439 0.0439943280057 0.230464
0.934682952787 0.97794849655 0.0434738346675 0.229184
0.935868295279 0.977151333521 0.0473206205227 0.208832
0.946786829528 0.975965875028 0.0442891765033 0.1824
0.937978682953 0.975295873178 0.0374110313419 0.187648
0.942497868295 0.976168774946 0.0399016509961 0.194368
0.91504978683 0.975192831282 0.0352891285954 0.189824
0.925804978683 0.977042441732 0.0288091658717 0.194112
0.934980497868 0.979729966989 0.045354773171 0.21408
0.937698049787 0.978222906469 0.0394855820913 0.204608
0.938869804979 0.979533903412 0.0466522857835 0.198144
0.943486980498 0.97952049463 0.044662419462 0.176832
0.92684869805 0.980245705909 0.0489808441961 0.172672
0.942284869805 0.978958106433 0.0550980908254 0.157504
0.96092848698 0.977474408348 0.0540414609996 0.132608
0.960092848698 0.977240123313 0.0569517779461 0.139008
0.95550928487 0.9757673999 0.0577673807286 0.14912
0.956850928487 0.974861937991 0.0570687041103 0.139968
0.949785092849 0.975551700221 0.0595327194328 0.148352
0.958078509285 0.973616071322 0.0522221739736 0.167424
0.954407850928 0.97367335415 0.0426067308149 0.177344
0.964840785093 0.975889415759 0.0500369851077 0.180672
0.957784078509 0.975998181007 0.0479513348859 0.187456
0.946278407851 0.97674661651 0.0480254815887 0.201408
0.954127840785 0.974828221953 0.048804291272 0.167296
0.941412784079 0.974657010195 0.0401105474298 0.167424
0.951841278408 0.975104765161 0.0438328343593 0.183552
0.935784127841 0.974539103207 0.0422579668787 0.182848
0.936878412784 0.975291663633 0.0367154705194 0.19136
0.940587841278 0.976497410803 0.0410503523651 0.196032
0.956258784128 0.977333596229 0.0450418883509 0.173376
0.951525878413 0.977258083605 0.0485134203793 0.167168
0.960952587841 0.976778270078 0.0523718258457 0.147648
0.966395258784 0.976695001585 0.0460702271121 0.131456
0.961539525878 0.976746589869 0.0434735062977 0.139968
0.944853952588 0.976773009924 0.0371886672189 0.166144
0.934185395259 0.977945459742 0.0352873014309 0.202816
0.926818539526 0.977879649957 0.0442235533244 0.197184
0.957581853953 0.976561464668 0.0383472955057 0.17312
0.947158185395 0.977340494858 0.0296897370796 0.18784
0.92721581854 0.979195377616 0.0368409477197 0.201088
0.943221581854 0.978381758545 0.0382320901851 0.207808
0.941222158185 0.977879846033 0.0454331014338 0.216256
0.932022215819 0.976301070565 0.0423727439897 0.214016
0.938302221582 0.975724901614 0.0358416705245 0.228544
0.936230222158 0.976534867353 0.0405548150174 0.223424
0.942323022216 0.976850082934 0.0456656700469 0.17984
0.932132302222 0.976777026281 0.0399389299762 0.181824
0.946413230222 0.976050295236 0.026067165565 0.151744
0.943341323022 0.978993154096 0.0283919329277 0.160448
0.934034132302 0.980088887012 0.0380622737875 0.190848
0.94390341323 0.9795642866 0.0515266729762 0.199744
0.938590341323 0.977180026949 0.0557757067357 0.196352
0.937159034132 0.975574622318 0.0372076650842 0.199168
0.930715903413 0.977937008294 0.043105556584 0.200256
0.948971590341 0.977268746884 0.0388509049227 0.18528
0.941797159034 0.978410412479 0.0488023612216 0.18656
0.950079715903 0.977228497085 0.0588959762904 0.192448
0.95000797159 0.974984451895 0.0499463550329 0.185088
0.950900797159 0.974794502535 0.0463047487342 0.17024
0.950990079716 0.97399022515 0.0470747323542 0.145344
0.941999007972 0.974841237662 0.0504739553168 0.148224
0.943799900797 0.972092051444 0.0376935823907 0.159232
0.95477999008 0.974065778763 0.0442560753119 0.156352
0.952277999008 0.972957205592 0.0379258989462 0.145344
0.960127799901 0.973984084487 0.0421626608262 0.152768
0.93121277999 0.973816506893 0.0358317951957 0.160448
0.943621277999 0.975198047386 0.0470402977593 0.173056
0.9322621278 0.973346663724 0.0417056097499 0.174976
0.94462621278 0.973807396537 0.042405721102 0.167936
0.956662621278 0.973226080213 0.0430569466059 0.144384
0.948866262128 0.972675126269 0.0419356514063 0.146112
0.943586626213 0.973309189489 0.0372462831146 0.159808
0.942158662621 0.974412806719 0.0383110002125 0.171904
0.939315866262 0.974397935793 0.0401957768575 0.194624
0.942631586626 0.974968454307 0.0430714682659 0.183232
0.934863158663 0.974943143803 0.0369231640436 0.176576
0.943986315866 0.97524568667 0.0441097037184 0.17056
0.940398631587 0.974490439249 0.0452564857267 0.15776
0.948139863159 0.974502181553 0.042465082752 0.165056
0.950713986316 0.973844941714 0.0361163520508 0.183104
0.938371398632 0.975018089359 0.0327092180104 0.187648
0.929037139863 0.975999522194 0.0413805541219 0.181952
0.926303713986 0.975755907515 0.0421508196806 0.192896
0.928730371399 0.975458135965 0.0355674352177 0.205376
0.95507303714 0.975813948729 0.0342142940032 0.204992
0.957707303714 0.976486649811 0.0380036628338 0.174528
0.948970730371 0.976757025708 0.0375570325404 0.196608
0.923797073037 0.977452006988 0.0403280612046 0.207168
0.929379707304 0.977179319407 0.0477671874184 0.186752
0.93533797073 0.97613468141 0.0500711176263 0.198528
0.938633797073 0.974997881729 0.0297388604568 0.192448
0.938963379707 0.976801023041 0.0317730491589 0.20544
0.947996337971 0.977888996309 0.0472762903069 0.211648
0.945299633797 0.975311282384 0.0453089916465 0.196352
0.91712996338 0.974322632654 0.0535193315358 0.204736
0.922412996338 0.971429714448 0.0473247494916 0.216448
0.952641299634 0.971697634132 0.0493593752106 0.19936
0.944864129963 0.97139686206 0.0404226368221 0.166144
0.937786412996 0.972538389525 0.0271847878824 0.183808
0.9262786413 0.976066853473 0.0327454780772 0.213952
0.94222786413 0.976431718242 0.0344543292601 0.166848
0.951922786413 0.977080454359 0.035017386304 0.166592
0.949292278641 0.97890719819 0.0386312887632 0.160896
0.943629227864 0.980050318351 0.0491040089024 0.172096
0.959262922786 0.978609685722 0.0494182535323 0.179648
0.968026292279 0.976792913688 0.0413670359419 0.143744
0.949102629228 0.976777092008 0.0351920146047 0.147008
0.926510262923 0.978198880743 0.0282364978566 0.184384
0.935951026292 0.979881508094 0.0401783935961 0.19424
0.929695102629 0.979601504435 0.0451649467315 0.19712
0.929969510263 0.978190743097 0.045823748194 0.17632
0.954296951026 0.976186966016 0.03199458064 0.144192
0.945929695103 0.978238765375 0.0327588673694 0.145152
0.94059296951 0.978440543196 0.0410670268573 0.178432
0.945459296951 0.97748843917 0.0453673441438 0.17664
0.955845929695 0.975307619301 0.0364778775055 0.156032
0.95238459297 0.97538599103 0.0372097388369 0.168512
0.941238459297 0.975580214036 0.0351280295012 0.180864
0.96172384593 0.975738078858 0.0352085253172 0.158464
0.962872384593 0.97627059025 0.0288895469268 0.159872
0.944987238459 0.978050506854 0.0357111359181 0.14592
0.958498723846 0.978133629403 0.0319940486949 0.159808
0.964349872385 0.979029845805 0.0400095344134 0.166336
0.961334987238 0.977753738635 0.0382702892533 0.171712
0.941233498724 0.977776159668 0.0371618994842 0.170752
0.947323349872 0.978720970889 0.0417597900115 0.187712
0.934432334987 0.979244495819 0.0368952930786 0.18208
0.943943233499 0.979385879572 0.0507832768067 0.185024
0.96649432335 0.976878693262 0.0420023973436 0.139776
0.941749432335 0.975988775663 0.0337034814357 0.137088
0.927574943233 0.977480866595 0.0329565105487 0.163776
0.943257494323 0.978317929777 0.040070120479 0.154944
0.939425749432 0.979191062645 0.0448370258265 0.165376
0.951642574943 0.980041975407 0.0567886772468 0.173312
0.958264257494 0.979220830314 0.0540590831704 0.16
0.957126425749 0.978367159329 0.0347047510797 0.17024
0.957012642575 0.979793079256 0.0380617912493 0.157312
0.957901264257 0.980047185517 0.0379818558465 0.160896
0.954390126426 0.980063409378 0.0429695195672 0.157312
0.957639012643 0.978744214105 0.0420352981543 0.15584
0.949863901264 0.978079659204 0.0411145990314 0.173632
0.949986390126 0.978855422988 0.0454655435283 0.154688
0.947298639013 0.978232741105 0.0407415689884 0.160576
0.951529863901 0.978764258026 0.0420375349336 0.19104
0.94835298639 0.97759778863 0.0323424623059 0.189376
0.949835298639 0.979143141886 0.0387338821506 0.15712
0.950883529864 0.978120721113 0.0404830312721 0.166208
0.948288352986 0.977922129113 0.0430374283743 0.155136
0.948028835299 0.977111354969 0.0353889058383 0.157376
0.93990288353 0.977780697478 0.038097130698 0.150272
0.935490288353 0.978381506292 0.0418553617135 0.16032
0.950349028835 0.978862725267 0.0547090427241 0.157568
0.922134902884 0.977599067157 0.0612514776777 0.17696
0.955313490288 0.974729437318 0.0444559061495 0.171584
0.937931349029 0.973991741517 0.0490061664068 0.167616
0.946093134903 0.973031736037 0.0309749610055 0.172928
0.95950931349 0.975478122834 0.0321235681943 0.185344
0.936550931349 0.97734363586 0.0322537435168 0.166976
0.948655093135 0.977982876913 0.0267324695403 0.201152
0.943565509313 0.97974601848 0.0317779121776 0.187072
0.959256550931 0.98034737349 0.0407717796924 0.17888
0.941925655093 0.979031786892 0.0494549970965 0.193984
0.939292565509 0.978645360148 0.0440554407768 0.19648
0.939929256551 0.978305817572 0.0350146701621 0.168448
0.932792925655 0.97888206781 0.0333224488776 0.184
0.913179292566 0.97982532944 0.0308416131889 0.198336
0.939117929257 0.979643988839 0.0301921771281 0.173824
0.947111792926 0.980393027662 0.0451648940786 0.165952
0.957811179293 0.978127525656 0.0448745442422 0.161152
0.938181117929 0.976980254837 0.0344087939042 0.176064
0.956918111793 0.977474641975 0.035340810193 0.17248
0.938091811179 0.977290159135 0.0338952065058 0.17312
0.949709181118 0.977669942116 0.0339411104175 0.177216
0.957170918112 0.977612692469 0.0418135004785 0.164864
0.948017091811 0.976641676457 0.0370213714869 0.165248
0.944401709181 0.976260008143 0.040622542949 0.192896
0.933240170918 0.975753487866 0.0278916349348 0.220416
0.938424017092 0.97832046065 0.0376726331021 0.207424
0.921842401709 0.978338838511 0.0314708103736 0.2064
0.903084240171 0.980642596376 0.0398805240364 0.242688
0.921008424017 0.98075504057 0.051638862889 0.236736
0.916500842402 0.980739942977 0.0645981249212 0.24864
0.91155008424 0.980834054188 0.077050807154 0.269248
0.944355008424 0.978742881269 0.0629340636593 0.23296
0.946735500842 0.979388729239 0.0609614646774 0.206528
0.952373550084 0.979188296066 0.0454200924465 0.191232
0.962837355008 0.979840278208 0.0518304393016 0.155392
0.929683735501 0.979268215067 0.0508441216225 0.200192
