0.1611 0.880689558747 0.0 -9340303.8997
0.23841 0.975662753013 0.0 -1436968.38682
0.252441 0.990566403447 0.0 -89808.3930202
0.3060441 0.995939429859 0.0 2.826112
0.34650441 0.998814546026 0.0 3.32128
0.409950441 0.999881452767 7.15238524842e-130 3.686272
0.4270950441 0.999988141606 4.53347664539e-44 4.032576
0.43690950441 0.999998811224 7.74549850931e-19 4.287296
0.467590950441 0.999999878553 1.01470842218e-10 4.456832
0.485959095044 0.999999983817 1.19350319079e-06 4.571072
0.516595909504 0.999999995445 9.19882030665e-05 4.628352
0.52055959095 0.999992074429 0.00124644675366 4.576256
0.507455959095 0.999895771893 0.00598692676127 4.482176
0.52234559591 0.999613000686 0.0148790164669 4.146944
0.501334559591 0.999118394161 0.0242691204584 3.794496
0.540633455959 0.99841134978 0.0316384461665 3.441408
0.549963345596 0.9974944844 0.0405056052041 3.119104
0.53559633456 0.996356972618 0.0445985142563 2.789504
0.520659633456 0.995056893044 0.0447144324024 2.572864
0.559665963346 0.993521026596 0.03679009072 2.355776
0.521266596335 0.99178011639 0.0291862947497 2.236544
0.528226659633 0.98983735982 0.0272896420313 2.212672
0.542422665963 0.988066939274 0.0339206107113 2.167616
0.556442266596 0.985942422124 0.0345864789031 2.131136
0.57044422666 0.983675375711 0.0221971716526 2.059584
0.585344422666 0.984949990847 0.01622805182 2.055552
0.555334442267 0.986391663898 0.0135253535219 2.09024
0.591033444227 0.988296551213 0.0172095227057 2.093504
0.605403344423 0.988363445354 0.0172300651556 2.048128
0.607740334442 0.988213909812 0.0198585083256 2.005824
0.563874033444 0.987729542493 0.0182471589305 2.068608
0.573887403344 0.988112226238 0.0215928354278 2.06592
0.584788740334 0.986955546537 0.0193779697163 2.011008
0.585878874033 0.987372181786 0.0163135780995 1.969088
0.569787887403 0.988241585812 0.013331511401 1.987776
0.56727878874 0.989814344782 0.0118810134144 1.949888
0.552627878874 0.99102649881 0.00874706795847 1.996224
0.564662787887 0.992458165578 0.0131602246605 2.048896
0.538866278789 0.991718396665 0.0142305564234 2.061952
0.543486627879 0.991051439103 0.0150840506868 2.144896
0.529548662788 0.990304696601 0.0136659100097 2.206528
0.553354866279 0.990686933122 0.0135079990155 2.281344
0.577335486628 0.990944889782 0.0164804729981 2.307968
0.554533548663 0.989826483444 0.0158350313774 2.270528
0.560353354866 0.989474754377 0.0134290173162 2.245824
0.533935335487 0.990353316258 0.0104832777533 2.229632
0.559193533549 0.991451366735 0.0172276551992 2.201344
0.563519353355 0.990236426978 0.0197995078275 2.082624
0.605351935335 0.988558742878 0.0186104833805 1.990144
0.587035193534 0.988289564434 0.0177171685821 1.961856
0.590603519353 0.988271278274 0.0135552935531 1.917056
0.583760351935 0.989936409772 0.0116697584582 1.883136
0.545276035194 0.9912467019 0.00866036463929 1.90912
0.551327603519 0.992510391328 0.0111950228576 1.998656
0.565432760352 0.992590672783 0.0137316563638 2.019328
0.566843276035 0.992022924612 0.0197476653988 1.890048
0.564284327604 0.990646104016 0.0175261914955 1.888
0.55142843276 0.990386541675 0.0137975611216 1.89184
0.574442843276 0.991011752804 0.0109646555107 1.932416
0.550644284328 0.991562869643 0.00387336539051 1.977856
0.552764428433 0.993091299035 0.00137258270501 1.992384
0.512476442843 0.994547346108 0.000362504759873 2.090816
0.516547644284 0.995823821972 5.60402893446e-05 2.196544
0.554754764428 0.996911670388 5.78432974043e-06 2.329728
0.500075476443 0.997796373388 5.7844310372e-07 2.387776
0.506307547644 0.998474697075 5.78443103721e-08 2.516736
0.522230754764 0.998991332817 5.78443103721e-09 2.59104
0.483323075476 0.999400345259 5.78443113569e-10 2.737088
0.446132307548 0.99970419959 1.99925407984e-10 2.999104
0.496413230755 0.999900148816 9.03406868094e-07 3.190336
0.473541323075 0.99998805812 8.00970456105e-05 3.348672
0.444254132308 0.999990880697 0.000864824898392 3.459392
0.478225413231 0.999903060713 0.00271023438522 3.517568
0.474422541323 0.99970774711 0.00652315642656 3.480448
0.511842254132 0.999318273632 0.0132558290883 3.331136
0.520084225413 0.998560975934 0.0259007808248 3.091456
0.509208422541 0.997313304132 0.0402726902898 2.802752
0.494620842254 0.995546573189 0.0485078086293 2.446784
0.538162084225 0.993766012325 0.0423335248777 2.206528
0.522716208423 0.992110713724 0.0314095177589 2.205312
0.561671620842 0.990943024619 0.0244013982495 2.239552
0.546667162084 0.990219334259 0.0203002265562 2.26336
0.548766716208 0.990000404353 0.0161751087111 2.281664
0.584076671621 0.990028542561 0.0139279227161 2.299584
0.601107667162 0.990487427949 0.00885822678313 2.257408
0.587510766716 0.991864315012 0.00558235709243 2.124864
0.588851076672 0.992982646787 0.00694361927203 2.061312
0.598885107667 0.993680667486 0.012862473366 1.906048
0.551288510767 0.993612706942 0.0197320741629 1.783808
0.594228851077 0.993208015554 0.0219255466958 1.744832
0.621922885108 0.992761308723 0.0157584433907 1.741184
0.577892288511 0.993102728737 0.0104842588236 1.715136
0.562689228851 0.993264566041 0.00496537951812 1.687808
0.566568922885 0.994841792347 0.00404581646307 1.694144
0.575956892289 0.996295824342 0.00339870368255 1.668288
0.564295689229 0.99733293943 0.00360098037975 1.71328
0.537929568923 0.997612258415 0.00803308731642 1.783808
0.529892956892 0.997007694471 0.0139706671397 1.798016
0.520989295689 0.996199731304 0.0190208935518 1.864704
0.566898929569 0.995295265045 0.022186665607 1.841472
0.573289892957 0.994298167661 0.0221153828106 1.83552
0.567628989296 0.993222213666 0.0180264852497 1.8928
0.54816289893 0.992049466383 0.0114738478886 1.92864
0.524616289893 0.992546305832 0.00575696793131 2.056
0.497061628989 0.993646122892 0.00200312543358 2.204416
0.507806162899 0.994683904269 0.000348709036714 2.414656
0.55118061629 0.995649152318 0.000288044475038 2.545472
0.551918061629 0.996525132421 0.00111198925242 2.643264
0.521391806163 0.997310102534 0.00339177804012 2.778752
0.531839180616 0.997641438952 0.00610056807337 2.883072
0.543683918062 0.997013364022 0.00626056475209 2.972544
0.539468391806 0.996359412397 0.00692694184869 3.077184
0.537246839181 0.995816702397 0.00685904205386 3.112128
0.540624683918 0.995595019687 0.00588892312326 3.119616
0.529262468392 0.996056456213 0.00455197181044 3.029312
0.525426246839 0.996712022137 0.00689645278284 2.901888
0.480942624684 0.996014241445 0.00716177565366 2.76864
0.467494262468 0.995613321352 0.00671825145682 2.770496
0.482349426247 0.995576690296 0.006765604911 2.812032
0.535134942625 0.995569567338 0.00622598981997 2.78688
0.553913494262 0.995737718258 0.00415115798137 2.727616
0.554891349426 0.996531981036 0.00879516482431 2.555648
0.579289134943 0.995760322483 0.0141154824487 2.3872
0.518728913494 0.99465883273 0.0188198380625 2.15456
0.521672891349 0.993352365232 0.0222590782748 2.030784
0.521067289135 0.991782486868 0.0283702155177 2.142656
0.547106728913 0.989839434958 0.0243256319953 2.237568
0.571310672891 0.988708424182 0.0250486823015 2.124608
0.563831067289 0.986885798825 0.0212098443367 2.062272
0.545083106729 0.986334628537 0.0151069024726 2.05664
0.540508310673 0.988095473398 0.0125987967401 2.10304
0.540050831067 0.98972848148 0.0184979164892 2.102848
0.577805083107 0.98863594419 0.0187748455598 2.059392
0.530280508311 0.988042335678 0.0170704833708 1.987776
0.555228050831 0.988560899394 0.0111519524384 2.041344
0.517222805083 0.990302969033 0.00798927788353 2.175488
0.520622280508 0.992005582739 0.00423423829327 2.293056
0.550662228051 0.993567271772 0.00669030482202 2.35136
0.521266222805 0.994761362722 0.0140963722483 2.372224
0.527326622281 0.993729332992 0.0196930830507 2.371904
0.523432662228 0.992348302733 0.0235257174863 2.385664
0.511343266223 0.990687066018 0.0231153218805 2.402048
0.516434326622 0.989180953288 0.0200068453435 2.542464
0.530443432662 0.987991060565 0.0139389276913 2.733952
0.540844343266 0.989230262086 0.0160948343909 2.873024
0.575184434327 0.989164243373 0.015866745368 2.862592
0.549818443433 0.989363660302 0.0142711711915 2.788672
0.538281844343 0.99006633618 0.0125891824409 2.768896
0.562328184434 0.990637754884 0.0147182143801 2.596032
0.564732818443 0.991025542366 0.0174220275556 2.553792
0.555973281844 0.99098020079 0.0137820717749 2.489664
0.537997328184 0.991022207634 0.0118743322461 2.411328
0.524499732818 0.990736986062 0.0115874107453 2.357504
0.517749973282 0.991837744483 0.00702430153679 2.332224
0.540474997328 0.993174179995 0.00991355872664 2.302272
0.549047499733 0.993345740343 0.0133010955501 2.301504
0.540004749973 0.992829580426 0.0190977969406 2.268608
0.527400474997 0.991861495836 0.0214178123573 2.2496
0.5324400475 0.99097381243 0.0185000867029 2.207936
0.55274400475 0.990266083255 0.0168488282431 2.086656
0.576374400475 0.9895337455 0.0124213719903 1.952064
0.520237440047 0.990710211605 0.00940875415191 1.896512
0.492123744005 0.992006307684 0.00509382959659 1.90656
0.5091123744 0.993199773295 0.00167239387314 2.035776
0.52881123744 0.994275068345 0.000271634612296 2.168
0.496581123744 0.995274362541 3.01013284328e-05 2.310784
0.540158112374 0.996185512249 3.02135969792e-06 2.435072
0.546315811237 0.997004608398 1.23562879193e-06 2.572096
0.536131581124 0.997733353683 5.1625457633e-05 2.634176
0.545013158112 0.998367373542 0.000364709777706 2.66208
0.509901315811 0.998899321225 0.00360052047991 2.767296
0.502790131581 0.998417139557 0.0116157338152 2.826624
0.510179013158 0.997556422291 0.0244590051996 2.843584
0.512717901316 0.996374847605 0.0358597278414 2.784896
0.528271790132 0.994884906567 0.043269927251 2.657088
0.533427179013 0.993351944102 0.0491631178739 2.524544
0.519542717901 0.99144215895 0.0418774775046 2.361728
0.53885427179 0.989394991761 0.0279013228261 2.165248
0.567785427179 0.987357855687 0.0204848659866 2.019904
0.537378542718 0.986964636573 0.0168439141299 1.961088
0.569437854272 0.987655037709 0.0157221896832 2.035904
0.578043785427 0.988445789313 0.0208045730879 2.142016
0.600504378543 0.987444211784 0.0243924715715 2.228416
0.591050437854 0.986466293052 0.0195583138463 2.30944
0.578405043785 0.986802487905 0.0205622824227 2.357376
0.560940504379 0.98654104313 0.0170402875944 2.34496
0.552894050438 0.987836488692 0.0142688007513 2.2944
0.548489405044 0.98948319453 0.0080587306992 2.2192
0.545348940504 0.991299598511 0.00354735490159 2.253376
0.50363489405 0.992883612331 0.00146643851872 2.36928
0.537263489405 0.994097903911 0.00168248794413 2.539136
0.550526348941 0.994862445617 0.00598680802674 2.646464
0.526652634894 0.995356590073 0.0106309607977 2.75424
0.544965263489 0.995652722606 0.0157232309737 2.723776
0.514396526349 0.995752264476 0.0182330792394 2.636544
0.531139652635 0.994874381405 0.0203916733044 2.52768
0.576913965263 0.993394737932 0.0228226071042 2.392896
0.583291396526 0.991688485956 0.0302067916037 2.30176
0.610029139653 0.989799597082 0.0255107291854 2.026304
0.584802913965 0.987945018956 0.0162840599443 1.86624
0.548080291397 0.988892250357 0.0208591216198 1.818176
0.58580802914 0.987424201863 0.0225069918913 1.857792
0.567980802914 0.986756711648 0.0196656125169 1.922368
0.598598080291 0.986541343102 0.0124558929352 1.916736
0.595359808029 0.988384749189 0.0110641917622 1.915712
0.582435980803 0.990159874197 0.00737579855195 2.009792
0.56674359808 0.992004235186 0.00415410128098 2.120064
0.523774359808 0.993723012236 0.00172194026169 2.165248
0.541077435981 0.995171140851 0.00309676951488 2.10496
0.499607743598 0.996408052325 0.00429492138126 2.129792
0.50716077436 0.996790371641 0.00313193533953 2.206912
0.562816077436 0.997643560437 0.00195146933165 2.18912
0.517081607744 0.998354554411 0.00614410000068 2.2576
0.500808160774 0.99787059038 0.00334956837906 2.243904
0.545980816077 0.998332291375 0.0112730369141 2.283584
0.550498081608 0.997672797218 0.0238718702508 2.284224
0.568049808161 0.996715323722 0.0324860730868 2.333248
0.550004980816 0.995541442553 0.0385886684808 2.2416
0.544600498082 0.994186270186 0.0405951519018 2.182912
0.552160049808 0.992645010579 0.0362322517811 2.123392
0.485416004981 0.990921235813 0.0259857478597 2.074048
0.510241600498 0.989024004251 0.0160895503096 2.128384
0.51992416005 0.989244585487 0.0131065549502 2.256768
0.528992416005 0.989825187258 0.0150301402136 2.344768
0.5334992416 0.989878455567 0.0162550994646 2.284352
0.52134992416 0.989516482812 0.0136759991429 2.266112
0.512934992416 0.990422141994 0.0191103466012 2.413504
0.558893499242 0.989823266608 0.0158310498111 2.54432
0.554489349924 0.989546556062 0.0166910516155 2.538816
0.580148934992 0.989086622781 0.0115272736041 2.427392
0.524214893499 0.990472529536 0.01622964912 2.445248
0.52852148935 0.989989949291 0.00936713539912 2.479168
0.547852148935 0.991404116272 0.00970548800195 2.490496
0.556985214893 0.992504689047 0.0165342048657 2.31264
0.573198521489 0.991612418786 0.0198692269976 2.116288
0.548719852149 0.990828156072 0.0195672301904 1.978368
0.549871985215 0.990379287357 0.0140723906735 1.982208
0.558087198521 0.990666451224 0.00456421221229 2.002752
0.576908719852 0.99230018648 0.00111214368731 2.032768
0.553590871985 0.993896816873 0.000217497475714 2.01024
0.552159087199 0.995324607998 3.16538545848e-05 2.035776
0.54481590872 0.996557144431 3.24864307101e-06 2.086976
0.501781590872 0.997593894056 3.26308516571e-07 2.200704
0.506478159087 0.998426508243 2.23388389738e-06 2.385024
0.488047815909 0.99904922356 0.000406584406035 2.558528
0.515904781591 0.999466248811 0.00153670437737 2.672192
0.524990478159 0.999317355704 0.0025839061342 2.782144
0.471899047816 0.998906441388 0.00284312219484 2.825088
0.508889904782 0.998585704976 0.00280176355713 2.792256
0.491888990478 0.998434866939 0.00390028133505 2.769024
