0.1449 0.880684656803 0.189122015233 -6825630.60762
0.17289 0.97566562285 0.24763385517 -1257351.48489
0.205389 0.990568501209 0.263928603116 2.418432
0.2230389 0.995942785856 0.238461893958 3.117376
0.25990389 0.998815569832 0.229886656874 3.744384
0.277090389 0.99988155378 0.248954797983 4.263424
0.3211090389 0.999418984445 0.228783856571 4.684608
0.36961090389 0.99767052179 0.216327501876 5.107072
0.371761090389 0.994669278713 0.19966164569 5.372544
0.415176109039 0.991867308463 0.190153421638 5.554752
0.436617610904 0.988105920021 0.171463464084 5.64352
0.43786176109 0.983423096465 0.153514953045 5.755136
0.440686176109 0.978618911835 0.152727550419 5.608832
0.471568617611 0.973011992584 0.14715999889 5.581184
0.498956861761 0.967189987896 0.147119841918 5.397888
0.538595686176 0.960100487875 0.16709867681 5.13376
0.568659568618 0.952829807058 0.182232500503 4.865664
0.590565956862 0.946146113117 0.170666990205 4.470528
0.617956595686 0.938468353156 0.158116605629 3.984064
0.643195659569 0.933938969322 0.15206794774 3.49472
0.657419565957 0.933034902154 0.164208098134 3.015808
0.694841956596 0.930758547977 0.167935952129 2.4624
0.66168419566 0.931400515989 0.156349802889 2.237184
0.666468419566 0.931528305515 0.133819209129 2.035328
0.694846841957 0.929245175044 0.101704932008 1.86176
0.676084684196 0.931415731188 0.0792425114955 1.749888
0.67510846842 0.935624662412 0.0637633220133 1.563008
0.681310846842 0.942885334732 0.0655753065982 1.41856
0.619831084684 0.94892707321 0.0918411366798 1.468096
0.644283108468 0.949729843693 0.10172935413 1.627584
0.632328310847 0.945537848056 0.106993933809 1.705536
0.625732831085 0.941759505079 0.102801412421 1.747648
0.590873283108 0.94224857229 0.0875500485016 1.830976
0.589187328311 0.945109628183 0.0885195137385 1.91616
0.597118732831 0.944855181401 0.0878188531932 2.028352
0.628511873283 0.944163019912 0.0934592341496 2.079552
0.624451187328 0.942193937424 0.101640521965 2.096832
0.605145118733 0.941973761396 0.12192927134 2.070592
0.604114511873 0.941040745482 0.133533303758 2.107776
0.610311451187 0.940824052673 0.130616716467 2.040256
0.614531145119 0.940784161781 0.118434578497 1.916544
0.583453114512 0.939408402057 0.108952618159 1.82016
0.609145311451 0.936312011416 0.110428723559 1.752448
0.639614531145 0.936013556528 0.128367443381 1.785664
0.660661453115 0.936356886664 0.132186170653 1.829248
0.688866145311 0.936298092714 0.110971540334 1.770944
0.659286614531 0.938224380134 0.0945140608182 1.680512
0.665328661453 0.943199674924 0.0913445650396 1.566592
0.616432866145 0.946623850817 0.0994855954456 1.514368
0.625043286615 0.946525564699 0.0858290950509 1.50112
0.649304328661 0.946843908529 0.0788173360156 1.54144
0.666130432866 0.950079267386 0.0931850697955 1.652352
0.674113043287 0.950344273693 0.110521192745 1.639168
0.649711304329 0.94886372425 0.130427396185 1.6576
0.667971130433 0.946111230371 0.136678712584 1.699584
0.664397113043 0.944509119044 0.124474012235 1.670144
0.694639711304 0.944844870776 0.0998396915328 1.645696
0.67696397113 0.949020119336 0.0965860641838 1.541888
0.630196397113 0.953604504215 0.114112081782 1.511616
0.612919639711 0.953118464818 0.111421165622 1.531136
0.600391963971 0.948279728506 0.107244336301 1.584256
0.625239196397 0.944744414191 0.104426346104 1.55584
0.65832391964 0.943479394499 0.106469543464 1.45952
0.639132391964 0.944385148958 0.109181352051 1.51136
0.644413239196 0.946207502464 0.0969193356219 1.55936
0.62784132392 0.947985753788 0.0867913673258 1.609088
0.644184132392 0.947855207509 0.0800521887352 1.648704
0.615218413239 0.950340714973 0.0761475914183 1.776192
0.624921841324 0.954485228245 0.0812970355387 1.81344
0.637592184132 0.954502315109 0.0833665684546 1.882176
0.595659218413 0.956381263984 0.0855286726519 1.941632
0.598665921841 0.954251232463 0.0889741242765 1.880128
0.614266592184 0.951870625546 0.0907446337374 1.835648
0.634726659218 0.950753145346 0.113175738267 1.722624
0.666472665922 0.948608882545 0.111525728765 1.629696
0.694847266592 0.94993230271 0.120518385605 1.521536
0.643684726659 0.952496389974 0.121688024313 1.542656
0.620568472666 0.953608207156 0.114009776394 1.633024
0.637156847267 0.955244787578 0.104070661955 1.729664
0.616315684727 0.95428666517 0.081586946651 1.772608
0.616031568473 0.951768734421 0.0587516691428 1.787136
0.592603156847 0.955743515535 0.0564457798883 1.823104
0.568660315685 0.960764296998 0.0805573139531 1.91744
0.598666031568 0.960291227042 0.110128341826 1.958208
0.625966603157 0.958244866236 0.136702938023 2.005824
0.604396660316 0.950645277998 0.152103660602 1.939968
0.636439666032 0.941601770418 0.153399997608 1.92192
0.676543966603 0.935081405602 0.135367435839 1.89312
0.66075439666 0.937281141535 0.115971958418 1.856384
0.630375439666 0.942376755538 0.111910077048 1.867904
0.621937543967 0.942524730943 0.0851083438635 1.858752
0.601293754397 0.945559837086 0.0658362700231 1.872768
0.61722937544 0.94920288061 0.0821912050735 2.033344
0.622422937544 0.949044602922 0.100443637293 2.0464
0.658942293754 0.946908801393 0.11086831949 1.967744
0.631994229375 0.944419220842 0.109362665396 1.875072
0.643699422938 0.940790560872 0.0874093503721 1.736064
0.655669942294 0.944606682813 0.0751642534114 1.658304
0.639766994229 0.947040821377 0.0959389221053 1.595712
0.637276699423 0.94530216582 0.11208998741 1.529984
0.638827669942 0.942235217247 0.135318010827 1.468928
0.682182766994 0.933325914766 0.130462644427 1.44928
0.710818276699 0.929906976347 0.108096227394 1.471616
0.73618182767 0.931691300469 0.0919564337877 1.400512
0.685618182767 0.934843219956 0.0870754770782 1.26272
0.658961818277 0.936630758312 0.0799570765296 1.22048
0.667096181828 0.940002461864 0.0932643581549 1.191744
0.681409618183 0.940540114194 0.0876064376926 1.164544
0.681040961818 0.941055291088 0.0832456510541 1.181376
0.681004096182 0.941217381619 0.079762742732 1.184832
0.663900409618 0.944788519905 0.0882399308317 1.190656
0.639690040962 0.945926040712 0.106722423787 1.251968
0.634569004096 0.944918699136 0.0937278315101 1.40416
0.63675690041 0.946812006468 0.0833660316121 1.44512
0.639675690041 0.948437587368 0.0813870470314 1.497792
0.638167569004 0.947202609431 0.0912089194597 1.382848
0.6173167569 0.947247384022 0.106122732591 1.402752
0.60353167569 0.945249514486 0.131178791068 1.47552
0.597653167569 0.941926930037 0.143100349754 1.566016
0.622265316757 0.940184597441 0.143103523185 1.607232
0.676026531676 0.939048934737 0.124698338701 1.59616
0.659802653168 0.940471629002 0.109720905615 1.55008
0.677080265317 0.938591439189 0.0856535566066 1.508096
0.668908026532 0.940214471085 0.0747125592833 1.412032
0.643790802653 0.946121399428 0.0679538197205 1.4416
0.642179080265 0.951007215279 0.0748815966887 1.493888
0.646517908027 0.951764890282 0.106054685843 1.477376
0.676651790803 0.951287573567 0.1197800155 1.313664
0.67696517908 0.947609477242 0.13036602917 1.186944
0.673396517908 0.945451746214 0.141630825319 1.105216
0.703639651791 0.940793415615 0.137447913796 1.19776
0.670663965179 0.93679722941 0.13927749983 1.340416
0.702466396518 0.931523188288 0.139514388083 1.382976
0.691246639652 0.930060390096 0.139754153503 1.406144
0.699124663965 0.928145857818 0.119170677078 1.295552
0.708912466397 0.929254342009 0.0962130027154 1.248448
0.68919124664 0.930437725397 0.0880132188257 1.134144
0.687219124664 0.932999812123 0.076220180316 1.080704
0.673521912466 0.93720550492 0.0656986399596 1.16768
0.637052191247 0.94339475334 0.0744031259115 1.319872
0.632505219125 0.946095972334 0.0879635269478 1.445312
0.646450521912 0.946355732491 0.105008973687 1.45984
0.649645052191 0.944375303913 0.109194905367 1.435264
0.672464505219 0.941677423446 0.115288912322 1.390656
0.644146450522 0.941177723159 0.131698789307 1.369984
0.656614645052 0.941636116538 0.124639224024 1.329024
0.649761464505 0.939360642768 0.122086770377 1.354112
0.665276146451 0.936871929386 0.107594556232 1.306496
0.638927614645 0.936297617259 0.0965759567589 1.316736
0.633592761465 0.939770903222 0.10472855123 1.445632
0.617759276146 0.939791689702 0.0991290400522 1.580608
0.616175927615 0.941931157041 0.0750533590983 1.70688
0.613317592761 0.946951432238 0.0817047026401 1.827136
0.608531759276 0.947419011548 0.0977759648587 1.939904
0.629653175928 0.943288504536 0.0947627332391 1.982912
0.647965317593 0.941580956731 0.0890941099026 1.990592
0.612896531759 0.942184284523 0.091697317353 1.982592
0.606689653176 0.944370031834 0.110796551323 1.96864
0.593468965318 0.945766553018 0.128111535031 2.015936
0.602946896532 0.945257813054 0.136177402398 2.043584
0.614694689653 0.942669327157 0.152065679629 2.003648
0.589769468965 0.937321604972 0.153787017652 1.934144
0.612476946897 0.931332233869 0.135268751353 1.856384
0.63274769469 0.929114856901 0.113544708941 1.87904
0.680674769469 0.93046256994 0.0983513126523 1.896576
0.661167476947 0.932962814255 0.103411241717 1.827712
0.661916747695 0.934749463103 0.108645125761 1.759488
0.686291674769 0.935858552082 0.112195429813 1.610304
0.689629167477 0.935635882067 0.0935041366481 1.518336
0.679162916748 0.939524908389 0.0842046993678 1.415232
0.644816291675 0.944240555395 0.0871354811151 1.469696
0.607181629167 0.944938089843 0.0900898931815 1.622016
0.608818162917 0.945605073198 0.0867145744457 1.64928
0.572981816292 0.948771331044 0.091372647215 1.778752
0.570298181629 0.949414380803 0.0939403290684 1.875456
0.612329818163 0.951309588205 0.097035594077 1.910144
0.629132981816 0.95205057852 0.11154801754 1.888384
0.618213298182 0.951385377555 0.13089150068 1.915904
0.574821329818 0.948764355898 0.122935864799 2.04896
0.558782132982 0.948160009499 0.126972447376 2.245248
0.599478213298 0.943780650164 0.131202483872 2.341888
0.61254782133 0.937632225505 0.12385895381 2.413184
0.630954782133 0.931996205639 0.103734464347 2.262208
0.632795478213 0.932308355853 0.0816256381649 2.016064
0.632079547821 0.937570854538 0.0721869842789 1.84992
0.596907954782 0.942145056539 0.068238588424 1.723008
0.569090795478 0.947178626333 0.0840864594771 1.816384
0.569909079548 0.946099839051 0.0993328047874 2.088768
0.579890907955 0.943770988184 0.0904518700791 2.242752
0.613289090795 0.942460568822 0.0967304924907 2.225088
0.64452890908 0.941131191713 0.0967280301382 1.983872
0.608952890908 0.941128201592 0.0951952708982 1.824256
0.598195289091 0.941096694417 0.100114780977 1.72768
0.590819528909 0.938350044672 0.113157013567 1.732736
0.608081952891 0.936658289372 0.121663119343 1.700352
0.653008195289 0.937466400219 0.119399523098 1.848128
0.664700819529 0.936065002478 0.11392949573 1.927488
0.671270081953 0.935903956833 0.115168940426 1.90496
0.678227008195 0.933972404891 0.104820944212 1.80224
0.68612270082 0.932799724749 0.0945619759709 1.553344
0.664412270082 0.93236860945 0.0829180264587 1.34048
0.691941227008 0.937362470302 0.0639761164509 1.33376
0.648794122701 0.94566272473 0.0405370927178 1.407296
0.59767941227 0.953780740118 0.0511435077366 1.542272
0.622267941227 0.960489455501 0.0738439257265 1.674752
0.621126794123 0.960229483955 0.108222595169 1.719872
0.618312679412 0.957488980902 0.136902864092 1.740608
0.610831267941 0.952104168836 0.155064615048 1.74272
0.628083126794 0.943095352553 0.16273221972 1.64864
0.634308312679 0.937483370846 0.160739172856 1.496448
0.697030831268 0.931448403446 0.138556960761 1.510592
0.706903083127 0.930220658855 0.114114811175 1.39008
0.708790308313 0.927593963457 0.0942429009021 1.317184
0.684679030831 0.929675371393 0.0748285041562 1.279744
0.645367903083 0.936766990591 0.0750048622226 1.390336
0.634236790308 0.942015212094 0.0719720939442 1.471296
0.629523679031 0.944955911317 0.0679907464517 1.587072
0.648852367903 0.947093804599 0.0845401287283 1.682944
0.61388523679 0.946042639202 0.0934139976924 1.699392
0.603188523679 0.944952667764 0.113873651451 1.774784
0.588618852368 0.94036436647 0.131472243657 1.704896
0.624961885237 0.936924650831 0.128743371018 1.673472
0.619596188524 0.937602481882 0.115336543843 1.722112
0.633459618852 0.93820481448 0.0927455507833 1.775552
0.633045961885 0.940498990551 0.0708187215226 1.859264
0.578104596189 0.944869794622 0.081763320618 1.947712
0.634710459619 0.9447873022 0.119645685651 1.94912
0.669171045962 0.939936312968 0.148386834843 1.814976
0.708617104596 0.933596899725 0.152371111305 1.644032
0.70626171046 0.930194339897 0.136182544637 1.455552
0.669126171046 0.928291076957 0.111349895928 1.29696
0.657312617105 0.932970475578 0.103333592362 1.283328
0.67323126171 0.934711606536 0.105735748705 1.361472
0.682923126171 0.933588743204 0.100001514414 1.377088
0.674892312617 0.931916810633 0.10682761115 1.445056
0.684889231262 0.930966510396 0.101067535727 1.476288
0.663388923126 0.932909702934 0.0990799802305 1.514816
0.674738892313 0.934606292828 0.107274104104 1.466624
0.675873889231 0.93177823663 0.10185561442 1.371712
0.646287388923 0.934155160271 0.0986719648884 1.414848
0.628028738892 0.938293930513 0.109385468668 1.507776
0.671202873889 0.938473976707 0.116273241599 1.419776
0.651220287389 0.940719783012 0.116495135645 1.429824
0.630322028739 0.941835726991 0.120376590425 1.464064
0.643532202874 0.944355759581 0.133688942414 1.481984
0.626853220287 0.94063512424 0.130899461184 1.574464
0.677385322029 0.935691786632 0.107741579141 1.54752
0.657238532203 0.935370084873 0.101960169468 1.561536
0.63272385322 0.934717440272 0.0976872962513 1.649216
0.623972385322 0.936307581212 0.084740613245 1.749056
