0.127 0.999844460984 0.304256585503 0.878622222222 0.121377777778 0.121377777778 0 0 0.959624598789 1409563305.34
0.185 0.973749418798 0.170221052826 1.64448888889 0.177866666667 0.177866666667 0 0 0.863916274991 1409563306.06
0.227 0.944708587259 0.117960590468 2.35026666667 0.216577777778 0.216577777778 0 0 0.807254959232 1409563307.12
0.256 0.925613334094 0.0954829435205 2.95635555556 0.261111111111 0.261111111111 0 0 0.767561451272 1409563308.92
0.311 0.916246334221 0.079715861674 3.47791111111 0.305022222222 0.305022222222 0 0 0.756690527865 1409563310.98
0.323 0.913168697557 0.0679354853781 3.98795555556 0.337288888889 0.337288888889 0 0 0.765955301676 1409563313.15
0.337 0.915371629646 0.0582881661488 4.47146666667 0.365777777778 0.365777777778 0 0 0.758139723993 1409563315.03
0.364 0.91990528178 0.0474851027305 4.96017777778 0.387244444444 0.387244444444 0 0 0.754990384297 1409563317.28
0.354 0.924269882803 0.0290244729055 5.50537777778 0.399644444444 0.399644444444 0 0 0.76691280549 1409563318.99
0.344 0.931931134405 0.0182809986498 5.98875555556 0.417288888889 0.417288888889 0 0 0.777124811946 1409563321.05
0.328 0.939767029969 0.0151486280976 6.50128888889 0.430666666667 0.430666666667 0 0 0.778480346741 1409563323.04
0.311 0.94659562484 0.0129629273385 6.99817777778 0.447911111111 0.447911111111 0 0 0.79707609769 1409563324.68
0.276 0.952188449679 0.0139709720789 7.53791111111 0.459777777778 0.459777777778 0 0 0.819894464757 1409563326.5
0.28 0.95638019469 0.0123398589737 8.09968888889 0.468311111111 0.468311111111 0 0 0.829714020006 1409563327.97
0.288 0.959677776439 0.0121794812437 8.58817777778 0.481911111111 0.481911111111 0 0 0.829147178012 1409563329.31
0.268 0.963688400567 0.00921796884113 9.01768888889 0.499911111111 0.499911111111 0 0 0.839106531937 1409563330.81
0.258 0.966630242512 0.00576086179018 9.35684444444 0.522666666667 0.522666666667 0 0 0.824003660813 1409563332.24
0.278 0.968361710314 0.00524532773689 9.71422222222 0.541111111111 0.541111111111 0 0 0.811398658879 1409563333.91
0.278 0.969889354364 0.00718405775453 9.84955555556 0.565777777778 0.565777777778 0 0 0.808883929158 1409563335.57
0.287 0.970878199509 0.00660177379688 10.1416 0.586 0.586 0 0 0.80581326256 1409563337.34
0.268 0.971553212301 0.00701054688954 10.4466222222 0.604533333333 0.604533333333 0 0 0.821188223689 1409563339.01
0.237 0.973174378515 0.00316033210035 10.7288444444 0.6252 0.6252 0 0 0.822712102624 1409563340.64
0.256 0.974117064262 0.00262042019083 11.0246222222 0.642666666667 0.642666666667 0 0 0.819543474605 1409563342.2
0.272 0.974697572157 0.00400875632959 11.2953777778 0.657422222222 0.657422222222 0 0 0.816349954057 1409563343.7
0.338 0.976126450168 0.00823723745778 11.2948 0.681111111111 0.681111111111 0 0 0.815562663379 1409563345.14
0.297 0.979457371884 0.0122638835346 11.5162666667 0.696355555556 0.696355555556 0 0 0.835829505672 1409563346.47
0.293 0.982356187023 0.0130467542865 11.6289333333 0.714488888889 0.714488888889 0 0 0.82692744774 1409563348.31
0.287 0.983283697004 0.0130702571734 11.5046666667 0.737822222222 0.737822222222 0 0 0.799469957232 1409563349.64
0.274 0.984362667959 0.0138757486793 11.2356444444 0.769644444444 0.769644444444 0 0 0.824543696317 1409563350.98
0.331 0.985643721525 0.01195076763 10.9015111111 0.799688888889 0.799688888889 0 0 0.824985055934 1409563352.17
0.317 0.986788911932 0.011712524843 11.0376444444 0.813911111111 0.813911111111 0 0 0.830976198499 1409563353.53
0.327 0.986873440579 0.0132400998663 11.012 0.831955555556 0.831955555556 0 0 0.835268861374 1409563354.93
0.314 0.986046091134 0.0148526254365 10.8837777778 0.850666666667 0.850666666667 0 0 0.811378000035 1409563356.59
0.335 0.986623866911 0.015979646434 10.2672 0.882444444444 0.882444444444 0 0 0.789356066931 1409563358.1
0.316 0.987047398596 0.0143527734561 9.93231111111 0.906977777778 0.0517777777778 34 54.3079590797 0.803986135337 1409563359.56
0.334 0.98711230926 0.0107093876841 9.61017777778 0.929155555556 0.338444444444 34 54.3079590797 0.786838526643 1409563361.28
0.357 0.987940554511 0.0108676182811 9.59395555556 0.941911111111 0.385333333333 34 54.3079590797 0.791103320457 1409563362.69
0.332 0.988720564838 0.00923422614201 9.67288888889 0.949733333333 0.4336 34 54.3079590797 0.804820318974 1409563363.86
0.312 0.990434764418 0.0144898556807 9.17942222222 0.967777777778 0.491466666667 34 54.3079590797 0.827860860261 1409563365.2
0.322 0.991017024213 0.0141573924815 9.24422222222 0.9744 0.523377777778 34 54.3079590797 0.824230246307 1409563366.62
0.309 0.991218891671 0.014516359537 9.65542222222 0.9748 0.540133333333 34 54.3079590797 0.832847998334 1409563368.05
0.288 0.989743959934 0.0129102117532 9.61128888889 0.976355555556 0.5764 34 54.3079590797 0.813259590502 1409563369.36
0.326 0.989307418531 0.0158869228917 9.54128888889 0.978844444444 0.608533333333 34 54.3079590797 0.807481530245 1409563370.86
0.295 0.988938464343 0.0116868281678 9.60946666667 0.982977777778 0.634711111111 34 54.3079590797 0.844002389948 1409563372.07
0.277 0.988874690827 0.00929327755466 9.74826666667 0.986977777778 0.656755555556 34 54.3079590797 0.853041989261 1409563373.4
0.265 0.990456754332 0.00782579870969 9.90835555556 0.992444444444 0.676266666667 34 54.3079590797 0.87237372063 1409563374.58
0.254 0.992167946374 0.0052150550133 10.2246222222 0.993911111111 0.690133333333 34 54.3079590797 0.862127036389 1409563375.71
0.279 0.994076099201 0.00805193793911 10.5154222222 0.995244444444 0.702488888889 34 54.3079590797 0.876807793974 1409563376.87
0.278 0.995222682256 0.0118427404014 10.6323555556 0.995777777778 0.719422222222 34 54.3079590797 0.866116291951 1409563378.32
0.28 0.995703897626 0.0140859758176 10.4645777778 0.997022222222 0.746977777778 34 54.3079590797 0.874860162922 1409563379.74
0.291 0.99532348559 0.0147703764115 9.82955555556 0.997688888889 0.790977777778 34 54.3079590797 0.874936727216 1409563380.99
0.291 0.995028171688 0.0155795141431 9.15902222222 0.997688888889 0.827911111111 34 54.3079590797 0.86564924831 1409563382.31
0.299 0.99413502448 0.0168772276226 8.48604444444 0.997911111111 0.862977777778 34 54.3079590797 0.868324294141 1409563383.73
0.287 0.992958978342 0.0160264340223 8.31217777778 0.999066666667 0.883733333333 34 54.3079590797 0.858493934014 1409563385.3
0.295 0.991577571366 0.0147081799536 8.47506666667 0.999822222222 0.893644444444 34 54.3079590797 0.852057834159 1409563386.67
0.299 0.990422886163 0.0134610154231 8.48084444444 0.999822222222 0.255244444444 27.5 41.137485981 0.826797680284 1409563388.26
0.317 0.989980623157 0.00969831324287 8.59626666667 0.999822222222 0.369066666667 27.5 41.137485981 0.82646001695 1409563389.56
0.294 0.991203887114 0.00685272094946 8.91502222222 0.999822222222 0.403777777778 27.5 41.137485981 0.847637016286 1409563391.2
0.251 0.992644840823 0.0068615475973 9.08613333333 0.999822222222 0.437733333333 27.5 41.137485981 0.854689690241 1409563392.65
0.232 0.994136546799 0.00867731344232 9.33533333333 0.999822222222 0.464577777778 27.5 41.137485981 0.854036061135 1409563393.94
0.218 0.995263638268 0.00872682698901 9.58875555556 0.999822222222 0.497733333333 27.5 41.137485981 0.866018861608 1409563395.47
0.241 0.994617249542 0.00736351862544 9.87266666667 0.999822222222 0.5288 27.5 41.137485981 0.864550395691 1409563396.77
0.247 0.994525826378 0.00964207564219 10.0475111111 0.999822222222 0.554222222222 27.5 41.137485981 0.869124127964 1409563398.22
0.259 0.993830708861 0.0108827964343 10.3076888889 0.999822222222 0.572044444444 27.5 41.137485981 0.848462963976 1409563399.4
0.274 0.993361985084 0.00914462048768 10.5538666667 0.999822222222 0.584933333333 27.5 41.137485981 0.846795033028 1409563400.66
0.266 0.992558314268 0.0105811223115 10.6447555556 0.999822222222 0.597688888889 27.5 41.137485981 0.832157836679 1409563402.0
0.253 0.992319869062 0.0144052821307 10.8363555556 0.999822222222 0.610533333333 27.5 41.137485981 0.838674428554 1409563403.5
0.251 0.991254061701 0.0137097808949 11.0870666667 0.999822222222 0.624355555556 27.5 41.137485981 0.807186082172 1409563404.61
0.273 0.989675252188 0.0102417995324 11.2711555556 0.999822222222 0.640488888889 27.5 41.137485981 0.782032939797 1409563405.72
0.252 0.989591303902 0.0067907186803 11.5292 0.999822222222 0.6548 27.5 41.137485981 0.782783795717 1409563407.06
0.251 0.990628314651 0.00536563477096 11.8155555556 0.999822222222 0.670533333333 27.5 41.137485981 0.813875102714 1409563408.44
0.247 0.991745525077 0.00718909141603 12.2630666667 0.999822222222 0.679244444444 27.5 41.137485981 0.850147904712 1409563409.8
0.234 0.993121033039 0.0067369576962 12.6575555556 0.999822222222 0.691244444444 27.5 41.137485981 0.86898743012 1409563411.17
0.266 0.994496417598 0.0085007263852 12.8362666667 0.999822222222 0.707288888889 27.5 41.137485981 0.865355814485 1409563412.53
0.274 0.994936154584 0.0102345046104 13.1680888889 0.999822222222 0.716311111111 27.5 41.137485981 0.867539105046 1409563413.8
0.244 0.994367235953 0.00975286993116 13.3868888889 0.999822222222 0.724044444444 27.5 41.137485981 0.879023798577 1409563415.08
0.298 0.993632691986 0.0133573358362 13.1227111111 0.999822222222 0.748755555556 27.5 41.137485981 0.871352924915 1409563416.55
0.287 0.992095383719 0.0189930052486 12.4708444444 0.999822222222 0.779066666667 27.5 41.137485981 0.846703277431 1409563418.1
0.278 0.990790083885 0.0216587574279 12.0628444444 0.999822222222 0.805822222222 27.5 41.137485981 0.827621522203 1409563419.51
0.31 0.98968468843 0.0175043204954 11.7533777778 0.999822222222 0.827066666667 27.5 41.137485981 0.818680966084 1409563421.1
0.295 0.988789988147 0.0157163565176 11.5364 0.999822222222 0.844755555556 27.5 41.137485981 0.803049911609 1409563422.5
0.312 0.988250290555 0.0149684086485 11.4720444444 0.999822222222 0.857066666667 27.5 41.137485981 0.788209285572 1409563423.67
0.335 0.988694828233 0.0150423173291 11.0701333333 0.999822222222 0.8736 27.5 41.137485981 0.783988153424 1409563425.11
0.347 0.989113132213 0.0204041225724 10.3020888889 0.999822222222 0.8928 27.5 41.137485981 0.781878465827 1409563426.73
0.341 0.987793302208 0.0205472254131 9.61106666667 0.999822222222 0.254 28.25 40.6755479574 0.789786565676 1409563428.54
0.354 0.98572107896 0.0187132182381 8.89235555556 0.999822222222 0.400977777778 28.25 40.6755479574 0.786113603181 1409563430.03
0.351 0.983861299836 0.018715089753 8.30057777778 0.999822222222 0.458444444444 28.25 40.6755479574 0.784055954941 1409563431.54
0.355 0.982835287136 0.0179522578145 8.02653333333 1.0 0.509511111111 28.25 40.6755479574 0.771770502056 1409563432.9
0.384 0.983569894155 0.0205014413922 7.95537777778 1.0 0.564222222222 28.25 40.6755479574 0.756028611183 1409563434.15
0.373 0.984979740182 0.0220857973052 7.36844444444 1.0 0.632977777778 28.25 40.6755479574 0.754915012585 1409563435.84
0.351 0.985359935321 0.0208264756211 6.9872 1.0 0.684088888889 28.25 40.6755479574 0.760900058253 1409563437.49
0.374 0.98475945891 0.0174047702431 6.99017777778 1.0 0.711911111111 28.25 40.6755479574 0.784694399893 1409563438.87
0.347 0.985067210082 0.016042954033 7.08853333333 1.0 0.733866666667 28.25 40.6755479574 0.783137773552 1409563440.41
0.286 0.986614921451 0.0121774879238 7.11817777778 1.0 0.7664 28.25 40.6755479574 0.785088050191 1409563442.07
0.277 0.988323508363 0.00929855317732 7.3068 1.0 0.791155555556 28.25 40.6755479574 0.813294800359 1409563443.46
0.266 0.989471349378 0.00834036728835 7.73746666667 1.0 0.802755555556 28.25 40.6755479574 0.84644774449 1409563444.79
0.241 0.991258780931 0.00761495231063 8.33995555556 1.0 0.805022222222 28.25 40.6755479574 0.862719608068 1409563446.27
0.225 0.992929128735 0.00753215911393 8.81062222222 1.0 0.814977777778 28.25 40.6755479574 0.857095504803 1409563447.36
0.226 0.99357545548 0.00569793561779 9.21795555556 1.0 0.822666666667 28.25 40.6755479574 0.873462083371 1409563448.7
0.218 0.994328774368 0.00548673873687 9.6256 1.0 0.829111111111 28.25 40.6755479574 0.888691506906 1409563450.12
0.232 0.99465997856 0.00751866947836 9.9012 1.0 0.837866666667 28.25 40.6755479574 0.878956417927 1409563451.56
0.194 0.994630065379 0.007496299511 10.1923111111 1.0 0.850311111111 28.25 40.6755479574 0.876746821043 1409563452.69
0.19 0.99449965279 0.00815209075672 10.4506222222 1.0 0.865022222222 28.25 40.6755479574 0.885005463584 1409563453.92
0.24 0.993681996008 0.00556650606235 10.7679111111 1.0 0.870755555556 28.25 40.6755479574 0.868105668174 1409563455.36
0.248 0.993925128617 0.00522487037934 11.1402222222 1.0 0.871733333333 28.25 40.6755479574 0.865725770499 1409563456.73
0.237 0.994891909457 0.00549851201854 11.3744888889 1.0 0.876577777778 28.25 40.6755479574 0.862211221269 1409563457.87
0.194 0.995194598263 0.00622855081443 11.7296 1.0 0.880666666667 28.25 40.6755479574 0.878074809413 1409563459.02
0.248 0.994835374895 0.00672277048372 12.2320888889 1.0 0.881022222222 28.25 40.6755479574 0.874863204323 1409563460.34
0.216 0.99454128923 0.00659474488971 12.7014222222 1.0 0.8828 28.25 40.6755479574 0.864125381545 1409563461.89
0.27 0.994568758332 0.0105950038312 12.7451555556 1.0 0.887333333333 28.25 40.6755479574 0.861470374036 1409563463.25
0.263 0.994223946928 0.0123222815418 12.9738666667 1.0 0.890977777778 28.25 40.6755479574 0.850177791355 1409563464.47
0.29 0.993306241522 0.0101561181673 12.8837777778 1.0 0.899555555556 28.25 40.6755479574 0.84645702308 1409563465.82
0.289 0.992060310405 0.0128825402247 13.0563111111 1.0 0.143066666667 28.125 40.0262189507 0.834711463962 1409563467.47
0.304 0.991766139611 0.0130472118151 12.9440444444 1.0 0.3 28.125 40.0262189507 0.820861892581 1409563469.11
0.264 0.991313340141 0.0138559264518 13.0323111111 1.0 0.346311111111 28.125 40.0262189507 0.831810024414 1409563470.65
0.283 0.990914581529 0.0142886669749 13.0747111111 1.0 0.394 28.125 40.0262189507 0.83355124537 1409563471.87
0.3 0.991043382853 0.0160692880641 13.1842222222 1.0 0.419022222222 28.125 40.0262189507 0.836248548615 1409563473.03
0.342 0.991505436209 0.0127728553725 13.0306222222 1.0 0.462133333333 28.125 40.0262189507 0.838968093381 1409563474.61
0.31 0.991074036309 0.0138613224594 12.8830666667 1.0 0.512133333333 28.125 40.0262189507 0.839894072527 1409563476.02
0.312 0.989062333918 0.0113934360655 12.7812888889 1.0 0.551511111111 28.125 40.0262189507 0.831754999464 1409563477.67
0.299 0.98888060707 0.0114956741228 12.8265777778 1.0 0.579777777778 28.125 40.0262189507 0.838196484885 1409563479.33
0.316 0.989806715428 0.0123850578891 12.6846222222 1.0 0.611066666667 28.125 40.0262189507 0.828263955354 1409563480.66
0.288 0.99058552298 0.0178292472862 12.3897333333 1.0 0.639911111111 28.125 40.0262189507 0.824468786982 1409563482.21
0.273 0.989096386796 0.0222782451339 11.8508888889 1.0 0.670755555556 28.125 40.0262189507 0.80007959881 1409563483.79
0.294 0.987855842094 0.0206732619577 11.1222666667 1.0 0.699066666667 28.125 40.0262189507 0.790430096256 1409563485.23
0.311 0.986671019257 0.0220212821137 11.0800444444 1.0 0.717066666667 28.125 40.0262189507 0.771478553561 1409563486.67
0.345 0.985759952768 0.0237590116714 10.7314222222 1.0 0.738666666667 28.125 40.0262189507 0.759442500298 1409563488.14
0.337 0.984566180678 0.0177171205162 10.4966222222 1.0 0.767955555556 28.125 40.0262189507 0.736429039822 1409563489.56
0.35 0.984886533933 0.0163755023769 10.4651555556 1.0 0.785511111111 28.125 40.0262189507 0.733224546516 1409563491.2
0.338 0.986050637581 0.0162079671213 10.4174222222 1.0 0.797022222222 28.125 40.0262189507 0.73768248175 1409563492.5
0.328 0.987101461821 0.0149893661072 10.4738222222 1.0 0.809777777778 28.125 40.0262189507 0.752658006019 1409563494.06
0.312 0.987483496638 0.0149545439153 10.2976 1.0 0.826666666667 28.125 40.0262189507 0.764967991586 1409563495.47
0.319 0.988052721748 0.0128233897004 10.3276444444 1.0 0.834311111111 28.125 40.0262189507 0.780074782339 1409563496.84
0.291 0.988929268444 0.0158894372571 10.2509333333 1.0 0.845511111111 28.125 40.0262189507 0.807170826397 1409563498.15
0.266 0.989067447163 0.0170290054316 9.89417777778 1.0 0.862355555556 28.125 40.0262189507 0.81198729894 1409563499.66
0.296 0.988204079752 0.015177476286 9.2036 1.0 0.884666666667 28.125 40.0262189507 0.778959354736 1409563501.18
0.303 0.988399196243 0.0150657699662 8.81288888889 1.0 0.0990666666667 26.0625 37.6931515038 0.790774860145 1409563502.75
0.294 0.988613116864 0.0122702704642 8.48706666667 1.0 0.304977777778 26.0625 37.6931515038 0.810326378379 1409563504.2
0.305 0.989197891385 0.008868478684 8.25808888889 1.0 0.352488888889 26.0625 37.6931515038 0.821894934334 1409563505.58
0.249 0.990920645711 0.00762621898047 8.22115555556 1.0 0.391333333333 26.0625 37.6931515038 0.832530128556 1409563506.78
0.237 0.992685731539 0.00866214957687 8.50888888889 1.0 0.417644444444 26.0625 37.6931515038 0.862339088475 1409563508.01
0.253 0.993831920626 0.0121187983687 8.80871111111 1.0 0.450088888889 26.0625 37.6931515038 0.845413004986 1409563509.31
0.263 0.993682119798 0.0130860382878 9.0648 1.0 0.477555555556 26.0625 37.6931515038 0.8427981533 1409563510.66
0.239 0.993542930549 0.0149672389871 9.17004444444 1.0 0.511422222222 26.0625 37.6931515038 0.821743184144 1409563512.19
0.251 0.993607564937 0.0112823605195 9.47444444444 1.0 0.529377777778 26.0625 37.6931515038 0.82133391763 1409563513.47
0.296 0.993473985491 0.011905357199 9.67453333333 1.0 0.546044444444 26.0625 37.6931515038 0.831140164347 1409563514.75
0.266 0.992549501457 0.0107983101364 9.36337777778 1.0 0.575333333333 26.0625 37.6931515038 0.813434289875 1409563516.2
0.259 0.99192993774 0.0153227107945 9.00093333333 1.0 0.605377777778 26.0625 37.6931515038 0.816011425744 1409563517.71
0.254 0.990825358761 0.013264015257 8.97977777778 1.0 0.629466666667 26.0625 37.6931515038 0.812798520184 1409563519.2
0.266 0.989901318424 0.0159109609636 8.872 1.0 0.652888888889 26.0625 37.6931515038 0.812279701518 1409563520.6
0.285 0.988853549284 0.0174155225846 8.80102222222 1.0 0.673822222222 26.0625 37.6931515038 0.792333746356 1409563521.97
0.269 0.988698011648 0.0149661835189 9.24306666667 1.0 0.679733333333 26.0625 37.6931515038 0.802598555927 1409563523.24
0.29 0.989540216444 0.0150066256816 9.46537777778 1.0 0.693244444444 26.0625 37.6931515038 0.816637427156 1409563524.55
0.309 0.990271578546 0.0121726224566 9.36768888889 1.0 0.714355555556 26.0625 37.6931515038 0.831437003145 1409563526.08
0.27 0.991400942711 0.0141065590757 9.27777777778 1.0 0.7368 26.0625 37.6931515038 0.836012960428 1409563527.47
0.308 0.991833295845 0.0144980264141 8.94573333333 1.0 0.764533333333 26.0625 37.6931515038 0.832961949241 1409563529.03
0.315 0.99106076887 0.0140751475287 8.57853333333 1.0 0.790711111111 26.0625 37.6931515038 0.824359269169 1409563530.42
0.25 0.990662567296 0.0142070522499 8.52244444444 1.0 0.811733333333 26.0625 37.6931515038 0.827705729878 1409563532.14
0.292 0.989737238103 0.00870032860788 8.60493333333 1.0 0.829244444444 26.0625 37.6931515038 0.800609064599 1409563533.79
0.277 0.990536212334 0.00612238456769 8.52648888889 1.0 0.852088888889 26.0625 37.6931515038 0.823146424219 1409563535.29
0.265 0.992058572107 0.00750093148395 8.77453333333 1.0 0.867511111111 26.0625 37.6931515038 0.833044466125 1409563536.48
0.255 0.993061423177 0.00848127417523 9.14217777778 1.0 0.877733333333 26.0625 37.6931515038 0.846748721704 1409563537.77
0.277 0.993747731951 0.00940428495418 9.45742222222 1.0 0.8856 26.0625 37.6931515038 0.848804914255 1409563538.87
0.246 0.994221917371 0.0122327238309 9.75142222222 1.0 0.891511111111 26.0625 37.6931515038 0.841862288749 1409563540.03
0.245 0.993796927736 0.0151102376737 9.98257777778 1.0 0.897377777778 26.0625 37.6931515038 0.845889324644 1409563541.15
0.286 0.992339884108 0.0172337717307 10.0189333333 1.0 0.169288888889 27.53125 38.7508506924 0.818850889514 1409563542.66
0.316 0.990150796179 0.0179318856505 9.63297777778 1.0 0.338177777778 27.53125 38.7508506924 0.799303808395 1409563544.04
0.348 0.988229637784 0.0172322984908 9.20613333333 1.0 0.413244444444 27.53125 38.7508506924 0.790424090135 1409563545.41
0.339 0.986702993532 0.0167348822804 8.612 1.0 0.486755555556 27.53125 38.7508506924 0.780257569791 1409563546.89
0.362 0.985872066445 0.0202042946025 8.28128888889 1.0 0.543644444444 27.53125 38.7508506924 0.777416515144 1409563548.63
0.368 0.984957652825 0.0152877183525 7.83746666667 1.0 0.601688888889 27.53125 38.7508506924 0.784111208451 1409563550.22
0.372 0.985620772677 0.0110065715592 7.32733333333 1.0 0.661555555556 27.53125 38.7508506924 0.798513499672 1409563551.59
0.324 0.988404537942 0.0124067859873 7.40986666667 1.0 0.692222222222 27.53125 38.7508506924 0.816784070426 1409563552.96
0.328 0.990894338835 0.019624468837 7.57568888889 1.0 0.7112 27.53125 38.7508506924 0.825856499987 1409563554.51
0.306 0.990503135801 0.0233283284598 7.61 1.0 0.7308 27.53125 38.7508506924 0.808993326999 1409563555.9
0.313 0.989010411225 0.0285940245496 7.53124444444 1.0 0.755822222222 27.53125 38.7508506924 0.796840361327 1409563557.25
0.349 0.986719075437 0.0235666742442 7.36506666667 1.0 0.778222222222 27.53125 38.7508506924 0.770007364426 1409563558.86
0.349 0.985391155684 0.0210597336009 7.38315555556 1.0 0.7952 27.53125 38.7508506924 0.764195831596 1409563560.43
0.356 0.985029336428 0.0177322367247 7.22764444444 1.0 0.814844444444 27.53125 38.7508506924 0.762078414824 1409563562.06
0.332 0.985327140587 0.0124438353843 7.24444444444 1.0 0.830311111111 27.53125 38.7508506924 0.766383746928 1409563563.58
0.329 0.987099462362 0.0113485796112 7.36755555556 1.0 0.844666666667 27.53125 38.7508506924 0.790890381848 1409563565.0
0.338 0.989415046481 0.0112197069628 7.1436 1.0 0.861733333333 27.53125 38.7508506924 0.811717958117 1409563566.37
0.302 0.991489460597 0.0152203704144 7.37777777778 1.0 0.868 27.53125 38.7508506924 0.842589658171 1409563567.51
0.28 0.992785185781 0.0127183386353 7.84453333333 1.0 0.868 27.53125 38.7508506924 0.846127364092 1409563568.59
0.266 0.992823678337 0.00898822028953 8.03253333333 1.0 0.870177777778 27.53125 38.7508506924 0.823428551633 1409563570.15
0.292 0.992926486374 0.00719289373324 8.06271111111 1.0 0.880177777778 27.53125 38.7508506924 0.832885368254 1409563571.35
0.304 0.993523060015 0.00769704409138 7.94995555556 1.0 0.890755555556 27.53125 38.7508506924 0.838888630821 1409563572.61
0.285 0.994140241425 0.00857690874004 7.93404444444 1.0 0.109688888889 24.765625 35.1807832792 0.844843718379 1409563574.26
0.279 0.993855771072 0.0075042933824 7.98493333333 1.0 0.293822222222 24.765625 35.1807832792 0.846857868309 1409563575.9
0.239 0.993845436359 0.0088937335437 8.18151111111 1.0 0.350266666667 24.765625 35.1807832792 0.849018296746 1409563577.35
0.247 0.994730407508 0.0101913579566 8.6988 1.0 0.376977777778 24.765625 35.1807832792 0.878487844619 1409563578.64
0.228 0.995404141288 0.00873694813351 9.182 1.0 0.400933333333 24.765625 35.1807832792 0.897201681502 1409563579.87
0.252 0.994947799173 0.00745834040638 9.5632 1.0 0.418266666667 24.765625 35.1807832792 0.891529453572 1409563581.44
0.211 0.99439870303 0.00773250647678 9.91431111111 1.0 0.438311111111 24.765625 35.1807832792 0.887987817461 1409563582.83
0.224 0.993822043657 0.00841025742086 10.2017333333 1.0 0.461955555556 24.765625 35.1807832792 0.848202188279 1409563584.15
0.235 0.992924579268 0.00919888885838 10.3935111111 1.0 0.490533333333 24.765625 35.1807832792 0.829537928771 1409563585.53
0.227 0.991723719169 0.00865829204234 10.6182666667 1.0 0.513155555556 24.765625 35.1807832792 0.81525065546 1409563586.94
0.248 0.990825642199 0.0136732390972 10.5210666667 1.0 0.538088888889 24.765625 35.1807832792 0.812645171763 1409563588.03
0.254 0.990095363408 0.0171504946463 10.4507555556 1.0 0.5652 24.765625 35.1807832792 0.801950970746 1409563589.27
0.284 0.989313498806 0.0151331462498 10.8958666667 1.0 0.571066666667 24.765625 35.1807832792 0.811350414428 1409563590.78
0.302 0.988556397227 0.01331959435 11.1845333333 1.0 0.582177777778 24.765625 35.1807832792 0.806941989068 1409563591.9
0.271 0.989172263798 0.010020191844 11.7038222222 1.0 0.586266666667 24.765625 35.1807832792 0.813457941375 1409563593.21
0.264 0.990157126696 0.0106721164373 12.2217777778 1.0 0.592977777778 24.765625 35.1807832792 0.809193215794 1409563594.61
0.247 0.99116545 0.00977864227022 12.5344888889 1.0 0.6 24.765625 35.1807832792 0.819742220163 1409563595.72
0.24 0.99213369565 0.00621139531863 12.8389777778 1.0 0.607244444444 24.765625 35.1807832792 0.846474701561 1409563597.17
0.257 0.993614292461 0.0037558335189 13.2270666667 1.0 0.619244444444 24.765625 35.1807832792 0.863752363375 1409563598.44
0.246 0.994809842859 0.00380526186954 13.3996888889 1.0 0.640177777778 24.765625 35.1807832792 0.875004945037 1409563599.77
0.294 0.995458652215 0.00703074376468 13.6720444444 1.0 0.654666666667 24.765625 35.1807832792 0.868945534921 1409563601.14
0.263 0.995989125816 0.0110439067339 13.7524 1.0 0.669555555556 24.765625 35.1807832792 0.879132925394 1409563602.58
0.254 0.995745123741 0.0117743499528 13.7844 1.0 0.681822222222 24.765625 35.1807832792 0.876197373702 1409563603.79
0.261 0.994389463617 0.0113468959433 14.0637777778 1.0 0.686622222222 24.765625 35.1807832792 0.864173315445 1409563605.17
0.285 0.992745433494 0.0143412341653 14.1344 1.0 0.696933333333 24.765625 35.1807832792 0.845965557666 1409563606.59
0.284 0.992129912661 0.0162665053248 14.2044444444 1.0 0.711333333333 24.765625 35.1807832792 0.842378229891 1409563607.96
0.282 0.991206824508 0.0161491051138 13.6148888889 1.0 0.7476 24.765625 35.1807832792 0.823217365454 1409563609.15
0.294 0.990179962301 0.0146921354318 13.1796444444 1.0 0.776888888889 24.765625 35.1807832792 0.822279237727 1409563610.78
0.299 0.989460898302 0.0113694652884 12.8409777778 1.0 0.800311111111 24.765625 35.1807832792 0.805717671033 1409563612.46
0.319 0.989812376589 0.0140383530929 12.5102666667 1.0 0.820577777778 24.765625 35.1807832792 0.825237898584 1409563613.68
0.311 0.989452448168 0.0168810296846 12.4922666667 1.0 0.8308 24.765625 35.1807832792 0.823017401059 1409563615.22
0.282 0.989511553224 0.0121188714581 12.5629333333 1.0 0.842044444444 24.765625 35.1807832792 0.813789066873 1409563616.86
0.243 0.98877163072 0.0115288460071 12.3802666667 1.0 0.856933333333 24.765625 35.1807832792 0.799011089917 1409563618.09
0.276 0.988937776908 0.0117287127668 12.0894222222 1.0 0.870577777778 24.765625 35.1807832792 0.801438465706 1409563619.35
0.24 0.989505972655 0.0124451076654 12.0379111111 1.0 0.877466666667 24.765625 35.1807832792 0.779176694281 1409563620.89
0.284 0.989652911737 0.0128014677497 12.3394666667 1.0 0.879733333333 24.765625 35.1807832792 0.765032296462 1409563622.3
0.279 0.990410836179 0.0152344389404 12.7433777778 1.0 0.879822222222 24.765625 35.1807832792 0.770217336904 1409563623.47
0.298 0.991058872471 0.0164490859055 12.8585333333 1.0 0.880222222222 24.765625 35.1807832792 0.802214276125 1409563624.55
0.265 0.991812738874 0.0139951762533 13.0633333333 1.0 0.881422222222 24.765625 35.1807832792 0.819098515464 1409563625.82
0.256 0.991817775204 0.0109314243967 13.1024444444 1.0 0.883111111111 24.765625 35.1807832792 0.82086885798 1409563627.43
0.275 0.991627895107 0.00705283716499 13.3176 1.0 0.884488888889 24.765625 35.1807832792 0.824308625953 1409563628.91
0.249 0.992628724192 0.00693103002064 13.5568444444 1.0 0.888311111111 24.765625 35.1807832792 0.821244973986 1409563629.98
0.259 0.994002519309 0.00813452962592 13.8047555556 1.0 0.888311111111 24.765625 35.1807832792 0.844443389565 1409563631.05
0.275 0.994566768018 0.00750467085031 14.0767111111 1.0 0.888888888889 24.765625 35.1807832792 0.851834493319 1409563632.27
0.279 0.994852467935 0.00754239698627 13.8223555556 1.0 0.893155555556 24.765625 35.1807832792 0.859965470566 1409563633.59
0.281 0.994852937923 0.00883684300546 13.7234222222 1.0 0.895955555556 24.765625 35.1807832792 0.872596438128 1409563634.87
0.287 0.994438658034 0.00787229014562 13.4215111111 1.0 0.098 35.3828125 48.7298176326 0.854391065935 1409563636.23
0.28 0.994070925491 0.0103424936157 12.6718666667 1.0 0.307022222222 35.3828125 48.7298176326 0.834186053303 1409563637.89
0.308 0.99389832235 0.0119271715744 12.1672888889 1.0 0.368711111111 35.3828125 48.7298176326 0.846042975469 1409563639.59
0.287 0.993034674123 0.0121381220908 11.7500444444 1.0 0.422977777778 35.3828125 48.7298176326 0.835261719779 1409563641.18
0.317 0.99174291257 0.012131372338 10.5940888889 1.0 0.483911111111 35.3828125 48.7298176326 0.818104956712 1409563642.6
0.332 0.990092779341 0.0129195604165 10.2068888889 1.0 0.529244444444 35.3828125 48.7298176326 0.809550919768 1409563644.39
0.309 0.989652918436 0.00986982673708 10.1616444444 1.0 0.563022222222 35.3828125 48.7298176326 0.81936776963 1409563646.05
0.272 0.990589797642 0.00591322902457 10.0764888889 1.0 0.603333333333 35.3828125 48.7298176326 0.815643221382 1409563647.46
0.303 0.991659885743 0.00924440112013 10.282 1.0 0.622088888889 35.3828125 48.7298176326 0.819823355236 1409563648.89
0.299 0.992211420277 0.0163000573959 10.0245333333 1.0 0.6532 35.3828125 48.7298176326 0.82602684092 1409563650.46
0.293 0.99169487194 0.0169799891229 9.94657777778 1.0 0.669333333333 35.3828125 48.7298176326 0.83758004309 1409563652.12
0.329 0.990078458182 0.0141780806322 9.57008888889 1.0 0.694444444444 35.3828125 48.7298176326 0.811678655705 1409563653.68
0.292 0.989368048569 0.0114984722039 9.18955555556 1.0 0.723688888889 35.3828125 48.7298176326 0.820683912477 1409563655.38
0.293 0.990189229662 0.0117174616019 9.25648888889 1.0 0.7428 35.3828125 48.7298176326 0.821524186049 1409563656.91
0.257 0.990214456726 0.0109183267027 9.03524444444 1.0 0.764355555556 35.3828125 48.7298176326 0.815702310147 1409563658.42
0.274 0.990154837345 0.0144531302948 8.74168888889 1.0 0.786888888889 35.3828125 48.7298176326 0.829777806908 1409563659.88
0.246 0.989572755928 0.0202543772231 8.786 1.0 0.7956 35.3828125 48.7298176326 0.864254403929 1409563661.5
0.27 0.98784834437 0.0198277306589 9.2868 1.0 0.796088888889 35.3828125 48.7298176326 0.84794485962 1409563663.02
0.265 0.986572590826 0.0187698657334 9.80048888889 1.0 0.797111111111 35.3828125 48.7298176326 0.832962790257 1409563664.35
0.257 0.985966346456 0.0157540769877 10.3604444444 1.0 0.797466666667 35.3828125 48.7298176326 0.795281838131 1409563665.6
0.246 0.986950858704 0.0111569939443 10.9859111111 1.0 0.797688888889 35.3828125 48.7298176326 0.798596199193 1409563667.02
0.219 0.988619649132 0.00694118466275 11.6104444444 1.0 0.797688888889 35.3828125 48.7298176326 0.812444364456 1409563668.39
0.231 0.99074478244 0.00540739326774 12.1653333333 1.0 0.797688888889 35.3828125 48.7298176326 0.821027380226 1409563669.41
0.235 0.992531833695 0.0057171434077 12.6984444444 1.0 0.797688888889 35.3828125 48.7298176326 0.830646382878 1409563670.76
0.26 0.994241174258 0.00519203588672 13.1005333333 1.0 0.797688888889 35.3828125 48.7298176326 0.850264709444 1409563671.98
0.255 0.995860424683 0.00525029919803 13.3524888889 1.0 0.7984 35.3828125 48.7298176326 0.873797778284 1409563673.28
0.267 0.996874419025 0.0105782454274 13.5236888889 1.0 0.801644444444 35.3828125 48.7298176326 0.881954868735 1409563674.7
0.26 0.9969849893 0.0135332616873 13.7661777778 1.0 0.8036 35.3828125 48.7298176326 0.883732450239 1409563676.19
0.254 0.995689223536 0.0161290462302 13.4996 1.0 0.813555555556 35.3828125 48.7298176326 0.870352355945 1409563677.67
0.272 0.993671119528 0.0136276820113 13.2235555556 1.0 0.824355555556 35.3828125 48.7298176326 0.857388478728 1409563678.98
0.275 0.99213316807 0.0134125190621 13.1922666667 1.0 0.832711111111 35.3828125 48.7298176326 0.848163505421 1409563680.5
0.27 0.99041927046 0.00860194945868 12.9754222222 1.0 0.846488888889 35.3828125 48.7298176326 0.811913464686 1409563682.02
0.299 0.990930715031 0.0083995435522 12.8049333333 1.0 0.858711111111 35.3828125 48.7298176326 0.815093671416 1409563683.45
0.267 0.990973214009 0.00828571228451 12.6103111111 1.0 0.869911111111 35.3828125 48.7298176326 0.827068792461 1409563684.6
0.249 0.991802636981 0.00970805682174 12.6310222222 1.0 0.878755555556 35.3828125 48.7298176326 0.841964154077 1409563685.94
0.265 0.992515991824 0.0107586238477 12.6701777778 1.0 0.8864 35.3828125 48.7298176326 0.840065193467 1409563687.51
0.281 0.99298722138 0.00914881839837 12.4517777778 1.0 0.8996 35.3828125 48.7298176326 0.854087868549 1409563688.94
0.283 0.993155848889 0.00667718353442 11.7913777778 1.0 0.288044444444 36.19140625 51.103340866 0.850604375821 1409563690.42
0.266 0.993753987702 0.00733636687396 11.3493777778 1.0 0.342044444444 36.19140625 51.103340866 0.856243240235 1409563691.63
0.253 0.994327963415 0.00994549396193 11.0980444444 1.0 0.389155555556 36.19140625 51.103340866 0.867962538168 1409563692.84
0.234 0.994491378437 0.0177170186184 10.8792888889 1.0 0.432577777778 36.19140625 51.103340866 0.877538600502 1409563694.28
0.262 0.993591950646 0.0144551685884 10.3334666667 1.0 0.477777777778 36.19140625 51.103340866 0.848146354092 1409563695.67
0.274 0.992260248157 0.0126619782772 10.0574222222 1.0 0.521333333333 36.19140625 51.103340866 0.85359439245 1409563697.08
0.3 0.991495054463 0.0151666248097 9.90128888889 1.0 0.562488888889 36.19140625 51.103340866 0.842589776179 1409563698.6
0.283 0.990804411298 0.0150601497675 9.6908 1.0 0.599111111111 36.19140625 51.103340866 0.824675845062 1409563700.12
0.304 0.989911405724 0.0138459991718 9.46506666667 1.0 0.634888888889 36.19140625 51.103340866 0.808889221671 1409563701.45
0.296 0.988842971597 0.0160617112875 9.46324444444 1.0 0.653022222222 36.19140625 51.103340866 0.807104603281 1409563702.75
0.299 0.988277840545 0.0157409991665 9.18053333333 1.0 0.677911111111 36.19140625 51.103340866 0.82285818546 1409563704.03
0.273 0.98796683495 0.0168253959356 9.14408888889 1.0 0.699333333333 36.19140625 51.103340866 0.809498180842 1409563705.23
0.271 0.987440552033 0.0203184991718 9.41613333333 1.0 0.7152 36.19140625 51.103340866 0.832405839377 1409563706.34
0.305 0.987427396802 0.0197806848744 9.70453333333 1.0 0.726577777778 36.19140625 51.103340866 0.816328332329 1409563707.52
0.305 0.987930858036 0.0200776836597 9.65186666667 1.0 0.742444444444 36.19140625 51.103340866 0.799439942769 1409563708.7
0.327 0.987748298509 0.015754866739 9.80848888889 1.0 0.747644444444 36.19140625 51.103340866 0.794479103272 1409563709.96
0.349 0.988176880573 0.0146698731908 9.60435555556 1.0 0.769155555556 36.19140625 51.103340866 0.782528230246 1409563711.41
0.292 0.989571915136 0.0161240324406 9.54648888889 1.0 0.785555555556 36.19140625 51.103340866 0.809862042027 1409563712.98
0.285 0.991033947567 0.0209134850329 9.246 1.0 0.809866666667 36.19140625 51.103340866 0.826278798952 1409563714.49
0.304 0.990518809381 0.0175101637378 8.786 1.0 0.843066666667 36.19140625 51.103340866 0.830147338071 1409563715.67
0.322 0.988735755869 0.0159904309755 8.65715555556 1.0 0.864977777778 36.19140625 51.103340866 0.821933469555 1409563716.99
0.334 0.987984182834 0.0128658446783 8.64791111111 1.0 0.879911111111 36.19140625 51.103340866 0.811156375468 1409563718.52
0.302 0.987888564656 0.0113747674655 8.75555555556 1.0 0.886044444444 36.19140625 51.103340866 0.827840648483 1409563719.74
0.328 0.987900009934 0.0104708946769 9.00253333333 1.0 0.886844444444 36.19140625 51.103340866 0.82708943335 1409563721.29
0.318 0.989649035396 0.0116340308754 9.21502222222 1.0 0.887688888889 36.19140625 51.103340866 0.829667939333 1409563722.88
0.334 0.990758073121 0.00931408330596 9.35373333333 1.0 0.891244444444 36.19140625 51.103340866 0.8549051441 1409563724.44
0.336 0.991409853649 0.0100644871298 9.35306666667 1.0 0.896933333333 36.19140625 51.103340866 0.865673083528 1409563725.99
0.349 0.991386587447 0.0139472328152 9.30048888889 1.0 0.221644444444 31.595703125 44.3043099651 0.863496142814 1409563727.72
0.332 0.990949443914 0.0163217919085 9.00306666667 1.0 0.386755555556 31.595703125 44.3043099651 0.843491855197 1409563729.24
0.348 0.990541306413 0.0207585587258 8.68093333333 1.0 0.435244444444 31.595703125 44.3043099651 0.81972924846 1409563730.67
0.354 0.989976160531 0.0188105509789 8.64386666667 1.0 0.474933333333 31.595703125 44.3043099651 0.801033966413 1409563732.18
0.33 0.990006810983 0.0157167279736 8.60693333333 1.0 0.520755555556 31.595703125 44.3043099651 0.794894232085 1409563733.55
0.337 0.990841404117 0.0153905500797 8.48182222222 1.0 0.571555555556 31.595703125 44.3043099651 0.796006455423 1409563735.11
0.321 0.991718443593 0.010639646019 8.52417777778 1.0 0.608622222222 31.595703125 44.3043099651 0.808664321046 1409563736.54
0.267 0.992654574067 0.0119336221393 8.82795555556 1.0 0.623288888889 31.595703125 44.3043099651 0.828616133224 1409563738.03
0.308 0.993242113395 0.0167798332876 8.86706666667 1.0 0.640844444444 31.595703125 44.3043099651 0.839551472206 1409563739.42
0.258 0.992725674517 0.0227920634778 8.88417777778 1.0 0.659288888889 31.595703125 44.3043099651 0.827196344742 1409563740.7
0.259 0.991306097961 0.0320338746725 8.66946666667 1.0 0.680666666667 31.595703125 44.3043099651 0.815160938789 1409563742.22
0.315 0.988524466003 0.0276144818893 8.64493333333 1.0 0.692222222222 31.595703125 44.3043099651 0.775888513028 1409563743.59
0.349 0.986017267884 0.0216506137472 8.74888888889 1.0 0.701422222222 31.595703125 44.3043099651 0.774948598233 1409563744.96
0.35 0.984511157355 0.0201744767038 8.85795555556 1.0 0.718133333333 31.595703125 44.3043099651 0.760493513097 1409563746.55
0.341 0.984880423611 0.0181242022187 8.69115555556 1.0 0.738755555556 31.595703125 44.3043099651 0.774259211366 1409563748.01
0.318 0.98506618136 0.0188917239836 8.74773333333 1.0 0.753288888889 31.595703125 44.3043099651 0.810539495253 1409563749.15
0.315 0.985394489563 0.0173860127153 9.14626666667 1.0 0.760177777778 31.595703125 44.3043099651 0.809931049516 1409563750.39
0.296 0.985877322849 0.0145864109253 9.43537777778 1.0 0.768044444444 31.595703125 44.3043099651 0.794542060707 1409563751.71
0.341 0.987964334743 0.010968158028 9.87813333333 1.0 0.769466666667 31.595703125 44.3043099651 0.795874683204 1409563753.07
0.294 0.990451443482 0.00905868401953 10.4178222222 1.0 0.769511111111 31.595703125 44.3043099651 0.813139209758 1409563754.45
0.302 0.992258791843 0.0111964857893 10.8026666667 1.0 0.771288888889 31.595703125 44.3043099651 0.82757349411 1409563756.02
0.271 0.99307192245 0.00978811808875 11.0216888889 1.0 0.777777777778 31.595703125 44.3043099651 0.836713401147 1409563757.61
0.294 0.992787914248 0.00686426471346 10.9660444444 1.0 0.7876 31.595703125 44.3043099651 0.82189981421 1409563759.16
0.279 0.99276556749 0.00444507199843 11.1026666667 1.0 0.795022222222 31.595703125 44.3043099651 0.850784431007 1409563760.65
0.256 0.993674882588 0.00442013632415 11.1414222222 1.0 0.804977777778 31.595703125 44.3043099651 0.868937695489 1409563762.1
0.242 0.995182207467 0.00672717788736 11.3720444444 1.0 0.810977777778 31.595703125 44.3043099651 0.877653903624 1409563763.59
0.245 0.99554587349 0.0093874423275 11.6185333333 1.0 0.814488888889 31.595703125 44.3043099651 0.881869745995 1409563765.03
0.245 0.995718968042 0.0116763946532 11.7292444444 1.0 0.816133333333 31.595703125 44.3043099651 0.87523350734 1409563766.37
0.246 0.995063980355 0.0125594236557 11.8152 1.0 0.821022222222 31.595703125 44.3043099651 0.870712876874 1409563767.61
0.275 0.994708935503 0.0158165934197 11.7627555556 1.0 0.831688888889 31.595703125 44.3043099651 0.874141194703 1409563768.95
0.281 0.99421914431 0.0128493200194 11.3375555556 1.0 0.845422222222 31.595703125 44.3043099651 0.858118375846 1409563770.5
0.266 0.992956296229 0.00918400264708 11.2704444444 1.0 0.857644444444 31.595703125 44.3043099651 0.855670456913 1409563771.94
0.259 0.993148448087 0.0128342534737 11.1770666667 1.0 0.870933333333 31.595703125 44.3043099651 0.836680314196 1409563773.32
0.273 0.99310589063 0.0176104994884 10.5545333333 1.0 0.895866666667 31.595703125 44.3043099651 0.818742333096 1409563774.64
0.3 0.992798159283 0.0243747187219 9.88297777778 1.0 0.2268 32.7978515625 46.359189928 0.817947597392 1409563776.29
0.302 0.991545199002 0.0219619546233 9.63075555556 1.0 0.340177777778 32.7978515625 46.359189928 0.823908638567 1409563777.76
0.304 0.990086358908 0.0212221905096 9.29737777778 1.0 0.404666666667 32.7978515625 46.359189928 0.817502425113 1409563779.12
0.324 0.988297913822 0.0169196756222 8.94946666667 1.0 0.456444444444 32.7978515625 46.359189928 0.801384650606 1409563780.38
0.348 0.987335368483 0.0172328481676 8.82924444444 1.0 0.501555555556 32.7978515625 46.359189928 0.775883877599 1409563781.73
0.32 0.986768121613 0.0160622225333 8.51857777778 1.0 0.546177777778 32.7978515625 46.359189928 0.78508810575 1409563783.3
0.35 0.986939523265 0.0162294213856 8.28528888889 1.0 0.5868 32.7978515625 46.359189928 0.789058481157 1409563784.66
0.342 0.9868986306 0.0201608670267 8.19053333333 1.0 0.619822222222 32.7978515625 46.359189928 0.785205268352 1409563785.91
0.34 0.985746995698 0.0198076642176 8.25586666667 1.0 0.645111111111 32.7978515625 46.359189928 0.764003917914 1409563787.03
0.342 0.984474704019 0.0183521243734 8.48448888889 1.0 0.658311111111 32.7978515625 46.359189928 0.743772364093 1409563788.24
0.359 0.98492152932 0.0167280459293 8.44351111111 1.0 0.680444444444 32.7978515625 46.359189928 0.757269541585 1409563789.8
0.315 0.986061067703 0.017714064193 8.6276 1.0 0.700933333333 32.7978515625 46.359189928 0.777213885995 1409563791.17
0.323 0.986623876575 0.0168328156617 8.52946666667 1.0 0.729288888889 32.7978515625 46.359189928 0.76984956537 1409563792.65
0.329 0.986984962104 0.0185367348577 8.61706666667 1.0 0.745022222222 32.7978515625 46.359189928 0.774844851222 1409563794.12
0.316 0.987731697618 0.0152474636815 8.83888888889 1.0 0.754666666667 32.7978515625 46.359189928 0.784742313272 1409563795.65
0.365 0.988273535378 0.0178608359178 8.92808888889 1.0 0.769022222222 32.7978515625 46.359189928 0.786688041616 1409563797.06
0.362 0.988851335006 0.0148144481932 8.73733333333 1.0 0.789111111111 32.7978515625 46.359189928 0.791081288452 1409563798.32
0.365 0.990088872395 0.0149079262611 8.71737777778 1.0 0.805955555556 32.7978515625 46.359189928 0.811267843325 1409563799.95
0.323 0.990396459388 0.0133209793916 8.68631111111 1.0 0.8208 32.7978515625 46.359189928 0.829851550751 1409563801.58
0.315 0.990295331653 0.00912533928609 8.75537777778 1.0 0.834 32.7978515625 46.359189928 0.831291853788 1409563802.78
0.302 0.991190998749 0.00709527225287 8.902 1.0 0.8452 32.7978515625 46.359189928 0.851042332893 1409563804.27
0.28 0.99182915953 0.00824472055368 9.17466666667 1.0 0.855111111111 32.7978515625 46.359189928 0.854678876797 1409563805.71
0.274 0.992830471339 0.010847938905 9.50271111111 1.0 0.863511111111 32.7978515625 46.359189928 0.875796187178 1409563807.22
0.256 0.993980083194 0.0145428134754 9.71226666667 1.0 0.876888888889 32.7978515625 46.359189928 0.880441027314 1409563808.77
0.268 0.993646562338 0.0157804268305 9.59102222222 1.0 0.895511111111 32.7978515625 46.359189928 0.856946845226 1409563810.1
0.292 0.992604030744 0.0157477267714 9.41564444444 1.0 0.231777777778 28.8989257812 40.8971919718 0.837449257931 1409563811.75
0.31 0.990559082939 0.0245399050107 9.14973333333 1.0 0.340533333333 28.8989257812 40.8971919718 0.804815757033 1409563813.06
0.337 0.987030293129 0.0240568842031 8.54933333333 1.0 0.421066666667 28.8989257812 40.8971919718 0.785955626004 1409563814.65
0.348 0.984839230525 0.0215284535034 7.91808888889 1.0 0.4904 28.8989257812 40.8971919718 0.765743812093 1409563816.19
0.363 0.985738833954 0.0223402225137 7.69724444444 1.0 0.551866666667 28.8989257812 40.8971919718 0.774888688761 1409563817.66
0.318 0.985905549573 0.021543080049 7.78373333333 1.0 0.584266666667 28.8989257812 40.8971919718 0.781941719526 1409563819.19
0.343 0.985196107093 0.0238972369339 7.73848888889 1.0 0.608311111111 28.8989257812 40.8971919718 0.768162928239 1409563820.74
0.323 0.984610077212 0.0219126322034 7.96733333333 1.0 0.621555555556 28.8989257812 40.8971919718 0.754764876507 1409563822.27
0.32 0.983860223116 0.0193875064258 8.37764444444 1.0 0.631866666667 28.8989257812 40.8971919718 0.748394064203 1409563823.67
0.308 0.984092222848 0.0141287362864 8.80048888889 1.0 0.641288888889 28.8989257812 40.8971919718 0.744085559611 1409563825.17
0.28 0.985788563805 0.0145763466513 9.22693333333 1.0 0.651022222222 28.8989257812 40.8971919718 0.774536219269 1409563826.62
0.281 0.988791139057 0.014380534861 9.64088888889 1.0 0.665111111111 28.8989257812 40.8971919718 0.820910540869 1409563828.17
0.274 0.990939378129 0.0135846918465 9.85106666667 1.0 0.686933333333 28.8989257812 40.8971919718 0.806420350257 1409563829.74
0.309 0.991944450639 0.0137742057155 9.92275555556 1.0 0.711955555556 28.8989257812 40.8971919718 0.829511707823 1409563831.29
0.295 0.991724967788 0.0128048686315 10.1406666667 1.0 0.732622222222 28.8989257812 40.8971919718 0.838283044674 1409563832.86
0.256 0.992505248769 0.0123555760179 10.4955111111 1.0 0.743155555556 28.8989257812 40.8971919718 0.843534717487 1409563834.29
0.281 0.993300801729 0.0112991895909 10.6225777778 1.0 0.758933333333 28.8989257812 40.8971919718 0.860649023097 1409563835.54
0.257 0.993521684179 0.0100099929213 10.6598666667 1.0 0.780622222222 28.8989257812 40.8971919718 0.869668125875 1409563836.92
0.229 0.993211888832 0.00828107594863 10.7221777778 1.0 0.799333333333 28.8989257812 40.8971919718 0.85930967865 1409563838.48
0.219 0.993170221843 0.00767191909969 11.0452444444 1.0 0.805777777778 28.8989257812 40.8971919718 0.874146180455 1409563839.93
0.272 0.992741665261 0.00605311782143 11.2440888889 1.0 0.809822222222 28.8989257812 40.8971919718 0.865557445014 1409563841.35
0.237 0.993299575416 0.00475638346328 11.3884 1.0 0.817555555556 28.8989257812 40.8971919718 0.862630337637 1409563842.59
0.26 0.994492907833 0.00637957164921 11.6376888889 1.0 0.822044444444 28.8989257812 40.8971919718 0.876017126701 1409563843.7
0.225 0.995098406731 0.00898708525983 11.9324 1.0 0.826666666667 28.8989257812 40.8971919718 0.878973750384 1409563844.77
0.256 0.995038652118 0.00921162710768 12.4026666667 1.0 0.828088888889 28.8989257812 40.8971919718 0.865113290966 1409563846.08
0.25 0.994478086006 0.0103124906022 12.9029333333 1.0 0.828888888889 28.8989257812 40.8971919718 0.871449741602 1409563847.46
0.246 0.994384729847 0.0133790360373 13.2708444444 1.0 0.830844444444 28.8989257812 40.8971919718 0.852747994028 1409563848.91
0.255 0.994056031244 0.0115582073719 13.5010666667 1.0 0.832355555556 28.8989257812 40.8971919718 0.844196101714 1409563850.3
0.276 0.994271077738 0.0163299950722 13.4196 1.0 0.841377777778 28.8989257812 40.8971919718 0.844256434338 1409563851.73
0.272 0.993555314314 0.0166163401148 13.0912888889 1.0 0.857377777778 28.8989257812 40.8971919718 0.839905786846 1409563853.14
0.297 0.99284689728 0.0219482857128 12.3371111111 1.0 0.876222222222 28.8989257812 40.8971919718 0.832049548584 1409563854.54
0.322 0.99172886605 0.0213372745196 11.7154666667 1.0 0.892666666667 28.8989257812 40.8971919718 0.829001329303 1409563856.07
0.351 0.990151595713 0.0173621972654 11.0816888889 1.0 0.240355555556 30.4494628906 43.5000225158 0.821366838412 1409563857.53
0.339 0.988738996796 0.0174582270457 10.7700444444 1.0 0.382044444444 30.4494628906 43.5000225158 0.815554150745 1409563858.85
0.322 0.988823411209 0.0179245058135 10.6637333333 1.0 0.444488888889 30.4494628906 43.5000225158 0.826982367174 1409563860.23
0.351 0.98854102565 0.0159722563685 10.3328444444 1.0 0.504444444444 30.4494628906 43.5000225158 0.803454064972 1409563861.66
0.336 0.987860443521 0.0130087826046 10.1844888889 1.0 0.553244444444 30.4494628906 43.5000225158 0.78434259171 1409563863.16
0.32 0.9885462172 0.0141680126846 10.0813333333 1.0 0.590977777778 30.4494628906 43.5000225158 0.788837327401 1409563864.77
0.305 0.98919738044 0.0159587831782 9.91786666667 1.0 0.622088888889 30.4494628906 43.5000225158 0.79671624248 1409563866.3
0.31 0.988655568615 0.0173079251243 9.49617777778 1.0 0.660888888889 30.4494628906 43.5000225158 0.79197225607 1409563867.74
0.308 0.987263486402 0.0173748548755 8.99306666667 1.0 0.699155555556 30.4494628906 43.5000225158 0.777712468535 1409563868.96
0.303 0.986448173486 0.0172763901731 8.6756 1.0 0.723866666667 30.4494628906 43.5000225158 0.781702487375 1409563870.34
0.326 0.986729302516 0.0173871104504 8.99564444444 1.0 0.734666666667 30.4494628906 43.5000225158 0.77582081387 1409563871.9
0.299 0.986913841579 0.0162168825453 9.27426666667 1.0 0.746311111111 30.4494628906 43.5000225158 0.761221505538 1409563873.26
0.333 0.986733972951 0.0145498169227 9.52822222222 1.0 0.757866666667 30.4494628906 43.5000225158 0.749040260465 1409563874.53
0.337 0.986802979637 0.0146040379726 9.62413333333 1.0 0.775777777778 30.4494628906 43.5000225158 0.753435465297 1409563876.02
0.313 0.987117288329 0.0122106757799 9.56426666667 1.0 0.794844444444 30.4494628906 43.5000225158 0.748188342021 1409563877.68
0.308 0.988460742837 0.0145423920116 9.05782222222 1.0 0.83 30.4494628906 43.5000225158 0.773345480751 1409563879.02
0.313 0.989568135448 0.0132379649423 8.95186666667 1.0 0.852488888889 30.4494628906 43.5000225158 0.809176600591 1409563880.45
0.319 0.9900822252 0.0140697091722 8.73182222222 1.0 0.873288888889 30.4494628906 43.5000225158 0.822263129362 1409563882.19
0.311 0.990849136318 0.0196185420061 8.70075555556 1.0 0.887955555556 30.4494628906 43.5000225158 0.838401510523 1409563883.62
0.279 0.990476429318 0.0212590470115 8.72835555556 1.0 0.8996 30.4494628906 43.5000225158 0.838774559633 1409563885.25
0.301 0.988973203881 0.0251699369413 8.72875555556 1.0 0.268888888889 25.2247314453 36.2571772859 0.786444439502 1409563886.97
0.33 0.98757295812 0.0236259392497 8.6952 1.0 0.349111111111 25.2247314453 36.2571772859 0.776235771138 1409563888.53
0.293 0.986712091317 0.0151588976906 8.80266666667 1.0 0.396933333333 25.2247314453 36.2571772859 0.796171609254 1409563889.84
0.277 0.987225730366 0.010862284185 9.12875555556 1.0 0.4356 25.2247314453 36.2571772859 0.810782163714 1409563891.35
0.262 0.989401704057 0.0108676312529 9.41244444444 1.0 0.465422222222 25.2247314453 36.2571772859 0.846936453159 1409563892.6
0.246 0.991292273657 0.0120481605249 9.77662222222 1.0 0.487644444444 25.2247314453 36.2571772859 0.856851265551 1409563893.94
0.272 0.992598787801 0.017827484718 10.0918222222 1.0 0.506711111111 25.2247314453 36.2571772859 0.875872328453 1409563895.21
0.229 0.993337245737 0.0201957833018 10.4577333333 1.0 0.5212 25.2247314453 36.2571772859 0.881386441838 1409563896.44
0.24 0.993377151896 0.0164850073268 10.8120888889 1.0 0.535911111111 25.2247314453 36.2571772859 0.870618743553 1409563897.62
0.28 0.992917219567 0.0169972010665 11.0238666667 1.0 0.560133333333 25.2247314453 36.2571772859 0.853307995186 1409563898.72
0.257 0.992801050849 0.0113696672123 11.3896 1.0 0.574977777778 25.2247314453 36.2571772859 0.855450577592 1409563899.86
0.265 0.992332789519 0.0066630143896 11.7368 1.0 0.587066666667 25.2247314453 36.2571772859 0.844652465671 1409563901.43
0.268 0.99274875592 0.00759800219033 12.2007111111 1.0 0.597066666667 25.2247314453 36.2571772859 0.849366241616 1409563902.61
0.254 0.993256868578 0.00803499204976 12.4719111111 1.0 0.611022222222 25.2247314453 36.2571772859 0.840686289559 1409563903.75
0.272 0.993484187488 0.0124867821307 12.7693777778 1.0 0.623377777778 25.2247314453 36.2571772859 0.837129474607 1409563905.11
0.279 0.992906765822 0.0147757318707 12.6621333333 1.0 0.651466666667 25.2247314453 36.2571772859 0.841888778822 1409563906.29
0.289 0.991205984691 0.0130849871434 12.6879111111 1.0 0.674977777778 25.2247314453 36.2571772859 0.822745915191 1409563907.85
0.311 0.989881689916 0.0102015885958 13.0002222222 1.0 0.685377777778 25.2247314453 36.2571772859 0.787928545492 1409563909.2
0.316 0.990509882547 0.00973776504203 13.0745333333 1.0 0.700444444444 25.2247314453 36.2571772859 0.803875597317 1409563910.66
0.29 0.991775624844 0.00980775757309 13.2998666667 1.0 0.706977777778 25.2247314453 36.2571772859 0.818290090371 1409563912.07
0.299 0.992573292276 0.00980817263409 13.4305777778 1.0 0.713911111111 25.2247314453 36.2571772859 0.835284297372 1409563913.42
0.287 0.993743894823 0.0105222359903 13.4986666667 1.0 0.720088888889 25.2247314453 36.2571772859 0.859780545923 1409563914.6
0.259 0.993962687652 0.0131905902471 13.5773777778 1.0 0.727822222222 25.2247314453 36.2571772859 0.867714905669 1409563915.75
0.273 0.993421086784 0.0132296071389 13.5751111111 1.0 0.742711111111 25.2247314453 36.2571772859 0.863217083611 1409563917.07
0.268 0.992928499012 0.0102203106072 13.3136 1.0 0.763911111111 25.2247314453 36.2571772859 0.856458736015 1409563918.62
0.274 0.992865006693 0.00836063405285 12.8930222222 1.0 0.792266666667 25.2247314453 36.2571772859 0.833348041001 1409563920.15
0.281 0.993924033261 0.011270231157 12.3365777778 1.0 0.820177777778 25.2247314453 36.2571772859 0.822820923467 1409563921.49
0.289 0.994102507326 0.00940496618668 11.7044444444 1.0 0.853155555556 25.2247314453 36.2571772859 0.830204816973 1409563922.7
0.246 0.994134529791 0.00913591373966 11.4932444444 1.0 0.874266666667 25.2247314453 36.2571772859 0.842009976934 1409563923.77
0.247 0.994819830141 0.00739913046151 11.8507555556 1.0 0.879022222222 25.2247314453 36.2571772859 0.846827850869 1409563924.94
0.246 0.995405412379 0.00530122054227 12.2132 1.0 0.881822222222 25.2247314453 36.2571772859 0.849729888768 1409563926.3
0.27 0.995766986832 0.00927725234637 12.4591555556 1.0 0.883466666667 25.2247314453 36.2571772859 0.850789004761 1409563927.68
0.271 0.995741110933 0.0131903765198 12.4766222222 1.0 0.887066666667 25.2247314453 36.2571772859 0.859332486484 1409563929.16
0.302 0.995248893932 0.0123112171641 12.1567555556 1.0 0.897688888889 25.2247314453 36.2571772859 0.841045750127 1409563930.59
0.32 0.994156535774 0.0125446217886 11.5299111111 1.0 0.239555555556 29.6123657227 40.7771582268 0.832489307021 1409563932.17
0.314 0.992169546115 0.00916540697173 10.9024444444 1.0 0.358311111111 29.6123657227 40.7771582268 0.820106386614 1409563933.61
0.291 0.991295147977 0.00917836121945 10.9594666667 1.0 0.402888888889 29.6123657227 40.7771582268 0.825240627764 1409563934.9
0.305 0.99066024438 0.01399114614 11.0562666667 1.0 0.439511111111 29.6123657227 40.7771582268 0.812280834339 1409563936.0
0.268 0.990463523738 0.0151712528576 11.3190666667 1.0 0.468444444444 29.6123657227 40.7771582268 0.814455956589 1409563937.32
0.327 0.990719607641 0.0118919695562 11.2492 1.0 0.513733333333 29.6123657227 40.7771582268 0.808051198105 1409563938.95
0.3 0.991547750667 0.0110427286535 10.9961333333 1.0 0.561644444444 29.6123657227 40.7771582268 0.821463208811 1409563940.44
0.299 0.992660886224 0.0172551583462 10.6951111111 1.0 0.599822222222 29.6123657227 40.7771582268 0.831159510962 1409563941.9
0.321 0.992050366178 0.0254137910688 9.82875555556 1.0 0.658666666667 29.6123657227 40.7771582268 0.822561040377 1409563943.51
0.332 0.989325774115 0.0228288451537 8.83226666667 1.0 0.702577777778 29.6123657227 40.7771582268 0.810735568096 1409563945.07
0.337 0.986333821378 0.0212209407602 8.22871111111 1.0 0.734 29.6123657227 40.7771582268 0.789185959654 1409563946.28
0.323 0.984170529501 0.0195444669548 7.45608888889 1.0 0.7656 29.6123657227 40.7771582268 0.783540030894 1409563947.74
0.359 0.983338950635 0.0176196323137 6.81448888889 1.0 0.783555555556 29.6123657227 40.7771582268 0.786845944043 1409563949.28
0.271 0.984324898809 0.0164834631907 7.04751111111 1.0 0.7928 29.6123657227 40.7771582268 0.803828175412 1409563950.8
0.251 0.985664710594 0.0184933709166 7.67711111111 1.0 0.795377777778 29.6123657227 40.7771582268 0.835716900676 1409563952.04
0.253 0.986493549206 0.0143155019385 7.9924 1.0 0.805777777778 29.6123657227 40.7771582268 0.789826302689 1409563953.23
0.259 0.987588000887 0.0117200126493 8.29813333333 1.0 0.815688888889 29.6123657227 40.7771582268 0.77259499299 1409563954.38
0.273 0.989036022582 0.00950910881771 8.59946666667 1.0 0.821422222222 29.6123657227 40.7771582268 0.788224695395 1409563955.46
0.275 0.990349932797 0.00760758039088 8.56875555556 1.0 0.843777777778 29.6123657227 40.7771582268 0.811072167048 1409563956.88
0.257 0.991907712405 0.00755712583864 8.59337777778 1.0 0.865911111111 29.6123657227 40.7771582268 0.818000362926 1409563958.54
0.227 0.993344900626 0.00715514724111 8.99133333333 1.0 0.872711111111 29.6123657227 40.7771582268 0.839164578693 1409563960.02
0.213 0.994466033133 0.00605520597331 9.45533333333 1.0 0.880177777778 29.6123657227 40.7771582268 0.861682147979 1409563961.25
0.229 0.995466551107 0.0075527606927 9.86368888889 1.0 0.885822222222 29.6123657227 40.7771582268 0.895477499538 1409563962.29
0.216 0.996098516792 0.00781290882154 10.0722222222 1.0 0.889955555556 29.6123657227 40.7771582268 0.891702727075 1409563963.64
0.221 0.996503062936 0.0108266916486 10.4415555556 1.0 0.893244444444 29.6123657227 40.7771582268 0.880943868913 1409563965.05
0.284 0.996242700603 0.00718164204862 10.6691111111 1.0 0.896666666667 29.6123657227 40.7771582268 0.868857912821 1409563966.64
0.278 0.995373501667 0.00469586761 10.8296444444 1.0 0.897955555556 29.6123657227 40.7771582268 0.85705816023 1409563968.02
0.256 0.995023434789 0.00460310452815 10.8024444444 1.0 0.171644444444 28.3061828613 39.1942006182 0.850004240646 1409563969.5
0.254 0.995774489412 0.00808170237439 10.7661333333 1.0 0.283733333333 28.3061828613 39.1942006182 0.859476690951 1409563971.01
0.232 0.996035700574 0.0138097704396 10.5397333333 1.0 0.339777777778 28.3061828613 39.1942006182 0.856057695813 1409563972.49
0.254 0.995507770509 0.0184943062506 10.4980888889 1.0 0.379777777778 28.3061828613 39.1942006182 0.862461462024 1409563973.89
0.25 0.994288554642 0.0125295190217 10.5760888889 1.0 0.4128 28.3061828613 39.1942006182 0.836513142078 1409563975.18
0.32 0.992985873043 0.00892623779696 10.5084 1.0 0.457688888889 28.3061828613 39.1942006182 0.820546992207 1409563976.34
0.299 0.99295052426 0.00994065128419 10.5396 1.0 0.496977777778 28.3061828613 39.1942006182 0.825586229767 1409563977.9
0.295 0.992579645892 0.00587560406773 10.6116888889 1.0 0.533377777778 28.3061828613 39.1942006182 0.806340723282 1409563979.67
0.272 0.993313881329 0.00872019805972 10.7314222222 1.0 0.567822222222 28.3061828613 39.1942006182 0.814322106172 1409563980.91
0.268 0.994054000443 0.0109446259154 10.6542666667 1.0 0.607333333333 28.3061828613 39.1942006182 0.822043560571 1409563982.09
0.305 0.994831453132 0.0158268589882 10.5358222222 1.0 0.643777777778 28.3061828613 39.1942006182 0.830704093754 1409563983.38
0.301 0.994533131862 0.017289277949 10.2298222222 1.0 0.675955555556 28.3061828613 39.1942006182 0.8406095088 1409563984.69
0.337 0.993134731989 0.0161665931673 10.2126666667 1.0 0.696577777778 28.3061828613 39.1942006182 0.843073995574 1409563986.2
0.316 0.99126640292 0.0148551951118 9.97311111111 1.0 0.720266666667 28.3061828613 39.1942006182 0.811772244954 1409563987.44
0.302 0.990284960703 0.011803335028 9.9888 1.0 0.735822222222 28.3061828613 39.1942006182 0.825995821254 1409563988.92
0.301 0.991242368334 0.010703086721 10.3803555556 1.0 0.742488888889 28.3061828613 39.1942006182 0.842614446358 1409563990.45
0.293 0.993083612299 0.0105389436234 10.6549333333 1.0 0.75 28.3061828613 39.1942006182 0.834694114959 1409563991.74
0.272 0.993936046133 0.00940305447327 10.2900888889 1.0 0.770044444444 28.3061828613 39.1942006182 0.819686380384 1409563993.31
0.311 0.992985606082 0.00985903933296 9.65937777778 1.0 0.796044444444 28.3061828613 39.1942006182 0.815784729009 1409563994.88
0.29 0.992048556847 0.0129908299017 9.34448888889 1.0 0.817066666667 28.3061828613 39.1942006182 0.829516794192 1409563996.4
0.309 0.990713080978 0.0145883219164 9.09595555556 1.0 0.836444444444 28.3061828613 39.1942006182 0.822869863235 1409563998.01
0.283 0.989204015706 0.0161465634723 8.80862222222 1.0 0.854355555556 28.3061828613 39.1942006182 0.824336084618 1409563999.57
0.326 0.987934346605 0.0160905032484 8.67408888889 1.0 0.862133333333 28.3061828613 39.1942006182 0.806119807776 1409564001.07
0.309 0.98783988006 0.0171064225279 8.41693333333 1.0 0.872533333333 28.3061828613 39.1942006182 0.781941360765 1409564002.3
0.304 0.98860164387 0.019167980488 8.39857777778 1.0 0.883377777778 28.3061828613 39.1942006182 0.786352850278 1409564003.47
0.306 0.989384997748 0.0219569742533 8.20737777778 1.0 0.8956 28.3061828613 39.1942006182 0.787032774686 1409564004.77
0.374 0.988423298246 0.0223123352842 7.95951111111 1.0 0.172755555556 27.1530914307 38.036229304 0.778824244492 1409564006.38
0.358 0.986279345343 0.019140162947 7.5612 1.0 0.366444444444 27.1530914307 38.036229304 0.766387352482 1409564008.07
0.326 0.985681607116 0.0159385103348 7.05124444444 1.0 0.442711111111 27.1530914307 38.036229304 0.761838250491 1409564009.88
0.291 0.987120605163 0.0162685927814 6.73204444444 1.0 0.491911111111 27.1530914307 38.036229304 0.789262779537 1409564011.22
0.277 0.988601283093 0.0152712402779 6.80222222222 1.0 0.530933333333 27.1530914307 38.036229304 0.797697599586 1409564012.46
0.283 0.989518740388 0.0102590285465 7.03808888889 1.0 0.574266666667 27.1530914307 38.036229304 0.788924944634 1409564013.81
0.281 0.991127897743 0.00640009976143 7.35595555556 1.0 0.604488888889 27.1530914307 38.036229304 0.798542550215 1409564015.03
0.222 0.992596469174 0.00729852930919 7.83244444444 1.0 0.622533333333 27.1530914307 38.036229304 0.823918632891 1409564016.37
0.252 0.99408957773 0.0109186944308 8.18631111111 1.0 0.642844444444 27.1530914307 38.036229304 0.842887760589 1409564017.76
0.225 0.994973329289 0.0116139770727 8.57817777778 1.0 0.659333333333 27.1530914307 38.036229304 0.859044243545 1409564019.16
0.214 0.995416427609 0.0100038053021 8.82528888889 1.0 0.679466666667 27.1530914307 38.036229304 0.861270524314 1409564020.51
0.271 0.99525645602 0.0102314208334 9.17168888889 1.0 0.693422222222 27.1530914307 38.036229304 0.866342707 1409564021.96
0.265 0.995321236073 0.00981978817252 9.48666666667 1.0 0.705422222222 27.1530914307 38.036229304 0.879301988532 1409564023.14
0.271 0.995611643575 0.0100768151889 9.46844444444 1.0 0.728444444444 27.1530914307 38.036229304 0.880229738686 1409564024.46
0.288 0.995285363061 0.0121388771918 9.47271111111 1.0 0.753377777778 27.1530914307 38.036229304 0.886354160896 1409564025.57
0.282 0.993555136433 0.012283940282 9.56933333333 1.0 0.770577777778 27.1530914307 38.036229304 0.872550720612 1409564026.83
0.294 0.992572452954 0.0149899861692 9.68337777778 1.0 0.7828 27.1530914307 38.036229304 0.859487670925 1409564028.45
0.267 0.991872134377 0.0164243844657 9.71968888889 1.0 0.798266666667 27.1530914307 38.036229304 0.847438720799 1409564029.96
0.311 0.990367319507 0.0130736492697 9.72808888889 1.0 0.815288888889 27.1530914307 38.036229304 0.827359546393 1409564031.52
0.302 0.989519997468 0.0105974172734 9.65911111111 1.0 0.830844444444 27.1530914307 38.036229304 0.790296060418 1409564033.18
0.301 0.989489015151 0.00835794682612 9.58631111111 1.0 0.841955555556 27.1530914307 38.036229304 0.783291059732 1409564034.54
0.297 0.99117170268 0.00821349021329 9.654 1.0 0.858177777778 27.1530914307 38.036229304 0.840285773399 1409564036.06
0.294 0.993104197435 0.00601503887775 9.88653333333 1.0 0.868044444444 27.1530914307 38.036229304 0.872067457418 1409564037.52
0.288 0.994249895138 0.00495572406889 10.2757333333 1.0 0.872533333333 27.1530914307 38.036229304 0.87041247828 1409564039.0
0.257 0.99543034966 0.00521583886623 10.4465777778 1.0 0.881066666667 27.1530914307 38.036229304 0.876608189428 1409564040.5
0.24 0.996277711598 0.00510109051221 10.8996888889 1.0 0.883555555556 27.1530914307 38.036229304 0.887590304493 1409564041.91
0.236 0.996162610947 0.00701935073352 11.304 1.0 0.889555555556 27.1530914307 38.036229304 0.897072694837 1409564043.21
0.243 0.995983253856 0.00792420196109 11.5347555556 1.0 0.898533333333 27.1530914307 38.036229304 0.890423876301 1409564044.58
0.206 0.995316162816 0.00557773569898 11.9600888889 1.0 0.186266666667 27.5765457153 38.8155756849 0.874307296318 1409564046.16
0.259 0.995062764705 0.00795730473339 12.2375555556 1.0 0.270444444444 27.5765457153 38.8155756849 0.870964878849 1409564047.25
0.244 0.994382629977 0.00682546379878 12.2618666667 1.0 0.320266666667 27.5765457153 38.8155756849 0.871578548924 1409564048.67
0.26 0.99469076919 0.00575241287506 12.6179555556 1.0 0.342044444444 27.5765457153 38.8155756849 0.874374935949 1409564049.83
0.256 0.995151105858 0.0060639379988 12.8414666667 1.0 0.375333333333 27.5765457153 38.8155756849 0.867381516827 1409564051.03
0.271 0.995442565502 0.00660364232345 13.0450222222 1.0 0.408133333333 27.5765457153 38.8155756849 0.862886802324 1409564052.31
0.264 0.995834271569 0.0142380986633 13.3845777778 1.0 0.432222222222 27.5765457153 38.8155756849 0.864055735321 1409564053.34
0.261 0.995008185539 0.0135542137268 13.3826222222 1.0 0.465244444444 27.5765457153 38.8155756849 0.862859760834 1409564054.44
0.29 0.99401202561 0.0181251993729 13.1092 1.0 0.510177777778 27.5765457153 38.8155756849 0.844598165327 1409564055.49
0.313 0.993201834773 0.0211065821498 12.7639111111 1.0 0.554755555556 27.5765457153 38.8155756849 0.824930906804 1409564056.7
0.305 0.99141283077 0.0206020259668 12.5996888889 1.0 0.584444444444 27.5765457153 38.8155756849 0.824071558675 1409564058.3
0.322 0.990687818669 0.029939123362 12.1652 1.0 0.620755555556 27.5765457153 38.8155756849 0.812457611515 1409564059.93
0.35 0.988594243773 0.0306443256122 11.1285777778 1.0 0.669466666667 27.5765457153 38.8155756849 0.804805501308 1409564061.42
0.392 0.984437137933 0.0310609341719 9.54942222222 1.0 0.726311111111 27.5765457153 38.8155756849 0.768177680808 1409564062.71
0.396 0.979535158156 0.0295158802409 8.6608 1.0 0.771688888889 27.5765457153 38.8155756849 0.731651882283 1409564063.96
0.425 0.976744289052 0.0306285326716 7.78355555556 1.0 0.811066666667 27.5765457153 38.8155756849 0.705733038907 1409564065.19
0.4 0.975012397138 0.0281075108201 6.83306666667 1.0 0.852 27.5765457153 38.8155756849 0.699413832831 1409564066.45
0.412 0.974605173517 0.0290718062739 6.30315555556 1.0 0.881688888889 27.5765457153 38.8155756849 0.693208979218 1409564067.94
0.428 0.974679755895 0.0256276067371 5.83306666667 1.0 0.123555555556 22.7882728577 31.4056908318 0.684444102796 1409564069.63
0.418 0.976006163684 0.0263228273091 5.11128888889 1.0 0.455111111111 22.7882728577 31.4056908318 0.684585972523 1409564071.51
0.437 0.977549559399 0.0284611431224 4.66675555556 1.0 0.5212 22.7882728577 31.4056908318 0.724045250485 1409564073.39
0.348 0.979846716681 0.0298921892965 4.40431111111 1.0 0.562622222222 22.7882728577 31.4056908318 0.774465388674 1409564074.79
0.333 0.982068792805 0.027456534178 4.83 1.0 0.581111111111 22.7882728577 31.4056908318 0.801220958911 1409564076.12
0.325 0.983797337841 0.0194367003205 5.33666666667 1.0 0.596622222222 22.7882728577 31.4056908318 0.795171240489 1409564077.85
0.297 0.984549822663 0.0127990387039 5.87048888889 1.0 0.606666666667 22.7882728577 31.4056908318 0.795178696459 1409564079.34
0.288 0.986858928002 0.00881319980901 6.23137777778 1.0 0.628 22.7882728577 31.4056908318 0.814235397543 1409564080.66
0.316 0.988611435184 0.00735556390177 6.54573333333 1.0 0.648844444444 22.7882728577 31.4056908318 0.812954470614 1409564081.84
0.286 0.991309555426 0.0078954515042 6.93791111111 1.0 0.663911111111 22.7882728577 31.4056908318 0.829170213992 1409564083.21
0.282 0.993025958997 0.00795322905881 7.26782222222 1.0 0.680844444444 22.7882728577 31.4056908318 0.8255173638 1409564084.3
0.238 0.994091140774 0.00833617471867 7.63551111111 1.0 0.6968 22.7882728577 31.4056908318 0.846748354909 1409564085.9
0.255 0.994641319661 0.00789080138305 7.98408888889 1.0 0.710311111111 22.7882728577 31.4056908318 0.851276764914 1409564087.3
0.255 0.99481542176 0.00672601816816 8.10408888889 1.0 0.727822222222 22.7882728577 31.4056908318 0.870670649718 1409564088.71
0.28 0.994942928025 0.00676165739398 8.36751111111 1.0 0.740222222222 22.7882728577 31.4056908318 0.857677943113 1409564089.82
0.279 0.994386205067 0.00594487250495 8.64604444444 1.0 0.749777777778 22.7882728577 31.4056908318 0.848062149025 1409564090.97
0.26 0.994564978319 0.00625662644884 8.95235555556 1.0 0.763733333333 22.7882728577 31.4056908318 0.849228778746 1409564092.43
0.272 0.994621405692 0.00669085234794 9.24457777778 1.0 0.777911111111 22.7882728577 31.4056908318 0.841245341526 1409564093.93
0.258 0.995386146029 0.01012704945 9.32697777778 1.0 0.796933333333 22.7882728577 31.4056908318 0.858230970308 1409564095.31
0.273 0.995870451161 0.0122920660157 9.49853333333 1.0 0.811955555556 22.7882728577 31.4056908318 0.875768602082 1409564096.6
0.239 0.995526942522 0.0110448300571 9.45097777778 1.0 0.833111111111 22.7882728577 31.4056908318 0.863315592571 1409564098.08
0.271 0.994424701228 0.0104106683005 9.5796 1.0 0.8472 22.7882728577 31.4056908318 0.85394958102 1409564099.46
0.257 0.993910399203 0.00644339379863 9.76982222222 1.0 0.8608 22.7882728577 31.4056908318 0.849339927785 1409564100.83
0.258 0.994586370626 0.00753951086436 10.0808888889 1.0 0.868711111111 22.7882728577 31.4056908318 0.871007513956 1409564102.16
0.255 0.994836442374 0.00821875036702 10.3477333333 1.0 0.8748 22.7882728577 31.4056908318 0.868254501321 1409564103.58
0.267 0.994655683523 0.00942404418549 10.6983555556 1.0 0.8772 22.7882728577 31.4056908318 0.856126096224 1409564104.96
0.26 0.994498499636 0.0104615414678 10.8355111111 1.0 0.880266666667 22.7882728577 31.4056908318 0.846091594521 1409564106.43
0.295 0.994209493807 0.0137683828503 10.9011111111 1.0 0.885644444444 22.7882728577 31.4056908318 0.861080941191 1409564107.76
0.279 0.993604323945 0.0105681123897 11.2368 1.0 0.8872 22.7882728577 31.4056908318 0.861057802668 1409564109.03
0.297 0.992451123464 0.00924772170218 11.3974666667 1.0 0.889644444444 22.7882728577 31.4056908318 0.840727769707 1409564110.11
0.298 0.991714633793 0.0136710112334 11.3817777778 1.0 0.892711111111 22.7882728577 31.4056908318 0.852628560401 1409564111.38
0.306 0.990709237395 0.013887038338 11.0698666667 1.0 0.210577777778 26.8941364288 37.1924768303 0.842244784024 1409564112.93
0.316 0.990066427294 0.017094822111 10.7928 1.0 0.364088888889 26.8941364288 37.1924768303 0.827895002483 1409564114.43
0.323 0.989350752774 0.0161525539706 10.7855111111 1.0 0.406933333333 26.8941364288 37.1924768303 0.816069155331 1409564115.91
0.289 0.988431249102 0.0135147340066 11.0394222222 1.0 0.427644444444 26.8941364288 37.1924768303 0.82212613944 1409564117.27
0.312 0.989193841646 0.0179382184422 11.4129777778 1.0 0.4448 26.8941364288 37.1924768303 0.83803215238 1409564118.62
0.29 0.990247050199 0.0199342438836 11.5412 1.0 0.4712 26.8941364288 37.1924768303 0.838325335692 1409564119.98
0.307 0.990408837398 0.0190158365265 11.8480888889 1.0 0.491022222222 26.8941364288 37.1924768303 0.845495667099 1409564121.13
0.273 0.98984125678 0.0127823146314 11.9905333333 1.0 0.513422222222 26.8941364288 37.1924768303 0.832764767764 1409564122.4
0.274 0.989663208469 0.0109927456389 12.1304444444 1.0 0.531866666667 26.8941364288 37.1924768303 0.817712901049 1409564124.1
0.285 0.989313036834 0.0089947191195 12.2391111111 1.0 0.5544 26.8941364288 37.1924768303 0.813845821965 1409564125.59
0.324 0.990021651494 0.0135801614144 12.3447555556 1.0 0.574933333333 26.8941364288 37.1924768303 0.819194934822 1409564127.03
0.303 0.990277915162 0.0149618104056 12.1617777778 1.0 0.604533333333 26.8941364288 37.1924768303 0.824924468073 1409564128.61
0.303 0.98884375726 0.012179154194 12.2995111111 1.0 0.625777777778 26.8941364288 37.1924768303 0.813951178013 1409564129.87
0.31 0.988671653428 0.0106974516206 12.2944888889 1.0 0.643644444444 26.8941364288 37.1924768303 0.806557168575 1409564131.16
0.291 0.989697004606 0.0103484319838 12.2609777778 1.0 0.665377777778 26.8941364288 37.1924768303 0.813456556852 1409564132.23
0.326 0.99113997413 0.0137678202006 12.2364888889 1.0 0.686088888889 26.8941364288 37.1924768303 0.83252950875 1409564133.72
0.279 0.991930065319 0.00928583541081 12.3404 1.0 0.701466666667 26.8941364288 37.1924768303 0.839039684504 1409564135.07
0.266 0.99271410519 0.00837567880594 12.4296444444 1.0 0.7172 26.8941364288 37.1924768303 0.859888988203 1409564136.2
0.235 0.992744056605 0.00873401382172 12.7503111111 1.0 0.728 26.8941364288 37.1924768303 0.865981099214 1409564137.46
0.262 0.993255599866 0.0117553763592 12.6167111111 1.0 0.749955555556 26.8941364288 37.1924768303 0.880508662963 1409564138.87
0.238 0.992960266151 0.00808072346504 12.4047111111 1.0 0.776622222222 26.8941364288 37.1924768303 0.853795974947 1409564140.36
0.292 0.992979949803 0.00859495751451 12.3737777778 1.0 0.796044444444 26.8941364288 37.1924768303 0.84199062854 1409564141.88
0.274 0.992783688622 0.00595262202265 12.5112 1.0 0.8084 26.8941364288 37.1924768303 0.844889007883 1409564143.32
0.263 0.993382401851 0.00556782040233 12.8771111111 1.0 0.815688888889 26.8941364288 37.1924768303 0.859623358149 1409564144.62
0.263 0.994248823128 0.00631766356598 12.9230222222 1.0 0.831377777778 26.8941364288 37.1924768303 0.860617829352 1409564145.81
0.274 0.994921052313 0.00785675983028 13.0385333333 1.0 0.844266666667 26.8941364288 37.1924768303 0.88118689521 1409564147.11
0.269 0.99488938474 0.00958847115784 13.0419111111 1.0 0.852622222222 26.8941364288 37.1924768303 0.87636318728 1409564148.62
0.291 0.993738100533 0.0061341099719 13.1136888889 1.0 0.857155555556 26.8941364288 37.1924768303 0.850695924894 1409564149.95
0.293 0.993881719025 0.0056462571139 13.2379111111 1.0 0.862755555556 26.8941364288 37.1924768303 0.867858143489 1409564151.44
0.24 0.994675650118 0.0099247103492 13.3436444444 1.0 0.868444444444 26.8941364288 37.1924768303 0.879713921648 1409564152.99
0.237 0.994460328894 0.0171817924377 13.3122666667 1.0 0.876933333333 26.8941364288 37.1924768303 0.869154623267 1409564154.45
0.253 0.993123655399 0.0198739190907 12.1786666667 1.0 0.0331111111111 28.9470682144 40.2965033459 0.850042337841 1409564155.95
0.281 0.991324648616 0.0167385517146 11.6895111111 1.0 0.284933333333 28.9470682144 40.2965033459 0.824237541698 1409564157.6
0.309 0.989302241606 0.0151728147448 10.9388888889 1.0 0.346977777778 28.9470682144 40.2965033459 0.810075893721 1409564158.99
0.291 0.987592081144 0.01480481055 10.1878666667 1.0 0.417466666667 28.9470682144 40.2965033459 0.79743789594 1409564160.52
0.32 0.987181581118 0.0140201621722 10.2292888889 1.0 0.452711111111 28.9470682144 40.2965033459 0.797620992971 1409564161.95
0.321 0.987790495555 0.0152803265338 10.1320888889 1.0 0.494755555556 28.9470682144 40.2965033459 0.799229683437 1409564163.5
0.316 0.988523219233 0.0136401230242 10.0869777778 1.0 0.533733333333 28.9470682144 40.2965033459 0.801992850273 1409564164.7
0.284 0.989949920152 0.0162481864572 9.96764444444 1.0 0.566222222222 28.9470682144 40.2965033459 0.810080355119 1409564166.05
0.302 0.989623003151 0.0177610219182 10.1325777778 1.0 0.581777777778 28.9470682144 40.2965033459 0.788816751406 1409564167.25
0.293 0.987354810364 0.0165579106475 10.2268 1.0 0.604177777778 28.9470682144 40.2965033459 0.791941545922 1409564168.37
0.324 0.985099909213 0.018391713911 10.354 1.0 0.630222222222 28.9470682144 40.2965033459 0.787304081314 1409564169.57
0.323 0.984488991633 0.0199188552936 10.3290666667 1.0 0.660844444444 28.9470682144 40.2965033459 0.774227187708 1409564170.95
0.309 0.985725806719 0.0181371509079 10.1286222222 1.0 0.701066666667 28.9470682144 40.2965033459 0.789198184542 1409564172.46
0.319 0.987268818084 0.0125485011671 10.2124888889 1.0 0.719911111111 28.9470682144 40.2965033459 0.798349271541 1409564174.03
0.307 0.989158694598 0.0147161256818 10.3653777778 1.0 0.735866666667 28.9470682144 40.2965033459 0.813639259388 1409564175.51
0.305 0.99074828152 0.0110606444375 10.5623555556 1.0 0.750444444444 28.9470682144 40.2965033459 0.836403744619 1409564176.8
0.301 0.991604489098 0.00701173064782 10.3722666667 1.0 0.776844444444 28.9470682144 40.2965033459 0.839223686362 1409564178.06
0.308 0.993356299757 0.0108928808489 10.4366666667 1.0 0.795333333333 28.9470682144 40.2965033459 0.842475605908 1409564179.73
0.257 0.994402677177 0.0127763865086 10.4682666667 1.0 0.813955555556 28.9470682144 40.2965033459 0.858353457091 1409564181.18
0.272 0.993575904617 0.014088064228 10.4245777778 1.0 0.830177777778 28.9470682144 40.2965033459 0.850558353966 1409564182.72
0.298 0.991856559012 0.01122861079 10.2311111111 1.0 0.847911111111 28.9470682144 40.2965033459 0.844785817013 1409564184.21
0.276 0.990744235679 0.0131479423206 9.78422222222 1.0 0.866888888889 28.9470682144 40.2965033459 0.838551467309 1409564185.61
0.293 0.990371883719 0.0162157072157 8.94693333333 1.0 0.891155555556 28.9470682144 40.2965033459 0.837746363433 1409564186.89
0.335 0.990475503854 0.0174659398024 8.4216 1.0 0.130133333333 25.9735341072 36.3607917034 0.839250768412 1409564188.6
0.302 0.990277672692 0.0166785966474 8.24426666667 1.0 0.338133333333 25.9735341072 36.3607917034 0.83730797966 1409564190.21
0.33 0.98978531194 0.0120167181846 8.15475555556 1.0 0.384222222222 25.9735341072 36.3607917034 0.847293061815 1409564191.39
0.309 0.989685691962 0.0149938113863 8.18657777778 1.0 0.422044444444 25.9735341072 36.3607917034 0.824085854272 1409564192.89
0.333 0.989999185435 0.0164874971917 7.93795555556 1.0 0.469466666667 25.9735341072 36.3607917034 0.826281282562 1409564194.41
0.28 0.989854932018 0.0145786421755 7.80257777778 1.0 0.500533333333 25.9735341072 36.3607917034 0.833287822843 1409564195.89
0.259 0.989189434154 0.0123376517542 7.85124444444 1.0 0.535688888889 25.9735341072 36.3607917034 0.828887331696 1409564197.42
0.287 0.989395904281 0.0113214066437 8.13262222222 1.0 0.567288888889 25.9735341072 36.3607917034 0.825156327998 1409564198.99
0.282 0.990297756601 0.0120983849832 8.53555555556 1.0 0.586977777778 25.9735341072 36.3607917034 0.821631778694 1409564200.53
0.25 0.991504345105 0.014769046561 9.00106666667 1.0 0.597911111111 25.9735341072 36.3607917034 0.834010315061 1409564202.04
0.248 0.991454898101 0.0132696435031 9.53053333333 1.0 0.605733333333 25.9735341072 36.3607917034 0.82960443967 1409564203.47
0.301 0.991606368674 0.00852701908953 9.93244444444 1.0 0.615644444444 25.9735341072 36.3607917034 0.822001541335 1409564204.74
0.27 0.992889607139 0.0101313515162 10.3482666667 1.0 0.6256 25.9735341072 36.3607917034 0.849665567093 1409564206.33
0.247 0.994614433274 0.00758624444636 10.8320888889 1.0 0.632577777778 25.9735341072 36.3607917034 0.853322001262 1409564207.79
0.226 0.995589937891 0.00558380736642 11.4254666667 1.0 0.636755555556 25.9735341072 36.3607917034 0.882257784 1409564209.43
0.218 0.996089706329 0.00559804296847 11.8768888889 1.0 0.647688888889 25.9735341072 36.3607917034 0.89074486357 1409564210.76
0.221 0.996197011516 0.00791211801379 12.3261333333 1.0 0.6604 25.9735341072 36.3607917034 0.891445317292 1409564212.06
0.243 0.996253987871 0.00929887726255 12.6874666667 1.0 0.672266666667 25.9735341072 36.3607917034 0.885209430576 1409564213.48
0.227 0.995263416305 0.00786899263785 13.1426222222 1.0 0.676577777778 25.9735341072 36.3607917034 0.871163790922 1409564214.86
0.215 0.995247171957 0.00634564186584 13.372 1.0 0.688933333333 25.9735341072 36.3607917034 0.875303882835 1409564216.37
0.253 0.995845834015 0.00577563235484 13.6219111111 1.0 0.701422222222 25.9735341072 36.3607917034 0.88749504453 1409564217.69
0.242 0.996463347921 0.00633253528398 13.8898222222 1.0 0.713555555556 25.9735341072 36.3607917034 0.880603301695 1409564219.15
0.215 0.996835761523 0.00525196625887 14.2246222222 1.0 0.721511111111 25.9735341072 36.3607917034 0.878939390737 1409564220.68
0.22 0.996775215158 0.00565038409893 14.4923555556 1.0 0.729244444444 25.9735341072 36.3607917034 0.863663626692 1409564221.94
0.245 0.996172640107 0.00685979390594 14.6643555556 1.0 0.740088888889 25.9735341072 36.3607917034 0.853238348171 1409564223.27
0.244 0.995124499403 0.00714822430324 14.8497777778 1.0 0.746266666667 25.9735341072 36.3607917034 0.8531098682 1409564224.73
0.245 0.994708692914 0.00609905050047 14.6060444444 1.0 0.757555555556 25.9735341072 36.3607917034 0.855895542067 1409564226.22
0.275 0.994922470554 0.00903279742987 14.6210666667 1.0 0.765955555556 25.9735341072 36.3607917034 0.86200411318 1409564227.45
0.281 0.9955908175 0.0170768369739 14.5343111111 1.0 0.777777777778 25.9735341072 36.3607917034 0.872787793366 1409564228.87
0.304 0.995926691078 0.0156485263698 14.4823111111 1.0 0.785244444444 25.9735341072 36.3607917034 0.864753432875 1409564230.06
0.314 0.994965505109 0.0166272294184 14.1240888889 1.0 0.796622222222 25.9735341072 36.3607917034 0.833169418574 1409564231.26
0.289 0.993816210968 0.0212687280601 13.6628444444 1.0 0.809866666667 25.9735341072 36.3607917034 0.823306247295 1409564232.39
0.305 0.992376900621 0.0256181637562 12.8987111111 1.0 0.833733333333 25.9735341072 36.3607917034 0.813879580531 1409564233.52
0.258 0.989838051547 0.0239856005491 12.1499555556 1.0 0.8588 25.9735341072 36.3607917034 0.799556267724 1409564235.17
0.282 0.9865274003 0.0223923086443 10.8231555556 1.0 0.891911111111 25.9735341072 36.3607917034 0.753632051436 1409564236.73
0.342 0.985349632037 0.0209125336756 9.18493333333 1.0 0.313155555556 30.4867670536 42.8013873201 0.733438750998 1409564238.49
0.361 0.985994554003 0.0214414295738 7.88071111111 1.0 0.445955555556 30.4867670536 42.8013873201 0.739891506464 1409564240.15
0.382 0.986963624981 0.0201438905172 7.28266666667 1.0 0.521777777778 30.4867670536 42.8013873201 0.741799394435 1409564241.79
0.334 0.988227198027 0.0194695136653 7.17533333333 1.0 0.567066666667 30.4867670536 42.8013873201 0.763882697835 1409564243.4
0.331 0.987668591432 0.0193097025612 7.38777777778 1.0 0.609155555556 30.4867670536 42.8013873201 0.763152101522 1409564245.01
0.332 0.987896935836 0.0202573780925 7.58066666667 1.0 0.643111111111 30.4867670536 42.8013873201 0.769904876285 1409564246.5
0.304 0.988087238113 0.0207966148457 7.90604444444 1.0 0.656888888889 30.4867670536 42.8013873201 0.793953299529 1409564247.9
0.33 0.987179256144 0.0180151022946 7.90351111111 1.0 0.678177777778 30.4867670536 42.8013873201 0.786327123924 1409564249.4
0.293 0.985729901962 0.0154429942111 8.14857777778 1.0 0.699066666667 30.4867670536 42.8013873201 0.770192006601 1409564250.75
0.318 0.984756145855 0.0108890583354 8.51626666667 1.0 0.719955555556 30.4867670536 42.8013873201 0.754499860891 1409564251.81
0.327 0.986333360264 0.0106588208711 8.83035555556 1.0 0.736533333333 30.4867670536 42.8013873201 0.764974501034 1409564253.16
0.289 0.988658320807 0.0107453549029 8.55004444444 1.0 0.774088888889 30.4867670536 42.8013873201 0.787438587482 1409564254.65
0.294 0.990037764804 0.0111380666966 8.62986666667 1.0 0.799155555556 30.4867670536 42.8013873201 0.806444780786 1409564256.18
0.289 0.991144622522 0.01183455107 8.49671111111 1.0 0.826311111111 30.4867670536 42.8013873201 0.804962042531 1409564257.41
0.305 0.992091922956 0.00964484175121 8.5312 1.0 0.847244444444 30.4867670536 42.8013873201 0.820506857447 1409564258.8
0.307 0.992763399754 0.0092686819596 8.42724444444 1.0 0.868844444444 30.4867670536 42.8013873201 0.830660292547 1409564260.14
0.286 0.992249759676 0.0139385598211 8.37866666667 1.0 0.878933333333 30.4867670536 42.8013873201 0.831875674714 1409564261.45
0.281 0.99114101218 0.0117726211025 8.33235555556 1.0 0.8836 30.4867670536 42.8013873201 0.823036710164 1409564262.9
0.292 0.99042853103 0.0102371242322 8.59488888889 1.0 0.887244444444 30.4867670536 42.8013873201 0.808575071485 1409564264.32
0.29 0.991351946185 0.00944798449156 8.99302222222 1.0 0.890311111111 30.4867670536 42.8013873201 0.824662146363 1409564265.75
0.254 0.992768133003 0.00880320617752 9.27013333333 1.0 0.898266666667 30.4867670536 42.8013873201 0.843191967805 1409564266.98
0.283 0.994496928667 0.00834864663142 9.77822222222 1.0 0.899022222222 30.4867670536 42.8013873201 0.857575948785 1409564268.45
0.236 0.995801620108 0.00636640197948 10.3634222222 1.0 0.899244444444 30.4867670536 42.8013873201 0.878038915685 1409564269.94
0.235 0.995899011854 0.00400629050975 10.9864 1.0 0.899288888889 30.4867670536 42.8013873201 0.905407205229 1409564271.32
0.217 0.995414988931 0.00305647876974 11.5722222222 1.0 0.899377777778 30.4867670536 42.8013873201 0.908086487085 1409564272.66
0.199 0.99543278731 0.00670763618696 12.1364 1.0 0.899377777778 30.4867670536 42.8013873201 0.910409495355 1409564274.14
0.177 0.994717940985 0.00653614952396 12.4594666667 1.0 0.152044444444 28.2433835268 40.2234516194 0.898248284998 1409564275.56
0.208 0.993944038894 0.0102417945694 12.7025333333 1.0 0.243066666667 28.2433835268 40.2234516194 0.895207149206 1409564277.09
0.253 0.993547320565 0.0141586492984 12.9335555556 1.0 0.277422222222 28.2433835268 40.2234516194 0.893679335398 1409564278.27
0.25 0.992629720815 0.018006285283 12.9458222222 1.0 0.321066666667 28.2433835268 40.2234516194 0.876196027084 1409564279.71
0.244 0.991264318862 0.0123575712134 12.8622666667 1.0 0.372177777778 28.2433835268 40.2234516194 0.86507538237 1409564281.06
0.283 0.991349083539 0.0141224365967 12.428 1.0 0.424177777778 28.2433835268 40.2234516194 0.848284686881 1409564282.35
0.261 0.992121516021 0.016170687747 12.1698222222 1.0 0.461911111111 28.2433835268 40.2234516194 0.845263770372 1409564283.59
0.251 0.991925010254 0.018284858842 11.8912888889 1.0 0.497911111111 28.2433835268 40.2234516194 0.84647288006 1409564284.92
0.285 0.991414356449 0.0214944230523 11.3822666667 1.0 0.5332 28.2433835268 40.2234516194 0.82029913726 1409564286.23
0.283 0.989460736199 0.0165101383866 11.0309333333 1.0 0.559022222222 28.2433835268 40.2234516194 0.802258949511 1409564287.76
0.287 0.987501653438 0.012611730545 10.6848 1.0 0.584444444444 28.2433835268 40.2234516194 0.7779982906 1409564289.12
0.273 0.986096548517 0.0123675647758 10.7692888889 1.0 0.603288888889 28.2433835268 40.2234516194 0.795842638916 1409564290.55
0.314 0.986381063459 0.0102756736023 10.5877777778 1.0 0.641688888889 28.2433835268 40.2234516194 0.794350714907 1409564292.03
0.313 0.988014145587 0.0122599114892 10.6706666667 1.0 0.661244444444 28.2433835268 40.2234516194 0.795396327011 1409564293.51
0.306 0.990055300373 0.0135490122113 10.4185777778 1.0 0.691422222222 28.2433835268 40.2234516194 0.793884032686 1409564295.06
0.312 0.991704315868 0.0147219941779 10.2452 1.0 0.718444444444 28.2433835268 40.2234516194 0.818431236147 1409564296.6
0.291 0.992441351255 0.0188863963571 9.75373333333 1.0 0.750355555556 28.2433835268 40.2234516194 0.825407307835 1409564297.89
0.317 0.990971328412 0.0155951528809 9.52066666667 1.0 0.770711111111 28.2433835268 40.2234516194 0.812541180891 1409564299.19
0.319 0.990023626227 0.0150626171191 9.4216 1.0 0.788088888889 28.2433835268 40.2234516194 0.810932878936 1409564300.87
0.314 0.990125599311 0.0162489190618 9.11715555556 1.0 0.812577777778 28.2433835268 40.2234516194 0.809117890759 1409564302.28
0.323 0.990733363435 0.016000315671 8.70106666667 1.0 0.844177777778 28.2433835268 40.2234516194 0.815070776834 1409564303.89
0.278 0.990816203979 0.0150177312305 8.39342222222 1.0 0.870577777778 28.2433835268 40.2234516194 0.824429230687 1409564305.43
0.332 0.991135416191 0.0166530660111 8.0712 1.0 0.893688888889 28.2433835268 40.2234516194 0.832528497418 1409564306.81
0.281 0.991625703933 0.0138265193165 8.038 1.0 0.254755555556 25.6216917634 36.3279397513 0.834585293552 1409564308.53
0.283 0.991145209398 0.0154129541984 7.8612 1.0 0.347377777778 25.6216917634 36.3279397513 0.794826940249 1409564310.15
0.29 0.991100981995 0.0176434394406 7.96911111111 1.0 0.391822222222 25.6216917634 36.3279397513 0.808491320433 1409564311.28
0.301 0.99053375723 0.0149048483236 8.05097777778 1.0 0.427155555556 25.6216917634 36.3279397513 0.8214559431 1409564312.58
0.247 0.989772295066 0.0120778735764 7.99231111111 1.0 0.459911111111 25.6216917634 36.3279397513 0.8274013247 1409564314.1
0.265 0.990459534889 0.0122314794527 7.78057777778 1.0 0.494711111111 25.6216917634 36.3279397513 0.849263809791 1409564315.63
0.278 0.991195114365 0.0151653852456 7.73146666667 1.0 0.523333333333 25.6216917634 36.3279397513 0.846167342724 1409564316.95
0.275 0.991186223805 0.0163336837461 8.13804444444 1.0 0.539111111111 25.6216917634 36.3279397513 0.866764065654 1409564318.42
0.23 0.990925707608 0.0177106941534 8.64955555556 1.0 0.552 25.6216917634 36.3279397513 0.851175823289 1409564319.88
0.272 0.990786191447 0.0132133529743 8.97595555556 1.0 0.573822222222 25.6216917634 36.3279397513 0.867593542089 1409564321.32
0.266 0.991739749934 0.0103377515037 9.18031111111 1.0 0.591555555556 25.6216917634 36.3279397513 0.877169851484 1409564322.74
0.261 0.992744227747 0.0122160645722 9.57875555556 1.0 0.6032 25.6216917634 36.3279397513 0.876945416044 1409564324.09
0.232 0.993001220441 0.0165507700119 10.0127111111 1.0 0.613688888889 25.6216917634 36.3279397513 0.867650696415 1409564325.42
0.277 0.992702039625 0.0131172459108 10.2590222222 1.0 0.627155555556 25.6216917634 36.3279397513 0.849039428246 1409564326.9
0.286 0.992391213588 0.0117188631856 10.3916888889 1.0 0.646311111111 25.6216917634 36.3279397513 0.852339588084 1409564328.45
0.24 0.991597003462 0.00787592335623 10.6705777778 1.0 0.658355555556 25.6216917634 36.3279397513 0.840900772175 1409564329.96
0.266 0.991786397452 0.0100387820386 10.9733777778 1.0 0.673066666667 25.6216917634 36.3279397513 0.829960590737 1409564331.36
0.286 0.992168437618 0.0130702775964 11.1333333333 1.0 0.692355555556 25.6216917634 36.3279397513 0.835440336961 1409564332.84
0.263 0.992626271736 0.0155742470992 11.0560888889 1.0 0.718177777778 25.6216917634 36.3279397513 0.849851995764 1409564334.33
0.286 0.991522320769 0.0100114592285 10.5831555556 1.0 0.751822222222 25.6216917634 36.3279397513 0.853072707057 1409564335.7
0.283 0.99088803745 0.00805704381801 10.2658666667 1.0 0.778933333333 25.6216917634 36.3279397513 0.866968662827 1409564337.03
0.233 0.991242839642 0.00728635294348 10.3056 1.0 0.796088888889 25.6216917634 36.3279397513 0.887467726201 1409564338.31
0.229 0.991803955591 0.00878405748824 10.8077777778 1.0 0.8004 25.6216917634 36.3279397513 0.889509068028 1409564339.45
0.246 0.991453340619 0.0125416067102 11.1832 1.0 0.804622222222 25.6216917634 36.3279397513 0.875718439802 1409564340.79
0.233 0.990969294206 0.0132810264925 11.4403111111 1.0 0.809288888889 25.6216917634 36.3279397513 0.867352925483 1409564341.95
0.273 0.990232633719 0.0123639279272 11.1900888889 1.0 0.817422222222 25.6216917634 36.3279397513 0.845115062389 1409564343.06
0.305 0.990251525316 0.0163213842432 10.8691555556 1.0 0.832177777778 25.6216917634 36.3279397513 0.849732690168 1409564344.27
0.299 0.990079345745 0.0103596427289 10.618 1.0 0.848977777778 25.6216917634 36.3279397513 0.845164542333 1409564345.53
0.3 0.990434667173 0.00815504534346 10.6623555556 1.0 0.857955555556 25.6216917634 36.3279397513 0.83333247004 1409564347.12
0.309 0.99214789673 0.0101781789022 10.8561333333 1.0 0.8644 25.6216917634 36.3279397513 0.851715533219 1409564348.6
0.302 0.992941429466 0.0117389806633 10.7728444444 1.0 0.872977777778 25.6216917634 36.3279397513 0.843923675047 1409564350.1
0.276 0.993410042365 0.00876574758564 10.5689777778 1.0 0.882844444444 25.6216917634 36.3279397513 0.839647357317 1409564351.71
0.258 0.993607858587 0.00724459161133 10.8232444444 1.0 0.887511111111 25.6216917634 36.3279397513 0.842742596304 1409564353.26
0.229 0.993847242712 0.00382773205086 11.1791111111 1.0 0.890044444444 25.6216917634 36.3279397513 0.856887281858 1409564354.73
0.213 0.9944992194 0.00252457166506 11.7217777778 1.0 0.890044444444 25.6216917634 36.3279397513 0.864836114272 1409564356.22
0.242 0.994908510631 0.00434672081513 12.2514222222 1.0 0.890088888889 25.6216917634 36.3279397513 0.864436198706 1409564357.37
0.238 0.995557417841 0.00330719315578 12.7168 1.0 0.8924 25.6216917634 36.3279397513 0.870049471275 1409564358.7
0.23 0.996057940569 0.00547080591699 13.0197777778 1.0 0.894977777778 25.6216917634 36.3279397513 0.886488830949 1409564360.0
0.193 0.99615808706 0.00579996529555 13.2870666667 1.0 0.896177777778 25.6216917634 36.3279397513 0.900006398878 1409564361.5
0.247 0.996679830295 0.00662598086328 13.4829777778 1.0 0.134933333333 32.3108458817 45.6533442748 0.914852594004 1409564362.96
