0.124 0.999844460984 0.0187587321952 0.877111111111 0.122888888889 0.122888888889 0 0 0.958787614791 1409554915.16
0.178 0.973339124596 0.00479097782932 1.65191111111 0.174177777778 0.174177777778 0 0 0.857927534124 1409554916.09
0.222 0.945112631922 0.0048915297503 2.35466666667 0.216266666667 0.216266666667 0 0 0.800800653 1409554917.19
0.248 0.929960636622 0.0085221972186 3.02506666667 0.245555555556 0.245555555556 0 0 0.774515803986 1409554918.76
0.276 0.92560788015 0.0102403219978 3.66822222222 0.267733333333 0.267733333333 0 0 0.761695089201 1409554920.5
0.306 0.92752553027 0.0122296703965 4.20528888889 0.300088888889 0.300088888889 0 0 0.746970677704 1409554922.41
0.321 0.932622357826 0.014769192686 4.66911111111 0.335822222222 0.335822222222 0 0 0.755137767345 1409554924.1
0.33 0.941487313987 0.0155444483853 5.10591111111 0.367155555556 0.367155555556 0 0 0.74704688139 1409554926.24
0.365 0.951003834654 0.0144648738289 5.4656 0.4036 0.4036 0 0 0.749966420757 1409554928.26
0.325 0.958085929127 0.013742648054 5.8792 0.4324 0.4324 0 0 0.745453997512 1409554930.16
0.291 0.962080812433 0.00947003307751 6.28017777778 0.460666666667 0.460666666667 0 0 0.755038292224 1409554931.7
0.275 0.966016158386 0.0101068636513 6.71448888889 0.485822222222 0.485822222222 0 0 0.763175497519 1409554933.17
0.275 0.969005639085 0.0102046985285 7.19426666667 0.503644444444 0.503644444444 0 0 0.776403632239 1409554934.49
0.277 0.972041534861 0.0123321157869 7.76488888889 0.511955555556 0.511955555556 0 0 0.797780440996 1409554935.88
0.26 0.973851818064 0.0105115822007 8.27124444444 0.5236 0.5236 0 0 0.806294489197 1409554937.13
0.295 0.976345906585 0.0143432021023 8.74111111111 0.534577777778 0.534577777778 0 0 0.813424259911 1409554938.66
0.273 0.978285597442 0.0140075333138 9.33142222222 0.539955555556 0.539955555556 0 0 0.821800654677 1409554940.33
0.268 0.980029573921 0.0150049117664 9.87875555556 0.547377777778 0.547377777778 0 0 0.824770838687 1409554941.72
0.29 0.981711276204 0.0169856963122 10.2843111111 0.560222222222 0.560222222222 0 0 0.816260146727 1409554943.1
0.231 0.982524621628 0.0169740605494 10.8015111111 0.568266666667 0.568266666667 0 0 0.826017586117 1409554944.64
0.27 0.981921496173 0.0114313335986 11.2032888889 0.577644444444 0.577644444444 0 0 0.829224001469 1409554946.07
0.261 0.981828088517 0.0104447413931 11.7049777778 0.581733333333 0.581733333333 0 0 0.837858513968 1409554947.65
0.242 0.982696448747 0.0127154196499 12.3276 0.581733333333 0.581733333333 0 0 0.829068040011 1409554949.21
0.217 0.983399717344 0.0156521830584 12.8576888889 0.582088888889 0.582088888889 0 0 0.812668273789 1409554950.64
0.246 0.984606438778 0.0156861359329 13.4316888889 0.582177777778 0.582177777778 0 0 0.815924654343 1409554952.15
0.247 0.984539701726 0.0125013133343 14.012 0.582177777778 0.582177777778 0 0 0.814301268406 1409554953.68
0.251 0.984010914638 0.00932608355307 14.4468444444 0.583688888889 0.583688888889 0 0 0.811751090566 1409554954.95
0.237 0.984227448871 0.00763832242702 14.7457777778 0.5876 0.5876 0 0 0.798669381043 1409554956.45
0.236 0.986192805228 0.0115434686839 15.1784444444 0.592177777778 0.592177777778 0 0 0.805700293077 1409554957.84
0.233 0.987729034524 0.0111286995008 15.3421333333 0.603466666667 0.603466666667 0 0 0.813227406174 1409554959.26
0.197 0.988734521112 0.0117416336711 15.8828444444 0.6048 0.6048 0 0 0.823398388987 1409554960.48
0.193 0.989121835155 0.0118421786375 16.4207555556 0.608222222222 0.608222222222 0 0 0.803719359974 1409554961.53
0.219 0.989840973778 0.0136029214326 16.6514222222 0.617066666667 0.617066666667 0 0 0.795504357875 1409554962.81
0.199 0.989931246119 0.0157522820032 16.9664888889 0.622044444444 0.622044444444 0 0 0.815310360523 1409554964.08
0.213 0.989622894261 0.0164924921049 17.0070222222 0.629155555556 0.629155555556 0 0 0.815699731289 1409554965.31
0.213 0.98874335144 0.017719313188 17.2970666667 0.636844444444 0.636844444444 0 0 0.789546481732 1409554966.65
0.227 0.988448784368 0.0170749111325 17.5022666667 0.646444444444 0.646444444444 0 0 0.791001859341 1409554967.79
0.248 0.988457645433 0.0223561552506 17.5997777778 0.657288888889 0.657288888889 0 0 0.78844734603 1409554969.09
0.263 0.988419137525 0.0254727376226 17.6563111111 0.6672 0.6672 0 0 0.796983101258 1409554970.35
0.25 0.987485101942 0.0305960648983 17.6028888889 0.679377777778 0.679377777778 0 0 0.790593779873 1409554971.79
0.26 0.98621885622 0.0279395795057 17.8055111111 0.682133333333 0.682133333333 0 0 0.796733482607 1409554973.06
0.271 0.986115057777 0.032980239106 17.7949777778 0.6852 0.6852 0 0 0.80901636012 1409554974.24
0.276 0.985958914728 0.0300466163387 17.7651111111 0.692666666667 0.692666666667 0 0 0.821631562791 1409554975.53
0.282 0.985309943627 0.0298646275278 17.4787555556 0.708088888889 0.708088888889 0 0 0.790704822894 1409554976.76
0.297 0.98395512202 0.0287383567559 17.2291555556 0.717555555556 0.717555555556 0 0 0.77683342736 1409554977.98
0.313 0.981976202285 0.0257990360524 16.7543111111 0.726977777778 0.726977777778 0 0 0.773309156176 1409554979.13
0.277 0.97994101568 0.0243458264811 16.2057333333 0.740133333333 0.740133333333 0 0 0.746969577831 1409554980.31
0.303 0.978270575411 0.0234420629063 15.5102666667 0.7548 0.7548 0 0 0.775482392402 1409554981.47
0.238 0.977960014333 0.0234814492416 15.4273777778 0.765111111111 0.765111111111 0 0 0.782510356032 1409554982.88
0.344 0.978402532578 0.0283445144895 15.4751111111 0.772933333333 0.772933333333 0 0 0.757500276348 1409554984.41
0.306 0.98002938064 0.0277605085416 15.0410666667 0.785244444444 0.785244444444 0 0 0.744786225579 1409554986.02
0.316 0.981813551461 0.0272124960602 14.8352444444 0.789777777778 0.789777777778 0 0 0.753313116724 1409554987.55
0.336 0.983432863935 0.0261081674548 14.5508888889 0.795688888889 0.795688888889 0 0 0.76904936432 1409554989.11
0.274 0.984152498346 0.0238172027468 14.6966666667 0.798977777778 0.798977777778 0 0 0.756015424332 1409554990.74
0.248 0.983031366275 0.0182590942468 15.2165333333 0.800311111111 0.800311111111 0 0 0.787733085859 1409554992.2
0.213 0.983519250341 0.0239569546546 15.5240888889 0.802844444444 0.802844444444 0 0 0.810283809886 1409554993.7
0.253 0.984162028219 0.0286023919197 15.8151555556 0.8048 0.8048 0 0 0.811733366375 1409554995.22
0.294 0.983860084906 0.0315705324619 15.5809777778 0.816133333333 0.816133333333 0 0 0.788181591372 1409554996.74
0.296 0.982526122356 0.0327508341279 14.9911111111 0.829866666667 0.829866666667 0 0 0.749135504681 1409554998.17
0.304 0.981414049198 0.0316065116415 14.0567111111 0.850311111111 0.850311111111 0 0 0.722389036877 1409554999.37
0.321 0.982198377725 0.0318119594651 13.8082666667 0.864266666667 0.864266666667 0 0 0.730179362482 1409555000.82
0.296 0.983327165441 0.0296202411747 13.2200888889 0.882888888889 0.882888888889 0 0 0.727558064343 1409555002.33
0.298 0.985592404846 0.0368605167308 12.4445333333 0.901466666667 0.0157777777778 62 88.5558629036 0.750546120075 1409555003.64
0.281 0.987677220375 0.037653588825 12.3128444444 0.908311111111 0.288488888889 62 88.5558629036 0.781463038023 1409555004.95
0.292 0.987479160815 0.0399725980308 11.9658222222 0.918977777778 0.337822222222 62 88.5558629036 0.785618694571 1409555006.31
0.267 0.985673691756 0.0416755048659 11.3118222222 0.934533333333 0.3792 62 88.5558629036 0.780291989371 1409555007.68
0.279 0.982718699972 0.0392807684087 10.5321333333 0.949288888889 0.428266666667 62 88.5558629036 0.771323729744 1409555009.19
0.292 0.979469045083 0.0347259856331 10.0840888889 0.963911111111 0.454 62 88.5558629036 0.76700970642 1409555010.58
0.283 0.977303158959 0.0333803541094 9.11457777778 0.984666666667 0.489244444444 62 88.5558629036 0.766514732418 1409555012.27
0.299 0.976037585972 0.0303377578253 8.95915555556 0.992888888889 0.516622222222 62 88.5558629036 0.755345827444 1409555013.65
0.26 0.975837072974 0.0297466356605 8.84231111111 0.996844444444 0.552977777778 62 88.5558629036 0.757169116265 1409555015.08
0.327 0.975025129215 0.0332260091666 8.66671111111 0.999822222222 0.595911111111 62 88.5558629036 0.723858808181 1409555016.56
0.32 0.973240178743 0.0310017530505 8.69186666667 1.0 0.630533333333 62 88.5558629036 0.710712894913 1409555017.89
0.322 0.971896926061 0.0309541654072 8.8992 1.0 0.6532 62 88.5558629036 0.700386842758 1409555019.36
0.31 0.972153287533 0.0349830219835 8.94035555556 1.0 0.679777777778 62 88.5558629036 0.716957326864 1409555020.53
0.275 0.973238617426 0.0367721699941 9.25231111111 1.0 0.694088888889 62 88.5558629036 0.735637594138 1409555021.86
0.274 0.974190494575 0.0324811950888 9.3736 1.0 0.711822222222 62 88.5558629036 0.736907799179 1409555023.45
0.263 0.976345164149 0.0310796901396 9.72377777778 1.0 0.718533333333 62 88.5558629036 0.751780288817 1409555024.97
0.265 0.978167637398 0.0283734867306 10.2165777778 1.0 0.721866666667 62 88.5558629036 0.783929073585 1409555026.15
0.27 0.979860345477 0.0319819340018 10.6993777778 1.0 0.729688888889 62 88.5558629036 0.811297295044 1409555027.32
0.253 0.980164205588 0.02686357138 11.1287555556 1.0 0.734088888889 62 88.5558629036 0.804624979146 1409555028.58
0.253 0.979790949587 0.0238321158339 11.5652888889 1.0 0.740266666667 62 88.5558629036 0.798819404616 1409555029.81
0.271 0.980087775354 0.0318461496121 11.6065333333 1.0 0.760355555556 62 88.5558629036 0.790088922852 1409555031.26
0.268 0.980856163684 0.0375270792864 12.0196888889 1.0 0.768177777778 62 88.5558629036 0.792372026351 1409555032.81
0.259 0.980741769713 0.0348159005818 12.3838222222 1.0 0.775777777778 62 88.5558629036 0.783396778654 1409555034.37
0.284 0.979906183244 0.0335293085362 12.7740444444 1.0 0.780488888889 62 88.5558629036 0.792701946282 1409555035.9
0.291 0.979341454786 0.0296529445781 12.6983111111 1.0 0.790711111111 62 88.5558629036 0.773563621432 1409555037.17
0.279 0.978278990142 0.0237566540343 12.2106222222 1.0 0.805688888889 62 88.5558629036 0.757194690985 1409555038.42
0.302 0.978356594699 0.0253747806419 12.0803111111 1.0 0.814888888889 62 88.5558629036 0.759845882498 1409555039.71
0.302 0.978729844362 0.0315012653152 11.8061333333 1.0 0.831377777778 62 88.5558629036 0.733959432678 1409555040.83
0.288 0.977474336391 0.0304147798432 11.4197333333 1.0 0.847377777778 62 88.5558629036 0.698254290962 1409555042.28
0.357 0.976993283656 0.0343803152836 10.9136888889 1.0 0.860888888889 62 88.5558629036 0.662709118699 1409555043.87
0.321 0.975682809029 0.0365164123002 9.45222222222 1.0 0.886266666667 62 88.5558629036 0.649909078426 1409555045.4
0.362 0.975816191664 0.0401958536027 8.3328 1.0 0.208088888889 46.5 65.7086604834 0.654530942667 1409555047.07
0.332 0.975372230427 0.0364701444914 7.31337777778 1.0 0.381733333333 46.5 65.7086604834 0.646028679863 1409555048.82
0.312 0.97369580726 0.0319085493175 6.55542222222 1.0 0.458666666667 46.5 65.7086604834 0.637756962205 1409555050.42
0.309 0.97180547537 0.0257481272123 6.40377777778 1.0 0.508666666667 46.5 65.7086604834 0.639003861371 1409555051.82
0.318 0.972448874015 0.0224009557199 6.4644 1.0 0.539111111111 46.5 65.7086604834 0.673479449228 1409555053.31
0.288 0.974708731292 0.0204308493359 6.77324444444 1.0 0.561555555556 46.5 65.7086604834 0.708740727098 1409555054.84
0.315 0.97816234312 0.0218205398755 7.04422222222 1.0 0.588533333333 46.5 65.7086604834 0.725836106554 1409555056.35
0.255 0.980475680141 0.0277505606306 7.05755555556 1.0 0.6232 46.5 65.7086604834 0.732106175092 1409555057.88
0.239 0.980387664804 0.0231214013492 7.32728888889 1.0 0.647644444444 46.5 65.7086604834 0.755574655022 1409555059.4
0.264 0.98078695159 0.0216811577631 7.88893333333 1.0 0.6592 46.5 65.7086604834 0.754750520055 1409555060.85
0.242 0.981890858759 0.0206297826342 8.40484444444 1.0 0.674266666667 46.5 65.7086604834 0.75493247012 1409555062.12
0.268 0.98337491785 0.0238494661994 8.7456 1.0 0.695555555556 46.5 65.7086604834 0.768263179438 1409555063.58
0.281 0.984093666675 0.0313816700044 8.95706666667 1.0 0.710577777778 46.5 65.7086604834 0.771448094684 1409555064.97
0.283 0.98394774746 0.0317667942094 9.13737777778 1.0 0.728222222222 46.5 65.7086604834 0.745248758486 1409555066.52
0.247 0.983026466574 0.0237463825349 8.9904 1.0 0.759422222222 46.5 65.7086604834 0.743484519468 1409555068.07
0.209 0.9832620464 0.0239066264517 8.80946666667 1.0 0.785688888889 46.5 65.7086604834 0.737206716993 1409555069.62
0.259 0.984816625208 0.019542244354 9.06844444444 1.0 0.802355555556 46.5 65.7086604834 0.729606899593 1409555071.14
0.233 0.985238902107 0.01994184265 9.23808888889 1.0 0.8244 46.5 65.7086604834 0.738634333475 1409555072.58
0.221 0.98558986631 0.016161217375 9.26711111111 1.0 0.846355555556 46.5 65.7086604834 0.718563253522 1409555073.94
0.227 0.986717998198 0.0173278454116 9.72466666667 1.0 0.849511111111 46.5 65.7086604834 0.754964849328 1409555075.34
0.201 0.988405988387 0.0149096136513 10.2810222222 1.0 0.8528 46.5 65.7086604834 0.792423810288 1409555076.73
0.186 0.989857524785 0.0145142802684 10.7141333333 1.0 0.856666666667 46.5 65.7086604834 0.786112278469 1409555077.93
0.207 0.989993912939 0.0160087012242 11.1571555556 1.0 0.857911111111 46.5 65.7086604834 0.784795439908 1409555079.28
0.21 0.989676932943 0.0175191598457 11.3886666667 1.0 0.858444444444 46.5 65.7086604834 0.795971928263 1409555080.68
0.248 0.988778782871 0.0177668374901 11.5450222222 1.0 0.864888888889 46.5 65.7086604834 0.78458244147 1409555081.77
0.26 0.988788235176 0.0271966303642 11.5386666667 1.0 0.876711111111 46.5 65.7086604834 0.781312187202 1409555082.92
0.25 0.988365282272 0.0275426363553 12.0152 1.0 0.877777777778 46.5 65.7086604834 0.815288162389 1409555084.53
0.263 0.987523152232 0.0321660481394 12.4814666667 1.0 0.877777777778 46.5 65.7086604834 0.840646782698 1409555086.08
0.259 0.985940660739 0.0277277314816 12.8541777778 1.0 0.878044444444 46.5 65.7086604834 0.81188274476 1409555087.67
0.242 0.98464843717 0.0274227385419 13.1433777778 1.0 0.878044444444 46.5 65.7086604834 0.820846904657 1409555089.23
0.225 0.984009100779 0.0216180961409 13.6253777778 1.0 0.878044444444 46.5 65.7086604834 0.834728305065 1409555090.65
0.229 0.983730643026 0.0201184062879 14.2880888889 1.0 0.878044444444 46.5 65.7086604834 0.827160749429 1409555091.92
0.221 0.984125596199 0.0183085127574 15.0050222222 1.0 0.878044444444 46.5 65.7086604834 0.842985544115 1409555093.25
0.231 0.984643798959 0.017381637742 15.6937777778 1.0 0.878044444444 46.5 65.7086604834 0.844913507907 1409555094.48
0.226 0.984889816362 0.0124751310035 16.2904444444 1.0 0.878044444444 46.5 65.7086604834 0.853264622992 1409555095.88
0.189 0.985324883146 0.0113331832693 16.9064 1.0 0.878044444444 46.5 65.7086604834 0.839269872405 1409555097.39
0.169 0.985803758912 0.0136711058057 17.4524 1.0 0.878044444444 46.5 65.7086604834 0.829134650392 1409555098.81
0.192 0.985274866453 0.0193675445666 17.9108888889 1.0 0.878044444444 46.5 65.7086604834 0.815168540562 1409555100.2
0.218 0.984423951343 0.023355782201 18.2071555556 1.0 0.878044444444 46.5 65.7086604834 0.787033175792 1409555101.5
0.242 0.984086109665 0.0229821573641 18.4778222222 1.0 0.878044444444 46.5 65.7086604834 0.757231392038 1409555102.91
0.243 0.984307485631 0.0191955802545 18.8555111111 1.0 0.878044444444 46.5 65.7086604834 0.748988066206 1409555104.31
0.236 0.984043848527 0.0198816424091 19.4674222222 1.0 0.878044444444 46.5 65.7086604834 0.790060250413 1409555105.59
0.237 0.983923704935 0.0219706853104 20.0267555556 1.0 0.878044444444 46.5 65.7086604834 0.803796106787 1409555107.03
0.239 0.983868348825 0.024472415847 20.3827111111 1.0 0.878044444444 46.5 65.7086604834 0.778275976046 1409555108.21
0.215 0.984340817655 0.0210940295313 20.4632444444 1.0 0.878044444444 46.5 65.7086604834 0.749230505917 1409555109.45
0.222 0.985344069641 0.020135174283 20.7624444444 1.0 0.878044444444 46.5 65.7086604834 0.766785845381 1409555110.65
0.204 0.987081608661 0.019140907637 21.2464888889 1.0 0.878044444444 46.5 65.7086604834 0.790037941503 1409555111.91
0.181 0.988181671348 0.0140850039945 21.8987111111 1.0 0.878044444444 46.5 65.7086604834 0.842781411746 1409555113.34
0.179 0.989175542291 0.0127241625037 22.3774222222 1.0 0.878044444444 46.5 65.7086604834 0.811225725148 1409555114.66
0.195 0.990213901436 0.0159014571844 23.1035555556 1.0 0.878044444444 46.5 65.7086604834 0.860706688453 1409555115.71
0.152 0.991449985194 0.0167669759198 23.8526666667 1.0 0.878044444444 46.5 65.7086604834 0.909122237537 1409555116.96
0.164 0.992459779654 0.0186817515978 24.5948888889 1.0 0.878044444444 46.5 65.7086604834 0.905566469601 1409555118.38
0.18 0.992319904765 0.0210731949033 25.3635555556 1.0 0.878044444444 46.5 65.7086604834 0.903579726145 1409555119.5
0.172 0.991719150159 0.0160731568931 26.1167555556 1.0 0.878044444444 46.5 65.7086604834 0.913429332699 1409555120.86
0.159 0.990549086957 0.012952068512 26.8012444444 1.0 0.878044444444 46.5 65.7086604834 0.899888032036 1409555121.95
0.149 0.990693645548 0.0109801156998 27.4381333333 1.0 0.878044444444 46.5 65.7086604834 0.870219387931 1409555123.06
0.17 0.990425139396 0.0119643619193 28.0189333333 1.0 0.878044444444 46.5 65.7086604834 0.863586797111 1409555124.09
0.213 0.990360050996 0.0176378708895 28.5085777778 1.0 0.878044444444 46.5 65.7086604834 0.871249390522 1409555125.15
0.208 0.991110512796 0.023115507611 28.9693777778 1.0 0.878044444444 46.5 65.7086604834 0.888390147857 1409555126.52
0.223 0.990795848823 0.0221322048322 29.3017333333 1.0 0.878044444444 46.5 65.7086604834 0.86832663051 1409555127.88
0.228 0.989955364945 0.0229329205688 29.3362222222 1.0 0.878044444444 46.5 65.7086604834 0.840655682756 1409555129.35
0.264 0.988254801077 0.0238904274664 28.8469777778 1.0 0.878133333333 46.5 65.7086604834 0.792791577762 1409555130.73
0.281 0.986733318925 0.0256735224323 28.6247555556 1.0 0.878666666667 46.5 65.7086604834 0.764771416429 1409555132.19
0.285 0.985606231627 0.0244012385265 27.5972888889 1.0 0.878666666667 46.5 65.7086604834 0.745484835438 1409555133.89
0.319 0.984714468755 0.0268357128422 27.2491111111 1.0 0.878666666667 46.5 65.7086604834 0.732096789017 1409555135.41
0.296 0.984277761233 0.028148203875 25.9149333333 1.0 0.878666666667 46.5 65.7086604834 0.71037282721 1409555136.88
0.35 0.983712725384 0.0279059227395 25.5534222222 1.0 0.878666666667 46.5 65.7086604834 0.713232149683 1409555138.15
0.3 0.984347833243 0.0304118386813 24.9996 1.0 0.878666666667 46.5 65.7086604834 0.741479405476 1409555139.64
0.327 0.984989820296 0.0368087699866 24.6789777778 1.0 0.878666666667 46.5 65.7086604834 0.763321696555 1409555141.03
0.308 0.985095511417 0.0376539047685 24.1648444444 1.0 0.878666666667 46.5 65.7086604834 0.764828008259 1409555142.56
0.335 0.984201976295 0.0365231010667 23.7812444444 1.0 0.878711111111 46.5 65.7086604834 0.754643009526 1409555144.18
0.294 0.982102241962 0.0288996328782 23.3546666667 1.0 0.881288888889 46.5 65.7086604834 0.76177838996 1409555145.57
0.287 0.979215411036 0.0234092728728 23.1083111111 1.0 0.885155555556 46.5 65.7086604834 0.736037494531 1409555146.97
0.318 0.977759715539 0.0297653039627 22.4617333333 1.0 0.889555555556 46.5 65.7086604834 0.746480298685 1409555148.56
0.331 0.976891913299 0.0326194509062 20.9211555556 1.0 0.896222222222 46.5 65.7086604834 0.736030311567 1409555150.16
0.345 0.975879167619 0.0358352704567 18.7074666667 1.0 0.307377777778 60.75 85.0092713237 0.71207211632 1409555151.88
0.356 0.973406454917 0.0350440569114 16.2044444444 1.0 0.379955555556 60.75 85.0092713237 0.689563456079 1409555153.11
0.361 0.972371482754 0.032476863128 14.7078222222 1.0 0.417955555556 60.75 85.0092713237 0.692112725365 1409555154.56
0.31 0.972440705129 0.031304085394 13.6923555556 1.0 0.458311111111 60.75 85.0092713237 0.724527901257 1409555156.16
0.325 0.972112328478 0.0297635720938 11.8951111111 1.0 0.507644444444 60.75 85.0092713237 0.707188120727 1409555157.73
0.317 0.972585287674 0.0315016742515 10.7490222222 1.0 0.543511111111 60.75 85.0092713237 0.7121912197 1409555158.93
0.308 0.97332051283 0.0348362745633 9.78111111111 1.0 0.574177777778 60.75 85.0092713237 0.738496980801 1409555160.13
0.295 0.972176449663 0.0343773837386 9.54893333333 1.0 0.5996 60.75 85.0092713237 0.756357102107 1409555161.64
0.283 0.970482551263 0.0296134709108 9.73124444444 1.0 0.609111111111 60.75 85.0092713237 0.759718626187 1409555163.17
0.268 0.971248904468 0.0303876754511 9.42546666667 1.0 0.6244 60.75 85.0092713237 0.766114258951 1409555164.66
0.287 0.971812139093 0.0327576722747 9.14488888889 1.0 0.641066666667 60.75 85.0092713237 0.788498612811 1409555165.93
0.274 0.971590734387 0.0318069213283 8.49008888889 1.0 0.669288888889 60.75 85.0092713237 0.765718065665 1409555167.24
0.263 0.971656369463 0.0327579320045 8.31066666667 1.0 0.695955555556 60.75 85.0092713237 0.740748209731 1409555168.44
0.297 0.972060550969 0.036770911943 8.18577777778 1.0 0.717688888889 60.75 85.0092713237 0.737034305434 1409555169.81
0.288 0.972364244598 0.0401603487777 8.26453333333 1.0 0.737555555556 60.75 85.0092713237 0.721898647259 1409555171.38
0.311 0.972253763337 0.0345579270034 8.138 1.0 0.767022222222 60.75 85.0092713237 0.719938062474 1409555172.92
0.284 0.972156513418 0.0343796899598 8.27866666667 1.0 0.7836 60.75 85.0092713237 0.717384945788 1409555174.16
0.273 0.973367064196 0.0324418613096 8.57622222222 1.0 0.793866666667 60.75 85.0092713237 0.690783588812 1409555175.59
0.297 0.97449216213 0.0319314281709 8.76417777778 1.0 0.807866666667 60.75 85.0092713237 0.687333855445 1409555177.05
0.272 0.975624545053 0.0317413753776 8.87573333333 1.0 0.827644444444 60.75 85.0092713237 0.678007545043 1409555178.58
0.296 0.977189893705 0.0345624988474 8.8416 1.0 0.845377777778 60.75 85.0092713237 0.680805137463 1409555180.03
0.286 0.977868235648 0.0292466481545 8.85608888889 1.0 0.868844444444 60.75 85.0092713237 0.681907552698 1409555181.54
0.295 0.977741037984 0.025154909493 8.97057777778 1.0 0.884755555556 60.75 85.0092713237 0.667108784112 1409555182.93
0.278 0.978318168873 0.0268614208322 9.21813333333 1.0 0.892044444444 60.75 85.0092713237 0.675147262175 1409555184.38
0.302 0.978893693716 0.0240236487094 9.35413333333 1.0 0.0910222222222 42.375 59.8816392124 0.655984749919 1409555185.89
0.323 0.980197924932 0.0280331491975 9.60368888889 1.0 0.3132 42.375 59.8816392124 0.660517483364 1409555187.41
0.314 0.981106894752 0.0335570379113 9.34911111111 1.0 0.387422222222 42.375 59.8816392124 0.673088030894 1409555188.81
0.27 0.981426258271 0.0310229798404 9.1468 1.0 0.4428 42.375 59.8816392124 0.716038860178 1409555190.27
0.264 0.981614293634 0.0255598434601 8.82688888889 1.0 0.5028 42.375 59.8816392124 0.737215923922 1409555191.81
0.282 0.982538978479 0.0229123090289 8.78844444444 1.0 0.544266666667 42.375 59.8816392124 0.740604565812 1409555193.3
0.264 0.982735612204 0.0203567048137 8.46511111111 1.0 0.590311111111 42.375 59.8816392124 0.734426490345 1409555194.75
0.261 0.983790301952 0.0211970034419 8.49822222222 1.0 0.617644444444 42.375 59.8816392124 0.781085134334 1409555196.09
0.246 0.984537500126 0.0206963942623 8.81786666667 1.0 0.633066666667 42.375 59.8816392124 0.768987243282 1409555197.67
0.292 0.984735433021 0.0229104947905 9.14977777778 1.0 0.6512 42.375 59.8816392124 0.755459344742 1409555199.19
0.29 0.984441363467 0.0194718552349 9.31497777778 1.0 0.675466666667 42.375 59.8816392124 0.759622772018 1409555200.46
0.239 0.984087018173 0.0136475967038 9.4004 1.0 0.700488888889 42.375 59.8816392124 0.757426811673 1409555201.87
0.236 0.98467666531 0.0134124617064 9.64306666667 1.0 0.712311111111 42.375 59.8816392124 0.776654036755 1409555203.3
0.232 0.985732298742 0.0148203829711 9.96724444444 1.0 0.724355555556 42.375 59.8816392124 0.779673916427 1409555204.67
0.239 0.987548327446 0.0148880291921 10.2581333333 1.0 0.736666666667 42.375 59.8816392124 0.818617512923 1409555206.22
0.215 0.988409808046 0.0163994451057 10.7260444444 1.0 0.744177777778 42.375 59.8816392124 0.819589478071 1409555207.67
0.232 0.988610739413 0.0173880740391 11.1729777778 1.0 0.751288888889 42.375 59.8816392124 0.800942408096 1409555209.08
0.23 0.98843045928 0.0165024143766 11.6391111111 1.0 0.757333333333 42.375 59.8816392124 0.808222165316 1409555210.44
0.213 0.989420542076 0.0193749859776 12.0165333333 1.0 0.762666666667 42.375 59.8816392124 0.803290297518 1409555211.71
0.217 0.989474034118 0.0175684030299 12.4460888889 1.0 0.767422222222 42.375 59.8816392124 0.81897727933 1409555213.02
0.245 0.989764850002 0.0221838008682 12.4541333333 1.0 0.780533333333 42.375 59.8816392124 0.813984297582 1409555214.29
0.238 0.989511281176 0.0228198107754 12.6326222222 1.0 0.792577777778 42.375 59.8816392124 0.813026709572 1409555215.72
0.235 0.988453293299 0.0230164704453 12.0418222222 1.0 0.822533333333 42.375 59.8816392124 0.791773502621 1409555217.15
0.247 0.987888049364 0.0221901181875 12.3584 1.0 0.830133333333 42.375 59.8816392124 0.79052540207 1409555218.51
0.247 0.987070566461 0.0242627434408 12.7825333333 1.0 0.833155555556 42.375 59.8816392124 0.805901670475 1409555219.6
0.268 0.98608089918 0.024265902885 13.1551111111 1.0 0.836177777778 42.375 59.8816392124 0.803327142542 1409555220.96
0.238 0.985662403869 0.0212198519839 13.3170666667 1.0 0.846577777778 42.375 59.8816392124 0.780446094544 1409555222.5
0.241 0.986214322184 0.0214153933718 13.5423111111 1.0 0.853333333333 42.375 59.8816392124 0.771003126576 1409555223.77
0.253 0.985770797145 0.023145059536 13.4191111111 1.0 0.868133333333 42.375 59.8816392124 0.753105323613 1409555224.9
0.242 0.985049701654 0.0171438188582 13.9851111111 1.0 0.869866666667 42.375 59.8816392124 0.768525201715 1409555226.18
0.246 0.985427341954 0.0173824750885 14.3636444444 1.0 0.874311111111 42.375 59.8816392124 0.785625202961 1409555227.65
0.224 0.986939932682 0.0164307997906 14.6466222222 1.0 0.882311111111 42.375 59.8816392124 0.805753809652 1409555229.08
0.23 0.9881600244 0.0169849871973 14.8871111111 1.0 0.893333333333 42.375 59.8816392124 0.807966079907 1409555230.46
0.212 0.988361435885 0.0193049460062 15.236 1.0 0.164933333333 37.6875 52.7186766714 0.80636243685 1409555231.91
0.21 0.987376075863 0.022979216629 15.4574666667 1.0 0.238133333333 37.6875 52.7186766714 0.781707300084 1409555233.29
0.239 0.986427018431 0.0219946388191 15.4294222222 1.0 0.2808 37.6875 52.7186766714 0.767981138998 1409555234.76
0.213 0.985685468826 0.0175805386862 15.9403111111 1.0 0.292844444444 37.6875 52.7186766714 0.756009136753 1409555236.31
0.202 0.985043590451 0.013713621716 16.6157333333 1.0 0.298844444444 37.6875 52.7186766714 0.765772826798 1409555237.71
0.224 0.986171797296 0.0101093322223 17.1786666667 1.0 0.312222222222 37.6875 52.7186766714 0.772514778023 1409555239.12
0.21 0.988185438564 0.0136511026106 17.6573777778 1.0 0.331422222222 37.6875 52.7186766714 0.764941737474 1409555240.51
0.24 0.988831446021 0.0174804794217 17.9976888889 1.0 0.350755555556 37.6875 52.7186766714 0.78964489527 1409555241.64
0.211 0.98906691857 0.0195591978079 18.0762666667 1.0 0.380177777778 37.6875 52.7186766714 0.782838325158 1409555243.13
0.244 0.988518976639 0.0219836890901 18.1098666667 1.0 0.408577777778 37.6875 52.7186766714 0.790485499778 1409555244.43
0.24 0.988941312014 0.0206792621873 18.1045777778 1.0 0.434311111111 37.6875 52.7186766714 0.807831919525 1409555245.56
0.243 0.988586408036 0.0205623066439 18.2854222222 1.0 0.454666666667 37.6875 52.7186766714 0.791829458059 1409555246.93
0.243 0.988292905318 0.0202960679157 18.1832888889 1.0 0.479822222222 37.6875 52.7186766714 0.803472176329 1409555248.27
0.26 0.987921812499 0.0272901941445 17.7713333333 1.0 0.510088888889 37.6875 52.7186766714 0.799805169278 1409555249.64
0.253 0.985935772759 0.0327451881996 17.7978222222 1.0 0.531733333333 37.6875 52.7186766714 0.783853685075 1409555251.07
0.28 0.983713601953 0.0317043856452 17.2963111111 1.0 0.565822222222 37.6875 52.7186766714 0.755970775954 1409555252.65
0.292 0.981627326536 0.0268742671318 16.5682222222 1.0 0.601377777778 37.6875 52.7186766714 0.746860524952 1409555254.05
0.307 0.980535976909 0.0274257749326 16.2614666667 1.0 0.6288 37.6875 52.7186766714 0.746846793451 1409555255.45
0.307 0.979530631011 0.0259764211103 15.7889333333 1.0 0.660533333333 37.6875 52.7186766714 0.735085258026 1409555256.82
0.296 0.977955063461 0.0247844357939 15.3139555556 1.0 0.688311111111 37.6875 52.7186766714 0.741186713131 1409555258.1
0.29 0.976675804758 0.0259074821394 14.7282222222 1.0 0.716355555556 37.6875 52.7186766714 0.723199581983 1409555259.53
0.325 0.976990874521 0.0266976780149 14.1026666667 1.0 0.744933333333 37.6875 52.7186766714 0.728679374312 1409555260.81
0.278 0.978425958961 0.0319819747374 13.7227555556 1.0 0.767377777778 37.6875 52.7186766714 0.718448439963 1409555262.02
0.287 0.978074941512 0.0343838668555 13.5557333333 1.0 0.782266666667 37.6875 52.7186766714 0.730882370981 1409555263.59
0.288 0.977010488069 0.0318620202245 12.9710666667 1.0 0.808355555556 37.6875 52.7186766714 0.707273337319 1409555265.2
0.252 0.977392545035 0.0268827320898 12.6980444444 1.0 0.825688888889 37.6875 52.7186766714 0.718320074337 1409555266.8
0.233 0.977603163527 0.0254126813279 11.9044888889 1.0 0.851466666667 37.6875 52.7186766714 0.721309968387 1409555268.31
0.249 0.977306319313 0.0283680803252 11.5705777778 1.0 0.868088888889 37.6875 52.7186766714 0.719796679099 1409555269.68
0.266 0.977546027877 0.0342934601315 11.6410666667 1.0 0.8756 37.6875 52.7186766714 0.730651289294 1409555270.87
0.274 0.97727686712 0.0338935217981 10.974 1.0 0.8952 37.6875 52.7186766714 0.715026514791 1409555272.5
0.262 0.977720995609 0.0328179789809 11.3922222222 1.0 0.897022222222 37.6875 52.7186766714 0.732369152635 1409555273.65
0.276 0.979488409263 0.0343231864368 11.4303555556 1.0 0.244577777778 34.34375 47.9397712275 0.746338548832 1409555274.89
0.294 0.980026498298 0.0322768252578 11.0724444444 1.0 0.316044444444 34.34375 47.9397712275 0.740129084352 1409555276.43
0.285 0.979442992279 0.0337517250301 10.9389777778 1.0 0.374577777778 34.34375 47.9397712275 0.717986339863 1409555278.1
0.308 0.977735884954 0.0320967688455 10.8299111111 1.0 0.440044444444 34.34375 47.9397712275 0.683865151129 1409555279.7
0.323 0.976650757975 0.0282075623413 10.6393777778 1.0 0.490488888889 34.34375 47.9397712275 0.676865952018 1409555281.4
0.343 0.977210748666 0.0256490857423 10.4952 1.0 0.536355555556 34.34375 47.9397712275 0.704997917302 1409555282.86
0.298 0.979025597126 0.0305203836648 10.1916444444 1.0 0.5884 34.34375 47.9397712275 0.726850669291 1409555284.55
0.304 0.979758603488 0.0334373365845 9.49013333333 1.0 0.650844444444 34.34375 47.9397712275 0.737966363179 1409555286.14
0.293 0.978790052714 0.0300799952682 9.75511111111 1.0 0.668266666667 34.34375 47.9397712275 0.741250179892 1409555287.78
0.297 0.977832783372 0.0289832238268 10.1752444444 1.0 0.675155555556 34.34375 47.9397712275 0.710993521525 1409555289.19
0.298 0.97657026582 0.0237161511047 10.5435111111 1.0 0.686488888889 34.34375 47.9397712275 0.712026700613 1409555290.76
0.283 0.9769429522 0.0204557676666 10.9308444444 1.0 0.700044444444 34.34375 47.9397712275 0.716824591673 1409555292.32
0.268 0.97864356473 0.0181141206295 11.2429333333 1.0 0.722666666667 34.34375 47.9397712275 0.754779715481 1409555293.84
0.263 0.980141162981 0.0188653904517 11.5778666667 1.0 0.7392 34.34375 47.9397712275 0.76195773564 1409555295.38
0.26 0.982384895775 0.0148544326509 11.9512444444 1.0 0.748444444444 34.34375 47.9397712275 0.744635942272 1409555296.68
0.237 0.985085347132 0.0176488178324 12.5205777778 1.0 0.751866666667 34.34375 47.9397712275 0.768738110638 1409555298.04
0.229 0.985827078146 0.0169219596079 13.0929333333 1.0 0.756444444444 34.34375 47.9397712275 0.781070494314 1409555299.18
0.222 0.986101857857 0.0179571716282 13.7224444444 1.0 0.757333333333 34.34375 47.9397712275 0.789522156538 1409555300.3
0.211 0.986972171938 0.0181884403622 14.2520888889 1.0 0.758533333333 34.34375 47.9397712275 0.783456140912 1409555301.4
0.205 0.987616255646 0.0163673285087 14.7517333333 1.0 0.760533333333 34.34375 47.9397712275 0.780506243493 1409555302.59
0.211 0.987580010205 0.0140657537837 15.1990222222 1.0 0.760533333333 34.34375 47.9397712275 0.780779015203 1409555303.98
0.196 0.987225225299 0.0153413678257 15.6054222222 1.0 0.760622222222 34.34375 47.9397712275 0.79297603423 1409555305.27
0.194 0.987770187751 0.0202069688269 16.0884 1.0 0.760622222222 34.34375 47.9397712275 0.820269137024 1409555306.35
0.209 0.98833723445 0.0264356521175 16.5129333333 1.0 0.761777777778 34.34375 47.9397712275 0.818385657244 1409555307.39
0.231 0.988242786321 0.0288780454248 16.9371111111 1.0 0.764311111111 34.34375 47.9397712275 0.809034370659 1409555308.58
0.218 0.987202945008 0.0273953279476 17.2010666667 1.0 0.769066666667 34.34375 47.9397712275 0.831334243253 1409555309.82
0.289 0.98598587908 0.0239864128396 17.4706222222 1.0 0.770888888889 34.34375 47.9397712275 0.800103298012 1409555311.0
0.286 0.985011561793 0.0227147049582 17.7566222222 1.0 0.772888888889 34.34375 47.9397712275 0.790937713407 1409555312.14
0.271 0.984545740412 0.0206028637921 18.0784444444 1.0 0.774933333333 34.34375 47.9397712275 0.779316930195 1409555313.33
0.267 0.984693261328 0.0260278911124 18.1772 1.0 0.782311111111 34.34375 47.9397712275 0.782419598055 1409555314.46
0.235 0.984954681227 0.0294970838132 18.4558222222 1.0 0.788977777778 34.34375 47.9397712275 0.803406675937 1409555315.57
0.228 0.984783024463 0.0304662168124 18.6249333333 1.0 0.796533333333 34.34375 47.9397712275 0.809096833992 1409555316.76
0.248 0.983715399764 0.0339770397471 18.6732444444 1.0 0.806533333333 34.34375 47.9397712275 0.804073228202 1409555318.24
0.261 0.982607836513 0.0390292734468 18.558 1.0 0.820133333333 34.34375 47.9397712275 0.792523684771 1409555319.7
0.267 0.982114583232 0.0413919156815 18.1513777778 1.0 0.838488888889 34.34375 47.9397712275 0.76499331933 1409555321.28
0.28 0.981813420952 0.03770134171 18.0116888889 1.0 0.850444444444 34.34375 47.9397712275 0.721933866078 1409555322.45
0.299 0.981249041807 0.0326463083347 17.9039111111 1.0 0.859377777778 34.34375 47.9397712275 0.711258495871 1409555323.9
0.301 0.979808634953 0.0353174643908 17.4887555556 1.0 0.869688888889 34.34375 47.9397712275 0.704881176078 1409555325.07
0.303 0.978410819216 0.0341968742897 16.9544888889 1.0 0.879511111111 34.34375 47.9397712275 0.726781391086 1409555326.36
0.309 0.97877835161 0.0347473894371 16.7120444444 1.0 0.888666666667 34.34375 47.9397712275 0.728773682531 1409555327.95
0.3 0.978462334152 0.0317682750454 16.2320444444 1.0 0.898577777778 34.34375 47.9397712275 0.709950717755 1409555329.48
0.328 0.978275805538 0.0406912396295 15.6712444444 1.0 0.254488888889 37.671875 52.0284531377 0.703124895755 1409555331.27
0.321 0.978150467706 0.0364072131849 14.5380888889 1.0 0.388044444444 37.671875 52.0284531377 0.693748137735 1409555333.04
0.349 0.978287417201 0.0282523363825 12.7888888889 1.0 0.460044444444 37.671875 52.0284531377 0.686079445648 1409555334.51
0.325 0.979286978984 0.0203620764503 12.1870222222 1.0 0.500577777778 37.671875 52.0284531377 0.694498538565 1409555335.94
0.301 0.981723298993 0.0210372311805 12.1339111111 1.0 0.533288888889 37.671875 52.0284531377 0.711272439057 1409555337.25
0.266 0.983286425134 0.0175660768767 12.5322666667 1.0 0.558844444444 37.671875 52.0284531377 0.741004292881 1409555338.77
0.285 0.98420400587 0.018244493738 12.7921333333 1.0 0.570933333333 37.671875 52.0284531377 0.743276033059 1409555340.19
0.251 0.984549432488 0.0238899856565 12.9041777778 1.0 0.586622222222 37.671875 52.0284531377 0.759788111589 1409555341.3
0.24 0.984911104381 0.0260784912184 13.0065333333 1.0 0.600088888889 37.671875 52.0284531377 0.783000546338 1409555342.61
0.26 0.983933995553 0.0296410025649 13.0814222222 1.0 0.613555555556 37.671875 52.0284531377 0.800394190494 1409555344.06
0.279 0.982169681251 0.0281498989576 13.3774222222 1.0 0.627466666667 37.671875 52.0284531377 0.774407547861 1409555345.52
0.289 0.980622861027 0.0262988760607 13.4702666667 1.0 0.647688888889 37.671875 52.0284531377 0.736588136965 1409555347.05
0.318 0.978978450951 0.0198017701127 13.6373777778 1.0 0.666177777778 37.671875 52.0284531377 0.719520881417 1409555348.37
0.292 0.979476496953 0.0200121020087 13.5313777778 1.0 0.698444444444 37.671875 52.0284531377 0.706907480762 1409555349.8
0.266 0.981251351947 0.0276063259526 13.4314666667 1.0 0.7184 37.671875 52.0284531377 0.718196194042 1409555351.13
0.272 0.982048020034 0.0317078837104 13.2588444444 1.0 0.742666666667 37.671875 52.0284531377 0.703805653269 1409555352.39
0.283 0.981966932487 0.0285238332662 13.3722222222 1.0 0.754977777778 37.671875 52.0284531377 0.70341779589 1409555353.88
0.27 0.981344026223 0.0234880047196 13.4141333333 1.0 0.7644 37.671875 52.0284531377 0.708439027672 1409555355.33
0.273 0.981984019309 0.0220217294609 13.4017777778 1.0 0.7728 37.671875 52.0284531377 0.728295552978 1409555356.78
0.287 0.982059907905 0.0242013752842 13.5954222222 1.0 0.780088888889 37.671875 52.0284531377 0.729807616495 1409555358.21
0.307 0.981221088467 0.0256111077306 13.3805777778 1.0 0.795822222222 37.671875 52.0284531377 0.733275791302 1409555359.39
0.331 0.980809944845 0.0237632334419 13.2486666667 1.0 0.808044444444 37.671875 52.0284531377 0.721272880571 1409555360.56
0.28 0.981475937324 0.0214680526164 13.2854666667 1.0 0.818133333333 37.671875 52.0284531377 0.696722487666 1409555362.16
0.275 0.982338344992 0.0267209005969 13.2189777778 1.0 0.829155555556 37.671875 52.0284531377 0.695576093615 1409555363.6
0.249 0.982613597885 0.0357615816815 12.4467555556 1.0 0.8516 37.671875 52.0284531377 0.720720124571 1409555365.02
0.237 0.981156011065 0.0348329621589 12.4537777778 1.0 0.858666666667 37.671875 52.0284531377 0.732596675288 1409555366.47
0.264 0.979289640369 0.0322216501712 12.6888888889 1.0 0.861955555556 37.671875 52.0284531377 0.72761474606 1409555368.06
0.287 0.97755516942 0.0338991570065 12.5819555556 1.0 0.869866666667 37.671875 52.0284531377 0.708556930016 1409555369.55
0.326 0.976491576683 0.0347328365353 12.236 1.0 0.876133333333 37.671875 52.0284531377 0.710536364293 1409555370.83
0.305 0.976889252098 0.0343552599753 11.9615111111 1.0 0.882488888889 37.671875 52.0284531377 0.717908606918 1409555372.17
0.321 0.977241792836 0.0271717303842 11.9257333333 1.0 0.89 37.671875 52.0284531377 0.741720967028 1409555373.6
0.288 0.977930318552 0.0264985893807 11.1666666667 1.0 0.178177777778 34.3359375 48.0450140368 0.745982119577 1409555375.15
0.279 0.97814279742 0.0211536910528 10.5117333333 1.0 0.317288888889 34.3359375 48.0450140368 0.72370230727 1409555376.44
0.249 0.978760017129 0.0236552771711 10.4562666667 1.0 0.350755555556 34.3359375 48.0450140368 0.740044118613 1409555377.64
0.242 0.978543477186 0.0240747260291 10.3596888889 1.0 0.378888888889 34.3359375 48.0450140368 0.749813472429 1409555378.8
0.273 0.978734045155 0.0266883220615 9.98226666667 1.0 0.412355555556 34.3359375 48.0450140368 0.750699046706 1409555379.9
0.287 0.979685290611 0.0292826223515 9.77146666667 1.0 0.447511111111 34.3359375 48.0450140368 0.736729727056 1409555381.15
0.274 0.979066017493 0.0313019568949 9.20084444444 1.0 0.491688888889 34.3359375 48.0450140368 0.718931050913 1409555382.65
0.332 0.978188281622 0.0283266951006 8.94675555556 1.0 0.540977777778 34.3359375 48.0450140368 0.73006217734 1409555384.19
0.3 0.978522307709 0.0251935998599 9.13635555556 1.0 0.572133333333 34.3359375 48.0450140368 0.72167171111 1409555385.69
0.274 0.979630999296 0.0221750454993 8.99573333333 1.0 0.606 34.3359375 48.0450140368 0.721844496614 1409555387.15
0.28 0.980743667677 0.0247956199256 9.02084444444 1.0 0.638888888889 34.3359375 48.0450140368 0.752941509017 1409555388.71
0.266 0.980520085694 0.0224396614904 9.32684444444 1.0 0.6572 34.3359375 48.0450140368 0.738182878176 1409555390.12
0.276 0.980831027941 0.0222915199157 9.34013333333 1.0 0.681511111111 34.3359375 48.0450140368 0.731823853581 1409555391.73
0.254 0.981683310542 0.0213571741707 9.6332 1.0 0.696577777778 34.3359375 48.0450140368 0.746285996734 1409555393.14
0.27 0.982429084527 0.0194836263429 9.56662222222 1.0 0.717111111111 34.3359375 48.0450140368 0.768893017113 1409555394.33
0.296 0.983651750604 0.0249897098934 9.5876 1.0 0.739111111111 34.3359375 48.0450140368 0.780599879179 1409555395.52
0.282 0.983947809576 0.0276102665187 9.8984 1.0 0.754888888889 34.3359375 48.0450140368 0.771274647951 1409555396.93
0.258 0.98418679142 0.0243902851977 10.4855111111 1.0 0.758844444444 34.3359375 48.0450140368 0.779334654506 1409555398.09
0.249 0.984766470036 0.0234068658803 11.0813333333 1.0 0.760666666667 34.3359375 48.0450140368 0.796680165971 1409555399.52
0.233 0.986177080332 0.0222927745944 11.4462222222 1.0 0.768622222222 34.3359375 48.0450140368 0.810884314884 1409555401.06
0.256 0.987299440871 0.0235413786057 11.7288888889 1.0 0.777733333333 34.3359375 48.0450140368 0.822757614155 1409555402.47
0.231 0.987827508538 0.0242714945623 12.2724888889 1.0 0.779022222222 34.3359375 48.0450140368 0.833886708422 1409555403.6
0.242 0.987529491519 0.02329300689 12.7884 1.0 0.782311111111 34.3359375 48.0450140368 0.839325322039 1409555404.74
0.219 0.98707036743 0.0222909369561 13.2303555556 1.0 0.786711111111 34.3359375 48.0450140368 0.811908875811 1409555406.04
0.227 0.986555015627 0.0189711262671 13.5361777778 1.0 0.795777777778 34.3359375 48.0450140368 0.802168873596 1409555407.16
0.208 0.986166705269 0.0233339513384 13.7229777778 1.0 0.807555555556 34.3359375 48.0450140368 0.780063777994 1409555408.27
0.225 0.985021723823 0.0276275902679 13.7787111111 1.0 0.817822222222 34.3359375 48.0450140368 0.795786658085 1409555409.64
0.247 0.983511056763 0.0258360021444 14.1103111111 1.0 0.818755555556 34.3359375 48.0450140368 0.769064025411 1409555411.1
0.261 0.982243030776 0.0224515771721 14.6885777778 1.0 0.818755555556 34.3359375 48.0450140368 0.766064676345 1409555412.53
0.229 0.982190163853 0.0269013193956 15.2036888889 1.0 0.818755555556 34.3359375 48.0450140368 0.746185969382 1409555414.03
0.239 0.983239809873 0.0266932609048 15.5949777778 1.0 0.818755555556 34.3359375 48.0450140368 0.764670928559 1409555415.51
0.224 0.9835902307 0.025469228385 16.0319111111 1.0 0.818755555556 34.3359375 48.0450140368 0.796366081461 1409555416.77
0.249 0.984257016908 0.0230322549865 16.5707111111 1.0 0.818755555556 34.3359375 48.0450140368 0.829478341374 1409555418.36
0.236 0.983310468606 0.0179771570377 17.1688444444 1.0 0.818755555556 34.3359375 48.0450140368 0.824436321751 1409555419.57
0.195 0.984027371985 0.0168377764894 17.7066666667 1.0 0.818755555556 34.3359375 48.0450140368 0.816634350469 1409555420.95
0.21 0.984721897964 0.0156438947554 18.2492 1.0 0.818755555556 34.3359375 48.0450140368 0.828779202418 1409555422.1
0.216 0.985755659789 0.0159836725192 18.8048 1.0 0.818755555556 34.3359375 48.0450140368 0.849526086416 1409555423.29
0.221 0.988217354874 0.0170272095568 19.3352444444 1.0 0.818755555556 34.3359375 48.0450140368 0.860932371494 1409555424.87
0.209 0.989500553561 0.0180074026557 19.9308888889 1.0 0.818755555556 34.3359375 48.0450140368 0.875205982648 1409555426.32
0.199 0.989038098448 0.018078667113 20.4808888889 1.0 0.818755555556 34.3359375 48.0450140368 0.85934165115 1409555427.58
0.222 0.989253046271 0.0173472402777 20.8636 1.0 0.818755555556 34.3359375 48.0450140368 0.861174937529 1409555428.58
0.197 0.988921007694 0.0188021983082 21.2376 1.0 0.818755555556 34.3359375 48.0450140368 0.827351085044 1409555429.83
0.223 0.98836681899 0.0216416489677 21.5 1.0 0.818755555556 34.3359375 48.0450140368 0.802840711222 1409555431.18
0.225 0.988190170392 0.0266645451778 21.9241333333 1.0 0.818755555556 34.3359375 48.0450140368 0.81682045409 1409555432.57
0.212 0.988019965805 0.0278664873941 22.2937333333 1.0 0.818755555556 34.3359375 48.0450140368 0.838776077066 1409555433.8
0.225 0.987471622559 0.0253168763821 22.6846666667 1.0 0.818755555556 34.3359375 48.0450140368 0.822659834147 1409555435.37
0.221 0.985941828016 0.0214146271614 23.0761777778 1.0 0.818755555556 34.3359375 48.0450140368 0.798308738215 1409555436.8
0.223 0.984989105998 0.0194441590998 23.3750222222 1.0 0.818755555556 34.3359375 48.0450140368 0.793164252504 1409555438.26
0.208 0.985103961653 0.018325210393 23.6980444444 1.0 0.818755555556 34.3359375 48.0450140368 0.782718018766 1409555439.62
0.238 0.984490452486 0.0146211744686 23.8657777778 1.0 0.818755555556 34.3359375 48.0450140368 0.778072871729 1409555440.87
0.227 0.986293246283 0.0142821094946 23.9165333333 1.0 0.818755555556 34.3359375 48.0450140368 0.806202317499 1409555442.27
0.226 0.987716216086 0.0160647690179 24.0383555556 1.0 0.8188 34.3359375 48.0450140368 0.798712992571 1409555443.68
0.228 0.98747938008 0.0183279100172 24.1801777778 1.0 0.819244444444 34.3359375 48.0450140368 0.78751449003 1409555445.07
0.268 0.986899252479 0.0170096225234 23.9683111111 1.0 0.821155555556 34.3359375 48.0450140368 0.766857875238 1409555446.3
0.246 0.986912011874 0.0151626746449 24.5512888889 1.0 0.821155555556 34.3359375 48.0450140368 0.776101588377 1409555447.61
0.219 0.987599755623 0.0146229382163 24.8719555556 1.0 0.8256 34.3359375 48.0450140368 0.788692636786 1409555449.01
0.263 0.988152021262 0.015215445082 24.7585777778 1.0 0.837688888889 34.3359375 48.0450140368 0.798998808028 1409555450.08
0.196 0.987537564777 0.0156444089392 24.6480888889 1.0 0.847022222222 34.3359375 48.0450140368 0.789547143903 1409555451.21
0.201 0.98616382766 0.0173836538799 24.5411555556 1.0 0.855511111111 34.3359375 48.0450140368 0.789960548124 1409555452.33
0.222 0.985577053699 0.0178266162313 24.2170222222 1.0 0.867377777778 34.3359375 48.0450140368 0.813173790755 1409555453.51
0.219 0.985250390226 0.0217340574058 24.2108444444 1.0 0.871688888889 34.3359375 48.0450140368 0.810047675507 1409555454.98
0.206 0.984868186039 0.0243546751423 24.0307111111 1.0 0.874977777778 34.3359375 48.0450140368 0.811817643294 1409555456.46
0.245 0.983512094531 0.0247368518019 23.2327555556 1.0 0.883422222222 34.3359375 48.0450140368 0.784946524722 1409555457.91
0.287 0.981638219008 0.0308230189673 22.5512888889 1.0 0.888666666667 34.3359375 48.0450140368 0.754012679341 1409555459.35
0.315 0.979312284678 0.0314815376661 21.7571111111 1.0 0.895466666667 34.3359375 48.0450140368 0.749550122874 1409555460.84
0.314 0.978141485055 0.0256617689397 20.8598222222 1.0 0.2584 49.66796875 67.6550615495 0.738103257367 1409555462.29
0.29 0.977584421234 0.0280459360765 20.3789333333 1.0 0.3536 49.66796875 67.6550615495 0.74789560344 1409555463.54
0.295 0.977972983043 0.0308709073888 19.8364444444 1.0 0.398355555556 49.66796875 67.6550615495 0.777591833919 1409555464.83
0.282 0.978212324788 0.0375898826709 19.2411111111 1.0 0.440711111111 49.66796875 67.6550615495 0.763793241494 1409555466.15
0.343 0.977058321264 0.034406237184 18.6320888889 1.0 0.474933333333 49.66796875 67.6550615495 0.730548160956 1409555467.74
0.382 0.977172834975 0.033508401892 17.2776888889 1.0 0.525422222222 49.66796875 67.6550615495 0.703263420435 1409555469.08
0.375 0.977792679747 0.0349773455077 16.2310666667 1.0 0.566933333333 49.66796875 67.6550615495 0.723599089395 1409555470.45
0.346 0.977835253487 0.0441322434816 14.4214222222 1.0 0.610577777778 49.66796875 67.6550615495 0.714545253538 1409555471.82
0.364 0.97530330281 0.045496043222 12.6455555556 1.0 0.652977777778 49.66796875 67.6550615495 0.705139431005 1409555473.24
0.371 0.972658020698 0.0399980865145 11.6841333333 1.0 0.686888888889 49.66796875 67.6550615495 0.733496012023 1409555474.93
0.334 0.971306332097 0.0314280944784 11.4684444444 1.0 0.705777777778 49.66796875 67.6550615495 0.742937782626 1409555476.48
0.36 0.972181172172 0.031573975387 11.0033777778 1.0 0.736711111111 49.66796875 67.6550615495 0.714758669625 1409555477.99
0.342 0.973035372544 0.0273752048148 10.5918222222 1.0 0.762177777778 49.66796875 67.6550615495 0.756200074825 1409555479.35
0.284 0.975130529635 0.0230302266661 10.4363555556 1.0 0.780088888889 49.66796875 67.6550615495 0.778454406378 1409555481.09
0.259 0.978009959116 0.0213852585644 10.5421333333 1.0 0.793733333333 49.66796875 67.6550615495 0.792155091471 1409555482.88
0.221 0.980660125056 0.0219014687531 10.7102666667 1.0 0.811733333333 49.66796875 67.6550615495 0.80171079311 1409555484.48
0.294 0.981843276503 0.0247593787867 10.9930222222 1.0 0.8288 49.66796875 67.6550615495 0.782834791974 1409555485.97
0.278 0.981945923539 0.0252051159592 11.0237777778 1.0 0.850088888889 49.66796875 67.6550615495 0.763803773216 1409555487.55
0.272 0.981759667877 0.0298170148708 11.1593333333 1.0 0.860266666667 49.66796875 67.6550615495 0.75610505376 1409555489.18
0.315 0.98142078991 0.0300685514293 10.8335111111 1.0 0.875288888889 49.66796875 67.6550615495 0.748706743867 1409555490.57
0.281 0.981551112658 0.0269065398371 10.7282222222 1.0 0.888177777778 49.66796875 67.6550615495 0.758065631514 1409555492.13
0.276 0.981782431153 0.0277595074347 10.7676 1.0 0.897555555556 49.66796875 67.6550615495 0.766906486661 1409555493.72
0.245 0.98124304836 0.0268527781187 11.0670222222 1.0 0.211422222222 35.833984375 50.2779653403 0.80724473251 1409555495.12
0.271 0.980259431022 0.0253427004257 11.4661777778 1.0 0.298355555556 35.833984375 50.2779653403 0.815901664798 1409555496.68
0.268 0.978900709481 0.0231395643299 11.8777333333 1.0 0.335066666667 35.833984375 50.2779653403 0.801871341647 1409555498.28
0.265 0.979431962884 0.0205785230669 12.3047555556 1.0 0.369022222222 35.833984375 50.2779653403 0.788424597216 1409555499.96
0.298 0.980917582773 0.0254742955131 12.5823555556 1.0 0.415333333333 35.833984375 50.2779653403 0.790786079532 1409555501.32
0.287 0.981189636151 0.032733251223 12.7038222222 1.0 0.459288888889 35.833984375 50.2779653403 0.777632243209 1409555502.54
0.259 0.980447855973 0.0415276980439 12.6430666667 1.0 0.506622222222 35.833984375 50.2779653403 0.751079239453 1409555504.15
0.269 0.979253455099 0.0373379500623 12.5531111111 1.0 0.549466666667 35.833984375 50.2779653403 0.735020504592 1409555505.41
0.278 0.97894752196 0.0316793352927 12.3893777778 1.0 0.594755555556 35.833984375 50.2779653403 0.729972463601 1409555506.87
0.269 0.979784261338 0.027695174877 12.7538222222 1.0 0.6144 35.833984375 50.2779653403 0.737933359977 1409555508.42
0.267 0.979922491912 0.0245729593432 13.2089777778 1.0 0.621733333333 35.833984375 50.2779653403 0.766119191228 1409555509.91
0.274 0.979724375816 0.0239546679946 13.6474222222 1.0 0.624088888889 35.833984375 50.2779653403 0.759222662234 1409555511.19
0.27 0.980084968932 0.0251832338957 13.9869333333 1.0 0.625822222222 35.833984375 50.2779653403 0.743449132377 1409555512.4
0.278 0.981473586169 0.0262710087676 14.3845333333 1.0 0.629288888889 35.833984375 50.2779653403 0.742864250383 1409555513.58
0.246 0.983038668067 0.0266603524567 14.7585777778 1.0 0.640133333333 35.833984375 50.2779653403 0.741529930462 1409555514.73
0.267 0.984740020457 0.0296431461132 15.2795111111 1.0 0.647333333333 35.833984375 50.2779653403 0.761618094588 1409555515.8
0.23 0.985620999066 0.027558948438 15.6427555556 1.0 0.657111111111 35.833984375 50.2779653403 0.774886669396 1409555517.04
0.249 0.986791510079 0.0323709035578 15.9578222222 1.0 0.666577777778 35.833984375 50.2779653403 0.780630475764 1409555518.29
0.253 0.987245518242 0.0305893587736 16.3795111111 1.0 0.672577777778 35.833984375 50.2779653403 0.792501999292 1409555519.53
0.235 0.986277356241 0.0385307957841 16.5964888889 1.0 0.683644444444 35.833984375 50.2779653403 0.810074838151 1409555520.89
0.248 0.983693259954 0.0370422260959 16.8197333333 1.0 0.693333333333 35.833984375 50.2779653403 0.793078271335 1409555522.14
0.266 0.981055464029 0.0443812083991 16.2722666667 1.0 0.712622222222 35.833984375 50.2779653403 0.775605492645 1409555523.3
0.278 0.977313267803 0.0422332152454 14.1120888889 1.0 0.747244444444 35.833984375 50.2779653403 0.720306408204 1409555524.8
0.299 0.972653968444 0.0327055325314 13.0595111111 1.0 0.769555555556 35.833984375 50.2779653403 0.676071732709 1409555526.23
0.325 0.97023428903 0.0315539981658 12.5476444444 1.0 0.789644444444 35.833984375 50.2779653403 0.671900989292 1409555527.54
0.34 0.97084159419 0.0268355554507 12.3543555556 1.0 0.801022222222 35.833984375 50.2779653403 0.679223618751 1409555528.8
0.337 0.974544297046 0.0303135009605 12.3334222222 1.0 0.802533333333 35.833984375 50.2779653403 0.704121239191 1409555530.5
0.349 0.976696006697 0.028831389528 11.8133777778 1.0 0.807955555556 35.833984375 50.2779653403 0.70775758978 1409555532.26
0.338 0.97695884551 0.0222663328208 11.7786222222 1.0 0.811644444444 35.833984375 50.2779653403 0.731766360895 1409555533.88
0.302 0.978422781588 0.023807708991 11.7266222222 1.0 0.824133333333 35.833984375 50.2779653403 0.749964834492 1409555535.43
0.318 0.979053216391 0.0203338977109 11.6911111111 1.0 0.835733333333 35.833984375 50.2779653403 0.753337274948 1409555536.89
0.299 0.981003616909 0.019700044456 11.7078222222 1.0 0.8436 35.833984375 50.2779653403 0.780388788639 1409555538.15
0.266 0.982134816479 0.0227582978333 11.8653333333 1.0 0.856622222222 35.833984375 50.2779653403 0.78575962128 1409555539.34
0.265 0.981296015672 0.0263881817011 11.2374222222 1.0 0.885644444444 35.833984375 50.2779653403 0.781857332097 1409555540.66
0.271 0.980960402699 0.0255417890785 11.0172888889 1.0 0.897644444444 35.833984375 50.2779653403 0.760603010071 1409555542.23
0.294 0.980255290881 0.0232922651328 10.4538666667 1.0 0.211466666667 35.4169921875 49.4668476747 0.751492039936 1409555543.86
0.322 0.979912832589 0.0241205597929 9.97035555556 1.0 0.340577777778 35.4169921875 49.4668476747 0.742308493773 1409555545.13
0.284 0.980171438992 0.0275727980007 9.80346666667 1.0 0.378844444444 35.4169921875 49.4668476747 0.740340020016 1409555546.63
0.298 0.980107056525 0.0307583753278 9.5472 1.0 0.411244444444 35.4169921875 49.4668476747 0.720455948804 1409555547.91
0.29 0.979098915545 0.0338090243936 9.478 1.0 0.448088888889 35.4169921875 49.4668476747 0.702110578485 1409555549.44
0.314 0.976969406685 0.0325027102765 9.52275555556 1.0 0.479288888889 35.4169921875 49.4668476747 0.68818939007 1409555550.94
0.355 0.975743688369 0.0315867965351 8.94871111111 1.0 0.5448 35.4169921875 49.4668476747 0.68489488443 1409555552.54
0.318 0.975499493788 0.0260515450542 8.78493333333 1.0 0.59 35.4169921875 49.4668476747 0.714562739781 1409555554.18
0.296 0.976805087681 0.0265040999747 8.94168888889 1.0 0.623866666667 35.4169921875 49.4668476747 0.762550427896 1409555555.65
0.285 0.977873149618 0.0235863488747 8.92764444444 1.0 0.660933333333 35.4169921875 49.4668476747 0.772146303584 1409555557.26
0.308 0.979483083163 0.03004219235 8.82306666667 1.0 0.702755555556 35.4169921875 49.4668476747 0.747600853129 1409555558.69
0.298 0.979715030148 0.0325712233476 8.49084444444 1.0 0.741066666667 35.4169921875 49.4668476747 0.734686332666 1409555559.97
0.286 0.979431519763 0.0255976543584 8.2992 1.0 0.769288888889 35.4169921875 49.4668476747 0.754038029381 1409555561.18
0.311 0.97885734814 0.0239683299424 8.22608888889 1.0 0.784755555556 35.4169921875 49.4668476747 0.73799010357 1409555562.65
0.251 0.977609173248 0.0255417891505 8.31355555556 1.0 0.795911111111 35.4169921875 49.4668476747 0.771636192659 1409555564.31
0.266 0.975622546802 0.0203371950766 8.80075555556 1.0 0.7996 35.4169921875 49.4668476747 0.808931763253 1409555565.89
0.231 0.976605242376 0.0181726361279 9.49453333333 1.0 0.800488888889 35.4169921875 49.4668476747 0.830702237325 1409555567.21
0.232 0.979125648815 0.0225046215042 10.1393333333 1.0 0.8008 35.4169921875 49.4668476747 0.807229641338 1409555568.56
0.217 0.980084152736 0.0299891098604 10.8097333333 1.0 0.800933333333 35.4169921875 49.4668476747 0.827196594226 1409555569.84
0.225 0.981189718468 0.0295358823185 11.4759555556 1.0 0.8012 35.4169921875 49.4668476747 0.835094313167 1409555571.29
0.257 0.981605527121 0.0270444281524 12.0168444444 1.0 0.802533333333 35.4169921875 49.4668476747 0.815087481639 1409555572.83
0.241 0.980580193223 0.0256279483565 12.5670222222 1.0 0.8036 35.4169921875 49.4668476747 0.802135158732 1409555574.18
0.283 0.980366207956 0.0250078865905 13.0650222222 1.0 0.8036 35.4169921875 49.4668476747 0.792250846502 1409555575.34
0.281 0.981014381049 0.0265258836247 13.5037333333 1.0 0.803777777778 35.4169921875 49.4668476747 0.792708623009 1409555576.73
0.299 0.981163010863 0.0214733373365 13.7935555556 1.0 0.8044 35.4169921875 49.4668476747 0.784627883261 1409555578.08
0.236 0.981554852808 0.0218437193173 13.9206222222 1.0 0.807688888889 35.4169921875 49.4668476747 0.783253078597 1409555579.66
0.269 0.982149323324 0.0256192098947 13.8972888889 1.0 0.817155555556 35.4169921875 49.4668476747 0.791941860128 1409555581.12
0.283 0.98220428135 0.0301550212076 13.8347555556 1.0 0.818044444444 35.4169921875 49.4668476747 0.763712331999 1409555582.72
0.292 0.980806287807 0.0321570047617 13.3924444444 1.0 0.824888888889 35.4169921875 49.4668476747 0.758080707757 1409555584.24
0.266 0.979689871008 0.0306229044521 13.0547555556 1.0 0.842133333333 35.4169921875 49.4668476747 0.778462009943 1409555585.79
0.273 0.978538799476 0.0289782429816 12.7882222222 1.0 0.858177777778 35.4169921875 49.4668476747 0.779560494752 1409555587.34
0.279 0.97888027238 0.032673286259 12.6568888889 1.0 0.8672 35.4169921875 49.4668476747 0.801456823133 1409555588.65
0.26 0.979536356765 0.0285883573802 12.1958666667 1.0 0.881733333333 35.4169921875 49.4668476747 0.789215438036 1409555589.97
0.263 0.979608549371 0.0305279883715 11.7048444444 1.0 0.892844444444 35.4169921875 49.4668476747 0.780087608868 1409555591.28
0.248 0.97887885112 0.0309522512753 11.6578222222 1.0 0.899911111111 35.4169921875 49.4668476747 0.756762440352 1409555592.59
0.298 0.976996710685 0.0277147722452 11.4118666667 1.0 0.298044444444 35.2084960938 49.7217114054 0.717943858241 1409555593.95
0.328 0.974894725095 0.0247841840199 11.1756444444 1.0 0.363688888889 35.2084960938 49.7217114054 0.689901114404 1409555595.24
0.322 0.975099927572 0.0227402462546 10.8555111111 1.0 0.422533333333 35.2084960938 49.7217114054 0.677795923758 1409555596.62
0.36 0.975343262545 0.0200617264302 10.8032888889 1.0 0.4632 35.2084960938 49.7217114054 0.69336841122 1409555597.84
0.337 0.977212250913 0.0177600671047 10.3124 1.0 0.505111111111 35.2084960938 49.7217114054 0.692373602808 1409555599.16
0.3 0.979647791844 0.0176302201036 10.1671111111 1.0 0.531111111111 35.2084960938 49.7217114054 0.717987061343 1409555600.82
0.303 0.980562680291 0.0213282745882 9.63755555556 1.0 0.561822222222 35.2084960938 49.7217114054 0.734861381646 1409555602.37
0.295 0.980920871931 0.0257498380626 9.29737777778 1.0 0.591022222222 35.2084960938 49.7217114054 0.727160154961 1409555603.84
0.272 0.980615514752 0.0265679728724 8.92773333333 1.0 0.615822222222 35.2084960938 49.7217114054 0.729194982243 1409555605.32
0.281 0.981230916301 0.0306171175734 8.86933333333 1.0 0.638888888889 35.2084960938 49.7217114054 0.734367358135 1409555606.85
0.313 0.981314757144 0.0265288778728 8.95457777778 1.0 0.664044444444 35.2084960938 49.7217114054 0.725325445975 1409555608.38
0.299 0.983048727835 0.0239424216365 8.90071111111 1.0 0.695111111111 35.2084960938 49.7217114054 0.735387108706 1409555610.06
0.28 0.984024239695 0.0233239364262 8.91466666667 1.0 0.724977777778 35.2084960938 49.7217114054 0.746098580184 1409555611.62
0.278 0.984099945668 0.0234919751243 9.0644 1.0 0.743466666667 35.2084960938 49.7217114054 0.754616146076 1409555613.2
0.261 0.983915199676 0.0233379961802 8.79937777778 1.0 0.770044444444 35.2084960938 49.7217114054 0.771483096329 1409555614.75
0.277 0.984182631049 0.0259447014788 8.83222222222 1.0 0.784666666667 35.2084960938 49.7217114054 0.772783339475 1409555616.21
0.26 0.984797071416 0.0281112762493 9.02293333333 1.0 0.7956 35.2084960938 49.7217114054 0.770024403795 1409555617.68
0.271 0.984447496095 0.0209389874687 9.30484444444 1.0 0.806311111111 35.2084960938 49.7217114054 0.770226519026 1409555619.27
0.228 0.983900975991 0.0221749165133 9.82808888889 1.0 0.806533333333 35.2084960938 49.7217114054 0.771499869576 1409555620.78
0.258 0.982909129732 0.0233310645008 10.3585777778 1.0 0.806622222222 35.2084960938 49.7217114054 0.78274735711 1409555622.03
0.244 0.981989655565 0.0167971040888 10.8039555556 1.0 0.808044444444 35.2084960938 49.7217114054 0.775127381772 1409555623.51
0.264 0.983265712442 0.0191968358533 11.1428 1.0 0.813111111111 35.2084960938 49.7217114054 0.752804572232 1409555624.75
0.233 0.9835052797 0.0175295546003 11.5886222222 1.0 0.815155555556 35.2084960938 49.7217114054 0.781180491795 1409555626.2
0.255 0.983289534721 0.0202645445347 11.6780888889 1.0 0.824755555556 35.2084960938 49.7217114054 0.759505875306 1409555627.67
0.232 0.982878553278 0.02134330077 11.8723555556 1.0 0.831066666667 35.2084960938 49.7217114054 0.755049640497 1409555629.21
0.268 0.982886800813 0.0218353692687 12.0570666667 1.0 0.834488888889 35.2084960938 49.7217114054 0.742579701047 1409555630.46
0.266 0.982785877148 0.0236249168736 12.1927111111 1.0 0.840711111111 35.2084960938 49.7217114054 0.718605030088 1409555631.61
0.275 0.982106034567 0.0266597629861 12.2947111111 1.0 0.844488888889 35.2084960938 49.7217114054 0.725741782162 1409555632.73
0.274 0.982136128756 0.0259066723943 12.668 1.0 0.849866666667 35.2084960938 49.7217114054 0.727340754833 1409555634.21
0.264 0.98293251909 0.0318333059122 13.0556888889 1.0 0.855511111111 35.2084960938 49.7217114054 0.746337412494 1409555635.52
0.249 0.983541296267 0.0345357311519 13.3316 1.0 0.8628 35.2084960938 49.7217114054 0.759021655186 1409555636.75
0.258 0.984754572398 0.0377294590119 13.6969777778 1.0 0.865155555556 35.2084960938 49.7217114054 0.763414666998 1409555638.19
0.257 0.985873749655 0.036454791413 14.2593777778 1.0 0.865866666667 35.2084960938 49.7217114054 0.789352738143 1409555639.44
0.184 0.986574463785 0.0359083552486 14.8947111111 1.0 0.865866666667 35.2084960938 49.7217114054 0.823413097774 1409555640.79
0.22 0.987151031801 0.0333901817373 15.3015555556 1.0 0.865866666667 35.2084960938 49.7217114054 0.824008327107 1409555642.21
0.192 0.987652424099 0.0270146212329 15.7144 1.0 0.865866666667 35.2084960938 49.7217114054 0.832233769104 1409555643.52
0.219 0.988376789932 0.0298635669845 16.0662666667 1.0 0.865866666667 35.2084960938 49.7217114054 0.819368686198 1409555644.59
0.218 0.987761112728 0.0328577144559 16.0417333333 1.0 0.865866666667 35.2084960938 49.7217114054 0.805100002372 1409555645.89
0.229 0.987057855679 0.0329910926565 16.2993777778 1.0 0.865866666667 35.2084960938 49.7217114054 0.807168881505 1409555647.08
0.231 0.987003950302 0.0312027896494 16.8311111111 1.0 0.865866666667 35.2084960938 49.7217114054 0.81936681462 1409555648.56
0.237 0.986061640528 0.0324051311818 17.3273777778 1.0 0.865866666667 35.2084960938 49.7217114054 0.844524006856 1409555649.88
0.214 0.984231413618 0.0289763101747 17.7284 1.0 0.865866666667 35.2084960938 49.7217114054 0.856370636152 1409555651.41
0.212 0.983745220593 0.0224411322552 18.4084444444 1.0 0.865866666667 35.2084960938 49.7217114054 0.842357373041 1409555652.7
0.194 0.984234158056 0.0186470543566 19.068 1.0 0.865866666667 35.2084960938 49.7217114054 0.840094332052 1409555654.24
0.197 0.985477223416 0.0134129488367 19.7704 1.0 0.865866666667 35.2084960938 49.7217114054 0.841087570407 1409555655.62
0.208 0.985950361922 0.00817803502557 20.3147111111 1.0 0.865866666667 35.2084960938 49.7217114054 0.836521773586 1409555656.72
0.179 0.987314351357 0.00623961427966 20.8532888889 1.0 0.865866666667 35.2084960938 49.7217114054 0.858293941467 1409555657.81
0.159 0.988793748938 0.00933397049256 21.4229777778 1.0 0.865866666667 35.2084960938 49.7217114054 0.869502433441 1409555659.18
0.183 0.989247252651 0.0109058155063 21.9112 1.0 0.865866666667 35.2084960938 49.7217114054 0.883474799266 1409555660.43
0.17 0.99033608349 0.0155234495089 22.5612444444 1.0 0.865866666667 35.2084960938 49.7217114054 0.893912467488 1409555661.77
0.173 0.990607073144 0.0158615913761 23.1678222222 1.0 0.865866666667 35.2084960938 49.7217114054 0.88889533657 1409555663.16
0.18 0.990259000959 0.0154984944748 23.7785333333 1.0 0.865866666667 35.2084960938 49.7217114054 0.867735774551 1409555664.57
0.179 0.990425393197 0.0161410182023 24.3012444444 1.0 0.865866666667 35.2084960938 49.7217114054 0.863037474628 1409555665.98
0.175 0.989778663839 0.0118459460238 25.0259555556 1.0 0.865866666667 35.2084960938 49.7217114054 0.855544060851 1409555667.43
0.174 0.989987393291 0.0139840738689 25.8076888889 1.0 0.865866666667 35.2084960938 49.7217114054 0.874787912949 1409555668.78
0.175 0.989950644246 0.0187543130249 26.5916888889 1.0 0.865866666667 35.2084960938 49.7217114054 0.878351016108 1409555670.14
0.182 0.989510622191 0.0246848532705 27.3093777778 1.0 0.865866666667 35.2084960938 49.7217114054 0.870713096109 1409555671.27
0.17 0.989083453148 0.030297111852 28.0023111111 1.0 0.865866666667 35.2084960938 49.7217114054 0.849861633782 1409555672.68
0.168 0.988622243338 0.0326007920748 28.6189777778 1.0 0.865866666667 35.2084960938 49.7217114054 0.854594546512 1409555674.16
0.177 0.989519656077 0.0333507359784 29.2025777778 1.0 0.865866666667 35.2084960938 49.7217114054 0.863216738655 1409555675.56
0.161 0.990250903299 0.0344116427263 29.7114666667 1.0 0.865866666667 35.2084960938 49.7217114054 0.8605345999 1409555677.01
0.178 0.989935497941 0.0410014462394 30.2808 1.0 0.865866666667 35.2084960938 49.7217114054 0.862678975868 1409555678.37
0.177 0.989275991422 0.0452008646023 30.7103111111 1.0 0.865866666667 35.2084960938 49.7217114054 0.857220358787 1409555679.73
0.2 0.988177765664 0.0485412509713 31.0896 1.0 0.865866666667 35.2084960938 49.7217114054 0.856936412255 1409555681.1
0.179 0.986543847826 0.0423211595884 31.4052 1.0 0.865866666667 35.2084960938 49.7217114054 0.832187711076 1409555682.46
0.217 0.984866714079 0.0325085489449 30.8419111111 1.0 0.865866666667 35.2084960938 49.7217114054 0.780859549062 1409555683.72
0.22 0.984565815802 0.0273600560859 30.8588 1.0 0.865866666667 35.2084960938 49.7217114054 0.788381921751 1409555684.96
0.225 0.984632955624 0.0217346195225 30.9764444444 1.0 0.865866666667 35.2084960938 49.7217114054 0.771908899594 1409555686.45
0.189 0.985354967401 0.0212488206973 31.3565333333 1.0 0.866133333333 35.2084960938 49.7217114054 0.798800235141 1409555687.72
0.18 0.984189529134 0.0200022376139 31.3933777778 1.0 0.867777777778 35.2084960938 49.7217114054 0.81009270144 1409555688.82
0.222 0.982727084424 0.0276390364838 30.8715555556 1.0 0.873155555556 35.2084960938 49.7217114054 0.80696227145 1409555689.99
0.245 0.980975548557 0.0312610749253 30.2468888889 1.0 0.881644444444 35.2084960938 49.7217114054 0.770984321045 1409555691.37
0.255 0.978831165384 0.0335604341587 29.4652444444 1.0 0.887777777778 35.2084960938 49.7217114054 0.71923329936 1409555692.74
0.28 0.977237207739 0.0356696843123 27.8765333333 1.0 0.893822222222 35.2084960938 49.7217114054 0.693241345862 1409555694.24
0.263 0.977520707167 0.0357453524474 26.8706222222 1.0 0.894311111111 35.2084960938 49.7217114054 0.698846437682 1409555695.79
0.281 0.979313886218 0.0367553304244 26.2082222222 1.0 0.895511111111 35.2084960938 49.7217114054 0.701976093359 1409555696.96
0.291 0.980579739259 0.0465546031569 25.3689333333 1.0 0.898177777778 35.2084960938 49.7217114054 0.702474717922 1409555698.07
0.312 0.9809116885 0.0512678962392 24.3219111111 1.0 0.0874222222222 56.1042480469 77.8944516223 0.7037040564 1409555699.62
0.293 0.979455887656 0.0456708770765 23.4120888889 1.0 0.311733333333 56.1042480469 77.8944516223 0.699039240204 1409555701.31
0.311 0.978716728175 0.0433205543347 22.4124444444 1.0 0.358044444444 56.1042480469 77.8944516223 0.683365062906 1409555702.6
0.269 0.978736507625 0.0483880751352 21.5772444444 1.0 0.401866666667 56.1042480469 77.8944516223 0.695254152601 1409555704.17
0.304 0.977931185229 0.0516688115221 20.0650222222 1.0 0.455644444444 56.1042480469 77.8944516223 0.682544350862 1409555705.75
0.294 0.974675912734 0.0459682727206 18.0246666667 1.0 0.502844444444 56.1042480469 77.8944516223 0.650063438812 1409555707.35
0.306 0.972744280417 0.0495989934964 16.2338666667 1.0 0.545333333333 56.1042480469 77.8944516223 0.620468538678 1409555708.87
0.312 0.971933947588 0.0509891215348 14.2207555556 1.0 0.593422222222 56.1042480469 77.8944516223 0.631536845163 1409555710.4
0.338 0.970938338663 0.0569890566575 13.0880444444 1.0 0.622222222222 56.1042480469 77.8944516223 0.645486261243 1409555711.9
0.339 0.970351198387 0.0565529658294 12.0395555556 1.0 0.650444444444 56.1042480469 77.8944516223 0.656612972532 1409555713.52
0.353 0.969001857697 0.0459497704726 10.8382222222 1.0 0.682533333333 56.1042480469 77.8944516223 0.661422092745 1409555715.14
0.351 0.969109934432 0.0459614123316 9.19893333333 1.0 0.723333333333 56.1042480469 77.8944516223 0.66201377831 1409555716.6
0.35 0.969857866882 0.04572830374 8.28471111111 1.0 0.746622222222 56.1042480469 77.8944516223 0.669652901858 1409555718.18
0.337 0.969548446929 0.0448417981863 7.01017777778 1.0 0.774533333333 56.1042480469 77.8944516223 0.68812940036 1409555719.7
0.325 0.96909855507 0.0437344357042 7.26408888889 1.0 0.784488888889 56.1042480469 77.8944516223 0.702370267342 1409555721.16
0.313 0.970072079876 0.0453379991043 7.6648 1.0 0.788844444444 56.1042480469 77.8944516223 0.701905030944 1409555722.53
0.356 0.971888693659 0.045197069031 7.81822222222 1.0 0.800488888889 56.1042480469 77.8944516223 0.690224646165 1409555724.18
0.354 0.971284036487 0.0439251674708 7.57853333333 1.0 0.830355555556 56.1042480469 77.8944516223 0.657741223088 1409555725.89
0.388 0.969524278796 0.0411550458968 7.37293333333 1.0 0.849555555556 56.1042480469 77.8944516223 0.630492771853 1409555727.52
0.386 0.968397782398 0.0363234804932 6.98235555556 1.0 0.874711111111 56.1042480469 77.8944516223 0.614769452104 1409555728.95
0.397 0.969641247566 0.0338525495945 7.01328888889 1.0 0.884844444444 56.1042480469 77.8944516223 0.638407718678 1409555730.48
0.342 0.972157324878 0.0374440079107 6.95013333333 1.0 0.899022222222 56.1042480469 77.8944516223 0.671456545312 1409555731.77
0.332 0.97433187346 0.0420091451296 6.56253333333 1.0 0.336933333333 39.0521240234 55.5108503124 0.690745979478 1409555733.27
0.34 0.97507407936 0.0391007533142 6.53933333333 1.0 0.398577777778 39.0521240234 55.5108503124 0.69447419414 1409555734.55
0.318 0.97498988388 0.0455180843074 6.5548 1.0 0.432133333333 39.0521240234 55.5108503124 0.697743423179 1409555735.72
0.331 0.974094213077 0.0514603382886 6.83822222222 1.0 0.455555555556 39.0521240234 55.5108503124 0.705455017751 1409555736.89
0.322 0.971544264134 0.0500909037973 7.1712 1.0 0.481822222222 39.0521240234 55.5108503124 0.691398131959 1409555738.45
0.346 0.9693431013 0.0495917573654 7.40253333333 1.0 0.509333333333 39.0521240234 55.5108503124 0.695256709025 1409555740.05
0.35 0.969329452758 0.039288612062 7.81364444444 1.0 0.534177777778 39.0521240234 55.5108503124 0.713836128412 1409555741.47
0.285 0.97091664973 0.0360921336883 8.2664 1.0 0.548755555556 39.0521240234 55.5108503124 0.735198120245 1409555742.96
0.316 0.972283566308 0.0325864390184 8.35377777778 1.0 0.572577777778 39.0521240234 55.5108503124 0.72965195358 1409555744.55
0.32 0.974894789281 0.028634677654 8.0868 1.0 0.612977777778 39.0521240234 55.5108503124 0.746447211545 1409555746.07
0.286 0.977699294767 0.0246553502054 7.85933333333 1.0 0.655777777778 39.0521240234 55.5108503124 0.725152187929 1409555747.71
0.238 0.979777853001 0.0247108754506 7.99688888889 1.0 0.684977777778 39.0521240234 55.5108503124 0.76587445615 1409555749.33
0.242 0.9815141277 0.0279249526088 8.32928888889 1.0 0.7036 39.0521240234 55.5108503124 0.781135940657 1409555750.72
0.255 0.98217092384 0.0259011534296 8.76217777778 1.0 0.715244444444 39.0521240234 55.5108503124 0.780639443586 1409555752.1
0.282 0.983316552002 0.0271883825942 9.21457777778 1.0 0.722577777778 39.0521240234 55.5108503124 0.781235889775 1409555753.27
0.275 0.983593956659 0.029756540108 9.67484444444 1.0 0.724577777778 39.0521240234 55.5108503124 0.789642081666 1409555754.66
0.258 0.984588931576 0.02758326244 10.0724888889 1.0 0.728888888889 39.0521240234 55.5108503124 0.803119273976 1409555756.16
0.261 0.985341098225 0.0222128574948 10.0549333333 1.0 0.748222222222 39.0521240234 55.5108503124 0.80982371627 1409555757.73
0.245 0.986506012908 0.0204912946973 10.3852444444 1.0 0.7588 39.0521240234 55.5108503124 0.815804741353 1409555759.24
0.194 0.98697972851 0.0179511580977 10.9432444444 1.0 0.765066666667 39.0521240234 55.5108503124 0.821431949541 1409555760.7
0.214 0.987359119707 0.0165093129937 11.4771555556 1.0 0.770533333333 39.0521240234 55.5108503124 0.819195530553 1409555762.16
0.241 0.9870960877 0.0187064882556 11.9681333333 1.0 0.771422222222 39.0521240234 55.5108503124 0.79839269219 1409555763.4
0.259 0.985859482866 0.0172948356139 12.4743555556 1.0 0.771422222222 39.0521240234 55.5108503124 0.776790407487 1409555764.58
0.262 0.985581490164 0.0154882124988 12.8200888889 1.0 0.771422222222 39.0521240234 55.5108503124 0.776982915244 1409555765.9
0.258 0.98719886917 0.0191859018491 13.2685333333 1.0 0.771422222222 39.0521240234 55.5108503124 0.816817859743 1409555767.16
0.259 0.987817841545 0.0210866983058 13.6022666667 1.0 0.771422222222 39.0521240234 55.5108503124 0.826157395441 1409555768.48
0.255 0.987285172376 0.0213556056735 13.8888888889 1.0 0.771555555556 39.0521240234 55.5108503124 0.802068543245 1409555769.85
0.208 0.986595241021 0.0213942752632 14.2329333333 1.0 0.778533333333 39.0521240234 55.5108503124 0.818017457062 1409555771.12
0.208 0.986403265183 0.0206408190494 14.5380888889 1.0 0.787822222222 39.0521240234 55.5108503124 0.82886512978 1409555772.35
0.199 0.98502751922 0.0194107994478 14.8752888889 1.0 0.7968 39.0521240234 55.5108503124 0.849734684742 1409555773.59
0.196 0.983833149617 0.0147753511769 15.3008 1.0 0.797777777778 39.0521240234 55.5108503124 0.804907515279 1409555774.84
0.189 0.984841270928 0.0145086529154 15.8938222222 1.0 0.797777777778 39.0521240234 55.5108503124 0.814750337488 1409555776.31
0.185 0.985874853672 0.0174558330937 16.3911555556 1.0 0.797777777778 39.0521240234 55.5108503124 0.819683881367 1409555777.65
0.195 0.987238820719 0.0234757059455 16.9096444444 1.0 0.797777777778 39.0521240234 55.5108503124 0.826611431237 1409555778.94
0.202 0.987612995704 0.0234391470567 17.3297333333 1.0 0.797777777778 39.0521240234 55.5108503124 0.830012072394 1409555780.29
0.202 0.987219375194 0.024864853342 17.8266222222 1.0 0.797777777778 39.0521240234 55.5108503124 0.840268919098 1409555781.71
0.212 0.987092818583 0.021500819916 18.1785777778 1.0 0.797777777778 39.0521240234 55.5108503124 0.82247118202 1409555783.19
0.193 0.987431591332 0.0131514674189 18.7036888889 1.0 0.797777777778 39.0521240234 55.5108503124 0.853631676246 1409555784.67
0.185 0.988305553429 0.0112906877569 19.1520888889 1.0 0.797777777778 39.0521240234 55.5108503124 0.872277702362 1409555785.93
0.193 0.988449383431 0.0171043279324 19.6757333333 1.0 0.799644444444 39.0521240234 55.5108503124 0.882706695398 1409555787.04
0.2 0.987619397573 0.020200434164 20.2709333333 1.0 0.800488888889 39.0521240234 55.5108503124 0.887607903078 1409555788.55
0.22 0.986487917194 0.0208960449444 20.5504888889 1.0 0.8076 39.0521240234 55.5108503124 0.861951275575 1409555790.04
0.237 0.986058297006 0.0191788373289 20.6740444444 1.0 0.814266666667 39.0521240234 55.5108503124 0.830877214746 1409555791.42
0.205 0.985937751604 0.018864784095 21.0808444444 1.0 0.814266666667 39.0521240234 55.5108503124 0.816512794103 1409555792.86
0.214 0.985589061726 0.0146637967326 21.6234666667 1.0 0.814266666667 39.0521240234 55.5108503124 0.789763068397 1409555794.09
0.21 0.985264157381 0.0100309628875 22.0467555556 1.0 0.814266666667 39.0521240234 55.5108503124 0.798142808043 1409555795.62
0.207 0.985846120824 0.00815437583628 22.5854666667 1.0 0.814266666667 39.0521240234 55.5108503124 0.798981224237 1409555796.85
0.209 0.987082318649 0.00963206283004 23.0187555556 1.0 0.814266666667 39.0521240234 55.5108503124 0.806543056689 1409555798.15
0.213 0.987749294825 0.0161095639168 23.6263111111 1.0 0.814266666667 39.0521240234 55.5108503124 0.79807825376 1409555799.52
0.219 0.988111820048 0.0158400163311 24.0622222222 1.0 0.814266666667 39.0521240234 55.5108503124 0.816021203771 1409555801.02
0.211 0.987063321313 0.0207162839007 24.3253777778 1.0 0.814266666667 39.0521240234 55.5108503124 0.818698131733 1409555802.49
0.229 0.985120466091 0.0215684546703 24.1612888889 1.0 0.817333333333 39.0521240234 55.5108503124 0.819940034767 1409555803.84
0.202 0.983006460984 0.0202438347134 24.1150222222 1.0 0.823111111111 39.0521240234 55.5108503124 0.823040381279 1409555805.23
0.237 0.981449089372 0.0230263468175 24.0310666667 1.0 0.828977777778 39.0521240234 55.5108503124 0.802417230961 1409555806.55
0.218 0.979776712504 0.0258653168527 23.9827111111 1.0 0.833288888889 39.0521240234 55.5108503124 0.759599814833 1409555808.13
0.251 0.978522544061 0.0284420685165 23.3922666667 1.0 0.839288888889 39.0521240234 55.5108503124 0.722705340846 1409555809.57
0.266 0.978014705991 0.0265482757013 23.1109777778 1.0 0.846844444444 39.0521240234 55.5108503124 0.730736556652 1409555810.79
0.295 0.978665312459 0.0374234291201 22.4965333333 1.0 0.855333333333 39.0521240234 55.5108503124 0.73903656869 1409555812.03
0.281 0.978625401448 0.0391212671891 21.8842222222 1.0 0.863111111111 39.0521240234 55.5108503124 0.718614897503 1409555813.61
0.275 0.978657363754 0.0406998750338 21.2446666667 1.0 0.869955555556 39.0521240234 55.5108503124 0.712030912016 1409555815.19
0.284 0.977329312143 0.0329816632634 19.7658666667 1.0 0.8872 39.0521240234 55.5108503124 0.683676708958 1409555816.66
0.29 0.975540569176 0.0266642063045 19.0860888889 1.0 0.896222222222 39.0521240234 55.5108503124 0.639835638167 1409555817.88
0.324 0.975073484741 0.0236405186515 18.3708444444 1.0 0.265955555556 50.5260620117 70.7855371843 0.654780104773 1409555819.2
0.305 0.976211100612 0.0258496041844 16.9502666667 1.0 0.341155555556 50.5260620117 70.7855371843 0.666343612908 1409555820.39
0.278 0.975624772433 0.0330391389761 15.5744 1.0 0.388888888889 50.5260620117 70.7855371843 0.69357090157 1409555821.65
0.277 0.974941474768 0.0376890617292 14.5112888889 1.0 0.424666666667 50.5260620117 70.7855371843 0.700847632726 1409555823.22
0.265 0.974352969654 0.0451750968132 14.3498666667 1.0 0.450755555556 50.5260620117 70.7855371843 0.726779637144 1409555824.68
0.277 0.971749866296 0.0454719572351 14.1601333333 1.0 0.483955555556 50.5260620117 70.7855371843 0.694972058569 1409555825.93
0.267 0.969881124076 0.0434528640535 13.8876444444 1.0 0.517111111111 50.5260620117 70.7855371843 0.675566919464 1409555827.45
0.299 0.968018878201 0.0339234971586 13.7583111111 1.0 0.535288888889 50.5260620117 70.7855371843 0.665324725889 1409555828.82
0.318 0.968242524359 0.0302820098105 13.6822666667 1.0 0.552 50.5260620117 70.7855371843 0.659530664624 1409555830.33
0.356 0.969659411754 0.0382904460423 13.3134666667 1.0 0.572577777778 50.5260620117 70.7855371843 0.672689558929 1409555831.56
0.323 0.97087695597 0.033715715017 12.7518666667 1.0 0.595733333333 50.5260620117 70.7855371843 0.67438330996 1409555833.05
0.32 0.970145794315 0.0323667660718 11.5467555556 1.0 0.629111111111 50.5260620117 70.7855371843 0.639989510647 1409555834.49
0.33 0.969031037721 0.0304104085826 11.2714222222 1.0 0.654 50.5260620117 70.7855371843 0.649955012431 1409555835.83
0.356 0.969089452717 0.0312698519683 10.3438222222 1.0 0.699333333333 50.5260620117 70.7855371843 0.655437679953 1409555837.23
0.309 0.969825621975 0.0297963468242 9.54653333333 1.0 0.736444444444 50.5260620117 70.7855371843 0.659011167919 1409555838.97
0.328 0.971575166376 0.0280006935749 8.81115555556 1.0 0.771422222222 50.5260620117 70.7855371843 0.697521463075 1409555840.58
0.329 0.972873975735 0.0249386984815 7.7784 1.0 0.810622222222 50.5260620117 70.7855371843 0.721681747026 1409555841.94
0.29 0.973988803914 0.0240503261738 7.75604444444 1.0 0.825422222222 50.5260620117 70.7855371843 0.729481183412 1409555843.49
0.319 0.973226922797 0.0215332357485 7.72177777778 1.0 0.838444444444 50.5260620117 70.7855371843 0.728500372549 1409555845.12
0.276 0.971898044367 0.0230843800639 7.38777777778 1.0 0.8612 50.5260620117 70.7855371843 0.728765117482 1409555846.79
0.275 0.970697397375 0.0262808291584 7.32897777778 1.0 0.878977777778 50.5260620117 70.7855371843 0.750024977537 1409555848.22
0.276 0.969410192372 0.022407151047 7.50791111111 1.0 0.891111111111 50.5260620117 70.7855371843 0.736314246871 1409555849.64
0.257 0.969531359397 0.0156925288768 7.95395555556 1.0 0.894577777778 50.5260620117 70.7855371843 0.718938449138 1409555851.01
0.255 0.969982613238 0.0128104569735 8.28857777778 1.0 0.169511111111 36.7630310059 52.1113255923 0.723396223972 1409555852.64
0.236 0.971474945186 0.0134791922969 8.59195555556 1.0 0.261377777778 36.7630310059 52.1113255923 0.72530802787 1409555854.22
0.25 0.973830029023 0.0145841305758 9.18422222222 1.0 0.292533333333 36.7630310059 52.1113255923 0.739733992632 1409555855.62
0.247 0.975653251431 0.0137984561984 9.61431111111 1.0 0.323466666667 36.7630310059 52.1113255923 0.734290936485 1409555857.17
0.216 0.976510053743 0.0161604671218 9.88497777778 1.0 0.352 36.7630310059 52.1113255923 0.769385938074 1409555858.58
0.235 0.976361017147 0.01838229794 10.4453777778 1.0 0.363288888889 36.7630310059 52.1113255923 0.793204615301 1409555859.89
0.215 0.976294085061 0.0240599731415 11.0555111111 1.0 0.373733333333 36.7630310059 52.1113255923 0.800711824385 1409555861.38
0.205 0.97497267732 0.032734569393 11.5568888889 1.0 0.388755555556 36.7630310059 52.1113255923 0.781568442871 1409555862.8
0.241 0.972063060943 0.0326384308434 11.8503111111 1.0 0.413511111111 36.7630310059 52.1113255923 0.772447097264 1409555864.32
0.227 0.970349038296 0.0310508749336 12.0767111111 1.0 0.436133333333 36.7630310059 52.1113255923 0.768130291555 1409555865.88
0.218 0.970209594082 0.0332568363799 12.0807111111 1.0 0.464 36.7630310059 52.1113255923 0.787804313677 1409555867.51
0.219 0.969621777374 0.0336963810971 12.0148444444 1.0 0.491955555556 36.7630310059 52.1113255923 0.775053717335 1409555869.14
0.281 0.96673201057 0.0282079110965 11.9721777778 1.0 0.522311111111 36.7630310059 52.1113255923 0.749581953532 1409555870.66
0.274 0.963262782016 0.0254758607128 11.9361777778 1.0 0.547022222222 36.7630310059 52.1113255923 0.728125650153 1409555871.87
0.255 0.96294968444 0.0246816134806 11.6736 1.0 0.580755555556 36.7630310059 52.1113255923 0.732864664372 1409555873.18
0.267 0.964025867893 0.0238304517407 11.8895111111 1.0 0.598666666667 36.7630310059 52.1113255923 0.761317659019 1409555874.69
0.244 0.965199857529 0.0244130808343 11.9582666667 1.0 0.621955555556 36.7630310059 52.1113255923 0.772116843377 1409555876.36
0.238 0.965842975312 0.0191859181733 11.9613777778 1.0 0.644933333333 36.7630310059 52.1113255923 0.780193769772 1409555878.09
0.237 0.965846147859 0.0167038686388 12.0386222222 1.0 0.663955555556 36.7630310059 52.1113255923 0.763063842717 1409555879.77
0.235 0.967470634454 0.0168473108837 12.4804888889 1.0 0.671822222222 36.7630310059 52.1113255923 0.76442892018 1409555881.34
0.221 0.969911930251 0.0214117212711 12.8856888889 1.0 0.681244444444 36.7630310059 52.1113255923 0.77026149357 1409555882.83
0.218 0.970474929609 0.0217635120828 13.3544888889 1.0 0.690088888889 36.7630310059 52.1113255923 0.77851791223 1409555884.17
0.234 0.970322644514 0.0234978635045 13.5354222222 1.0 0.708666666667 36.7630310059 52.1113255923 0.793499947472 1409555885.7
0.234 0.971463442034 0.0222285884016 13.5856888889 1.0 0.727822222222 36.7630310059 52.1113255923 0.756075930005 1409555887.23
0.226 0.971292435758 0.0195261534438 13.5722222222 1.0 0.744133333333 36.7630310059 52.1113255923 0.74424437973 1409555888.67
0.242 0.971407509492 0.0195128083691 13.3241777778 1.0 0.763244444444 36.7630310059 52.1113255923 0.727219491678 1409555890.27
0.258 0.971350704442 0.0194561662494 13.2078666667 1.0 0.779377777778 36.7630310059 52.1113255923 0.731138464926 1409555891.75
0.246 0.971801731877 0.0236629215144 13.3777333333 1.0 0.783822222222 36.7630310059 52.1113255923 0.764929781313 1409555893.22
0.246 0.971158419203 0.0224331967779 13.3967555556 1.0 0.789777777778 36.7630310059 52.1113255923 0.764987630311 1409555894.41
0.222 0.970746150513 0.0192050079459 13.714 1.0 0.794888888889 36.7630310059 52.1113255923 0.771793324803 1409555895.57
0.224 0.970447123684 0.0199830710813 13.8234666667 1.0 0.8012 36.7630310059 52.1113255923 0.786214228231 1409555897.03
0.249 0.97041864757 0.0205638885297 14.2364444444 1.0 0.802444444444 36.7630310059 52.1113255923 0.799462923196 1409555898.59
0.239 0.969956276943 0.0220411200083 14.4475111111 1.0 0.8032 36.7630310059 52.1113255923 0.793913053665 1409555900.1
0.258 0.969133424827 0.0227945787686 14.7198666667 1.0 0.805955555556 36.7630310059 52.1113255923 0.779635676516 1409555901.62
0.243 0.96790910995 0.0231615870808 14.9922222222 1.0 0.807511111111 36.7630310059 52.1113255923 0.767040886895 1409555903.25
0.282 0.96687436146 0.0150170754793 15.1519555556 1.0 0.809111111111 36.7630310059 52.1113255923 0.754113630057 1409555904.66
0.25 0.968353519726 0.0135662221193 15.5661777778 1.0 0.809911111111 36.7630310059 52.1113255923 0.74957532844 1409555905.86
0.221 0.969940555246 0.0143250270581 16.2064888889 1.0 0.809911111111 36.7630310059 52.1113255923 0.764859132163 1409555907.33
0.189 0.97184272239 0.0117114051964 16.8885333333 1.0 0.809911111111 36.7630310059 52.1113255923 0.805461265168 1409555908.58
0.159 0.97370504398 0.00930145723557 17.6000444444 1.0 0.809911111111 36.7630310059 52.1113255923 0.83277038098 1409555909.9
0.187 0.975542083372 0.0125643873104 18.3204444444 1.0 0.809911111111 36.7630310059 52.1113255923 0.872558176589 1409555911.08
0.178 0.976567194165 0.017493773646 18.9706222222 1.0 0.809911111111 36.7630310059 52.1113255923 0.872684711997 1409555912.61
0.196 0.97631299516 0.0153163299199 19.6358666667 1.0 0.809911111111 36.7630310059 52.1113255923 0.858935102378 1409555914.17
0.194 0.975645633149 0.0184036538431 20.2612 1.0 0.809911111111 36.7630310059 52.1113255923 0.844472054637 1409555915.51
0.216 0.974661817249 0.015379181418 20.7623111111 1.0 0.809911111111 36.7630310059 52.1113255923 0.829664866336 1409555916.92
0.22 0.974570585307 0.0190270349362 21.2723555556 1.0 0.809911111111 36.7630310059 52.1113255923 0.84181792323 1409555918.4
0.211 0.973879703038 0.0210872953034 21.8805333333 1.0 0.809911111111 36.7630310059 52.1113255923 0.855566557013 1409555919.96
0.2 0.972410685955 0.0248617059557 22.5013777778 1.0 0.809911111111 36.7630310059 52.1113255923 0.836777638478 1409555921.55
0.218 0.970999239139 0.0269509386337 23.0568 1.0 0.809911111111 36.7630310059 52.1113255923 0.819485933822 1409555923.03
0.206 0.970195475618 0.0219438735261 23.4902222222 1.0 0.809911111111 36.7630310059 52.1113255923 0.815204005275 1409555924.35
0.221 0.969972685574 0.0220804221402 24.0315111111 1.0 0.809911111111 36.7630310059 52.1113255923 0.858852043975 1409555925.97
0.189 0.969619762209 0.0226176975005 24.5604 1.0 0.809911111111 36.7630310059 52.1113255923 0.886191451942 1409555927.63
0.193 0.968186901308 0.0246732365377 24.9077777778 1.0 0.809911111111 36.7630310059 52.1113255923 0.868211364549 1409555929.02
0.189 0.967287509429 0.0277813728145 25.2332 1.0 0.811866666667 36.7630310059 52.1113255923 0.861974999529 1409555930.63
0.191 0.967064295859 0.0273627908454 25.6496888889 1.0 0.813288888889 36.7630310059 52.1113255923 0.840075465138 1409555932.12
0.24 0.967045241431 0.0262834440928 25.9547555556 1.0 0.8148 36.7630310059 52.1113255923 0.81024676203 1409555933.35
0.256 0.965811804304 0.0238996222456 26.3350222222 1.0 0.8148 36.7630310059 52.1113255923 0.790046700939 1409555934.94
0.217 0.9635061965 0.0203178023987 26.5803555556 1.0 0.8148 36.7630310059 52.1113255923 0.777430121189 1409555936.36
0.246 0.961619307631 0.0235492542407 26.6570666667 1.0 0.8148 36.7630310059 52.1113255923 0.73324871585 1409555937.98
0.253 0.960940594164 0.028534421008 26.9131555556 1.0 0.8148 36.7630310059 52.1113255923 0.734572746225 1409555939.62
0.262 0.959734542288 0.0271309865832 27.3518666667 1.0 0.8148 36.7630310059 52.1113255923 0.711377836572 1409555941.23
0.246 0.960020689758 0.0267348374434 27.4950222222 1.0 0.8148 36.7630310059 52.1113255923 0.696900608362 1409555942.81
0.222 0.960900016233 0.0239811294403 27.7926222222 1.0 0.8148 36.7630310059 52.1113255923 0.694023946138 1409555944.35
0.22 0.9625960032 0.0214466447761 28.1866666667 1.0 0.8148 36.7630310059 52.1113255923 0.705199609437 1409555945.78
0.208 0.963484341257 0.0228336515971 28.4001333333 1.0 0.815111111111 36.7630310059 52.1113255923 0.729632536948 1409555947.21
0.209 0.964301169881 0.0310912352372 28.4552444444 1.0 0.819066666667 36.7630310059 52.1113255923 0.755841062572 1409555948.69
0.207 0.964085888392 0.0354876636149 28.3466666667 1.0 0.826711111111 36.7630310059 52.1113255923 0.770969118378 1409555950.24
0.213 0.962670942075 0.0368891856499 27.9864 1.0 0.838 36.7630310059 52.1113255923 0.758301526175 1409555951.85
0.238 0.960110323363 0.037108473352 27.2787111111 1.0 0.853333333333 36.7630310059 52.1113255923 0.752049313867 1409555953.28
0.244 0.957813231409 0.0350859383291 27.4928888889 1.0 0.856444444444 36.7630310059 52.1113255923 0.754523742396 1409555954.93
0.265 0.955924972737 0.0374438911399 27.2990666667 1.0 0.861066666667 36.7630310059 52.1113255923 0.733012522001 1409555956.69
0.26 0.954400734647 0.0348673343019 26.9893333333 1.0 0.863422222222 36.7630310059 52.1113255923 0.718326338088 1409555958.43
0.265 0.952814621151 0.0335237590782 26.3864444444 1.0 0.864488888889 36.7630310059 52.1113255923 0.69922180529 1409555959.95
0.278 0.952016287392 0.03822286721 24.3876444444 1.0 0.877111111111 36.7630310059 52.1113255923 0.707527819224 1409555961.57
0.283 0.951491922398 0.033303449075 22.6759111111 1.0 0.892933333333 36.7630310059 52.1113255923 0.709421752674 1409555963.06
0.284 0.951861501303 0.0350139199745 20.6332444444 1.0 0.124977777778 55.8815155029 82.2331642362 0.733109018266 1409555964.84
0.315 0.951490112666 0.0429566243887 18.3108888889 1.0 0.3148 55.8815155029 82.2331642362 0.740088907189 1409555966.26
0.324 0.951366176518 0.0460825696279 17.4729777778 1.0 0.373822222222 55.8815155029 82.2331642362 0.741390193847 1409555967.97
0.32 0.950249718164 0.0461908958563 15.4658222222 1.0 0.432 55.8815155029 82.2331642362 0.714282209991 1409555969.77
0.357 0.949201803266 0.0480726532514 14.2324444444 1.0 0.475733333333 55.8815155029 82.2331642362 0.680919506267 1409555971.76
0.372 0.948015695705 0.0482092780322 13.2709333333 1.0 0.513022222222 55.8815155029 82.2331642362 0.680796903539 1409555973.49
