0.5958 0.886451791206 0.259158299832
0.77688 0.980351848314 0.276902928556
0.881388 0.994330507041 0.262539382834
0.8999388 0.998134117371 0.240400386879
0.96839388 0.999539139396 0.214143127231
0.993239388 0.999267562361 0.183779507824
0.9993239388 0.998052623926 0.160597510188
0.99903239388 0.996007099132 0.148474339425
0.996303239388 0.994593282442 0.124344208599
0.997830323939 0.990132760643 0.101275242542
0.999783032394 0.98586759529 0.0903163726678
0.999978303239 0.982707089687 0.0781277157629
0.999997830324 0.982016003076 0.0718453030383
0.999099783032 0.978850027914 0.07100612099
0.999909978303 0.975224677193 0.0700592913204
0.99999099783 0.973051029149 0.0662052922839
0.999999099783 0.970218502332 0.0620220063998
0.999999909978 0.967065524821 0.0641039684031
0.999999990998 0.965583962169 0.064697136529
0.9999999991 0.967114542221 0.0597990472449
0.99999999991 0.96639502661 0.0527304069902
0.999999999991 0.97093748614 0.0446491896345
0.999099999999 0.973603485171 0.0383287539437
0.99451 0.975705676454 0.0379143103027
0.999451 0.976733223975 0.0403929727131
0.9981451 0.976195832421 0.03948888216
0.99711451 0.978058194181 0.0397538167923
0.998811451 0.977939767497 0.0404072769952
0.9998811451 0.978607483329 0.0398051766642
0.99998811451 0.978710975636 0.0376127279814
0.999098811451 0.981993801923 0.0366079241859
0.999909881145 0.980501697157 0.032421283819
0.999990988115 0.983250311435 0.0256936275745
0.999099098811 0.985005062609 0.0235025287363
0.998109909881 0.984529543612 0.0295438203496
0.998910990988 0.9829845178 0.0307433562722
0.998091099099 0.983341824842 0.0312092327067
0.99890910991 0.981637173863 0.0330651471703
0.999890910991 0.982860314173 0.0330111319904
0.999989091099 0.983397842152 0.034259355194
0.99729890911 0.981579413661 0.0394166138174
0.999729890911 0.982080962297 0.0481916447299
0.999972989091 0.97916884668 0.0540704911499
0.999097298909 0.977933268259 0.0575357386029
0.998109729891 0.976318983361 0.0585743635109
0.998910972989 0.976777631449 0.0535647798644
0.999891097299 0.976490334228 0.0545056598618
0.99728910973 0.975105191998 0.0566845476553
0.998828910973 0.97414411677 0.0558572332495
0.998982891097 0.974225870355 0.0537677918822
0.99989828911 0.973628862675 0.0548466032396
0.999989828911 0.974443994675 0.054551857981
0.998198982891 0.975069970977 0.0538850429235
0.999819898289 0.974305782128 0.0553524766367
0.999081989829 0.971544960981 0.0615717144709
0.999008198983 0.969840515746 0.0637516583256
0.999900819898 0.965830629732 0.0650859269657
0.99909008199 0.966966217926 0.0625431990278
0.999909008199 0.965172945749 0.0637037394754
0.99819090082 0.966391899724 0.0665993166608
0.998019090082 0.966829163079 0.0673952791279
0.999801909008 0.966428073384 0.0615277427382
0.999980190901 0.967621747216 0.0594921588201
0.99819801909 0.970533292355 0.0560131282694
0.999819801909 0.969850696553 0.0557847331582
0.999981980191 0.968981683332 0.0574492592322
0.999098198019 0.969520369461 0.0581163113032
0.999909819802 0.97115623163 0.061202365156
0.99819098198 0.96999940197 0.0665029933547
0.999819098198 0.967511691441 0.0709125052992
0.99548190982 0.966725339365 0.0691334746656
0.995948190982 0.96616224604 0.0637912988193
0.996894819098 0.965114721393 0.0596143832455
0.99878948191 0.96581152162 0.0603355327805
0.999878948191 0.965711377238 0.0594015408352
0.998187894819 0.963657596471 0.0601309802904
0.998018789482 0.96365335045 0.059235491918
0.997101878948 0.966902130439 0.0562549745215
0.998810187895 0.966285665668 0.0553919772208
0.999881018789 0.968523342439 0.0548507794319
0.995488101879 0.967478869372 0.0606481893593
0.998648810188 0.965105977117 0.0622862898845
0.997164881019 0.967052845829 0.0587675159048
0.999716488102 0.966886139335 0.0621951851433
0.99997164881 0.96620857767 0.0614446324992
0.999997164881 0.967730639193 0.0568224549276
0.999999716488 0.966758086458 0.0515462920072
0.999999971649 0.965816067214 0.0499551036922
0.998199997165 0.967083118853 0.0520314174475
0.998919999716 0.967010238315 0.0525965363317
0.999891999972 0.967141623704 0.0502901445203
0.999989199997 0.967205411012 0.0516665251376
0.99909892 0.965731900062 0.0531854313858
0.999009892 0.96692797395 0.0530079226281
0.9981009892 0.965541265354 0.0566409331565
0.99891009892 0.969302623829 0.0582217306664
0.999891009892 0.970821122183 0.0573470584842
0.999989100989 0.968192026533 0.0606910560689
0.996398910099 0.969336283982 0.0640632428669
0.99963989101 0.967218622002 0.0669554711303
0.999063989101 0.964801696842 0.0721514604285
0.99990639891 0.963237582972 0.0798730008474
0.999990639891 0.959932103897 0.0837138745932
0.998199063989 0.957964998644 0.0847304864674
0.999819906399 0.955892573787 0.0866394827989
0.99998199064 0.95515455961 0.0890132008398
0.999998199064 0.951718774798 0.0900154042469
0.996399819906 0.951856403364 0.0930760481185
0.998739981991 0.953019431863 0.0906635817362
0.998073998199 0.954786258194 0.0896533865941
0.99980739982 0.95504543622 0.0888466542788
0.999080739982 0.954107731423 0.0863780410394
0.999908073998 0.954431143071 0.0772044598652
0.9954908074 0.955744921077 0.0748870784223
0.99774908074 0.955692268696 0.0714474966547
0.998874908074 0.953081975191 0.0702133098641
0.999887490807 0.955958911153 0.0715733486554
0.999988749081 0.953517288085 0.0752375599582
0.999998874908 0.957213286309 0.0747452867235
0.999999887491 0.957170093463 0.0715223608055
0.999999988749 0.95722430108 0.0672959361045
0.995499998875 0.959692025124 0.0628891085032
0.999549999887 0.962932033971 0.0593123562028
0.995454999989 0.963306615861 0.055372165715
0.998645499999 0.964140988622 0.0479114630236
0.99896455 0.966536620742 0.0437648760556
0.998996455 0.969506678485 0.0396076588716
0.9980996455 0.972512155397 0.0388490271088
0.99980996455 0.973014706085 0.0383953168071
0.999980996455 0.974069628369 0.0362081490865
0.999998099646 0.976292731027 0.0339407270658
0.999999809965 0.977088345288 0.0362851888031
0.999099980996 0.976458886726 0.0352611658582
0.9999099981 0.977510945544 0.0358151932991
0.99999099981 0.976568876503 0.0394181512231
0.996399099981 0.975461946276 0.0396314720567
0.987039909998 0.976478698744 0.0389596497536
0.998703991 0.975871112413 0.0388272840819
0.9998703991 0.97472779925 0.0397436558573
0.99728703991 0.975542310649 0.0365290223065
0.999728703991 0.976232666813 0.0361367494666
0.994572870399 0.97819170156 0.0358125622695
0.99765728704 0.977694932053 0.0375475521575
0.999765728704 0.978664318467 0.0379415582891
0.99907657287 0.980065288618 0.0345275911862
0.999907657287 0.981490475405 0.0333893579594
0.999990765729 0.983278182514 0.0301023017656
0.997299076573 0.983467557665 0.0300948030512
0.997929907657 0.983790125797 0.0279990436214
0.998892990766 0.985224131845 0.0250134460786
0.998989299077 0.983224928422 0.0262068779835
0.999898929908 0.984776783692 0.0298695741116
0.999989892991 0.983307249656 0.029689013172
0.999098989299 0.984234310139 0.031093578682
0.99900989893 0.98139198862 0.0297056429341
0.999900989893 0.98366336857 0.0288577775636
0.995490098989 0.983150439091 0.0306562086918
0.997749009899 0.982299669286 0.0343064720637
0.99977490099 0.980383015189 0.0394338869071
0.996377490099 0.97834747363 0.0447200756107
0.99603774901 0.976181678625 0.0492936397352
0.998703774901 0.9724987849 0.0507702722956
0.99807037749 0.974190503938 0.0494881396001
0.997107037749 0.972794938987 0.0473724614356
0.997910703775 0.971828234423 0.0478121768169
0.997091070377 0.974823651973 0.0458075432791
0.997009107038 0.976228456814 0.0434051544556
0.998800910704 0.976526287666 0.0437745241554
0.99808009107 0.976089392657 0.0452984214262
0.999808009107 0.974680098241 0.0519726753745
0.987380800911 0.975196142067 0.0537162477107
0.996038080091 0.9733812809 0.0510737044219
0.998703808009 0.974455502969 0.0482393158298
0.999870380801 0.9737445629 0.0504806842541
0.99818703808 0.97442156826 0.0508574787118
0.999818703808 0.974610594734 0.055629726153
0.999981870381 0.976575571908 0.0593046513817
0.999998187038 0.973651978096 0.0571284117681
0.999099818704 0.974416651085 0.0570958514926
0.99990998187 0.973799950631 0.059760494356
0.998190998187 0.972873065282 0.0558580954673
0.999819099819 0.97297425408 0.0470540628484
0.996381909982 0.974904887173 0.0431717202967
0.999638190998 0.976130985354 0.0430003228044
0.9999638191 0.977191147369 0.0442140451272
0.99819638191 0.977267327529 0.0487947574497
0.998019638191 0.974732691353 0.0529725554982
0.999801963819 0.975618096533 0.0553548626521
0.999980196382 0.975821044566 0.0522621322691
0.999998019638 0.971599105257 0.0483498479852
0.999999801964 0.974372593167 0.0450150585483
0.999999980196 0.9759785782 0.0440040823011
0.99909999802 0.97444664726 0.040236293282
0.998109999802 0.978341075732 0.0378805658391
0.99261099998 0.98061111529 0.0417253715784
0.998361099998 0.97734186941 0.0438441277519
0.99803611 0.977725536892 0.0417942492068
0.998903611 0.977381163171 0.0428846204354
0.9998903611 0.978488003117 0.0465440405905
0.99728903611 0.974967884428 0.0515639486382
0.998828903611 0.974915702346 0.0531271793457
0.997182890361 0.972901823653 0.0496352014144
0.999718289036 0.972524458296 0.0466876613746
0.996371828904 0.975339034492 0.0473635684517
0.99783718289 0.976345701776 0.0455717380386
0.997083718289 0.977424833306 0.0444043694496
0.999708371829 0.978559207842 0.0423442812556
0.999970837183 0.976312311431 0.0389310930872
0.999997083718 0.979413861253 0.0371351375918
0.999999708372 0.979708924985 0.03765361124
0.996399970837 0.979154669974 0.0351705434905
0.997839997084 0.978296807863 0.03553461525
0.997083999708 0.978189953381 0.0336780315118
0.999708399971 0.978879138991 0.0346271502627
0.999970839997 0.979513658989 0.0318360801846
0.999097084 0.979902710148 0.0299482120337
0.9990097084 0.982643715399 0.0268554896072
0.99900097084 0.984337239644 0.0249483686326
0.998100097084 0.985053512044 0.026552210277
0.998010009708 0.985457147208 0.0239549194393
0.999801000971 0.984802323591 0.0259538553656
0.998180100097 0.985232959614 0.0280646297737
0.99711801001 0.983641659222 0.0252357531424
0.999711801001 0.984635083457 0.0196017507209
0.9945711801 0.985956489357 0.0219264150633
0.99765711801 0.985730338983 0.0285170883784
0.994365711801 0.983630629676 0.032847562704
0.99853657118 0.983034397097 0.0369790321951
0.998953657118 0.979755998705 0.0406736117729
0.998995365712 0.977105947792 0.0386621439673
0.998099536571 0.978173723158 0.0354126729883
0.999809953657 0.9770648351 0.0343078636292
0.999080995366 0.976892638314 0.0390411402792
0.999908099537 0.976291317429 0.0401914414173
0.999990809954 0.97723870593 0.0370051199888
0.999999080995 0.975266337153 0.0380401071599
0.9972999081 0.97542527744 0.0405845298624
0.99972999081 0.973366372051 0.0407420355307
0.998172999081 0.974240999783 0.0428737469918
0.997117299908 0.974879072511 0.0393717381971
0.999711729991 0.975220470171 0.0345319830729
0.999071172999 0.978110063341 0.0285830379134
0.9981071173 0.982104428703 0.0250228720256
0.99981071173 0.982429780555 0.0229239529451
0.999981071173 0.983608159911 0.0208315518592
0.999998107117 0.98565181658 0.020273503091
0.999999810712 0.986184380974 0.0197486765895
0.998199981071 0.985709347383 0.0236580298015
0.999819998107 0.983264176423 0.0264072166299
0.994581999811 0.985570006905 0.0258392987382
