0.0162 0.880679152866 0.0
0.02142 0.975654320356 0.0
0.034542 0.99056157647 0.0
0.0358542 0.99593657672 0.0
0.04588542 0.998812746658 0.0
0.047788542 0.999881274666 0.0
0.0479788542 0.999988127467 0.0
0.07769788542 0.999998812747 0.0
0.068969788542 0.999999881275 0.0
0.0887969788542 0.999999988127 0.0
0.0871796978854 0.999999998813 0.0
0.105917969789 0.999999999881 0.0
0.128491796979 0.999999999988 0.0
0.114549179698 0.999999999999 0.0
0.11855491797 1.0 0.0
0.151355491797 1.0 0.0
0.16093554918 1.0 0.0
0.161893554918 1.0 0.0
0.179989355492 1.0 0.0
0.198898935549 1.0 0.0
0.240389893555 1.0 0.0
0.230138989355 1.0 0.0
0.275913898936 1.0 0.0
0.276891389894 1.0 0.0
0.288689138989 1.0 0.0
0.299768913899 1.0 0.0
0.28917689139 1.0 0.0
0.333117689139 1.0 0.0
0.353711768914 1.0 0.0
0.363871176891 1.0 0.0
0.390987117689 1.0 0.0
0.402698711769 1.0 0.0
0.402069871177 1.0 0.0
0.431706987118 1.0 3.34947936034e-271
0.459870698712 1.0 6.68334176401e-156
0.466287069871 1.0 1.76105767591e-92
0.487628706987 1.0 1.98792811681e-55
0.472662870699 1.0 7.05799522486e-35
0.52336628707 1.0 8.0530722994e-23
0.521236628707 1.0 1.28615946176e-15
0.557923662871 1.0 3.34548249094e-11
0.560692366287 1.0 1.91525110611e-08
0.569069236629 1.0 1.20362648046e-06
0.548306923663 0.999998511931 1.73839448853e-05
0.575930692366 0.999986460428 0.000100507866208
0.611093069237 0.999903513689 0.000291050104618
0.629909306924 0.999739599706 0.000654958842953
0.648890930692 0.999493030956 0.00123884406694
0.655289093069 0.999155895576 0.00205673168603
0.649628909307 0.998690316662 0.00309171766705
0.651762890931 0.998063512697 0.00442329280081
0.652876289093 0.997276661135 0.00586031090463
0.689887628909 0.996335031841 0.0072718432195
0.699888762891 0.995243479774 0.00853052165992
0.688288876289 0.994031241353 0.00983236114647
0.689828887629 0.992828112105 0.011688510287
0.686382888763 0.991375709486 0.0133570089282
0.672538288876 0.990079964085 0.0147604211207
0.693653828888 0.989176835516 0.0161098360105
0.701165382889 0.988594593187 0.0172282695661
0.717216538289 0.988167994797 0.0177324920207
0.727821653829 0.987940978335 0.0181124134193
0.736082165383 0.987884796553 0.0181687171186
0.727008216538 0.987776978184 0.0186335762221
0.706300821654 0.987313955825 0.0189244566131
0.715030082165 0.987682981638 0.0187693246301
0.714103008217 0.987913514714 0.0184386055258
0.703210300822 0.987881377289 0.0179812054906
0.746221030082 0.988113036082 0.0176489502661
0.738822103008 0.988320442353 0.0176000577623
0.741682210301 0.988106715976 0.0178784591637
0.72666822103 0.987788778747 0.018173766998
0.714366822103 0.988067296159 0.017893032371
0.71403668221 0.98865965456 0.0168545394898
0.727503668221 0.989057147249 0.0165572294615
0.725250366822 0.989143499953 0.0161141744708
0.718725036682 0.989827714905 0.0152981976679
0.703672503668 0.990517399355 0.0140854117915
0.718367250367 0.991465872891 0.0127770426684
0.716236725037 0.991788253496 0.0125505598966
0.756523672504 0.991037647303 0.0134504708855
0.75245236725 0.990176644774 0.0145168076313
0.755645236725 0.990536382704 0.0144563004112
0.740664523673 0.991114670933 0.0136253314015
0.722966452367 0.991550638572 0.0126398724465
0.740996645237 0.992157732958 0.011490711104
0.745499664524 0.992675079464 0.0101987880971
0.740549966452 0.993241576297 0.00890207194503
0.733754996645 0.993757402906 0.00816523611547
0.731275499665 0.993689520497 0.00889016035235
0.740927549966 0.993270725839 0.00998261716362
0.749092754997 0.992931904354 0.0106144491547
0.7427092755 0.993141195331 0.0103509321597
0.72047092755 0.993819655694 0.00938863978331
0.707447092755 0.994665716641 0.00816680488917
0.715144709275 0.994621556075 0.00824532104155
0.715014470928 0.993958680233 0.00922168673715
0.690701447093 0.993452955888 0.00996414969569
0.704470144709 0.99312262724 0.0103493369868
0.714847014471 0.992593771205 0.0108940714886
0.720384701447 0.992186138273 0.0117854922617
0.717338470145 0.99214537498 0.0119703130226
0.707133847014 0.992141298651 0.0117881354347
0.694413384701 0.992495638346 0.0113298008798
0.70844133847 0.992886633605 0.0106768926096
0.644144133847 0.993271436588 0.0099656491935
0.678214413385 0.993140173479 0.0102106299857
0.705021441338 0.992607428524 0.0111017422078
0.694202144134 0.992199406701 0.0117668470252
0.705720214413 0.991974364127 0.0120628878661
0.733872021441 0.991951859869 0.0121738184915
0.732187202144 0.991949609444 0.0118197885179
0.708618720214 0.992305858341 0.011304040485
0.728761872021 0.993015348845 0.0106821436247
0.697476187202 0.993379412361 0.00988542092419
0.71864761872 0.993723979587 0.00943581563482
0.686564761872 0.994103639551 0.0087390971319
0.689656476187 0.994716429869 0.00811314238062
0.697165647619 0.995198288499 0.0074688433777
0.697916564762 0.99569096556 0.00698760005502
0.688991656476 0.995684552076 0.00712141987075
0.682699165648 0.995782885313 0.00694714660736
0.674869916565 0.995633915822 0.00719021480631
0.692086991656 0.995570649209 0.00733425255848
0.670408699166 0.995901930329 0.00678761235457
0.690740869917 0.996128892836 0.00660802269478
0.656774086992 0.996406050166 0.00683827192374
0.656977408699 0.99670181491 0.00705044355873
0.65249774087 0.996640297839 0.00802371733498
0.692549774087 0.995994801277 0.00946716738996
0.700154977409 0.995157100385 0.0108870877985
0.724315497741 0.994030116398 0.0123161051931
0.719531549774 0.992776779218 0.0133682263981
0.722653154977 0.991653377787 0.0138478231339
0.722065315498 0.990818677262 0.0139534212739
0.70400653155 0.990612488648 0.013954452319
0.713900653155 0.991039813241 0.013785498542
0.732890065315 0.991521908436 0.0129266478822
0.704189006532 0.992027933373 0.0120088757442
0.699518900653 0.99235961865 0.011607281112
0.726051890065 0.991869954436 0.0124058010183
0.725105189007 0.991348944417 0.0135642062078
0.722310518901 0.990929519411 0.0142772410443
0.70943105189 0.990477171176 0.0148673252809
0.729743105189 0.990157502753 0.0152491369407
0.731774310519 0.990525768303 0.0145628218219
0.733777431052 0.991288865433 0.0130366434524
0.742977743105 0.991903670636 0.0122160709029
0.749297774311 0.992217810427 0.0118449381884
0.733729777431 0.992602438006 0.0112304813138
0.694372977743 0.993030754206 0.0104321284909
0.704837297774 0.993548583885 0.00959782275782
0.666283729777 0.994154490754 0.00868264224581
0.690328372978 0.994536200842 0.00814116636535
0.702632837298 0.994572883782 0.00816151745668
0.72906328373 0.994233117833 0.00886187779733
0.729906328373 0.993426861687 0.0100325578561
0.730890632837 0.992555274441 0.0118561113294
0.747189063284 0.992039843972 0.0127591032388
0.745218906328 0.992208481216 0.0124410645935
0.745921890633 0.99262170875 0.0114642776395
0.730692189063 0.993285586985 0.0104556454613
0.756169218906 0.994000190726 0.00943608840355
0.720916921891 0.994373073191 0.00839564631345
0.736291692189 0.99385516527 0.00951894893094
0.738729169219 0.992520316625 0.0116599399479
0.745272916922 0.991277984016 0.0129833608931
0.754927291692 0.990864051909 0.0136780522888
0.746892729169 0.991106405577 0.0133349533529
0.737989272917 0.991348587076 0.0129262944418
0.749698927292 0.991063095482 0.013606308593
0.728369892729 0.991284208371 0.0130560268816
0.732536989273 0.992351677636 0.0110797093603
0.739253698927 0.993566318518 0.00904946138317
0.730925369893 0.994828226055 0.00792124045901
0.757092536989 0.994513017159 0.00822106300262
0.768709253699 0.993827424387 0.00952192799797
0.76447092537 0.993220382784 0.0103535894508
0.760447092537 0.992851021969 0.0108759084174
0.736644709254 0.992458611282 0.0114645357081
0.735164470925 0.992013403895 0.0121107543041
0.732316447093 0.991816340377 0.0125886058346
0.746431644709 0.991407596411 0.0132634179963
0.749643164471 0.990616146353 0.0142769501612
0.767064316447 0.990752252704 0.0139337050588
0.748106431645 0.991800546714 0.0123331662087
0.755210643164 0.992969195793 0.0104785212198
0.717221064316 0.993907794386 0.00916547371482
0.703522106432 0.994868209199 0.00781561927876
0.721052210643 0.995773587533 0.00664855227944
0.689505221064 0.996436502976 0.00550179292675
0.705250522106 0.996822084856 0.00538943459348
0.705025052211 0.996621460094 0.00599695931551
0.699602505221 0.995964989999 0.00762089975906
0.744060250522 0.994841920816 0.010095053298
0.748506025052 0.993547673319 0.0124916698672
0.739950602505 0.992117664032 0.0138404369185
0.777795060251 0.991070588356 0.014130176741
0.771679506025 0.990594255401 0.0144166935387
0.755767950603 0.990035935556 0.0149795262744
0.77937679506 0.990265933622 0.01484707554
0.786237679506 0.991349462912 0.0129392193838
0.736523767951 0.992281496511 0.011141603931
0.740552376795 0.992639601652 0.0103434722327
0.73645523768 0.992868103447 0.0104335466761
0.750445523768 0.992621887289 0.0111341853486
0.750944552377 0.992023238411 0.0120540769985
0.764494455238 0.991491224625 0.012899657825
0.757749445524 0.991487443142 0.0131043442361
0.753474944552 0.991345553339 0.0132708316881
0.725147494455 0.991056666097 0.0138499480141
0.708814749446 0.990963875787 0.0137700490727
0.708981474945 0.991331750402 0.0132213239753
0.718898147494 0.991946627366 0.0125152401992
0.725289814749 0.992045711319 0.0121945801944
0.705228981475 0.991878701119 0.012198748238
0.753622898147 0.991933366702 0.0122855599793
0.739562289815 0.991952224025 0.0119791945121
0.773256228981 0.992312071767 0.0115643486044
0.745125622898 0.992868276948 0.0108617684362
0.73691256229 0.993247286081 0.010054220004
0.731591256229 0.993570237072 0.00975817960855
0.714859125623 0.993788348914 0.00944612587447
0.750985912562 0.993596002031 0.00972555155577
0.742898591256 0.993308409414 0.0102331406463
0.719589859126 0.993703870341 0.00965968063366
0.731658985913 0.994500165578 0.00827775786985
0.707665898591 0.994765524564 0.00834836124737
0.737666589859 0.99389251513 0.00958206973597
0.736166658986 0.992757305674 0.0114013890556
0.754016665899 0.991673846512 0.0133140844983
0.74050166659 0.990460690808 0.0143562636765
0.732850166659 0.990654717139 0.0143027326627
0.741985016666 0.991494334498 0.0131459171124
0.743798501667 0.99255516551 0.0115451367011
0.736779850167 0.99329814111 0.0102262937109
0.709977985017 0.994256994109 0.00866125976484
0.705497798502 0.99534553342 0.00683867616847
0.71314977985 0.996317467276 0.00513553404358
0.736414977985 0.996654924818 0.00508851121781
0.739641497799 0.996146731248 0.00601589464188
0.74086414978 0.99575621879 0.00671686990734
0.717586414978 0.995467643472 0.00701419282231
0.736858641498 0.994938477908 0.00809551460977
0.74958586415 0.994532422046 0.0094401848251
0.742758586415 0.993669790126 0.0116095320575
0.758275858641 0.992141675974 0.013594283579
0.747227585864 0.990831588333 0.0152716540836
0.749722758586 0.99025939643 0.0160588343522
0.765272275859 0.990228565018 0.0150948873611
0.754227227586 0.991316386114 0.0135892546122
0.743222722759 0.99181923205 0.0126116404649
0.767322272276 0.992224835643 0.0117556056791
0.726532227228 0.9929994186 0.0105786969261
0.720653222723 0.992898394366 0.0105569088164
0.719165322272 0.992412736542 0.011668159901
0.692916532227 0.991800673238 0.0125804621694
0.715491653223 0.991329711144 0.0130392335381
0.695249165322 0.991459772231 0.0130142928736
0.708524916532 0.991785986278 0.0125134265532
0.700852491653 0.992259749823 0.0116765657707
0.687485249165 0.992863044753 0.0107912101962
0.687048524917 0.993432572726 0.00963717026359
0.673504852492 0.994135450841 0.00889111183691
0.700950485249 0.994651709626 0.00812659789376
0.687495048525 0.995284793482 0.00722563232038
0.681649504852 0.996027587642 0.00596311411712
0.663964950485 0.996696138249 0.00474123990427
0.687396495049 0.997214198608 0.00369124939428
0.670839649505 0.99755580772 0.00303984999949
0.63588396495 0.997742171946 0.00310688952552
0.651288396495 0.997552080267 0.00424248762468
0.68252883965 0.996661938243 0.00562372699884
0.703652883965 0.995543636759 0.00739857972995
0.705765288396 0.994222747797 0.00978081633708
0.69517652884 0.99267228644 0.0116797982339
0.677017652884 0.991246196418 0.013615436388
0.705801765288 0.989567262051 0.0157087184172
0.695180176529 0.988626521815 0.0171108442459
0.682418017653 0.988181026711 0.0179400809445
0.724341801765 0.987979532658 0.017902502448
0.736634180177 0.988433472262 0.0172535480453
0.721663418018 0.988730123442 0.0168906648797
0.739966341802 0.988764132041 0.0167097646701
0.73279663418 0.988783449319 0.0166800498896
0.773479663418 0.988304427861 0.0172600237111
0.757747966342 0.987920311457 0.0178064230562
0.743574796634 0.987881899816 0.0179321826477
0.744857479663 0.988350882411 0.017447041117
0.737785747966 0.989452549652 0.0159310728845
0.754178574797 0.990227701908 0.0142222054287
0.74051785748 0.990840405312 0.0139955582481
0.725651785748 0.991062604908 0.0134934880437
0.716965178575 0.991973096181 0.0119404656404
0.703496517857 0.99333388369 0.00995812834811
0.710249651786 0.993610378567 0.00920867299822
0.738824965179 0.993701772869 0.00912138179755
0.711982496518 0.993899805486 0.00919386303403
0.765098249652 0.993590691976 0.00968126370335
0.771309824965 0.993314356243 0.0103283078143
0.759330982497 0.99250494471 0.0115361689225
0.75903309825 0.991192099167 0.0131765975027
0.752703309825 0.990444720825 0.01458299439
0.735870330982 0.989846786755 0.0150832476259
0.735987033098 0.990183748713 0.0148370744824
0.71439870331 0.990775574403 0.0136305976974
0.710439870331 0.991898882768 0.0122950016608
0.715443987033 0.99300311109 0.0105012091162
0.701544398703 0.994247148434 0.00855945924794
0.66145443987 0.995381932001 0.00660004542083
0.655645443987 0.996377548352 0.00470196261669
0.655964544399 0.997201365704 0.00308951091269
0.63979645444 0.997881906695 0.00339576291886
0.648979645444 0.997559724204 0.00376178529502
0.636397964544 0.9970849968 0.00440700406471
0.698139796454 0.996785215731 0.00496861819637
0.698013979645 0.9962132983 0.00575788263118
0.696201397965 0.995399357957 0.00738530344787
0.693320139796 0.994446936671 0.00923319687267
0.70473201398 0.993429539872 0.0107870691544
0.697773201398 0.992384849829 0.011841912899
0.73307732014 0.991699195955 0.0126977213287
0.742007732014 0.991639618582 0.0129237552287
0.726700773201 0.991622636338 0.0125925505337
0.71707007732 0.991717501572 0.0122483371531
0.703507007732 0.992104462038 0.0118699492328
0.694950700773 0.992481542538 0.0110611003593
0.689595070077 0.993025485905 0.0103949079233
0.698059507008 0.993042723739 0.0105727630731
0.695305950701 0.99318744935 0.0102701801922
0.68153059507 0.993322294839 0.0102658910006
0.677453059507 0.993268950979 0.0106036698019
0.654545305951 0.99317023207 0.0104688915724
0.646854530595 0.993347563044 0.0102469303824
0.63798545306 0.993495679109 0.0102549561789
0.614598545306 0.993480166163 0.00991750373512
0.653659854531 0.993651192236 0.00971936600428
0.633265985453 0.993831865404 0.00975262266177
0.664526598545 0.993912069927 0.0101415726697
0.643352659855 0.993771878705 0.0107522617603
0.695235265985 0.993613125878 0.0114150086516
0.689623526599 0.993410715045 0.0120512734837
0.67916235266 0.993058203157 0.0121748586635
0.698816235266 0.992500425377 0.0125940307678
0.725081623527 0.99155339652 0.0134110330755
0.712408162353 0.99092788788 0.0139940894019
0.724640816235 0.990877813872 0.0140667000107
0.711464081624 0.990943088879 0.0140342577064
0.695746408162 0.991212717187 0.0137119111194
0.700474640816 0.991643765544 0.0130828704566
0.715347464082 0.991558243176 0.0129181286523
0.742034746408 0.991272053368 0.0131671602947
0.730303474641 0.991149045017 0.0134072078467
0.719230347464 0.991065927717 0.013561043977
0.733423034746 0.990880759161 0.0139932911483
0.739342303475 0.991037100837 0.0138150005411
0.736334230347 0.991393727268 0.0129393712671
0.768433423035 0.99216698312 0.0119251615488
0.729343342303 0.992687365666 0.0110089419819
0.71643433423 0.993272286471 0.0104683035635
0.690843433423 0.992984193929 0.0105912570895
0.706284343342 0.99232917621 0.0116104846093
0.706928434334 0.991737720542 0.0126627307938
0.705192843433 0.991212487586 0.0134218702766
0.726619284343 0.990879945903 0.0140399417458
0.699961928434 0.990601587179 0.0142261982743
0.720696192843 0.990846529722 0.0139149392662
0.733569619284 0.991315259193 0.0131282200631
0.713256961928 0.991102804842 0.0132536534002
0.716625696193 0.990995225848 0.0136577263613
0.725062569619 0.991011269722 0.0134914044714
0.740306256962 0.991146318258 0.0130324642057
0.738230625696 0.991582842743 0.0125868230839
0.73352306257 0.991926081808 0.0121841807806
0.738452306257 0.992338806647 0.0116899593211
0.721845230626 0.992933981946 0.0108938801752
0.736384523063 0.993527946726 0.00992641750702
0.696438452306 0.994058794606 0.00877670603699
0.697843845231 0.994548095613 0.00758747208488
0.672784384523 0.995012429818 0.00652651299189
0.669378438452 0.995385187318 0.00659371675509
0.702337843845 0.995207600961 0.00763667682611
0.714633784385 0.994470639713 0.0086662069754
0.732963378438 0.993756620627 0.00943360931807
0.731196337844 0.992932799782 0.0105660905047
0.755319633784 0.991961817926 0.0121533645564
0.742431963378 0.991359693975 0.0133993463254
0.711443196338 0.991166952254 0.0132334099767
0.754244319634 0.991665860364 0.0121973424967
0.736924431963 0.9922936763 0.0112062286978
0.725292443196 0.993136781591 0.00967741399337
0.71782924432 0.994373075151 0.00796588928228
0.716182924432 0.994789512235 0.00732103196471
0.716918292443 0.99460070561 0.00791783889117
0.699891829244 0.994301560415 0.0080113298134
0.714389182924 0.994180558118 0.00857695552986
0.732938918292 0.993497421358 0.00943643976933
0.707793891829 0.992986811907 0.0105264959964
0.745779389183 0.992361992595 0.0114270930737
0.730677938918 0.991874720245 0.0121442713667
0.737267793892 0.99194645407 0.0124271971092
0.743326779389 0.992369178283 0.0116942925094
0.707932677939 0.993026144738 0.0104113734341
0.683693267794 0.993940250535 0.00925032137709
0.670469326779 0.994815993439 0.00790241519269
0.715046932678 0.995206965354 0.00709882041537
0.661904693268 0.995247550615 0.00709034578263
0.670990469327 0.995251609141 0.00712884906424
0.675499046933 0.995398321394 0.0069514257634
0.692149904693 0.995118263271 0.00744353193362
0.701014990469 0.994317410661 0.0085547581539
0.719901499047 0.993578009316 0.00975657457713
0.697490149905 0.992774067773 0.0107135572692
0.71504901499 0.992210110441 0.0116892132383
0.695204901499 0.99177410807 0.0126838688229
0.70312049015 0.9916021809 0.0128960782373
0.711112049015 0.991800373679 0.0127240588171
0.695711204901 0.9921470665 0.0122676449665
0.70407112049 0.992581685744 0.011277843793
0.716607112049 0.992879613897 0.0109567137165
0.697160711205 0.993306424473 0.010183243286
0.65381607112 0.99422786669 0.0088531179092
0.682781607112 0.99477336615 0.00801230866616
0.655978160711 0.995224178758 0.00737251612606
0.653297816071 0.995802216335 0.00662551123679
0.685429781607 0.995805766962 0.00657429561576
0.689542978161 0.995237218044 0.00730547207606
0.661154297816 0.994688794006 0.00836012136825
0.689815429782 0.994023464216 0.00899902061146
0.724181542978 0.993685226894 0.00951253243646
0.713218154298 0.993699673444 0.00984872110645
0.71122181543 0.993643455582 0.00955107771894
0.673222181543 0.994050486317 0.00916595712183
0.688322218154 0.99405701482 0.00908966276853
0.691632221815 0.993773000894 0.00950949814201
0.725263222182 0.99355512975 0.0100122340332
0.732226322218 0.993381250085 0.0103875208722
0.710422632222 0.992895262728 0.011301830308
0.738842263222 0.991980393571 0.0126489729816
0.715584226322 0.990970176638 0.0138785821377
0.706958422632 0.990125281408 0.014675794102
0.678195842263 0.989789641768 0.0153351691479
0.705919584226 0.989668211748 0.0153996902678
0.733891958423 0.989857147277 0.0149673325012
0.717789195842 0.990879917807 0.0134811159767
0.730578919584 0.992198401303 0.0111172974729
0.709357891958 0.993592970591 0.0096011924611
0.703635789196 0.994508827688 0.00825319395778
0.75886357892 0.994445160376 0.00849981970681
0.726586357892 0.994233266529 0.00907170781031
0.700858635789 0.994138771308 0.00888656742701
0.692885863579 0.994076149767 0.00832843092453
0.687588586358 0.994353730154 0.00782162994731
0.714058858636 0.994594313641 0.00814095180566
0.716705885864 0.994556712974 0.00847114171706
0.703470588586 0.994620743499 0.00826421355391
0.701247058859 0.994962830543 0.00784440088428
0.685724705886 0.995930012154 0.00657479330517
0.683272470589 0.996539709375 0.00525682605161
0.712727247059 0.996734407671 0.00534687924555
0.703072724706 0.996753877501 0.00555370553357
0.708407272471 0.996622095909 0.00551308539468
0.686440727247 0.996342105882 0.00559099290571
0.694144072725 0.996179235975 0.00600882860738
0.721914407272 0.99604133509 0.00626495852225
0.703991440727 0.995866045544 0.00627323789368
0.702199144073 0.99584851659 0.00634884792615
0.689419914407 0.995967971801 0.00632812901849
0.691741991441 0.995683252953 0.00656728072887
0.678474199144 0.995026390058 0.00751374038841
0.705947419914 0.994176115536 0.00913732044585
0.724894741991 0.993188734362 0.0108965547155
0.720489474199 0.992231225079 0.0124513376659
0.71734894742 0.991292748857 0.0134373222446
0.702634894742 0.990769106007 0.0140652960937
0.724563489474 0.990838779825 0.0138692563712
0.736656348947 0.991426406089 0.0131244831862
0.741465634895 0.991842136743 0.0126054283388
0.729346563489 0.992180618374 0.0121318968741
0.724534656349 0.991956574037 0.0124557629169
0.708753465635 0.991328250568 0.0132781530954
0.715275346563 0.991451699704 0.0131094256153
0.708727534656 0.991834958017 0.0121355889198
0.707172753466 0.992517084677 0.0108605300267
0.725917275347 0.993317831871 0.00973623461525
0.678291727535 0.994187413037 0.00905667819317
0.682529172753 0.994803951394 0.0081387429233
0.695552917275 0.994514882798 0.00874141088045
0.721155291728 0.993289391154 0.0107140134713
0.737215529173 0.992265463626 0.012364997344
0.738821552917 0.991476592918 0.0136921258124
0.724582155292 0.991250985395 0.0135622605661
0.744758215529 0.991825657456 0.0120969250142
0.737775821553 0.992727014148 0.0108449496955
0.725377582155 0.993363922895 0.00979490733842
0.713337758216 0.99404531904 0.00879777645309
0.693233775822 0.994772962329 0.00781695328444
0.711023377582 0.994604095541 0.00811943401603
0.712802337758 0.993854733989 0.0092786339444
0.717480233776 0.993358011814 0.00995954223108
0.718848023378 0.993096781111 0.0103038866851
0.693784802338 0.992946747882 0.0104760097786
0.713778480234 0.992937696527 0.0104270802869
0.707677848023 0.992763574454 0.010744917304
0.734067784802 0.99239469488 0.0114134209739
0.73490677848 0.992178133336 0.0115064270118
0.744890677848 0.99197223679 0.0118188519217
0.732389067785 0.99173907829 0.0124184609915
0.751838906778 0.991657816325 0.0126996186099
0.735783890678 0.991776117515 0.0125759240474
0.751278389068 0.992068807529 0.0121019463739
0.737527838907 0.992524808087 0.0114035308647
0.742452783891 0.993129831216 0.010666003724
0.751045278389 0.99285276097 0.0108747021968
0.759104527839 0.992250824597 0.0119627053626
0.743710452784 0.991672402667 0.0126878348607
0.743071045278 0.991569869776 0.0127805411248
0.747507104528 0.991879968376 0.012174382575
0.741650710453 0.992435153201 0.0112251272533
0.741965071045 0.992817384646 0.0109932426882
0.743796507105 0.992936392643 0.0108695408681
0.74037965071 0.992856257699 0.0110389529754
0.749037965071 0.992447404457 0.0115938754423
0.751703796507 0.992098339967 0.0121094825515
0.760970379651 0.991921356188 0.0123189085932
0.747497037965 0.991842499855 0.0124187291468
0.749749703797 0.991897019587 0.0123339822864
0.72387497038 0.992122413839 0.0118879124238
0.727587497038 0.992501188662 0.0112282072703
0.732458749704 0.993027450517 0.0103910861434
0.72214587497 0.993852688797 0.00947953360176
0.709414587497 0.994562437569 0.00839593713467
0.70904145875 0.995136113257 0.00713828330361
0.715304145875 0.995635093294 0.00600061254762
0.707830414587 0.996168655187 0.00478297911061
0.690883041459 0.996778695613 0.00465118896507
0.717988304146 0.997012030599 0.00486327737693
0.719798830415 0.996782319651 0.00518869388974
0.698379883041 0.996171805997 0.0062560777234
0.725937988304 0.995286977318 0.00804694885937
0.65579379883 0.994182099966 0.0100706716453
0.685679379883 0.993232715021 0.0117203791891
0.698567937988 0.992131206065 0.0128550453577
0.744856793799 0.990898233493 0.0138819517072
0.72878567938 0.990112331575 0.0150673491465
0.722678567938 0.989455585821 0.0156929969208
0.725667856794 0.989094714963 0.0161375496294
0.734966785679 0.989058627877 0.0163040686385
0.737696678568 0.989234865674 0.0159667166924
0.740669667857 0.989610451464 0.015310399946
0.740966966786 0.990288044124 0.0144327564063
0.722996696679 0.9908635138 0.013535070011
0.746399669668 0.991456099277 0.0127427012659
0.749639966967 0.99227035368 0.0117308048351
0.729263996697 0.992686341536 0.0111678817008
0.72722639967 0.992948053414 0.0111641745939
0.737822639967 0.992929098965 0.0104402724974
0.711882263997 0.993120551004 0.00991532119877
0.7380882264 0.992862304482 0.00967860135942
0.72630882264 0.99258655243 0.00996158936135
0.711630882264 0.992830634892 0.0102888562925
0.719163088226 0.99340032385 0.0100450657209
0.700116308823 0.994087567428 0.00925042308519
0.672111630882 0.994870874416 0.00790690854122
0.669311163088 0.995353383491 0.00731706955707
0.682531116309 0.995713837072 0.00704623609488
0.686553111631 0.995282131738 0.00808951138468
0.704955311163 0.994139071574 0.00966959450513
0.735595531116 0.993106516082 0.0107839180244
0.733259553112 0.992115380614 0.0117876717881
0.729425955311 0.991422396644 0.0129149937094
0.692142595531 0.990652810271 0.0140983985402
0.692014259553 0.990119902767 0.014944767794
0.701901425955 0.990193683357 0.0149546356067
0.728090142596 0.991060237354 0.0134735710227
0.71180901426 0.992344629195 0.0113066155602
0.697580901426 0.99287173939 0.010521803235
0.715958090143 0.992772694538 0.0106330992855
0.713295809014 0.99267559225 0.0104805744407
0.695929580901 0.992490953547 0.0106055485392
0.68339295809 0.992210477669 0.011597086289
0.707339295809 0.99178044735 0.012688718315
0.707933929581 0.991417616685 0.0129440509368
0.717893392958 0.991503934476 0.0128483925959
0.726989339296 0.991857325602 0.0126653660715
0.71619893393 0.991932663436 0.0123363406102
0.693519893393 0.992369230324 0.0118334307662
0.705651989339 0.992552224394 0.0115612478432
0.689765198934 0.992683005217 0.0112947923952
0.716076519893 0.992919044887 0.0106889946753
0.693507651989 0.993563639259 0.0100154263595
0.707450765199 0.994220575203 0.00899043310318
0.70974507652 0.994801115455 0.00773803301046
0.694674507652 0.995372988579 0.00651432763729
0.682367450765 0.996036207617 0.00498409833541
0.707236745077 0.9965668684 0.00391220204996
0.695323674508 0.996843759741 0.00344121689343
0.694132367451 0.997098369654 0.00327805969827
0.686813236745 0.997172763625 0.00350765859407
0.713081323675 0.997021989337 0.00389308275955
0.726508132367 0.996976291275 0.00440154423468
0.690950813237 0.996857837022 0.00471320684384
0.703595081324 0.996774402448 0.00487148896972
0.681459508132 0.99676754706 0.00486575780908
0.697245950813 0.996248717672 0.00559231491484
0.722224595081 0.995498032247 0.00702399441612
0.710322459508 0.994670554992 0.00818165201726
0.746032245951 0.993943762306 0.00919548412825
0.729803224595 0.993170219812 0.0102303438883
0.74168032246 0.992467751946 0.0115985505732
0.747368032246 0.991621341828 0.0127745202056
0.736236803225 0.991062514409 0.0137309065323
0.750423680322 0.991026169542 0.0136420371509
0.735642368032 0.991453893279 0.0129060787465
0.745864236803 0.992069440631 0.0121110316167
0.73968642368 0.992681993054 0.0110230692664
0.732768642368 0.9934365229 0.00983813009795
0.716776864237 0.993774977497 0.00947660075729
0.708877686424 0.993731897411 0.00973636120714
0.704487768642 0.993511871075 0.00973127174143
0.683348776864 0.993383040956 0.00985676252199
0.712734877686 0.993079967314 0.0105517630067
0.726473487769 0.992412943401 0.011283968661
0.727847348777 0.991998693626 0.0119621935559
0.711784734878 0.991772958244 0.0123063505027
0.691278473488 0.99174145784 0.0125148003618
0.701827847349 0.991715992957 0.0123115698114
0.703782784735 0.992052261285 0.0119121920906
0.731878278473 0.992573946609 0.0111703308122
0.724787827847 0.993119801519 0.0105638426139
0.745678782785 0.992977946569 0.0107639915348
0.732467878278 0.992587917656 0.0113621450906
0.734746787828 0.992197447397 0.0118195581002
0.731374678783 0.991831568691 0.0121487539311
0.725637467878 0.991823165924 0.0125284971293
0.727763746788 0.991847559663 0.0121807795447
0.724376374679 0.992050565143 0.0118979333908
0.734837637468 0.992398871439 0.0113263160485
0.707983763747 0.993102294002 0.0103260268186
0.693598376375 0.994060787704 0.00896827012411
0.694859837637 0.994043714832 0.00879537596198
0.683285983764 0.99338863278 0.00985039463276
0.708228598376 0.99280866808 0.0108419035726
0.729622859838 0.992399204242 0.0113064398597
0.719162285984 0.992180072342 0.0115279554956
0.713616228598 0.992156671082 0.0116012286553
0.73016162286 0.992328052575 0.0116135852673
0.722816162286 0.992503901592 0.0112841879183
0.725681616229 0.992992053377 0.0106418176211
0.730468161623 0.993331059186 0.00991788741495
0.702146816162 0.993168815743 0.0103280904795
0.702014681616 0.992607004573 0.0113755756492
0.729901468162 0.991987101483 0.0121861751319
0.738990146816 0.991745334681 0.012734907504
0.709299014682 0.991539823426 0.0126646552445
0.719829901468 0.991734675964 0.0123413788517
0.704682990147 0.992141765488 0.0119044976533
0.728368299015 0.992327905922 0.0116927098511
0.713636829901 0.992694642458 0.0110347923374
0.67256368299 0.993433323942 0.0098400566241
0.666656368299 0.994027062288 0.00908481078577
0.65076563683 0.994581436587 0.00836330578459
0.664476563683 0.995234683716 0.00728875460094
0.659547656368 0.995998810914 0.0063358086408
0.656354765637 0.996693260576 0.00523852905298
0.666835476564 0.997250911612 0.00394656536877
0.657983547656 0.997338585516 0.0042483250826
0.659798354766 0.996640925939 0.00533801255437
0.686079835477 0.996102948276 0.00615526491598
0.684207983548 0.995780361303 0.00672032349736
0.693020798355 0.995132092249 0.00740512293648
0.724502079835 0.994211955509 0.00871763618501
0.751950207984 0.993442652354 0.0102836894861
0.742095020798 0.992492303525 0.0114952750166
0.72670950208 0.991914915984 0.0124278895995
0.720670950208 0.991590089627 0.0129289264066
0.700267095021 0.991319144125 0.0129684174561
0.672126709502 0.991178069982 0.0131842242373
0.72421267095 0.991405219713 0.0132252939334
0.724921267095 0.991773466493 0.0126339774199
0.74839212671 0.992160270469 0.0119249664117
0.743539212671 0.99286202479 0.0110809035807
0.766453921267 0.993530832921 0.010232585973
0.751645392127 0.993264622969 0.0107046257771
0.719564539213 0.992463901433 0.0120034372937
0.746956453921 0.991893680412 0.0124749087319
0.738895645392 0.991684112968 0.0125535833654
0.736289564539 0.991561818376 0.0126426794384
0.738728956454 0.991586671214 0.01263927246
0.720972895645 0.991823910192 0.0123053218811
0.760597289565 0.992263542215 0.0115580405755
0.745659728956 0.992863423992 0.0106254291612
0.728865972896 0.993603217466 0.00956960669179
0.72988659729 0.993842980521 0.00922124899189
0.688588659729 0.99353651827 0.00942422945484
0.698858865973 0.993337913124 0.00975967016466
0.694485886597 0.99331805261 0.00982155862402
0.72464858866 0.993316066558 0.0097817937288
0.697964858866 0.993649969792 0.00948002700646
0.692596485887 0.993517217197 0.00964464582414
0.693859648589 0.993670084856 0.0092332765992
0.693985964859 0.994487760253 0.00802771583798
0.684998596486 0.995321936506 0.00654416816858
0.696699859649 0.9955495156 0.00672901476772
0.683469985965 0.994830302341 0.00768215448436
0.700146998596 0.994126618263 0.00859002232659
0.70271469986 0.993729536893 0.00946750966992
0.727271469986 0.993181519612 0.010062892804
0.751327146999 0.992782004795 0.0108601607941
0.7393327147 0.99221240043 0.0114246791289
0.72103327147 0.9919756635 0.0120922205496
0.718303327147 0.991770655232 0.0122475847045
0.679330332715 0.991924050183 0.0121700174873
0.714133033271 0.992273556214 0.0117340344367
0.681613303327 0.992797522688 0.0110872594489
0.689161330333 0.993305654149 0.0101306790357
0.723216133033 0.993950412037 0.00937647801079
0.737421613303 0.994007404495 0.00939433737414
0.73344216133 0.993444549011 0.00991251505036
0.713244216133 0.993015746104 0.0105553716401
0.710324421613 0.992673778073 0.0112133374906
0.721732442161 0.992429156494 0.0116245586971
0.730973244216 0.992157062561 0.0119611713508
0.730097324422 0.991796399877 0.0120693336558
0.725509732442 0.991886477452 0.0122271617981
0.752050973244 0.992113920829 0.0119798200553
0.704305097324 0.992405207007 0.0114101680923
0.700430509732 0.992817484788 0.0109473147445
0.705443050973 0.992663464144 0.0113297081676
0.718544305097 0.992129446981 0.0120029700325
0.70095443051 0.991807600391 0.0124724283467
0.694695443051 0.991923398653 0.0124404431139
0.668869544305 0.992255118204 0.0119142691516
0.685186954431 0.992750944016 0.0111337248414
0.687718695443 0.992757562965 0.0113214261571
0.702371869544 0.991937855962 0.0123268115453
0.701137186954 0.990992059296 0.0134762107601
0.692013718695 0.990269301346 0.0145608577593
0.71990137187 0.990287395319 0.0144984242466
0.714590137187 0.990869074616 0.0133571290716
0.712259013719 0.991614121328 0.0125314998069
0.703925901372 0.992548021063 0.011373698637
0.700392590137 0.993523709989 0.0100382697896
0.679339259014 0.994243669295 0.00887332335545
0.695233925901 0.994798749322 0.00775383843493
0.68152339259 0.995566330705 0.00676688616777
0.671152339259 0.995844739701 0.00654188246071
0.685415233926 0.995687615141 0.00686583998986
0.688641523393 0.995414296049 0.00701271032383
0.699764152339 0.995058047368 0.00745495171097
0.707176415234 0.994892215345 0.00779404244271
0.710617641523 0.994916787405 0.00805221743819
0.690261764152 0.995076399665 0.00751994926704
0.696326176415 0.995273754846 0.00685467652299
0.705032617642 0.995129685238 0.00685144060069
0.711303261764 0.994823650682 0.00731363840832
0.711930326176 0.994376435858 0.00871938228197
0.702093032618 0.993548870121 0.0101279678513
0.729009303262 0.992859707364 0.0110917887527
0.701100930326 0.992276334593 0.0118732095175
0.688410093033 0.991866529948 0.012418609853
0.689841009303 0.991747540648 0.0124283639535
0.70168410093 0.992079340607 0.0122043544683
0.710968410093 0.992287594345 0.0116306417866
0.690296841009 0.992739210122 0.011179330569
0.696329684101 0.99293330952 0.0107752991511
0.71493296841 0.992510773306 0.0113448381659
0.710493296841 0.991939377308 0.012482244085
0.719949329684 0.991390746756 0.013206580166
0.688494932968 0.990903723787 0.0137469217776
0.718649493297 0.990955193373 0.0136220523687
0.73786494933 0.991246651227 0.0128599176128
0.721786494933 0.991849578079 0.0122090693121
0.712078649493 0.992405514312 0.0112514970313
0.730907864949 0.993209933894 0.0102568862438
0.699490786495 0.99396011752 0.00886444993861
0.700849078649 0.994823932105 0.00787740312307
0.687484907865 0.994603144978 0.00815023639119
0.711348490786 0.993772725667 0.00933005973738
0.702934849079 0.993018806236 0.0103909897425
0.707493484908 0.992420218058 0.0111907760554
0.700749348491 0.99200239723 0.0116744908086
0.714474934849 0.991960615147 0.0121337531732
0.707747493485 0.991956436939 0.0121663880721
0.685474749348 0.991956019118 0.0119512779131
0.712047474935 0.992313939346 0.0115352473227
0.692204747493 0.992699710667 0.0109002396534
0.696520474749 0.993248280396 0.0102252200394
0.721252047475 0.993613436297 0.00946770402104
0.712925204747 0.994215455687 0.00895291818945
0.712092520475 0.994671743425 0.00831982051522
0.728209252047 0.995312389315 0.00743671065403
0.747820925205 0.995044399779 0.00797878011012
0.75068209252 0.993975126315 0.00992515090733
0.730268209252 0.992602158626 0.0121432172617
0.750726820925 0.991507377796 0.0138106491571
0.759072682093 0.990949748998 0.0138762847536
0.741907268209 0.9909775016 0.0138564793173
0.739290726821 0.991150524466 0.013253458393
0.740829072682 0.991919781452 0.0120845648777
0.749982907268 0.99313414031 0.010322376386
0.762598290727 0.994431496469 0.00788142555439
0.733259829073 0.995228095581 0.00663839507893
0.695225982907 0.996021792805 0.00534049439034
0.672522598291 0.996952639588 0.00360620879221
0.695452259829 0.997762020571 0.00244928777863
0.685145225983 0.9982438755 0.00169773319849
0.694014522598 0.998653595547 0.00124668912745
0.65530145226 0.998894971722 0.00108290875804
0.685630145226 0.999076539295 0.00110946351515
0.667063014523 0.999106363254 0.00133029512846
0.673306301452 0.998864333009 0.00199206537087
0.681130630145 0.998347651159 0.00316442996308
0.699913063015 0.997549639773 0.00506583393307
0.693691306301 0.996665956761 0.00735844608796
0.69396913063 0.995755530374 0.00966490898534
0.704796913063 0.994670183197 0.0120950102454
0.740979691306 0.993431366533 0.0139030225576
0.730197969131 0.992039501014 0.0149341798621
0.732719796913 0.990521699676 0.0152557402322
0.770771979691 0.989657787443 0.015566226064
0.759277197969 0.989572884289 0.0158624288604
0.739227719797 0.989564393974 0.0153912290067
0.73542277198 0.990274188972 0.0143955529713
0.733242277198 0.991078705134 0.0135061565581
0.71952422772 0.990990397214 0.0135401340821
0.718152422772 0.990584144086 0.0143470661852
0.744115242277 0.990013487982 0.0150710510629
0.727811524228 0.989571939994 0.0159111543755
0.725281152423 0.989306414309 0.0163011950351
0.726828115242 0.989684828278 0.0159519427115
0.685582811524 0.990353619723 0.0148000276693
0.734558281152 0.990593570346 0.0145055726231
0.713355828115 0.990494120099 0.0144615549576
0.712135582812 0.990819100651 0.0141256494291
0.738113558281 0.991195855716 0.0131551471655
0.713711355828 0.991832595833 0.0122070985848
0.721171135583 0.992556443962 0.0112868737498
0.697617113558 0.993202719455 0.0102912786067
0.719561711356 0.993121399071 0.0104512360129
0.692956171136 0.993113267032 0.0102981963402
0.725395617114 0.993770182566 0.00937697918115
0.705239561711 0.993983420047 0.00922351851857
0.714023956171 0.993855709798 0.00935947497131
0.739202395617 0.993841448225 0.00930980086196
0.730020239562 0.993941487415 0.00912569083386
0.703902023956 0.994271394738 0.00899941702255
0.694090202396 0.993866763059 0.00999259499442
0.73270902024 0.99302637882 0.0108589724892
0.719470902024 0.992524140615 0.0116241342553
0.751447090202 0.992183782198 0.0119760462697
0.74564470902 0.991852435307 0.0120176413244
0.754964470902 0.991740481469 0.0122595343773
0.75319644709 0.991751600927 0.0123946971483
0.726919644709 0.991922144752 0.0122409116
0.713491964471 0.992273365671 0.0117462960621
0.701349196447 0.992775225952 0.0109213816732
0.673134919645 0.993279703271 0.0102971028096
0.685613491964 0.993215574041 0.0103887502064
0.739961349196 0.992872381738 0.0110420641689
0.73729613492 0.992344583616 0.0118526943699
0.736129613492 0.991830395881 0.0127571834717
0.742312961349 0.99141637797 0.0131148619328
0.734831296135 0.991483124843 0.0130992176712
0.745783129613 0.991807603587 0.0125335187023
0.754978312961 0.992261911554 0.0116432756534
0.729797831296 0.992863260926 0.0105549381028
0.71917978313 0.993768984867 0.00945878798302
0.698317978313 0.994652249267 0.00808633229667
0.691731797831 0.994585976694 0.00814253282091
0.690173179783 0.994103673768 0.00875868109668
0.707117317978 0.993893026151 0.0089149640348
0.721411731798 0.993707665752 0.00945801728051
0.71834117318 0.993179332498 0.0102295435899
0.742334117318 0.992599441731 0.010855073164
0.739333411732 0.992364890842 0.0113291222262
0.745333341173 0.992341435754 0.0116411633432
0.709033334117 0.992346529042 0.0116516165534
0.691903333412 0.992523600182 0.0113091953445
0.712690333341 0.992889429789 0.0106242683466
0.717469033334 0.993439675127 0.00965904340905
0.728746903333 0.993987555542 0.00904491023627
0.683974690333 0.994037879685 0.0090226545929
0.713697469033 0.993502470226 0.00972093276617
0.705869746903 0.992813586958 0.0110124299896
0.67448697469 0.992066179198 0.0121028106698
0.714548697469 0.991487552399 0.012673204581
0.731154869747 0.991373793032 0.0131788626641
0.707615486975 0.991276607258 0.0133250832873
0.702561548697 0.991430473464 0.0131359933692
0.73535615487 0.991876587458 0.0126496337332
0.721535615487 0.992206515347 0.0118248949484
0.721953561549 0.992034621766 0.0121392241281
0.717495356155 0.99142790617 0.0131052160934
0.736849535615 0.990977173734 0.0140268387156
0.748684953562 0.990512437303 0.0145551845872
0.719268495356 0.990217869062 0.0147165076406
0.702826849536 0.990370170747 0.0145919950143
0.725482684954 0.990207112491 0.0148136208129
0.742148268495 0.989906140866 0.015185590338
0.71231482685 0.989856702211 0.0153864210463
0.717431482685 0.989787815676 0.0153046516814
0.695443148268 0.990084091976 0.0152769022632
0.716644314827 0.990443232918 0.014665917256
0.697164431483 0.991292595237 0.0136641510162
0.723116443148 0.992106714743 0.0122909941484
0.702311644315 0.992738861909 0.011191834358
0.701131164431 0.993276703129 0.0105993073302
0.725313116443 0.993914491817 0.00954836973608
0.706131311644 0.994255959889 0.00872090773029
0.686213131164 0.994060905902 0.0090886271431
0.692321313116 0.993637088588 0.00983964412286
0.710032131312 0.993085947276 0.0107140284163
0.717203213131 0.992124432262 0.0120553412794
0.746720321313 0.991063630917 0.0136834400664
0.754172032131 0.990072959175 0.015064817431
0.746817203213 0.989609878494 0.0155844732313
0.750581720321 0.989542802414 0.0153334289566
0.715858172032 0.989546969595 0.0158124610205
0.726785817203 0.990071292761 0.0148866780007
0.70987858172 0.991368705611 0.0131571303073
0.723487858172 0.992215201322 0.0119006594088
0.710448785817 0.991822440912 0.0125403653486
0.726244878582 0.990620279533 0.0138847181199
0.747624487858 0.990260035105 0.0143807113909
0.743462448786 0.9905987691 0.01407720955
0.741246244879 0.991237775732 0.0133088300655
0.747324624488 0.991489235169 0.0126678282784
0.736232462449 0.992297470181 0.0117657010772
0.735123246245 0.993184393909 0.0102629086242
0.735012324624 0.993161727075 0.0103645223735
0.726901232462 0.992613142319 0.0111513868987
0.708990123246 0.992293519508 0.0114488102436
0.713499012325 0.992377898614 0.0114473969616
0.726549901232 0.99264862118 0.0109431955731
0.726054990123 0.992596953263 0.0109741442151
0.710705499012 0.992179457452 0.0120575093697
0.741570549901 0.991484343756 0.0130068713781
0.72305705499 0.991105284919 0.0137320527032
0.714005705499 0.990731828117 0.0140579661986
0.70050057055 0.990514982571 0.0142726206961
0.715350057055 0.990222587487 0.0145342671589
0.716835005705 0.990272205599 0.0148268765781
0.693583500571 0.990624993901 0.0141931996841
0.698458350057 0.991339357481 0.0131483025945
0.701645835006 0.992384634458 0.0118734282867
0.694764583501 0.993412492379 0.0102223830102
0.67427645835 0.994280994688 0.00856947892054
0.692027645835 0.995120327014 0.00722302187819
0.652402764584 0.995463297891 0.00692915363243
0.670940276458 0.9954040729 0.00715734517285
0.689894027646 0.99538187087 0.00724948804126
0.676489402765 0.995268878823 0.0073744313252
0.682348940276 0.995574198477 0.0071234066883
0.664934894028 0.995977598222 0.00649799943424
0.673993489403 0.996414550818 0.00592897350689
0.64699934894 0.996636708221 0.00553410664412
0.653299934894 0.996906292854 0.00500994362456
0.662929993489 0.996986867812 0.00489295809535
0.675592999349 0.996724551966 0.00532500818957
0.671459299935 0.996292918059 0.00603770726404
0.728645929993 0.995691944668 0.00719581341955
0.712764592999 0.994888591701 0.00845534050522
0.7273764593 0.993859380694 0.00968519492654
0.70543764593 0.992905104169 0.0109315274869
0.728443764593 0.99211565369 0.0121612501891
0.746044376459 0.991625113709 0.0129622694162
0.743304437646 0.991258908555 0.0134783520082
0.744830443765 0.991317876813 0.0131992470091
0.697283044376 0.991577683757 0.0128268483133
0.699728304438 0.991811010612 0.0124443392663
0.681972830444 0.992169906867 0.0119184563193
0.690997283044 0.992797646664 0.0113572525476
0.682899728304 0.993206855633 0.010656142309
0.69648997283 0.994011598907 0.00949571212261
0.690648997283 0.994066394657 0.00956215954222
0.717964899728 0.99358338878 0.0104151683212
0.699996489973 0.99310084687 0.0112690596437
0.716199648997 0.9927688837 0.0123654470494
0.7250199649 0.992120866613 0.0121488558382
0.71150199649 0.991971340553 0.0117791706909
0.722750199649 0.991942890723 0.0112957896101
0.709475019965 0.992352271047 0.0107512584559
0.727047501996 0.993066634745 0.00991563439962
0.7297047502 0.993713195387 0.00978100651061
0.70477047502 0.993955512427 0.009365290431
0.712177047502 0.994623442744 0.00832268127724
0.68951770475 0.995064654027 0.00756067235943
0.735851770475 0.995190108668 0.00757243046929
0.706285177048 0.995901578238 0.00656412972298
0.707828517705 0.99688639635 0.00451701265611
0.70258285177 0.997763692867 0.00258888358375
0.665158285177 0.998491411622 0.00128755432269
0.667715828518 0.999062066635 0.00052879354767
0.680571582852 0.999472345737 0.000593292878672
0.686357158285 0.999413385011 0.00111851096529
0.696835715829 0.999086758247 0.001681239618
0.707783571583 0.998638097515 0.00237043388597
0.670178357158 0.998029087083 0.00358106196238
0.665517835716 0.997264728223 0.00559276436342
