0.0153 0.880679152866 0.332553045377
0.02133 0.975654320356 0.400044345295
0.030033 0.99056157647 0.438075493864
0.0318033 0.99593657672 0.464110908202
0.04188033 0.998812746658 0.480530084878
0.049188033 0.999881274666 0.485200449306
0.0715188033 0.999207216453 0.478775129989
0.06925188033 0.996801140719 0.459755688553
0.093325188033 0.992676258506 0.433967160777
0.102032518803 0.98685403092 0.409781335068
0.10470325188 0.979364555958 0.386409153339
0.131970325188 0.970246366625 0.364306588809
0.166197032519 0.959546106449 0.340120757041
0.152519703252 0.948429627818 0.309195870388
0.186251970325 0.937140453008 0.27817355976
0.195925197033 0.925229312835 0.24788633885
0.213092519703 0.91324643805 0.220229994816
0.24540925197 0.902700590124 0.194589469214
0.237840925197 0.897841204823 0.179153818651
0.25868409252 0.896655398647 0.166513095645
0.270668409252 0.897588792787 0.158288391793
0.302466840925 0.898098847234 0.155802335039
0.319146684093 0.895886498895 0.157947589112
0.334314668409 0.893539293128 0.160475722668
0.352031466841 0.891270591724 0.162333888864
0.411403146684 0.888318884897 0.167554451653
0.435340314668 0.885042170418 0.172576350398
0.421534031467 0.881828564719 0.178793679286
0.452553403147 0.879504601149 0.183066352494
0.457455340315 0.879021878822 0.184515543249
0.473245534031 0.879643834987 0.184422961524
0.493724553403 0.880496811996 0.183029766322
0.55337245534 0.881034679838 0.182223281159
0.589037245534 0.881701453115 0.180639702655
0.584503724553 0.881978086463 0.177948290763
0.606550372455 0.883769176048 0.172870570474
0.643855037246 0.887494715751 0.167832842446
0.642185503725 0.891341483173 0.160373377322
0.675318550372 0.894778413415 0.154589176074
0.715531855037 0.896529563217 0.152308072109
0.715053185504 0.897626461493 0.151246631073
0.72490531855 0.899938410811 0.147601889902
0.746590531855 0.903113869968 0.142075310952
0.766759053186 0.906476748496 0.137902436927
0.794875905319 0.908979990197 0.135148331692
0.782387590532 0.912189326182 0.131946316611
0.801838759053 0.912171461733 0.131335375658
0.837083875905 0.911256258228 0.133690986525
0.858608387591 0.911024403464 0.13297992624
0.879660838759 0.912493865965 0.132169150055
0.897066083876 0.91279106829 0.134117430138
0.897006608388 0.913887385726 0.132692061914
0.923100660839 0.915218394906 0.132273035195
0.938310066084 0.914810662283 0.133293909804
0.954231006608 0.914368271686 0.132501229033
0.963923100661 0.915198485664 0.129909025908
0.954992310066 0.916850596141 0.12631964393
0.975699231007 0.917390538963 0.124862877146
0.976869923101 0.918330973017 0.122753109087
0.97428699231 0.920019939615 0.119204669031
0.987528699231 0.92270481015 0.116021654228
0.987952869923 0.923170957972 0.116287335762
0.990695286992 0.922155201231 0.118079742341
0.990069528699 0.920550953655 0.121861275399
0.98640695287 0.918006392648 0.126889264569
0.992340695287 0.914615221041 0.131761220871
0.993834069529 0.912409099854 0.135378375115
0.983183406953 0.912036923248 0.133485669402
0.986618340695 0.913459987677 0.129280632265
0.98786183407 0.914800511528 0.126930829884
0.993386183407 0.915799173027 0.12642832193
0.991238618341 0.916041998 0.125868021908
0.991023861834 0.916772841979 0.12521435884
0.986502386183 0.918010883451 0.122377644103
0.985150238618 0.91993448579 0.118805987776
0.985915023862 0.920955104607 0.117915606415
0.987791502386 0.920012576738 0.121601195572
0.987979150239 0.918994408472 0.124098917971
0.987097915024 0.918623882984 0.124526801091
0.988809791502 0.918140871729 0.126080121578
0.97548097915 0.917859179924 0.128541772866
0.982248097915 0.916427099495 0.129734222577
0.982924809792 0.91333247406 0.132008385265
0.986592480979 0.911899656518 0.133222121218
0.980659248098 0.912791492867 0.131390434111
0.98636592481 0.915763589988 0.124603558214
0.977936592481 0.917968988169 0.122272707864
0.981593659248 0.918363213999 0.122543389867
0.979259365925 0.919752062094 0.120573208352
0.983525936592 0.919250739238 0.120985170322
0.974052593659 0.918891555009 0.121959524745
0.984805259366 0.916740645532 0.126045935855
0.981380525937 0.914446119288 0.129703336139
0.976538052594 0.913358732945 0.132489391028
0.978753805259 0.912329444196 0.134692589187
0.986175380526 0.912100786961 0.133893687458
0.976117538053 0.912427695165 0.131090356094
0.984111753805 0.913002710962 0.131132103914
0.989411175381 0.913452948124 0.129419333414
0.989041117538 0.913679873437 0.127882996664
0.985404111754 0.916893487927 0.122775206961
0.989540411175 0.919163748142 0.119692150465
0.979154041118 0.920009970483 0.119334213571
0.979015404112 0.920007906648 0.118862954677
0.985301540411 0.919413995928 0.120496325175
0.981430154041 0.918522694228 0.121201002047
0.986443015404 0.920130902927 0.118018544587
0.98244430154 0.921831134692 0.115633757218
0.990144430154 0.922381708668 0.115754704289
0.991814443015 0.922912324598 0.115984121019
0.991081444302 0.92522449259 0.112307459925
0.98200814443 0.927116867967 0.110779100081
0.986500814443 0.925296556698 0.114285754313
0.986050081444 0.922566851527 0.119815943237
0.986005008144 0.921809840274 0.121013598995
0.989600500814 0.921029220379 0.119510916406
0.985460050081 0.920024290388 0.120388881352
0.987746005008 0.919138694397 0.122230280388
0.982574600501 0.919946307662 0.120580560979
0.98565746005 0.920186914013 0.120498268074
0.987765746005 0.920543241753 0.11931238477
0.982576574601 0.921372788617 0.118498669528
0.98655765746 0.921247614229 0.1182233891
0.988755765746 0.919893040941 0.121797059972
0.988075576575 0.919308968675 0.123462900689
0.988007557657 0.919757282505 0.122593703903
0.977200755766 0.918955437179 0.124984539916
0.991420075577 0.91758381185 0.128199072047
0.993742007558 0.916192836268 0.128908602679
0.986774200756 0.915118388487 0.128169492602
0.987877420076 0.914362941281 0.128622526089
0.994287742008 0.913987809025 0.130323919271
0.988628774201 0.913002932805 0.132775589609
0.98626287742 0.912563070226 0.134545866644
0.988726287742 0.911016001085 0.136965258569
0.990772628774 0.90979982742 0.13736194809
0.995477262877 0.910514889601 0.135492361395
0.995947726288 0.910888799705 0.133825934706
0.989694772629 0.911502525993 0.13223570318
0.990869477263 0.913298412715 0.128441508599
0.988286947726 0.915690108359 0.125385837468
0.979028694773 0.918705339121 0.121811412285
0.972702869477 0.922436579842 0.117476381222
0.983770286948 0.922686517278 0.116250923075
0.992977028695 0.921986190112 0.118244045381
0.990297702869 0.921740469122 0.118202056176
0.986429770287 0.922268438175 0.116865033109
0.979742977029 0.920987153513 0.118951744936
0.978174297703 0.918712551446 0.123251620355
0.98611742977 0.918143954393 0.123259598271
0.977911742977 0.918953232194 0.12150633353
0.988791174298 0.918360950403 0.124215399632
0.98177911743 0.916734462072 0.127787505255
0.985577911743 0.915739870996 0.129730021383
0.980557791174 0.914623694586 0.130289990976
0.981855779117 0.914251275032 0.131679029319
0.987385577912 0.913179085093 0.13107699271
0.994238557791 0.914608740269 0.127599105171
0.986823855779 0.915631302027 0.127190367641
0.987882385578 0.916444070847 0.126412313865
0.983488238558 0.916020350748 0.128281307274
0.987548823856 0.915174689723 0.12981363266
0.985254882386 0.916008875803 0.12853965978
0.978725488239 0.916530127564 0.129484896717
0.992472548824 0.915394089661 0.133414299924
0.974947254882 0.914972743627 0.13691175369
0.976794725488 0.915584902017 0.13626607152
0.983279472549 0.914586670886 0.138387903984
0.984827947255 0.911914941486 0.141980988197
0.988582794725 0.912250899626 0.139750628256
0.988058279473 0.915773863505 0.131050281868
0.985305827947 0.918894434238 0.126090507998
0.979630582795 0.918637283284 0.124826391324
0.988963058279 0.918845429062 0.1214229279
0.989896305828 0.921671924697 0.115263723178
0.980989630583 0.922011527597 0.115577149357
0.990898963058 0.920397774985 0.120353340707
0.993689896306 0.91840105019 0.123487500888
0.994868989631 0.917666500078 0.125140698613
0.982386898963 0.919321521476 0.123141198928
0.984738689896 0.918839399716 0.124740879728
0.98407386899 0.917987963997 0.125228620652
0.978607386899 0.916592089504 0.125242903866
0.97446073869 0.915998542956 0.125248524267
0.982146073869 0.916121485543 0.124845922224
0.981114607387 0.917009840815 0.126186900917
0.986411460739 0.915902212618 0.128162392064
0.980641146074 0.914631178545 0.129476513007
0.988164114607 0.914046929947 0.130627929556
0.985316411461 0.91351729564 0.131407626982
0.987731641146 0.912661703214 0.133110354627
0.987073164115 0.911637097565 0.133039678739
0.983407316411 0.911410717323 0.132887234922
0.983940731641 0.910066610222 0.135148528325
0.990294073164 0.909409377449 0.136576559056
0.981029407316 0.909978484861 0.135396965827
0.981902940732 0.911832631845 0.133073318062
0.982890294073 0.911748056921 0.134552061764
0.990189029407 0.911108419214 0.134917743493
0.986418902941 0.910504936899 0.135716643918
0.979741890294 0.909919638792 0.137119903542
0.985374189029 0.909528678695 0.137737554059
0.975137418903 0.910599873567 0.135849388365
0.98941374189 0.910827774244 0.136096372547
0.988141374189 0.910987910688 0.135819676389
0.986214137419 0.911440044591 0.135186525995
0.980621413742 0.911640900477 0.134058557605
0.985462141374 0.911204505697 0.132894959087
0.982346214137 0.911583617257 0.131864768299
0.980234621414 0.913162001079 0.129563636267
0.981823462141 0.915132475627 0.12609057246
0.980182346214 0.915219976766 0.125769461047
0.986318234621 0.914133717946 0.127637931491
0.991431823462 0.913945187694 0.130771865982
0.992843182346 0.913325493788 0.132718758239
0.986684318235 0.914036492803 0.130982872641
0.980668431823 0.914760867515 0.129047565101
0.983666843182 0.91345659282 0.13073427872
0.982166684318 0.91175031053 0.13355231401
0.988316668432 0.912918942436 0.131603943273
0.983531666843 0.914915384152 0.12695948522
0.984853166684 0.915331942333 0.126079344878
0.987685316668 0.915291559775 0.12832660792
0.985268531667 0.915710280358 0.128417368686
0.978726853167 0.917342234576 0.125798056467
0.980772685317 0.918003931438 0.123010632385
0.977377268532 0.918517798687 0.123337003557
0.982437726853 0.917472558881 0.126499095192
0.981143772685 0.914754982953 0.131190399538
0.975614377269 0.913014583242 0.13314191703
0.985861437727 0.911219188626 0.133653567773
0.983286143773 0.909769606117 0.135538082118
0.985728614377 0.908892690007 0.137600434313
0.976972861438 0.906724791863 0.141643644519
0.974297286144 0.905192503121 0.143765902866
0.976729728614 0.904669514319 0.145778173694
0.976972972861 0.901469480345 0.149957088622
0.978797297286 0.899967900023 0.150028083467
0.980779729729 0.901407807451 0.147623217209
0.983677972973 0.903059165127 0.146117691411
0.992067797297 0.902004587169 0.148135874997
0.98750677973 0.901636536906 0.149158852436
0.988850677973 0.902250348908 0.146444396023
0.987185067797 0.902457462049 0.146409695118
0.98791850678 0.902345580979 0.146612136049
0.987991850678 0.903559259056 0.143810757769
0.991599185068 0.904676360711 0.142191533108
0.984759918507 0.906207068191 0.140653224063
0.978675991851 0.907931843541 0.137575524718
0.980767599185 0.909875885971 0.133093384955
0.987276759919 0.910752855225 0.133104836107
0.985227675992 0.911341457373 0.132473357898
0.983222767599 0.912323573402 0.131695991794
0.98482227676 0.912954685985 0.130289598128
0.988582227676 0.914043979347 0.128685010643
0.988958222768 0.914767836203 0.127529261576
0.985395822277 0.915461162469 0.127722344232
0.983239582228 0.916285786115 0.128500236846
0.987523958223 0.916980161829 0.126933600735
0.987052395822 0.918436215451 0.124165869128
0.972605239582 0.920024874947 0.120328289633
0.980160523958 0.920541950268 0.119752024972
0.979116052396 0.918499610548 0.123224791366
0.98441160524 0.918560509845 0.123249039176
0.974141160524 0.919521121364 0.12135752082
0.982114116052 0.918581001514 0.124074937248
0.988311411605 0.916139397419 0.127546302181
0.988031141161 0.913839461984 0.131481566438
0.992503114116 0.912349655319 0.132749835328
0.981250311412 0.912366360211 0.130950689183
0.990925031141 0.913766769158 0.129000018119
0.973892503114 0.917200301076 0.123335360021
0.977589250311 0.920824068028 0.118159928304
0.978858925031 0.920728271504 0.118987396548
0.984385892503 0.919956402047 0.120186087728
0.97593858925 0.921732599496 0.118791230156
0.980493858925 0.922858766243 0.116198965631
0.984549385893 0.922913615617 0.115977169007
0.987654938589 0.923308321866 0.11588001625
0.975365493859 0.92397171765 0.114908293485
0.982236549386 0.923626966641 0.116054292013
0.984723654939 0.92268403 0.11799874845
0.986772365494 0.921392338052 0.118756702796
0.976177236549 0.921242181787 0.118240161928
0.977817723655 0.922358398171 0.117610489853
0.977081772365 0.922806491922 0.117128787657
0.983308177237 0.922759321156 0.117456838027
0.982130817724 0.92291192767 0.118328983289
0.979313081772 0.923390941479 0.119052708055
0.986231308177 0.924244529373 0.118842126471
0.983323130818 0.924410322569 0.118854987428
0.980332313082 0.924956391275 0.119123752567
0.979133231308 0.925133567049 0.11845811301
0.988913323131 0.924495932944 0.119086136418
0.984491332313 0.924452620534 0.118840629197
0.982249133231 0.924639119007 0.117162364616
0.981124913323 0.922292009217 0.119021962835
0.978312491332 0.920332941586 0.121809789991
0.992431249133 0.919361390857 0.123938532608
0.983043124913 0.919497678732 0.124584409159
0.974904312491 0.918702307344 0.125620872318
0.973190431249 0.917742740471 0.126845863086
0.985619043125 0.918182222657 0.126213610373
0.977861904312 0.917726218695 0.127860129361
0.983386190431 0.916449671797 0.129031715851
0.983938619043 0.915919005341 0.131224150208
0.985793861904 0.916146375093 0.130323709213
0.97787938619 0.916099257596 0.127913850755
0.982487938619 0.915651315947 0.129016450177
0.984748793862 0.912998283655 0.132020540701
0.979574879386 0.912135012307 0.132533396083
0.986257487939 0.911921298349 0.132010813826
0.986025748794 0.910172753849 0.134648351747
0.985102574879 0.906912103819 0.140132058048
0.989510257488 0.902924160916 0.146142940849
0.984551025749 0.90121747995 0.148710346456
0.987655102575 0.899305731895 0.150998918815
0.992465510257 0.899159574479 0.151249636143
0.989346551026 0.901377580988 0.147707964273
0.990834655103 0.903002974669 0.146057205723
0.99008346551 0.904219488417 0.144050256253
0.987308346551 0.90696558957 0.138484092498
0.994230834655 0.908137111357 0.137083907559
0.992223083466 0.908056133104 0.137131478854
0.992022308347 0.908172554085 0.137547820738
0.985702230835 0.908717867992 0.136665820808
0.992270223083 0.90919575902 0.13682604505
0.988427022308 0.908761570915 0.138943317503
0.991642702231 0.90721567018 0.140047056353
0.979364270223 0.907447698799 0.139296714998
0.985336427022 0.907074154174 0.139677633672
0.991333642702 0.904348846611 0.143394578906
0.99103336427 0.902995704976 0.145350871608
0.985603336427 0.903289877452 0.145829141525
0.974260333643 0.904166496411 0.14582359949
0.973126033364 0.905132386151 0.143773975024
0.977512603336 0.905219822893 0.144463582021
0.988751260334 0.903540278624 0.14647472056
0.979075126033 0.904403789401 0.145784629647
0.988007512603 0.907274502635 0.143287864381
0.98710075126 0.907811344588 0.140164441975
0.979810075126 0.90904650921 0.13838233296
0.992581007513 0.909040172179 0.138357988115
0.987558100751 0.908138936777 0.140495179472
0.984355810075 0.907469162536 0.141309369819
0.975035581008 0.907130659107 0.141994197905
0.984903558101 0.905454969424 0.144513505158
0.99039035581 0.904198686798 0.144457358463
0.989139035581 0.904586137714 0.14120763825
0.980913903558 0.906235023005 0.138255089358
0.989091390356 0.906937174119 0.139147778596
0.991709139036 0.906248572963 0.140426102849
0.994670913904 0.906217177323 0.139634321151
0.98236709139 0.907416691591 0.138685100786
0.982036709139 0.907891967049 0.138421653658
0.981103670914 0.909651645252 0.137960761663
0.979210367091 0.91063370186 0.136407886565
0.980821036709 0.91226381625 0.134579265362
0.985482103671 0.912541560219 0.133842754658
0.985948210367 0.912021174859 0.132216152525
0.981494821037 0.912620967875 0.128860869321
0.981049482104 0.915681222671 0.12333076261
0.98550494821 0.916968915878 0.122116232515
0.987750494821 0.915167872174 0.127908411953
0.989775049482 0.913099593179 0.132115119873
0.985477504948 0.913264102017 0.132971911268
0.983247750495 0.913806379217 0.128790030801
0.980324775049 0.915622962551 0.125777047124
0.976432477505 0.916931524419 0.12424874765
0.98414324775 0.916936903445 0.123501697101
0.991214324775 0.917940778327 0.122871320369
0.986521432478 0.916965710423 0.12474091039
0.986952143248 0.916021371711 0.126999301139
0.991495214325 0.91614572873 0.127137888802
0.982949521432 0.91762851705 0.124575608958
0.990194952143 0.919423913519 0.123323665959
0.990019495214 0.92194457596 0.119981924575
0.988201949521 0.926359294948 0.113129448978
0.987120194952 0.929593180642 0.108676910496
0.978012019495 0.930813375926 0.105800694523
0.97800120195 0.928753587658 0.110728013148
0.981600120195 0.925600421195 0.117928013894
0.987360012019 0.92394401576 0.118709810193
0.985236001202 0.92320999377 0.119114879786
0.98232360012 0.922529045742 0.121745926211
0.980232360012 0.919205908665 0.126921597169
0.986323236001 0.916647296791 0.128963295179
0.9950323236 0.915349105159 0.12923744958
0.99050323236 0.914068163177 0.129883339774
0.984650323236 0.91290270522 0.133448503468
0.985865032324 0.910953341633 0.138104524022
0.983286503232 0.910110001349 0.139440111485
0.981228650323 0.910460952626 0.137830024253
0.984622865032 0.908911810278 0.139209747195
0.986762286503 0.908368344579 0.139203737957
0.98517622865 0.90895363411 0.136646255511
0.974217622865 0.909903616316 0.134798480764
0.982121762287 0.911464400648 0.13222881485
0.990112176229 0.913458459855 0.129267246781
0.991811217623 0.914610073276 0.128022029262
0.987481121762 0.914777297624 0.127694370385
0.988848112176 0.914584825981 0.129264068844
0.982684811218 0.914315984009 0.12899361241
0.986568481122 0.91676288802 0.125078404505
0.979756848112 0.920265824664 0.120514341278
0.987175684811 0.920933138542 0.119385626095
0.987917568481 0.921951798978 0.116690046155
0.987091756848 0.923597020225 0.113705314289
0.983409175685 0.924921286512 0.112860016286
0.983940917568 0.926590812367 0.110913489472
0.976794091757 0.926096425463 0.112271329413
0.981479409176 0.925893460014 0.112912583904
0.989147940918 0.924693638717 0.113363485993
0.989914794092 0.925082176024 0.112892071712
0.991791479409 0.925407375214 0.111961207704
0.986579147941 0.92428579409 0.115093377414
0.991457914794 0.923293280384 0.118119565114
0.990145791479 0.921607838565 0.121310852673
0.988214579148 0.919142240183 0.125990871558
0.985321457915 0.917834427745 0.129226987208
0.987732145791 0.917676454543 0.129926598641
0.978073214579 0.917103106297 0.128975826891
0.971707321458 0.916183242059 0.128010084686
0.980070732146 0.91485203814 0.127747261812
0.989907073215 0.914371914267 0.127356855057
0.992690707321 0.915722774821 0.125110646553
0.983969070732 0.917355702349 0.122467805943
0.983996907073 0.918814663196 0.121588472397
0.977699690707 0.920104962187 0.120335859427
0.981569969071 0.920626037671 0.119407572299
0.983756996907 0.919863511918 0.120186339351
0.983975699691 0.920660351682 0.120302510014
0.983997569969 0.919989353096 0.120366397597
0.983999756997 0.919402555698 0.121746909354
0.9848999757 0.918345449071 0.123116143939
0.98408999757 0.916931931201 0.125846843653
0.988508999757 0.91645487694 0.126742608388
0.991650899976 0.916840458971 0.125950710639
0.991965089998 0.914742013351 0.130406396963
0.990196509 0.912000417775 0.135475759882
0.9882196509 0.91055971695 0.13810679351
0.98172196509 0.908601850412 0.140007968302
0.988272196509 0.907461386584 0.142038762159
0.986227219651 0.906872450069 0.141623142973
0.985122721965 0.908251281912 0.138327483179
0.974212272197 0.910098135498 0.135940419885
0.97762122722 0.910210597469 0.13435796999
0.984262122722 0.91116040372 0.132062102294
0.981326212272 0.914592636934 0.127515202095
0.978332621227 0.916384669141 0.127235857748
0.980733262123 0.915042107198 0.130810514283
0.982773326212 0.9139533553 0.132099363761
0.983877332621 0.913330817974 0.133080425617
0.983087733262 0.911763879818 0.134406315074
0.987508773326 0.90975932089 0.13625431558
0.989750877333 0.910879870669 0.134345961277
0.986375087733 0.913154541967 0.130618522882
0.979737508773 0.913460363881 0.129796660091
0.982673750877 0.915175089155 0.127243406482
0.983867375088 0.916888888987 0.123800454438
0.988486737509 0.91835838302 0.123113745147
0.989848673751 0.918740975485 0.122016584318
0.979184867375 0.919694331464 0.120434263676
0.984418486738 0.919629290801 0.122411118534
0.985841848674 0.917443710224 0.127234187301
0.978784184867 0.913643143521 0.132243976196
0.982578418487 0.910239437967 0.136386218749
0.989257841849 0.909978231045 0.135673513286
0.993525784185 0.909336080602 0.137221521686
0.992152578418 0.907038340299 0.140944493573
0.990215257842 0.906273175198 0.141104436613
0.980121525784 0.906664776446 0.139729058356
0.986312152578 0.90698986011 0.140465394742
0.990531215258 0.90726813344 0.139474620968
0.991853121526 0.908156220323 0.138027681212
0.991985312153 0.908502055673 0.136803857444
0.984798531215 0.90931957471 0.1354479263
0.972379853122 0.91100537237 0.13197408599
0.987337985312 0.912331081414 0.130210050293
0.992433798531 0.913778336459 0.127378902241
0.992043379853 0.915463506325 0.125433272902
0.983904337985 0.916057796306 0.126840235098
0.987590433799 0.915195376595 0.128877593337
0.98255904338 0.913027795633 0.133123855421
0.985655904338 0.913153701354 0.134304886205
0.978765590434 0.912518985255 0.136102552614
0.973576559043 0.908693452486 0.141202106652
0.987457655904 0.905303239174 0.144734814951
0.98884576559 0.905783497481 0.142352657603
0.986284576559 0.906889676408 0.13972889048
0.987828457656 0.905966274273 0.140999100454
0.989782845766 0.904785748456 0.142401915325
0.989078284577 0.903468257603 0.143341712495
0.987207828458 0.903139153071 0.143728144902
0.988820782846 0.90419049003 0.14202682833
0.987182078285 0.905287653866 0.139824793534
0.991518207828 0.906724702837 0.138283721294
0.981151820783 0.90908207338 0.135018398383
0.984615182078 0.913395343715 0.128196115787
0.984961518208 0.91781065624 0.121709682158
0.992196151821 0.921076530365 0.116636864244
0.982119615182 0.923453099263 0.114564166353
0.991911961518 0.924839819303 0.113690873771
0.988391196152 0.924900129555 0.11359901088
0.989839119615 0.924480666561 0.114214204518
0.980083911962 0.923246514902 0.116415003477
0.982708391196 0.923547458201 0.116016403966
0.97307083912 0.925845728426 0.113810438087
0.975707083912 0.926442342808 0.113359880916
0.984070708391 0.924440425733 0.115640407844
0.980407070839 0.923639873998 0.116465535465
0.980040707084 0.924548777411 0.114294447826
0.981804070708 0.925243624897 0.113387402263
0.981980407071 0.925092356987 0.113726911804
0.972998040707 0.924292423269 0.115206658114
0.979299804071 0.92390333029 0.11613990689
0.978129980407 0.924771668568 0.115248641475
0.979812998041 0.926556466921 0.111698658708
0.975481299804 0.928982363623 0.107619806347
0.98404812998 0.930572104677 0.105808795656
0.984004812998 0.928670934625 0.109149993322
0.9849004813 0.926896861062 0.111633051275
0.98859004813 0.924951323208 0.114462206759
0.978159004813 0.923904804121 0.116100992652
0.980715900481 0.923744163239 0.117193894644
0.979171590048 0.922702215697 0.121261494305
0.981717159005 0.921578738211 0.122873053608
0.9810717159 0.921865978469 0.124716667205
0.98550717159 0.921778552587 0.126438701367
0.980550717159 0.922289990445 0.125413881695
0.980955071716 0.921405373409 0.125514619263
0.983695507172 0.91821755798 0.128702975876
0.992069550717 0.917745518042 0.128206863921
0.983006955072 0.917242131726 0.12646935722
0.980300695507 0.916088466444 0.127704985877
0.984530069551 0.913779689593 0.130723129247
0.980453006955 0.912004889409 0.133608467047
0.985445300696 0.910512876741 0.136462670988
0.98054453007 0.908566682384 0.140112509
0.989954453007 0.907148662879 0.142205073275
0.981895445301 0.908426729792 0.141221750617
0.98198954453 0.908561835115 0.138270878892
0.985598954453 0.908899677814 0.138636937439
0.992259895445 0.906974617441 0.142315300745
0.985725989545 0.907058763145 0.143060959377
0.981472598954 0.907315371335 0.141549506178
0.981947259895 0.908028107677 0.137890267194
0.98559472599 0.90873607857 0.137470017095
0.987759472599 0.907672981913 0.140109074978
0.98707594726 0.90616406262 0.143081775068
0.985207594726 0.904992388765 0.144584371188
0.989520759473 0.905535275701 0.143605329265
0.987252075947 0.906525850838 0.14314241263
0.987925207595 0.906093649387 0.144308506019
0.990692520759 0.905091354837 0.146372272086
0.990069252076 0.903463676197 0.148239991758
0.976506925208 0.903902955767 0.147974760442
0.985050692521 0.903436999525 0.147242119508
0.985005069252 0.903347035483 0.146060173036
0.989500506925 0.903557150874 0.144516679135
0.978250050693 0.905101817036 0.14136280791
0.985225005069 0.907314568989 0.138225736749
0.980522500507 0.908769738546 0.136268004953
0.974652250051 0.909984700309 0.135690541234
0.986665225005 0.912214795619 0.132941515109
0.995966522501 0.914522388899 0.128860864744
0.98879665225 0.91847919071 0.122518038719
0.987179665225 0.920664301075 0.118524767302
0.984317966523 0.920563047709 0.119654370297
0.993031796652 0.919143725171 0.123470514852
0.995703179665 0.918364631252 0.123683882239
0.986970317967 0.918830726477 0.125107693735
0.981597031797 0.917602152525 0.127566525904
0.98015970318 0.91594328647 0.129715327154
0.983615970318 0.916716024541 0.128899172714
0.985761597032 0.917188000561 0.1283998574
0.985976159703 0.919142483094 0.125829590876
0.98419761597 0.921127500121 0.122437969563
0.974119761597 0.921863348028 0.121776097078
0.98301197616 0.920243043874 0.123531989252
0.983001197616 0.918706405226 0.126679699298
0.983900119762 0.918503479951 0.126561941237
0.981290011976 0.916688431153 0.128245046511
0.988229001198 0.913148391276 0.133405293109
0.98622290012 0.911582020641 0.136397014235
0.990522290012 0.911180271037 0.13619554872
0.988252229001 0.912128957636 0.132687124639
0.9835252229 0.912559945763 0.13025409883
0.98575252229 0.913355502328 0.129852550481
0.986875252229 0.912562457852 0.131618690788
0.984287525223 0.911302059629 0.133655500064
0.987628752522 0.910776377493 0.134503890029
0.992462875252 0.911335398828 0.134153955735
0.991146287525 0.912098674648 0.133710771153
0.984714628753 0.915590912977 0.128534726915
0.977771462875 0.918666009218 0.125603929515
0.976177146288 0.918084145678 0.126948853292
0.984117714629 0.918668917269 0.122654283362
0.982211771463 0.920814699766 0.116785274632
0.984721177146 0.920890507705 0.117246558336
0.990372117715 0.917419486593 0.124907814492
0.989137211771 0.915444388033 0.127824438366
0.993513721177 0.916198796021 0.126385798606
0.990351372118 0.915615146731 0.12754869021
0.992735137212 0.914065177794 0.131281106136
0.984873513721 0.912562231782 0.13358993631
0.988587351372 0.912236174334 0.134551876533
0.992558735137 0.910610670046 0.136449751866
0.992955873514 0.909631661197 0.136481701458
0.996595587351 0.909935875339 0.134434365093
0.991559558735 0.910327967926 0.13390967446
0.992855955874 0.910508611292 0.133357725
0.988485595587 0.910948425502 0.134469075258
0.986248559559 0.910980726561 0.134724244681
0.984224855956 0.909968675017 0.135389350121
0.992122485596 0.910008773074 0.134809240687
0.98211224856 0.91154766277 0.133290146321
0.984711224856 0.913662078953 0.130194740974
0.993971122486 0.915048274224 0.127739824411
0.985897112249 0.914488717368 0.129968119316
0.988689711225 0.914476444452 0.131236670088
0.992568971122 0.913309403651 0.131863407514
0.990256897112 0.912127786445 0.132267030451
0.981925689711 0.913724809397 0.128996040262
0.981992568971 0.916032823345 0.124813422748
0.977499256897 0.918242233441 0.121830801453
0.98064992569 0.918048619744 0.124466361344
0.981864992569 0.91736010253 0.125912844005
0.982886499257 0.918010506549 0.125291883547
0.991088649926 0.918410833646 0.125067977181
0.983808864993 0.918461076978 0.124555180432
0.981280886499 0.918486363007 0.124514588489
0.98552808865 0.917870798061 0.126118712014
0.989552808865 0.915890432942 0.127664329814
0.989955280886 0.913986819812 0.131178311493
0.985495528089 0.91252358936 0.135504496666
0.990449552809 0.912094923739 0.134974591227
0.988244955281 0.914338505322 0.129938427103
0.988924495528 0.91736970635 0.124835624551
0.987192449553 0.918590360907 0.124465585599
0.990619244955 0.919588435905 0.122592008238
0.991861924496 0.9202751597 0.119975381947
0.98298619245 0.919629087482 0.122264912305
0.992898619245 0.918672899084 0.122960578159
0.987589861924 0.920112353598 0.119845600299
0.987058986192 0.921001779046 0.117816409564
0.987005898619 0.921311479588 0.116900619194
0.980700589862 0.921399606377 0.116725433277
0.983670058986 0.921152040967 0.119860429365
0.984867005899 0.919765168031 0.122381298372
0.99038670059 0.918342513783 0.123082520501
0.988238670059 0.918497657477 0.122705661669
0.991623867006 0.917914237772 0.123301073528
0.990162386701 0.917020430869 0.125007420528
0.98551623867 0.916023901719 0.127328728191
0.977851623867 0.915883593653 0.12717143362
0.980685162387 0.915963121804 0.127124684555
0.983668516239 0.915102129397 0.127319127734
0.983966851624 0.913457718013 0.130820178815
0.987596685162 0.911668341059 0.133974446381
0.989759668516 0.910193265752 0.137218443915
0.985475966852 0.909396889703 0.137637115317
0.985047596685 0.910600293905 0.134753692358
0.973304759669 0.912933893454 0.130651590534
0.981130475967 0.913609341 0.130501772171
0.984613047597 0.913418961337 0.130537894154
0.98676130476 0.914663267888 0.128509578101
0.982476130476 0.916809696785 0.124297090778
0.988347613048 0.917920923449 0.122565942932
0.992534761305 0.918738539086 0.122881481178
0.98845347613 0.918756838993 0.122650846959
0.988045347613 0.918860361933 0.123082356031
0.989804534761 0.916985062709 0.124840541328
0.983680453476 0.915675069195 0.127514775693
0.991168045348 0.916011221496 0.127434211645
0.986516804535 0.917639808378 0.123720308081
0.980651680453 0.917699968258 0.125238378694
0.974665168045 0.916024886603 0.127590411159
0.983966516805 0.914251786557 0.129655600615
0.98759665168 0.913891975226 0.13072278477
0.988859665168 0.913844108314 0.130287419268
0.984485966517 0.914504539043 0.128933815817
0.987648596652 0.916900198607 0.125526451908
0.987064859665 0.9200732044 0.119659101321
0.982506485967 0.922584558767 0.115573259575
0.979350648597 0.923046859654 0.115798069839
0.98263506486 0.923072303715 0.116959959373
0.988363506486 0.922527485816 0.115935697564
0.984436350649 0.924244650829 0.113155061728
0.984943635065 0.925397313725 0.111633589379
0.988594363506 0.923889615107 0.113618850557
0.982659436351 0.923317056836 0.11599753707
0.986565943635 0.922165884512 0.119158078409
0.984256594364 0.921150209021 0.121289826703
0.985825659436 0.92050507444 0.121120869553
0.985082565944 0.920446778515 0.121122970088
0.992208256594 0.919593422634 0.122720229812
0.984820825659 0.919332995302 0.12424514856
0.991282082566 0.91876270788 0.125892827622
0.988328208257 0.919640349784 0.124729517201
0.990732820826 0.919478668941 0.124099091664
0.985573282083 0.918665507681 0.124742050508
0.989557328208 0.917630373542 0.125111839688
0.991755732821 0.917061077011 0.126809240446
0.989275573282 0.917148004807 0.127992598421
0.992627557328 0.919037827619 0.124046634065
0.988462755733 0.922947563047 0.119229599802
0.988046275573 0.925451326886 0.115065910208
0.988904627557 0.926311634114 0.112833732475
0.973690462756 0.927090020787 0.112004605625
0.989269046276 0.926137532476 0.113363496425
0.982726904628 0.925368360064 0.114188765484
0.982072690463 0.924951314812 0.114867458371
0.981107269046 0.924370267013 0.116287690879
0.983710726905 0.923264154247 0.11951389975
0.97857107269 0.921389152813 0.124408985004
0.981657107269 0.91786984893 0.129687083292
0.974765710727 0.914802068752 0.134575770963
0.984876571073 0.911374658058 0.13727113807
0.985887657107 0.909304111249 0.138665499465
0.990488765711 0.909256718361 0.136336952241
0.985548876571 0.910120455343 0.133745779292
0.987754887657 0.912136492517 0.130829989727
0.979875488766 0.914372375178 0.127931223517
0.975487548877 0.917812933931 0.122846218179
0.975048754888 0.921112604652 0.11884492618
0.976804875489 0.921569996252 0.120996495958
0.983280487549 0.919542939138 0.125537426743
0.983928048755 0.916382061503 0.13096922066
0.986692804875 0.913409624706 0.135145819993
0.985169280488 0.912420130073 0.136292423941
0.984116928049 0.912116913728 0.137058813882
0.981311692805 0.914037484126 0.134647839909
0.98463116928 0.915386127549 0.131818682273
0.974163116928 0.915378710872 0.130964074655
0.976716311693 0.915197988267 0.13175343248
0.980571631169 0.914676938733 0.132468671414
0.984557163117 0.91285317526 0.132637299929
0.986755716312 0.913274354839 0.129907563568
0.986975571631 0.913789284096 0.128695063877
0.983397557163 0.915093202551 0.126683272448
0.984839755716 0.917041152432 0.122908551737
0.976883975572 0.920435907509 0.116869253023
0.977888397557 0.921286904686 0.116473148142
0.985188839756 0.91954918271 0.120432512932
0.985018883976 0.918481221751 0.122926374514
0.988601888398 0.918824417068 0.122140495537
0.98626018884 0.919799942686 0.120007651305
0.991426018884 0.919468123171 0.120363592017
0.982042601888 0.920025210069 0.120658386626
0.974804260189 0.921051839955 0.117999378959
0.981280426019 0.923945637337 0.113010604492
0.985528042602 0.926909215495 0.109304187662
0.98685280426 0.926892982651 0.109020482025
0.980685280426 0.924710097312 0.114538089718
0.975568528043 0.921843842962 0.119835672459
0.981356852804 0.919927449699 0.122324365395
0.97923568528 0.917320414843 0.125957006787
0.976323568528 0.91427570317 0.1323490327
0.985032356853 0.909950891978 0.138517844349
0.983203235685 0.907146455521 0.140773997761
0.981220323569 0.906761896131 0.139554030038
0.984622032357 0.907759761423 0.139118055593
0.986762203236 0.905632455024 0.142996207836
0.986076220324 0.903730917248 0.145980593723
0.985107622032 0.902699288595 0.147741711939
0.983210762203 0.902688418102 0.146298371597
0.97942107622 0.904022925268 0.1442995416
0.991642107622 0.905156298921 0.141574003466
0.986564210762 0.907724344359 0.136765018911
0.980656421076 0.912808771141 0.129923890932
0.979165642108 0.914579190798 0.126596582756
0.986216564211 0.912561688093 0.131033475701
0.988721656421 0.909013288096 0.136085074557
0.982672165642 0.908290672885 0.138502039438
0.981167216564 0.906450732312 0.140462343647
0.982816721656 0.906306935344 0.140474605687
0.990181672166 0.905491850467 0.142045078072
0.984618167217 0.906475903436 0.142063344955
0.987661816722 0.907593718227 0.139237614375
0.991566181672 0.908298344041 0.139302107541
0.990156618167 0.906929194421 0.141766423812
0.979215661817 0.906000276591 0.141736709007
0.979021566182 0.906694981877 0.139414805633
0.986202156618 0.905692532395 0.141815085644
0.994120215662 0.905820544952 0.142784771578
0.985912021566 0.90735705768 0.140869443398
0.987791202157 0.909385865566 0.138004764867
0.983479120216 0.909293036181 0.13714883493
0.985747912022 0.909639468328 0.135335183709
0.972474791202 0.910653597656 0.132484237586
0.98014747912 0.912317174532 0.130348908093
0.987214747912 0.913329308606 0.130170331639
0.993321474791 0.912960053605 0.12952296196
0.983132147479 0.912554979724 0.130122195946
0.983913214748 0.911756586888 0.133204843945
0.985791321475 0.909432752225 0.138788979265
0.990479132147 0.906354746099 0.143289600058
0.989147913215 0.904016144578 0.147247366938
0.984514791321 0.902735447681 0.147027793286
0.991251479132 0.902326372961 0.144972974804
0.983825147913 0.903486216129 0.143502417031
0.983982514791 0.905589534459 0.139569956247
0.985798251479 0.907615500201 0.137275462803
0.978779825148 0.908997773088 0.135982840418
0.982577982515 0.909974025818 0.13582209113
0.982957798251 0.911216997542 0.133544670297
0.989295779825 0.911599375914 0.132178904823
0.990829577983 0.910904323096 0.133151931042
0.986482957798 0.911015811871 0.132625572037
0.97974829578 0.91233360684 0.131883612667
0.985374829578 0.912441457782 0.132465850497
0.991337482958 0.912003737746 0.134950629448
0.984733748296 0.911868393951 0.135062791294
0.98767337483 0.913876284161 0.132936410038
0.984367337483 0.916031684778 0.130966881319
0.976836733748 0.916883705694 0.129992364774
0.984183673375 0.917507461505 0.130141430322
0.983118367337 0.919037101136 0.127151257332
0.983011836734 0.920762978072 0.12146332781
0.984801183673 0.921155940272 0.118824681707
0.983180118367 0.922389754521 0.117155840427
0.983018011837 0.923881934322 0.116513014961
0.983901801184 0.924772114684 0.116117849267
0.980390180118 0.925825510125 0.113555384739
0.987239018012 0.92724280133 0.1104634466
0.987923901801 0.925944276517 0.1129812043
0.99339239018 0.922138767558 0.119286948035
0.988539239018 0.91825429002 0.125370765267
0.984453923902 0.915503023072 0.128253363169
0.98944539239 0.910819417576 0.134060202652
0.992644539239 0.9084787204 0.137563809687
0.988464453924 0.908517191773 0.13639107213
0.993446445392 0.90983010257 0.135536431722
0.990344644539 0.909993079371 0.135746319446
0.992734464454 0.9100316529 0.134582270644
0.986673446445 0.910989733984 0.133244160854
0.985167344645 0.910354269829 0.134397222151
0.981416734464 0.909563249152 0.134909361657
0.973841673446 0.910679496461 0.133390830297
0.980284167345 0.911346221894 0.134053213962
0.986328416734 0.909318125205 0.1383346407
0.986032841673 0.908714985093 0.141628827825
0.991403284167 0.908114291937 0.143364158868
0.978440328417 0.906522471984 0.145862966024
0.980744032842 0.905002119531 0.147175717578
0.980974403284 0.907253020623 0.142719795036
0.968397440328 0.909790628849 0.141010317061
0.985139744033 0.907932284907 0.142885828207
0.991313974403 0.907364249905 0.144157694562
0.98473139744 0.907403973744 0.14216298663
0.984073139744 0.906463603089 0.141559439866
0.980407313974 0.906182935239 0.140820788655
0.982740731397 0.90650589155 0.140112479885
0.97577407314 0.906086824215 0.140360672514
0.976877407314 0.906085697078 0.13968504858
0.977887740731 0.907286136481 0.137141080604
0.992388774073 0.907892898041 0.136256601685
0.981238877407 0.906806461165 0.13828830391
0.978323887741 0.905666738092 0.14074801398
0.981632388774 0.906195552404 0.140776379081
0.987363238877 0.907766055326 0.137884022266
0.981636323888 0.909409529685 0.135411250436
0.980163632389 0.909259268765 0.135494267327
0.989916363239 0.908910068603 0.136488910786
0.990891636324 0.908070125347 0.138583581988
0.984689163632 0.90599826787 0.142080810803
0.986768916363 0.905180090796 0.142960403144
0.987876891636 0.903721289249 0.144124179575
0.987987689164 0.902474054239 0.147611303426
0.983498768916 0.901837631571 0.148487148745
0.983049876892 0.90215713302 0.147342171282
0.990204987689 0.904615760533 0.143965676106
0.991820498769 0.905086185591 0.142324517456
0.987482049877 0.904509343944 0.142772154945
0.990648204988 0.906341875804 0.139891010764
0.984664820499 0.909069917424 0.134972625364
0.98226648205 0.9098745744 0.135250421289
0.988326648205 0.909343981619 0.135990031277
0.98443266482 0.90945907504 0.135122534517
0.987643266482 0.911634490701 0.130931278855
0.986164326648 0.914946555171 0.127216700764
0.978816432665 0.916206662822 0.125434937279
0.978981643266 0.917368659851 0.123965256007
0.976298164327 0.918039631784 0.123340106529
0.983229816433 0.918323215466 0.123405856132
0.986622981643 0.918218991708 0.12442576211
0.990562298164 0.916742006809 0.126948330995
0.985556229816 0.91462884849 0.129795625201
0.983255622982 0.913142781582 0.132199443955
0.986625562298 0.912247469415 0.133473119066
0.98156255623 0.911502569709 0.134088715966
0.989156255623 0.910670330803 0.136665784888
0.984515625562 0.909250780054 0.13988990227
0.984051562556 0.909500722073 0.138274279672
0.971405156256 0.91068412752 0.135794380507
0.975540515626 0.910897312303 0.136444605168
0.989454051563 0.908127745414 0.141343595231
0.979145405156 0.905633819796 0.143614434878
0.979914540516 0.903641467927 0.145554891414
0.987191454052 0.902507593403 0.148096986144
0.978019145405 0.901791686629 0.148694516699
0.977101914541 0.901260381062 0.148474824594
0.973410191454 0.900405336743 0.150589306022
0.981141019145 0.900331201519 0.150194662847
0.985514101915 0.903216064168 0.145576784921
0.980551410191 0.906056647729 0.140530011917
0.968355141019 0.905512886819 0.141725665415
0.987835514102 0.904627767105 0.145514475403
0.98708355141 0.903656115753 0.1484683668
0.982508355141 0.9033711759 0.147063735005
0.987450835514 0.903835018705 0.146501949919
0.987945083551 0.902811481305 0.148206128377
0.978994508355 0.903009990245 0.147094204284
0.981699450836 0.902607806135 0.145916160933
0.976569945084 0.902981393255 0.14509291129
0.980556994508 0.902694416697 0.14579203435
0.986355699451 0.90312977475 0.145534824906
0.992335569945 0.906208288254 0.139633148498
0.986633556995 0.908756441644 0.135554158631
0.987863355699 0.911770879674 0.131497556986
0.98258633557 0.914668720019 0.127539786042
0.990158633557 0.91643333869 0.126274015108
0.993615863356 0.915834857756 0.126698993823
0.980461586336 0.914476697035 0.130013638669
0.983646158634 0.915937712644 0.127857513991
0.981264615863 0.916925528651 0.124601633571
0.984626461586 0.917439233104 0.12369417931
0.984962646159 0.918184682517 0.123372162234
0.982296264616 0.918749389241 0.122158547542
0.984729626462 0.918519051689 0.123842443207
0.991272962646 0.917491277823 0.124355927807
0.990127296265 0.918663997705 0.123499860451
0.987312729626 0.917382774345 0.123950951838
0.987931272963 0.915872988161 0.126669727199
0.989793127296 0.915535912155 0.126355059798
0.99267931273 0.91476137717 0.129422118341
0.989367931273 0.912955344936 0.132647518313
0.989936793127 0.91218546 0.133975428846
0.985493679313 0.91181259921 0.135826213633
0.978749367931 0.912813490712 0.135089541812
0.988874936793 0.913327391827 0.134011299073
0.985387493679 0.915189701846 0.129875812443
0.981438749368 0.916782374608 0.125377107787
0.980143874937 0.919095930121 0.121357430159
0.979114387494 0.922047263402 0.11501147579
0.980811438749 0.925742484645 0.109340822932
0.980981143875 0.926542760168 0.109778927762
0.982798114387 0.926077249321 0.111672249608
0.988379811439 0.926293457684 0.110966104493
0.987137981144 0.927823868996 0.107566869097
0.984313798114 0.928633347397 0.105720137127
0.987631379811 0.928974127709 0.104254970307
0.982563137981 0.930530303663 0.101930706891
0.984756313798 0.931212746131 0.103685572119
0.99037563138 0.928549305272 0.108480156694
0.988237563138 0.928100573105 0.11003494164
0.986223756314 0.92851760205 0.107623063962
0.979722375631 0.929417013444 0.107152353137
0.979072237563 0.930149399182 0.107880468981
0.992507223756 0.928846622981 0.111245435898
0.979450722376 0.927719661999 0.115733911035
0.983545072238 0.926690324024 0.119088815146
0.986654507224 0.924453014812 0.123421914866
0.983365450722 0.921578766365 0.126378844049
0.977636545072 0.919979889443 0.128552128228
0.971663654507 0.917351711361 0.130299935224
0.973766365451 0.914336880311 0.134047214812
0.981176636545 0.909306980198 0.13974798681
0.981017663655 0.9059304027 0.142851295002
0.974701766365 0.905570393507 0.14346880968
0.980370176637 0.906244050514 0.143066122379
0.989937017664 0.906195341295 0.142285259675
0.991793701766 0.908082425724 0.138534200612
0.991079370177 0.910425124346 0.134081016502
0.986507937018 0.911333126836 0.131928996798
0.988750793702 0.912002338245 0.130978228195
0.98087507937 0.911187582806 0.131654225409
0.980087507937 0.910470643074 0.133312750205
0.981808750794 0.910955281881 0.132586927246
0.979280875079 0.912254722123 0.130632369438
0.972728087508 0.91475663631 0.125917661634
0.981972808751 0.917097584846 0.122926312703
0.972997280875 0.917583617085 0.123708315948
0.988299728088 0.914808466514 0.128949636502
0.988929972809 0.913591816269 0.130962228492
0.990792997281 0.912895553386 0.132525747394
0.979279299728 0.913374225042 0.132151954735
0.982627929973 0.913682983625 0.131962201211
0.977562792997 0.912891945114 0.132930959299
0.9779562793 0.912995035492 0.132544954733
0.98339562793 0.91216112971 0.134835452387
0.983939562793 0.911643170542 0.136391270656
0.983993956279 0.911180558006 0.136627733512
0.984899395628 0.910657352714 0.135556590718
0.990389939563 0.911484954477 0.133420311533
0.981038993956 0.913369214636 0.130656281822
0.975603899396 0.915533390569 0.127801632404
0.98136038994 0.916393248877 0.126910687575
0.982836038994 0.916412009502 0.128150384023
