0.1656 0.880687081157 0.308177512109 0.8192
0.23166 0.975661371021 0.361985725556 1.510848
0.304866 0.990568857822 0.377587427595 2.11232
0.3427866 0.995940194535 0.379585945853 2.666624
0.38617866 0.998815031048 0.363142125386 3.111552
0.433717866 0.999881499749 0.338044455106 3.39168
0.4969717866 0.999317289117 0.312555003153 3.589568
0.55729717866 0.997252697034 0.29482486939 3.726208
0.586729717866 0.993676765285 0.268061954592 3.626432
0.683272971787 0.988736378203 0.251052937982 3.424384
0.719927297179 0.982629131999 0.244521841764 3.060032
0.766792729718 0.975989846418 0.231591637375 2.679168
0.813779272972 0.96803400795 0.225467094087 2.248256
0.869777927297 0.958735746527 0.220950122562 1.776
0.90957779273 0.948472417562 0.189648560366 1.231104
0.919857779273 0.939135407348 0.157742570326 0.934464
0.920885777927 0.934403534774 0.124550603849 0.6592
0.931788577793 0.934471431561 0.115381605573 0.502016
0.963478857779 0.933803582104 0.111560587221 0.32128
0.969347885778 0.935219768823 0.115736539815 0.2224
0.972634788578 0.935135917691 0.107046147987 0.1456
0.967563478858 0.937148939117 0.107028255366 0.139584
0.975156347886 0.937431587824 0.106047158798 0.152896
0.962415634789 0.936742200409 0.127118677509 0.144192
0.970141563479 0.931823424622 0.130693374141 0.119488
0.942114156348 0.931148861856 0.108835503237 0.150144
0.972611415635 0.930443340854 0.116725627854 0.12096
0.972961141563 0.929728125835 0.147867599472 0.119808
0.964896114156 0.923796414564 0.127441782357 0.109952
0.958689611416 0.923818907713 0.117414789372 0.121408
0.958068961142 0.925729065378 0.111218132726 0.137664
0.964306896114 0.928470049009 0.113262346843 0.156288
0.953230689611 0.927906849514 0.101426680106 0.137984
0.953923068961 0.931380610571 0.107249509009 0.139072
0.968392306896 0.933906219307 0.123465492974 0.145984
0.97073923069 0.931626231445 0.121263069674 0.142336
0.970073923069 0.930335799742 0.123370913588 0.102656
0.965507392307 0.929344176893 0.117287477083 0.104256
0.965950739231 0.929119310813 0.124153707149 0.119936
0.964195073923 0.92773282995 0.140473375648 0.136192
0.959519507392 0.923362341009 0.136504731297 0.117824
0.977951950739 0.919790233157 0.127594864732 0.095616
0.976195195074 0.920516571114 0.115649354486 0.090112
0.978719519507 0.921055567862 0.121664943972 0.083904
0.975371951951 0.921907428408 0.127679691818 0.099904
0.975037195195 0.922051342396 0.135730698492 0.093696
0.97680371952 0.921467941257 0.120113803976 0.099328
0.972480371952 0.923127211833 0.122954598894 0.098944
0.974748037195 0.921909531831 0.114349607917 0.095936
0.97947480372 0.924977320194 0.118871579586 0.092096
0.983547480372 0.923525416993 0.124531251056 0.093184
0.983054748037 0.924032388352 0.126554821968 0.085824
0.974905474804 0.922010114418 0.11014152756 0.109568
0.96329054748 0.92547370267 0.114352769939 0.12192
0.968429054748 0.926203736913 0.122338308209 0.12864
0.966242905475 0.926277661095 0.130163082237 0.126016
0.957024290547 0.924301786455 0.114241298954 0.130048
0.956102429055 0.925294644969 0.107099838438 0.14368
0.978510242905 0.927013367216 0.113386932428 0.112448
0.991551024291 0.927025805599 0.112501688212 0.08224
0.961355102429 0.927329306503 0.111316936143 0.121408
0.976335510243 0.926051306643 0.115822919475 0.10816
0.976033551024 0.924947702273 0.114774765218 0.109952
0.967003355102 0.926416368428 0.124094033175 0.112384
0.97870033551 0.9239885624 0.11182380113 0.089344
0.971770033551 0.926773209356 0.103366726096 0.094976
0.980977003355 0.92804386703 0.098316848452 0.095808
0.979197700336 0.931214812111 0.103806638799 0.086592
0.979919770034 0.931520032355 0.109741165293 0.089792
0.979091977003 0.932733642899 0.116286208015 0.076672
0.9781091977 0.92934172046 0.108184126535 0.084672
0.96901091977 0.931805567386 0.0959257677212 0.101824
0.975301091977 0.9349558577 0.115006626712 0.101888
0.975030109198 0.93223921783 0.124894114617 0.077952
0.98490301092 0.928134637289 0.105431379492 0.070208
0.975090301092 0.930244633016 0.102329958461 0.08608
0.968709030109 0.931687452892 0.108126885694 0.109056
0.972570903011 0.932449466193 0.108796362493 0.109696
0.981957090301 0.932278221443 0.109111879349 0.09056
0.97479570903 0.931963711903 0.103224825309 0.0912
0.980379570903 0.932917525537 0.11645668482 0.089088
0.98903795709 0.931398474103 0.112286706605 0.086208
0.981803795709 0.932047775636 0.112314753555 0.06432
0.981980379571 0.931943353531 0.103874160567 0.070272
0.992798037957 0.934943722348 0.119469049618 0.079552
0.982179803796 0.933766431036 0.117082822194 0.0896
0.98111798038 0.933447164491 0.101514032696 0.081536
0.981011798038 0.935600949882 0.104117234343 0.103872
0.969301179804 0.93489139289 0.105577575287 0.119744
0.97263011798 0.936543342055 0.109518498535 0.137408
0.969363011798 0.936123030567 0.0953584574939 0.141824
0.98163630118 0.937223075166 0.102154551846 0.131136
0.965763630118 0.936370451522 0.11813146049 0.10336
0.989376363012 0.933531089965 0.10843502286 0.102272
0.977337636301 0.934915461293 0.107141171388 0.113536
0.97523376363 0.933383661716 0.118685062701 0.109632
0.968723376363 0.930370015834 0.116170729144 0.107968
0.971672337636 0.929869458869 0.119528772963 0.11872
0.968367233764 0.92721236029 0.123180884391 0.117824
0.977036723376 0.926233329049 0.122899571417 0.120128
0.976103672338 0.925527750588 0.118540556802 0.097856
0.967010367234 0.926189562822 0.127664097079 0.122496
0.971501036723 0.922551493303 0.108930044517 0.12256
0.973750103672 0.925709746535 0.105499662131 0.108544
0.984775010367 0.928358313913 0.116336866702 0.100352
0.971477501037 0.927485272768 0.11642132789 0.11072
0.974647750104 0.929665117441 0.122085672111 0.106304
0.96956477501 0.928643913955 0.112761028463 0.11072
0.976256477501 0.929664955577 0.121228755231 0.112
0.96702564775 0.928541271142 0.11003763566 0.111808
0.972402564775 0.928657131037 0.120060940434 0.105856
0.981940256478 0.925340760704 0.127318360439 0.079936
0.984694025648 0.923822297109 0.122635523446 0.079424
0.981369402565 0.922262097142 0.128383244526 0.09568
0.981936940256 0.922009249278 0.146682040822 0.089856
0.969393694026 0.915922288553 0.130887628894 0.099776
0.987939369403 0.915644707654 0.119193963132 0.080768
0.98619393694 0.917615012187 0.124297535225 0.084928
0.976119393694 0.918079695832 0.127299460586 0.0784
0.983211939369 0.917124444588 0.112236201456 0.072704
0.971321193937 0.919690442131 0.112977210832 0.095872
0.973732119394 0.921822914613 0.119031190239 0.09184
0.975773211939 0.922983039329 0.117527119058 0.094528
0.975077321194 0.923674686278 0.0952629215167 0.127872
0.970507732119 0.928746985594 0.104111514869 0.131904
0.967350773212 0.928583956653 0.113941592366 0.109312
0.981435077321 0.927344229321 0.127302094219 0.094976
0.989143507732 0.924060461694 0.10755573614 0.06336
0.977314350773 0.928373442056 0.100415712211 0.087232
0.974331435077 0.930120415765 0.100216668191 0.087168
0.971333143508 0.932594480175 0.105972538452 0.091904
0.980933314351 0.93345493253 0.101651700578 0.075392
0.977393331435 0.933372455187 0.0971978354707 0.083136
0.988739333144 0.935160199021 0.0988725357166 0.094592
0.974573933314 0.936716770107 0.110510540593 0.113472
0.983957393331 0.935571298357 0.115191735801 0.102848
0.983995739333 0.934720872102 0.121437515881 0.099584
0.976799573933 0.932579684212 0.109640221726 0.11616
0.979679957393 0.935613848411 0.0990808026742 0.121984
0.978167995739 0.93805220079 0.119110261239 0.1328
0.987016799574 0.935292775599 0.112156657566 0.119168
0.977101679957 0.935514904511 0.123402252392 0.123584
0.963510167996 0.931152080608 0.119335804555 0.118912
0.9648510168 0.930782089063 0.126059668101 0.135616
0.97488510168 0.927344932813 0.128444170715 0.103552
0.985788510168 0.923489519283 0.110308858495 0.099776
0.976978851017 0.925566699232 0.107217134368 0.104064
0.975197885102 0.925898572496 0.0994704997151 0.108992
0.96961978851 0.928904613534 0.0992062981919 0.107072
0.966361978851 0.931851980629 0.112817451508 0.141696
0.962436197885 0.930595342838 0.111196142178 0.13792
0.978243619789 0.931915643327 0.115622403362 0.10624
0.974424361979 0.929528756387 0.111618451862 0.112064
0.973142436198 0.930467279136 0.128042157722 0.116672
0.97661424362 0.926327055484 0.119970481939 0.089088
0.973361424362 0.926578650299 0.125331719806 0.092096
0.978436142436 0.925025255781 0.108297019213 0.107968
0.974443614244 0.928541554808 0.107279465385 0.10848
0.968644361424 0.929482946668 0.117070964247 0.108672
0.968964436142 0.927338846844 0.126575703808 0.124288
0.952796443614 0.924767761837 0.129192257846 0.132096
0.966479644361 0.92274138573 0.123475136891 0.127424
0.968747964436 0.92480899361 0.13208646737 0.157632
0.978874796444 0.922603091318 0.115437968723 0.119232
0.976287479644 0.924970228403 0.113105413631 0.090752
0.960728747964 0.927531772009 0.109153883747 0.10432
0.974472874796 0.927035966768 0.109256825338 0.099968
0.96504728748 0.928059661011 0.115550016924 0.1152
0.976704728748 0.926419873043 0.111381074751 0.098112
0.979670472875 0.926534057751 0.113376222026 0.077632
0.970967047287 0.926325690225 0.102430882794 0.08288
0.981796704729 0.930021082232 0.0995223216301 0.078208
0.974779670473 0.934847589466 0.111080876713 0.096256
0.971377967047 0.932399849808 0.121012382348 0.110016
0.962037796705 0.930653515133 0.103800770603 0.100608
0.97550377967 0.930713982948 0.106776118899 0.09344
0.987650377967 0.930948838527 0.111318731351 0.084608
0.971765037797 0.930717399233 0.105250130127 0.0848
0.97737650378 0.931767167425 0.110269168786 0.091392
0.974337650378 0.93155888001 0.119591911853 0.103552
0.980333765038 0.930851963645 0.113613749888 0.08192
0.979133376504 0.931107281252 0.126799285649 0.082176
0.97181333765 0.927752687807 0.134081757877 0.090944
0.960281333765 0.924495309184 0.142535531923 0.112832
0.976228133377 0.919550343292 0.124766803181 0.086848
0.981422813338 0.918967820115 0.132262277431 0.081536
0.974742281334 0.917275534644 0.114723499968 0.095616
0.974974228133 0.91977833007 0.117489774002 0.098752
0.981297422813 0.918528139653 0.0956083026301 0.09568
0.977429742281 0.925184741949 0.121388442191 0.093248
0.973442974228 0.922938151743 0.122506371587 0.102912
0.966744297423 0.922684433784 0.124775505368 0.096768
0.978674429742 0.922577336296 0.12242974878 0.10144
0.967267442974 0.923720476817 0.119197347127 0.104512
0.976926744297 0.924909987459 0.116955612405 0.093888
0.97699267443 0.924169596522 0.111079594236 0.084992
0.967999267443 0.925961907308 0.103698461652 0.097024
0.964399926744 0.930516869743 0.105720429979 0.105856
0.973939992674 0.932207330501 0.112128790679 0.094912
0.974893999267 0.931724055176 0.110551500045 0.10752
0.994789399927 0.930370211784 0.103850856225 0.07296
0.976078939993 0.931118132808 0.0964905217884 0.111104
0.983207893999 0.932208566093 0.0984848238821 0.113152
0.9794207894 0.933897326122 0.108147809251 0.124416
0.97904207894 0.933167410791 0.106624117932 0.108992
0.981704207894 0.932999869971 0.115237798143 0.127936
0.982870420789 0.930289354676 0.120491499958 0.107968
0.989287042079 0.928184275251 0.11483703188 0.095488
0.976428704208 0.927932938369 0.108701764087 0.112256
0.976042870421 0.929060172555 0.106151868225 0.102912
0.975104287042 0.931388240786 0.104208643134 0.107136
0.981310428704 0.931111781609 0.0940945898196 0.104384
0.96843104287 0.93342908709 0.0937873280006 0.125888
0.968943104287 0.935911964461 0.0971777491336 0.113152
0.970794310429 0.936019920353 0.0997373872942 0.099712
0.979979431043 0.936783315096 0.109419913573 0.094592
0.978197943104 0.933914363019 0.10860120482 0.09632
0.98431979431 0.933285283839 0.108159428233 0.092416
0.978631979431 0.931349207767 0.112017860153 0.091648
0.983463197943 0.930967448046 0.113482452192 0.086272
0.967746319794 0.929238127844 0.119463464761 0.090944
0.975174631979 0.927384842868 0.101923735524 0.100544
0.981317463198 0.929717720222 0.0996776709126 0.110144
0.99363174632 0.932875092087 0.110982485131 0.096704
0.976863174632 0.933198073342 0.136412721786 0.120832
0.976086317463 0.92791832824 0.119653980403 0.107072
0.980508631746 0.92817679954 0.120241499513 0.114624
0.980050863175 0.928477954223 0.122723410847 0.102592
0.987205086317 0.927101912787 0.111422040805 0.10016
0.986120508632 0.928572682116 0.110208284438 0.064832
0.977012050863 0.931101145276 0.125800795814 0.094272
0.977001205086 0.928733312037 0.112507165715 0.097728
0.975200120509 0.930097690592 0.0998359324473 0.10816
0.966020012051 0.933029382113 0.113338866011 0.134976
0.967802001205 0.930612980904 0.111600695931 0.135424
0.976080200121 0.93097656458 0.114996518896 0.119104
0.976008020012 0.931363373236 0.126009068851 0.078912
0.981400802001 0.930864587983 0.113780614728 0.070016
0.9783400802 0.932458357002 0.12290686379 0.084608
0.98703400802 0.9302446945 0.111647142793 0.068672
0.976203400802 0.931114471055 0.0990670775006 0.089536
0.97512034008 0.933952052752 0.111494306115 0.084864
0.973212034008 0.93365537305 0.110029380361 0.10016
0.975721203401 0.933811978984 0.102002680526 0.102144
0.97597212034 0.933886496297 0.0973774177968 0.11808
0.979597212034 0.934269582022 0.0779992904451 0.115264
0.967359721203 0.940536484186 0.0910875081605 0.128512
0.98503597212 0.941966663989 0.0953821516138 0.122304
0.976903597212 0.940709913399 0.109935025841 0.133632
0.973390359721 0.937132830069 0.102591893925 0.116928
