0.0009 0.9 0.0211474388258
0.00189 0.99 0.0232621827084
0.001989 0.999 0.0237020234026
0.0019989 0.9999 0.0240694659344
0.00289989 0.99999 0.0243291811967
0.002089989 0.999999 0.0245492901528
0.0038089989 0.9999999 0.0248196231825
0.00488089989 0.99999999 0.0252624895065
0.003188089989 0.999999999 0.0258701724426
0.0030188089989 0.9999999999 0.0265943109131
0.0129018808999 0.997339424876 0.0270730939559
0.00579018808999 0.997073367373 0.027431845467
0.008679018809 0.997046761623 0.0276672178292
0.0134679018809 0.997044101048 0.0279528619994
0.00854679018809 0.997043834991 0.0284519705255
0.0107546790188 0.997043808385 0.0288821044305
0.0109754679019 0.997043805724 0.0292713271785
0.0100975467902 0.994383230344 0.0296844881153
0.010909754679 0.994117172806 0.0304539046917
0.0082909754679 0.994090567052 0.0312578404852
0.0116290975468 0.994087906477 0.0320673916292
0.00926290975468 0.988894186631 0.0326443277046
0.00992629097547 0.988374814646 0.0335842515598
0.0126926290975 0.988322877447 0.0344672107743
0.0147692629098 0.985784805053 0.0350459049133
0.016776926291 0.985530997814 0.0362032723707
0.0106776926291 0.977771241615 0.0371924148097
0.0136677692629 0.976995265995 0.0390742954001
0.0103667769263 0.971956101899 0.0407001613656
0.0199366776926 0.97145218549 0.0429693008663
0.0109936677693 0.9663360365 0.04468090622
0.0145993667769 0.965824421601 0.0462591708519
0.0158599366777 0.965773260111 0.0473713134797
0.0186859936678 0.961159307836 0.0477438238124
0.0153685993668 0.963358487723 0.0479604219097
0.0159368599367 0.960790134157 0.0478597892473
0.0132936859937 0.960285948933 0.0482505536446
0.0175293685994 0.957574955297 0.0486053087013
0.0161529368599 0.957559248813 0.049144770187
0.012415293686 0.955144452918 0.0504684019337
0.0201415293686 0.950393179678 0.0514241978662
0.0191141529369 0.949473699071 0.0526200737147
0.0154114152937 0.942683199769 0.0528279898827
0.00964114152937 0.942363733534 0.0539673628872
0.0189641141529 0.935407686477 0.0542032386501
0.0153964114153 0.935480511498 0.0551667077025
0.0132396411415 0.931164348043 0.0559559846413
0.0229239641142 0.925068433203 0.0564185556621
0.0157923964114 0.914718339851 0.056536483115
0.0186792396411 0.908125015517 0.0575869009672
0.0135679239641 0.906338684734 0.059601906528
0.0157567923964 0.899897563847 0.0609072230855
0.0249756792396 0.890343874808 0.0629598045651
0.024997567924 0.876992352118 0.064298944041
0.0204997567924 0.868471675012 0.0671086837057
0.0227499756792 0.858902344978 0.0698232902145
0.0175749975679 0.847922300609 0.0721074778179
0.0170574997568 0.835124893948 0.0750394057338
0.0179057499757 0.820222327177 0.0774776010594
0.0287905749976 0.81030408723 0.0809022469053
0.0280790574998 0.791018849415 0.0832992201295
0.02350790575 0.778487563761 0.0864590354335
0.028450790575 0.763628035543 0.0898163359796
0.0199450790575 0.746083549968 0.0915801565781
0.0208945079057 0.729594269293 0.0937458990475
0.0281894507906 0.713873879225 0.0959221327218
0.0280189450791 0.694440028349 0.097891970026
0.0199018945079 0.677494136212 0.100258792038
0.0208901894508 0.661781833533 0.102341132468
0.0254890189451 0.64506506308 0.105602615506
0.0367489018945 0.630687827464 0.107993373634
0.0351748901895 0.611324497624 0.107845628517
0.0395174890189 0.60126575232 0.108109542819
0.0390517489019 0.591081682372 0.109492412837
0.0435051748902 0.580855505033 0.109217937637
0.039450517489 0.567339614534 0.109753732947
0.0390450517489 0.556509706936 0.110762188969
0.0417045051749 0.54656477497 0.110110564528
0.0455704505175 0.535798262059 0.110989053691
0.0450570450517 0.524018217597 0.110219825656
0.0477057045052 0.514987193139 0.11038038448
0.0461705704505 0.503364515465 0.110469914769
0.0478170570451 0.490698416242 0.111211293582
0.0551817057045 0.476792678159 0.11009302214
0.0559181705705 0.467868980784 0.110913431701
0.047891817057 0.461347520708 0.112039060944
0.0614891817057 0.450654281049 0.11113383131
0.0583489181706 0.44225063864 0.111440524377
0.0634348918171 0.437361824948 0.112596445438
0.0567434891817 0.43040837659 0.112060809253
0.0686743489182 0.424395714082 0.11202374247
0.0626674348918 0.417433378467 0.112052200604
0.0701667434892 0.412344177265 0.111393342166
0.0709166743489 0.408781718032 0.111238467007
0.0790916674349 0.404904074939 0.111588357151
0.0628091667435 0.399866443996 0.112137542053
0.0620809166743 0.399149328025 0.11323496448
0.0836080916674 0.398572666438 0.11324564846
0.0956608091667 0.399845287505 0.111535336595
0.0698660809167 0.404895239016 0.111042681252
0.0708866080917 0.405247393469 0.109123177355
0.0826886608092 0.397545001684 0.110549028742
0.0820688660809 0.392722627652 0.111318965
0.0685068866081 0.39101251737 0.11039524233
0.0833506886608 0.387109091688 0.111101102823
0.0740350688661 0.382017706925 0.111548254536
0.0866035068866 0.376000143959 0.11428175324
0.0689603506887 0.371412181642 0.114468384253
0.0770960350689 0.366030848834 0.114161232811
0.0887096035069 0.359638252507 0.115633087224
0.0826709603507 0.350681864501 0.11482714328
0.0820670960351 0.348902723723 0.113683933822
0.0730067096035 0.345910289294 0.114842341741
0.0757006709604 0.343992602738 0.113903084596
0.079570067096 0.344294002585 0.112755254672
0.0817570067096 0.344865188701 0.114546949649
0.078375700671 0.338887102342 0.113861958627
0.0735375700671 0.336719221651 0.113049141311
0.0865537570067 0.335274849721 0.111761476008
0.0878553757007 0.335431921419 0.110610761586
0.0834855375701 0.335953238993 0.10938207059
0.088448553757 0.334152059801 0.110086012794
0.0826448553757 0.329569462556 0.109179485957
0.0820644855376 0.329493613808 0.109447151664
0.104506448554 0.325621723936 0.109066756233
0.0842506448554 0.329617820192 0.106731014376
0.0777250644855 0.330170666201 0.106035741667
0.0842725064486 0.33000824052 0.107569923695
0.0669272506449 0.329526702575 0.107356256256
0.0804927250645 0.328075196504 0.109638826431
0.0809492725064 0.328639994033 0.110184594261
0.0773949272506 0.329964740281 0.111095894259
0.0770394927251 0.330558482033 0.110391528923
0.0734039492725 0.32938099922 0.109223043881
0.0820403949273 0.331611624212 0.109970665838
0.0793040394927 0.325642655084 0.109278040757
0.100630403949 0.322384285575 0.109285496161
0.0919630403949 0.321821419899 0.110583313774
0.0946963040395 0.320181650671 0.106392463461
0.0895696304039 0.322280750278 0.106458812573
0.0728569630404 0.322902412492 0.107070661811
0.102685696304 0.323780329615 0.106847323193
0.0777685696304 0.324427352985 0.106305053522
0.088776856963 0.323945373294 0.104967824828
0.0925776856963 0.325233167169 0.105024805647
0.0983577685696 0.325574409058 0.107471159272
0.092635776857 0.324808078709 0.106724238137
0.0884635776857 0.327380053988 0.10486063317
0.0853463577686 0.331312738759 0.104363032962
0.0769346357769 0.333811850903 0.104316568269
0.0850934635777 0.336179728803 0.105244311088
0.0760093463578 0.340449823642 0.103524941484
0.0832009346358 0.34273286848 0.103570088588
0.0920200934636 0.342834341863 0.101909404033
0.0938020093464 0.345704876296 0.103660897513
0.0813802009346 0.352250489559 0.101047951728
0.0909380200935 0.356174692874 0.100031066961
0.0837938020093 0.362131595684 0.100188281451
0.0839793802009 0.366504096808 0.0997350867938
0.0731979380201 0.371877933723 0.0983331554179
0.075719793802 0.378196224026 0.0980479437637
0.0930719793802 0.38408228609 0.0972040791662
0.095707197938 0.388707609791 0.0968564271225
0.0950707197938 0.395479018298 0.0969377171044
0.0806070719794 0.399587915657 0.0948890623515
0.0872607071979 0.400909810585 0.0957809164145
0.0915260707198 0.405117305705 0.0964700149958
0.086552607072 0.407202158162 0.0974624053492
0.0788552607072 0.411272887379 0.0974378682254
0.0843855260707 0.417004049406 0.09679263882
0.0750385526071 0.419963445414 0.0976951713902
0.0759038552607 0.420696535929 0.0968000061041
0.0858903855261 0.422457158592 0.0976635069568
0.0877890385526 0.424411623441 0.0986013238958
0.0726789038553 0.429167477923 0.0973127685267
0.0909678903855 0.43398035499 0.0979384623392
0.0927967890386 0.441951333774 0.099463716873
0.0767796789039 0.449426794191 0.100474691047
0.0742779678904 0.455927779003 0.100093242884
0.087527796789 0.463456192094 0.0995963372544
0.0582527796789 0.467241319221 0.0984737823721
0.0589252779679 0.475073334949 0.0987962458856
0.0598925277968 0.478234973353 0.0991462555942
0.0743892527797 0.488579430093 0.0987825696876
0.059638925278 0.49753527547 0.0974441286419
0.0689638925278 0.504283918648 0.098468763268
0.0689963892528 0.507864021903 0.0989029691728
0.0662996389253 0.502526000611 0.0986200526332
0.0606299638925 0.498952794498 0.0996225222425
0.0735629963893 0.490864035828 0.100544036434
0.0757562996389 0.481740063167 0.102072742546
0.0651756299639 0.47012971274 0.103655675637
0.0695175629964 0.461683036268 0.104917277932
0.0753517562996 0.455664498797 0.105871249192
0.07413517563 0.445868336814 0.107581996848
0.078513517563 0.443635036141 0.106725450277
0.0555513517563 0.440041625294 0.107283307481
0.0793551351756 0.437854922514 0.108182327425
0.0700355135176 0.438738216618 0.109866367456
0.0808035513518 0.438911930124 0.108269253808
0.0683803551352 0.437291168902 0.110974333943
0.0680380355135 0.437615989356 0.11019540476
0.0689038035514 0.438427402035 0.111268875244
0.0590903803551 0.435056282145 0.110086531132
0.0662090380355 0.435867175174 0.111142906249
0.0750209038036 0.435933053412 0.111056177265
0.0642020903804 0.440092219773 0.111884153812
0.067620209038 0.443225592657 0.113521873041
0.0616620209038 0.44672338488 0.113194094614
0.0709662020904 0.450060077705 0.112894992085
0.064696620209 0.45433345099 0.112133351573
0.0721696620209 0.457307809366 0.11138728561
0.0594169662021 0.466432055179 0.112097911431
0.0626416966202 0.472659548604 0.111424136163
0.071064169662 0.478726217939 0.11168711593
0.0746064169662 0.482063242641 0.10810894466
0.0695606416966 0.484254755655 0.108220304576
0.0582560641697 0.485624073665 0.109491796141
0.073325606417 0.485482060513 0.109825847303
0.0550325606417 0.490790004427 0.110493933666
0.0622032560642 0.489280076495 0.108569689951
0.0656203256064 0.489575014318 0.110528087394
0.0623620325606 0.489180495133 0.110204578758
0.0620362032561 0.48721054865 0.10919461464
0.0584036203256 0.489114637384 0.109729391434
0.0643403620326 0.492067915046 0.109707632096
0.0514340362033 0.493766029788 0.108909366712
0.0582434036203 0.497901008049 0.10770625161
0.051724340362 0.507051780752 0.107491710106
0.0573724340362 0.506367675533 0.106019160848
0.0579372434036 0.508755814658 0.106037538092
0.0507937243404 0.508812995489 0.107283959859
0.061779372434 0.510267068047 0.107341100432
0.0583779372434 0.509289720953 0.10877022135
0.0517377937243 0.501369735946 0.108288115707
0.0519737793724 0.498660957355 0.10955529803
0.0528973779372 0.495443075021 0.109292394365
0.0538897377937 0.493161028754 0.108775543679
0.0629889737794 0.486737957055 0.109216686015
0.0548988973779 0.484117835672 0.108638770177
0.0558898897378 0.479288265608 0.109050209919
0.0622889889738 0.475607352468 0.111353871861
0.0593288988974 0.472484094272 0.112655192094
0.0536328898897 0.469026913974 0.112963182965
0.053063288989 0.463268674306 0.111669329548
0.0674063288989 0.458449694773 0.111692982867
0.0607406328899 0.455011261914 0.112558752816
0.069974063289 0.456406559871 0.112031757461
0.0582974063289 0.461222811291 0.113118706322
0.0625297406329 0.469851447613 0.112610795647
0.0566529740633 0.4672210894 0.113176984268
0.0569652974063 0.464762131086 0.112413955567
0.0479965297406 0.461122974855 0.115270105154
0.0515996529741 0.45656060528 0.116274296177
0.0519599652974 0.452391106593 0.116958570389
0.0537959965297 0.448646451597 0.115416658618
0.048579599653 0.444650924499 0.116747477963
0.0579579599653 0.442810492008 0.115429586759
0.0507957959965 0.443758352079 0.115015666695
0.0500795795997 0.441596547045 0.114801080794
0.05720795796 0.435609352861 0.114100081542
0.057020795796 0.428516721607 0.114140125665
0.0588020795796 0.419891758348 0.113334920722
0.058980207958 0.412718609227 0.113162725491
0.0481980207958 0.407890533699 0.112559217159
0.0615198020796 0.403703752256 0.113248912997
0.069151980208 0.398444733361 0.111199388921
0.0726151980208 0.396347569318 0.110775212948
0.0711615198021 0.390332403092 0.109689391865
0.0692161519802 0.387793022174 0.110136766749
0.065421615198 0.386524151137 0.109221657769
0.0740421615198 0.38593156641 0.109239648431
0.061404216152 0.38158108211 0.109855129674
0.0718404216152 0.381179458462 0.111581156698
0.0548840421615 0.379119506971 0.10978154781
0.0630884042162 0.374240773552 0.111503048268
0.0612088404216 0.373034099288 0.112584589388
0.0745208840422 0.373879352548 0.113483313606
0.0641520884042 0.376418900295 0.113135554475
0.0595152088404 0.3766127275 0.113939886813
0.060851520884 0.374207911035 0.112281399717
0.0735851520884 0.376163297771 0.113495847762
0.0730585152088 0.374618351785 0.111566609272
0.0694058515209 0.37490399456 0.112635298179
0.0888405851521 0.377407174364 0.113339628469
0.0736840585152 0.378554402164 0.112252873719
0.0766684058515 0.378343395646 0.112758060333
0.0733668405852 0.38154530641 0.113746346598
0.0784366840585 0.378523377626 0.114321477257
0.0915436684059 0.37619175007 0.114815066722
0.0847543668406 0.375992091599 0.114061747239
0.0795754366841 0.37509192267 0.11470273799
0.0781575436684 0.373305701683 0.113427058736
0.0735157543668 0.37184236033 0.113946655621
0.0721515754367 0.371425436973 0.114923066235
0.0657151575437 0.371051538736 0.114604551982
0.0641715157544 0.372506406248 0.114243643131
0.0757171515754 0.378195612999 0.111656066681
0.0615717151575 0.380757451663 0.111339608639
0.0691571715158 0.383874437227 0.113261039421
0.0744157171516 0.382641634955 0.113216829831
0.0812415717152 0.382673944813 0.111972898644
0.0702241571715 0.381054631977 0.110936215753
0.0772224157172 0.380863794752 0.111074785276
0.0599222415717 0.382417366896 0.109157567903
0.0842922241572 0.379053620342 0.109809365849
0.0678292224157 0.377473905906 0.111231409471
0.0697829222416 0.377699007625 0.111985373785
0.0591782922242 0.384178060791 0.110542022716
0.101317829222 0.384767296673 0.107839446544
0.0812317829222 0.388003815652 0.11047777468
0.0720231782922 0.38936383352 0.110782788698
0.0729023178292 0.391387117651 0.109876828017
0.0774902317829 0.396050952213 0.110344040393
0.0761490231783 0.402826616798 0.10980277035
0.0787149023178 0.40397357222 0.108458909967
0.0690714902318 0.402716092966 0.108940720467
0.0762071490232 0.400813839094 0.10822227149
0.0724207149023 0.400001599399 0.108988973354
0.0783420714902 0.394683948789 0.109266419849
0.075334207149 0.393211572156 0.109129148239
0.0741334207149 0.387614171307 0.110464165559
0.0848133420715 0.37930163435 0.110711625599
0.0867813342071 0.370841567304 0.109049823927
0.0815781334207 0.364309223388 0.109541988856
0.0873578133421 0.359021129259 0.10962756021
0.0717357813342 0.358364362767 0.11150459664
0.0845735781334 0.35657917853 0.112455824997
0.0858573578133 0.3583146845 0.113130153658
0.0832857357813 0.360449456255 0.112421075163
0.0686285735781 0.362492851023 0.113144832403
0.0824628573578 0.361311986797 0.112231054136
0.0766462857358 0.362153089768 0.113290467248
0.0760646285736 0.365044440574 0.113889601752
0.0697064628574 0.368476840313 0.113631234329
0.0726706462857 0.375679271763 0.115270887861
0.0765670646286 0.381749264485 0.115373893038
0.0679567064629 0.388418977127 0.115001778732
0.0724956706463 0.392326124618 0.113754281711
0.0774495670646 0.393457594564 0.115167356308
0.0770449567065 0.391681021932 0.117078812067
0.0824044956706 0.394200985707 0.118778536625
0.0811404495671 0.394237776465 0.118063910374
0.0657140449567 0.397686757764 0.117809031946
0.0650714044957 0.400015501733 0.116896829111
0.0641071404496 0.405046995507 0.116593175007
0.070310714045 0.406348405815 0.117100728875
0.0646310714045 0.407548162589 0.118576896483
0.0577631071404 0.404806377229 0.117319402114
0.054376310714 0.402621206428 0.117682261412
0.0576376310714 0.400509498292 0.118358398193
0.0489637631071 0.398479861494 0.119693980027
0.0507963763107 0.396744071026 0.119494737418
0.0527796376311 0.398554492548 0.119881837392
0.0610779637631 0.401475807979 0.119818107995
0.0637077963763 0.404603511043 0.11945314266
0.0522707796376 0.410353107727 0.11768359502
0.0466270779638 0.416017708955 0.117075465237
0.0604627077964 0.421069515049 0.116954424481
0.0780462707796 0.427127065869 0.117262785765
0.061804627078 0.433496548321 0.116723762099
0.0592804627078 0.441660673519 0.116281650334
0.0509280462708 0.448348554591 0.116261738524
0.0608928046271 0.455467332148 0.11427221474
0.0717892804627 0.464608722362 0.113996272654
0.0674789280463 0.46870917444 0.111646930668
0.0634478928046 0.480455286055 0.10966789426
0.0630447892805 0.490221477626 0.10936725468
0.046804478928 0.498690373986 0.107352934506
0.0406804478928 0.508801006771 0.106407105427
0.0553680447893 0.520712668031 0.105195176962
0.0631368044789 0.527089525163 0.102283030609
0.0495136804479 0.535701687377 0.102158351663
0.0517513680448 0.536979175289 0.100814732694
0.0537751368045 0.53164646708 0.0990395764868
0.0494775136804 0.527315031643 0.0992334353481
0.045447751368 0.526469609143 0.0996043445818
0.0405447751368 0.525675500758 0.098112080588
0.0535544775137 0.524102895532 0.0987585527109
0.0494554477514 0.5235768967 0.0968454020634
0.0391455447751 0.519708413373 0.0968160251883
0.0588145544775 0.516016988053 0.0983441155683
0.0526814554478 0.512544767454 0.0996161670267
0.0565681455448 0.50842552357 0.0981836945933
0.0569568145545 0.506662172666 0.0987430592927
0.0560956814554 0.503834947297 0.0969405471359
0.0623095681455 0.499795584306 0.0966165210837
0.0593309568146 0.497992843078 0.0966356872047
0.0635330956815 0.496716062826 0.0964347123739
0.0522533095681 0.493274917051 0.0959058461967
0.0628253309568 0.491760965728 0.0969131828215
0.0701825330957 0.48759712844 0.0971247537476
0.0736182533096 0.482290594917 0.096497361773
0.064061825331 0.475425431096 0.0964381008951
0.0550061825331 0.475657198753 0.0981604283884
0.0649006182533 0.471334602027 0.0983436980759
0.0631900618253 0.469400613013 0.099578982738
0.0792190061825 0.463918721453 0.101444368369
0.0763219006183 0.457923773483 0.100908004137
0.0895321900618 0.455228114224 0.102519935872
0.0737532190062 0.453767560754 0.101846956524
0.0874753219006 0.453003318857 0.101501128218
0.0744475321901 0.452430239011 0.100977859902
0.082144753219 0.456903535211 0.0999788057927
0.0595144753219 0.461063896329 0.0982625757567
0.0761514475322 0.459757001408 0.098524480206
0.0706151447532 0.459228051994 0.102312292336
0.0736615144753 0.452728265626 0.10052933074
0.0649661514475 0.452851376601 0.10177485275
0.0541966151448 0.454384697827 0.102491796344
0.0567196615145 0.461878272736 0.103649195297
0.0776719661514 0.462297226899 0.103290798038
0.0698671966151 0.463552794989 0.103214159798
0.0690867196615 0.466438647424 0.105363555454
0.0798086719662 0.469128980547 0.103417532356
0.0556808671966 0.470281916201 0.104037470517
0.0685680867197 0.472516481202 0.103999614535
0.074356808672 0.472336853758 0.101976958614
0.0569356808672 0.470516848655 0.101940150003
0.0668935680867 0.470934968741 0.101454405872
0.0525893568087 0.469561827153 0.10116635397
0.0718589356809 0.468863009914 0.101880760377
0.0692858935681 0.467359543274 0.100753175527
0.0663285893568 0.46363170484 0.101282899927
0.0669328589357 0.463055524807 0.101341914519
0.0768932858936 0.462186290224 0.101622824463
0.0832893285894 0.46038471078 0.0999841454751
0.0758289328589 0.462326210295 0.0992569675665
0.0696828932859 0.460709707355 0.0985676822527
0.0636682893286 0.458961008736 0.100239588829
0.0810668289329 0.458643361234 0.0998045538683
0.0612066828933 0.464217697122 0.0985438343426
0.0790206682893 0.465463616769 0.0956874999948
0.0727020668289 0.468371785839 0.0950211876933
0.0594702066829 0.471626016843 0.0965318904656
0.0671470206683 0.472500760295 0.0961944785094
0.0679147020668 0.471783540454 0.0979558615053
0.0715914702067 0.473599078592 0.0988878934572
0.0692591470207 0.474875469165 0.0996935528309
0.0636259147021 0.471859442094 0.10091077754
0.0585625914702 0.468401680569 0.102206347072
0.077856259147 0.466401806942 0.102699521605
0.0518856259147 0.463978825979 0.101392299085
0.0636885625915 0.468382771324 0.10313424375
0.0594688562591 0.474662287598 0.103606824273
0.0509468856259 0.479328139781 0.10274009631
0.0608946885626 0.483311684358 0.104266838363
0.0483894688563 0.48771668228 0.101709663788
0.0507389468856 0.489391787306 0.101466203256
0.0572738946886 0.491414495308 0.101710300764
0.0705273894689 0.492401700134 0.100822936513
0.0610527389469 0.494141895284 0.101640807863
0.0619052738947 0.496506288787 0.101934674796
0.0601905273895 0.496888363696 0.100628277005
0.0609190527389 0.497006508338 0.10056402455
0.0717919052739 0.503015147905 0.0989905320942
0.0638791905274 0.509723610063 0.0985260623606
0.0549879190527 0.516475259028 0.0972892675547
0.0567987919053 0.524871238182 0.0966966374909
0.0587798791905 0.529246842585 0.0969831230008
0.0553779879191 0.530491101935 0.0955572987605
0.0505377987919 0.535392544174 0.0981545101069
0.0500537798792 0.536755743528 0.098239863482
0.0644053779879 0.541036951282 0.0978242426369
0.0550405377988 0.547581887791 0.0979871805351
0.0532040537799 0.550438645928 0.0963852168611
0.066520405378 0.555529021612 0.0963185263905
0.0741520405378 0.558817453987 0.0947498746526
0.0614152040538 0.570916567153 0.0941606090318
0.0628415204054 0.576634399575 0.0942143979477
0.0602841520405 0.57792399317 0.0945929875734
0.0618284152041 0.582931700721 0.095083821575
0.0448828415204 0.587125061233 0.0926521702167
0.052188284152 0.586666524064 0.0956965092955
0.0421188284152 0.585640761634 0.0938501473218
0.0537118828415 0.584266753072 0.0960159785603
0.0548711882842 0.582694708271 0.0955699248149
0.0567871188284 0.578049173014 0.0956382724878
0.0569787118828 0.570442505519 0.0979109589279
0.0596978711883 0.56447690385 0.101141968771
0.0509697871188 0.56044931837 0.102725243743
0.0482969787119 0.551949485045 0.103623957457
0.0579296978712 0.548637202998 0.10411309062
0.0534929697871 0.548212540033 0.105454633065
0.0584492969787 0.547346958877 0.10675743064
0.0571449296979 0.54566749247 0.108425217511
0.0525144929698 0.547023052878 0.106282334878
0.057451449297 0.547021785822 0.106783991619
0.0570451449297 0.548261698667 0.105740132971
0.050704514493 0.548865924757 0.104815772444
0.0626704514493 0.546577167316 0.104052252388
0.0530670451449 0.548982093605 0.10496996898
0.0368067045145 0.554170684755 0.104143380686
0.0468806704514 0.556194088815 0.101656377894
0.0460880670451 0.563386299614 0.100944113515
0.0487088067045 0.569605395939 0.0989849089765
0.0471708806705 0.578773713784 0.0987131709117
0.048817088067 0.584613647724 0.0986823051229
0.0534817088067 0.589216584708 0.0977291868568
0.0431481708807 0.595802911299 0.0979823879971
0.0556148170881 0.595099126116 0.0973945283043
0.0523614817088 0.595651637605 0.0976217114046
0.0520361481709 0.598627688039 0.0986830954209
0.0349036148171 0.591291801762 0.0985602332187
0.0502903614817 0.590125684934 0.0982103651189
0.0527290361482 0.590689870509 0.0999988464889
0.0439729036148 0.591068879773 0.100276611924
0.0520972903615 0.589988711982 0.0995127811019
0.0547097290361 0.590500184881 0.10017518417
0.0459709729036 0.589630214218 0.101300533054
0.0414970972904 0.587549890536 0.102759359183
0.057249709729 0.590517582406 0.103336424431
0.0453249709729 0.587388392096 0.105056906456
0.0540324970973 0.58493282451 0.103890079108
0.0540032497097 0.590137655056 0.103632573865
0.045900324971 0.594636797409 0.101775778054
0.0513900324971 0.600946640615 0.101982471729
0.0474390032497 0.60519246997 0.100447591866
0.046143900325 0.603505003889 0.101336883273
0.0442143900325 0.601989131639 0.104592502244
0.0467214390032 0.596990484426 0.104719960634
0.0415721439003 0.593960373063 0.105592482135
0.03115721439 0.59016130988 0.106195615644
0.038215721439 0.586879131671 0.106298309413
0.0416215721439 0.58366480004 0.106264610632
0.0545621572144 0.576957735568 0.105942921707
0.0504562157214 0.575053255689 0.106865028857
0.0464456215721 0.570054030154 0.106032277277
0.0523445621572 0.566441425474 0.105155008121
0.0430344562157 0.567877306245 0.105615994601
0.0493034456216 0.565058887679 0.101605591
0.0490303445622 0.565760628729 0.101955218776
0.0553030344562 0.564308387367 0.100198628136
0.0505303034456 0.56656619381 0.0985155311597
0.0428530303446 0.563461998298 0.0986925878852
0.0465853030345 0.563195359133 0.100299880848
0.0532585303034 0.555263896651 0.0996476786345
0.0467258530303 0.545026914212 0.101079240636
0.049672585303 0.534970664529 0.101982664568
0.0598672585303 0.527521864525 0.101212511576
0.049186725853 0.524998499162 0.101560764419
0.0616186725853 0.51987996934 0.101434455572
0.0538618672585 0.518179743017 0.102692178434
0.0620861867259 0.520450986261 0.101321347421
0.0440086186726 0.517035162248 0.102784218449
0.0512008618673 0.513210080301 0.102125684023
0.0456200861867 0.508026963143 0.104133066378
0.0504620086187 0.499544329674 0.104706393854
0.0509462008619 0.494380383291 0.104956959083
0.0581946200862 0.489393862391 0.105148081623
0.0562194620086 0.485426262878 0.104693712932
0.0569219462009 0.479737689629 0.104374237861
0.0470921946201 0.476228136627 0.104081185247
0.066809219462 0.472183994503 0.105018470396
0.0579809219462 0.469421675509 0.103316734981
0.0453980921946 0.468584378794 0.10357740348
0.0639398092195 0.469328520671 0.101860062586
0.0558939809219 0.47536183017 0.0998820294256
0.0703893980922 0.475670553336 0.0996391351876
0.0736389398092 0.473985345001 0.0975212213632
0.0622638939809 0.475964146429 0.0981718713895
0.0638263893981 0.478024707105 0.0962567482017
0.0603826389398 0.475876266661 0.0956995157534
0.064538263894 0.474582942345 0.0966344454442
0.0649538263894 0.4735908617 0.09531586595
0.0550953826389 0.473527560216 0.0931186011095
0.0586095382639 0.475436861808 0.0941126903785
0.0553609538264 0.477440345056 0.0939247778724
0.0685360953826 0.47800938138 0.0939607506841
0.0770536095383 0.478887220414 0.0933411059662
0.0734053609538 0.47856830472 0.0925702315463
0.0712405360954 0.476330825318 0.0924706212939
0.0638240536095 0.474315662071 0.0936835162996
0.070282405361 0.474909337361 0.0945153036882
0.0556282405361 0.476090000116 0.0944364861787
0.0649628240536 0.478646387805 0.0943005403517
0.0613962824054 0.482006481092 0.0970313298551
0.0655396282405 0.484193134006 0.0986491571443
0.0632539628241 0.485961277455 0.0981775043617
0.0558253962824 0.491632909675 0.0989449302531
0.0640825396282 0.499362995176 0.099567208838
0.0667082539628 0.497540265483 0.101153334446
0.0615708253963 0.496254855007 0.102088828171
0.0637570825396 0.49204323112 0.102675751049
0.056775708254 0.484175899825 0.102697827373
0.0524775708254 0.481261931438 0.102730047007
0.0619477570825 0.476553427486 0.104063421676
0.0448947757083 0.473015119742 0.103078435209
0.0440894775708 0.468691310276 0.105519870979
0.0548089477571 0.46390538987 0.107061230441
0.0612808947757 0.462186839723 0.107906235283
0.0547280894776 0.461870073634 0.108163266665
0.0594728089478 0.458848779201 0.108953613081
0.0608472808948 0.454428776209 0.110985080101
0.0483847280895 0.446949351396 0.112239026865
0.0588384728089 0.439351559287 0.111539105638
0.0625838472809 0.429635378561 0.114505326425
0.0557583847281 0.426692341145 0.114083632676
0.0631758384728 0.422069687211 0.113770960612
0.0513175838473 0.417805114853 0.113173979915
0.0564317583847 0.416661259044 0.114321288498
0.0659431758385 0.417394881886 0.112980373321
0.0596943175838 0.420550253625 0.113908245252
0.0482694317584 0.426387656521 0.113365685526
0.0579269431758 0.429471565345 0.113151625105
0.0687926943176 0.432507152302 0.112377164709
0.0590792694318 0.439626623715 0.112146961104
0.0554079269432 0.441662890358 0.110702934837
0.0532407926943 0.441742938638 0.11027838879
0.0620240792694 0.439424974022 0.110382186979
0.0647024079269 0.442642303185 0.111897950611
0.0703702407927 0.442422376928 0.112486867205
0.0709370240793 0.444636009387 0.11343295261
0.0646937024079 0.443741998869 0.111520315081
0.0721693702408 0.446517089547 0.113076931007
0.0675169370241 0.445209544074 0.111214337952
0.0580516937024 0.446214839522 0.111282170223
0.0760051693702 0.447528553758 0.110998588512
0.069700516937 0.452438672266 0.11145107351
0.0600700516937 0.457134323443 0.110126132787
0.0591070051694 0.460865317015 0.110215106653
0.0635107005169 0.463189269947 0.109608121408
0.0558510700517 0.462939771448 0.110506464448
0.0604851070052 0.46483839068 0.11152972378
0.0645485107005 0.461716416222 0.112440296098
0.0631548510701 0.459757173367 0.115126524467
0.056715485107 0.455781901464 0.114493247161
0.0569715485107 0.454747471586 0.114956884384
0.0605971548511 0.451566547147 0.114158492636
0.0636597154851 0.449186815093 0.115122815329
0.0747659715485 0.445727326542 0.113125880268
0.0722765971549 0.441846489642 0.113736348839
0.0675276597155 0.440453242453 0.112830415755
0.0706527659715 0.439381679339 0.111938388799
0.0709652765972 0.433214025695 0.11079748491
0.0637965276597 0.42854866114 0.10908159873
0.075679652766 0.422033417428 0.109579383136
0.0606679652766 0.416013590374 0.110418674205
0.0708667965277 0.40643523832 0.109737676346
0.0727866796528 0.402856122175 0.111129279735
0.0675786679653 0.395436479404 0.108942215786
0.0697578667965 0.390599530418 0.108944575302
0.0870757866797 0.388750758845 0.111490784358
0.072607578668 0.391624082706 0.109955506407
0.0765607578668 0.397466780125 0.108364374371
0.0787560757867 0.400143467008 0.109707385588
0.0690756075787 0.401054342141 0.10928062474
0.0627075607579 0.40222155589 0.108477798339
0.0710707560758 0.401558741535 0.107637910785
0.0809070756076 0.397736914392 0.10660932253
0.0917907075608 0.396632415304 0.105566521773
0.0982790707561 0.398359575352 0.105481911301
0.0728279070756 0.400870660079 0.106449390952
0.0801827907076 0.399008152185 0.102871242968
0.0701182790708 0.395971080575 0.103725671845
0.0844118279071 0.386004805185 0.106164571635
0.0768411827907 0.38057965882 0.107761897964
0.0859841182791 0.376664669796 0.109320282551
0.0787984118279 0.371267114971 0.108151867402
0.0843798411828 0.372233602391 0.111328385454
0.0768379841183 0.370288967738 0.110189449632
0.0706837984118 0.371371549009 0.110883663589
0.0817683798412 0.375000804596 0.111234985206
0.0675768379841 0.370248056425 0.11037872369
0.0742576837984 0.36817128881 0.110758102901
0.0713257683798 0.36346685937 0.10983948334
0.083632576838 0.359069364108 0.108881283458
0.0785632576838 0.357597787908 0.110151506704
0.0816563257684 0.355168442688 0.11220369357
0.0846656325768 0.34892737395 0.11204904327
0.0876665632577 0.346863631393 0.11172228322
0.0744666563258 0.34604331067 0.113611054571
0.0767466656326 0.342271448591 0.11387841747
0.0742746665633 0.340415453991 0.114416131408
0.0803274666563 0.339139074137 0.115039261953
0.0737327466656 0.340974418738 0.117179177343
0.0766732746666 0.34015485458 0.117382746203
0.0823673274667 0.338700760814 0.118944316886
0.0739367327467 0.334046143514 0.117391129124
0.0874936732747 0.334869144477 0.118465339039
0.0789493673275 0.337666475129 0.117369323239
0.0717949367327 0.345578552864 0.119144356653
0.0656794936733 0.352344991346 0.118382924535
0.0794679493673 0.355760000732 0.115928021643
0.0790467949367 0.361700772456 0.117325207123
0.0655046794937 0.36491152722 0.115640532092
0.0596504679494 0.367228953857 0.114274775236
0.0671650467949 0.373809071881 0.114725318487
0.0724165046795 0.376481145468 0.113511233721
0.0738416504679 0.381253934718 0.112764620857
0.0640841650468 0.386819780642 0.11142077494
0.0712084165047 0.390532853534 0.110035432402
0.0665208416505 0.396494702425 0.110840368997
0.066952084165 0.400996674245 0.110654101338
0.0669952084165 0.405652532556 0.109445084671
0.0606995208417 0.40944292703 0.109315678923
0.0825699520842 0.411885863321 0.108564230365
0.0604569952084 0.418166134137 0.107769896152
0.0609456995208 0.421780532418 0.108316494831
0.0681945699521 0.421708095364 0.106977873564
0.0734194569952 0.422696267162 0.108291140571
0.0685419456995 0.420663133639 0.105143197478
0.07255419457 0.421278758696 0.106072312505
0.069355419457 0.419217242265 0.106590061081
0.0699355419457 0.420927484986 0.107602990482
0.0735935541946 0.417138397915 0.106341529505
0.0613593554195 0.42156322044 0.105380594884
0.0691359355419 0.427197071528 0.105836152075
0.0699135935542 0.437581878039 0.10302482092
0.0690913593554 0.444781935706 0.103112964242
0.0735091359355 0.45296843821 0.101820495874
0.0694509135936 0.462171735171 0.101895433502
0.0654450913594 0.46437596664 0.101880272548
0.0713445091359 0.464059012384 0.100347350482
0.0773344509136 0.468060489072 0.100330311385
0.0635334450914 0.474565713656 0.0979567439863
0.0747533445091 0.481076045691 0.0987196577075
0.0632753344509 0.4784610893 0.0996941058502
0.0666275334451 0.479582819824 0.09809539402
0.0714627533445 0.478392550664 0.0979685000807
0.0755462753345 0.4797847568 0.0974893795035
0.0660546275334 0.483735340927 0.0971365849301
0.0759054627533 0.483401981413 0.0962024925451
0.0588905462753 0.479335541369 0.0976718919772
0.0688890546275 0.471242331201 0.0968690768439
0.0734889054628 0.468366700056 0.0974970701732
0.0631488905463 0.465346793137 0.0971523885472
0.0747148890546 0.466154373437 0.0953676341186
0.0758714889055 0.462905427312 0.0942335703849
0.0606871488905 0.45934396919 0.0948375117592
0.0798687148891 0.456105145236 0.0954061635232
0.0862868714889 0.458192025529 0.0948465090976
0.0797286871489 0.459808379592 0.0950718483042
0.0745728687149 0.458685703747 0.0936746332132
0.0713572868715 0.455645902674 0.0941374077524
0.0809357286871 0.455341924298 0.0939286760571
0.0863935728687 0.45092197271 0.0943159136043
0.0743393572869 0.451784574237 0.0960320249871
0.0695339357287 0.450747333889 0.097300334828
0.0870533935729 0.445347128982 0.0960588790398
0.0780053393573 0.440666050073 0.0928219192204
0.0789005339357 0.438346805989 0.0953533867674
0.0825900533936 0.436627588725 0.0970241283333
0.0829590053394 0.432453753282 0.0964734134305
0.0577959005339 0.430057369434 0.0984628934714
0.0777795900534 0.423612779352 0.0998133631659
0.0734779590053 0.422094763455 0.0994226258261
0.0928477959005 0.417016656795 0.102997048475
0.0749847795901 0.416030426177 0.103242553457
0.071398477959 0.412529774093 0.105087536453
0.0764398477959 0.407116409676 0.107331903975
0.0751439847796 0.400062070831 0.107535840851
0.066914398478 0.393096671373 0.106675431264
0.0849914398478 0.385860698327 0.108735200724
0.0687991439848 0.381103159838 0.108342958006
0.0689799143985 0.371878675025 0.107971394854
0.0869979914398 0.367103017123 0.108520250792
0.078899799144 0.362331215868 0.108638182262
0.0798899799144 0.363375031667 0.10933021509
0.0763889979914 0.358699438242 0.111808727995
0.0787388997991 0.350806313806 0.112719547578
0.0843738899799 0.348070469141 0.113013611512
0.085837388998 0.346006740149 0.112958102342
0.0634837388998 0.341108429269 0.115042778563
0.07384837389 0.339639755861 0.115169617948
0.081184837389 0.338560159035 0.118214274964
0.0864184837389 0.34056108949 0.115742381647
0.0725418483739 0.343197230169 0.115453977463
0.0873541848374 0.346486848534 0.115216335935
0.0807354184837 0.347658646566 0.117742406635
0.0854735418484 0.346403837263 0.116642737154
0.0688473541848 0.350757255295 0.118048839839
0.0734847354185 0.352546264327 0.118132644188
0.0739484735418 0.353231671696 0.118152100012
0.0712948473542 0.354180850814 0.11753359036
0.0701294847354 0.3545179087 0.118048894064
0.0862129484735 0.351669444142 0.117835844357
0.0671212948474 0.349067059016 0.118348164454
0.0706121294847 0.346829673236 0.118671623957
0.0718612129485 0.341136707351 0.118725129472
0.0800861212948 0.335893531535 0.117042397451
0.0917086121295 0.333807181683 0.118782224214
0.0946708612129 0.330015333687 0.119174070771
0.0823670861213 0.328558315562 0.120056301198
0.0622367086121 0.326410296137 0.11960731295
0.0692236708612 0.328469526433 0.11886144349
0.0762223670861 0.330507816377 0.118061547606
0.0616222367086 0.333632532751 0.118768120573
0.0763622236709 0.337762765393 0.115672821619
0.0634362223671 0.340894974357 0.11593887269
0.0702436222367 0.344614617365 0.115208017148
0.0790243622237 0.351022903376 0.117520570939
0.0538024362224 0.36030838674 0.117321521087
0.0539802436222 0.365599786335 0.116942266115
0.0773980243622 0.369088577014 0.11711185992
0.0698398024362 0.375538171423 0.116079554551
0.0798839802436 0.386144867853 0.117117200011
0.0655883980244 0.397271359698 0.118493073389
0.0650588398024 0.405489384901 0.118071505873
0.0650058839802 0.411293120838 0.117997774155
0.062300588398 0.419575473713 0.116907227411
0.0575300588398 0.431750735237 0.118322468455
0.067853005884 0.438784833911 0.117250436588
0.0625853005884 0.449530996488 0.116937079429
0.0620585300588 0.459642180637 0.116097784165
0.0458058530059 0.470226462701 0.11645240862
0.0459805853006 0.481980394106 0.116195870223
0.0531980585301 0.494666793408 0.116156677616
0.062919805853 0.503257439389 0.114519542051
0.0413919805853 0.506558632567 0.112501480615
0.0554391980585 0.514191177142 0.112421940226
0.0586439198059 0.512239536609 0.110824549668
0.0400643919806 0.516305786208 0.108172242598
0.0535064391981 0.519553753934 0.108020772641
0.0512506439198 0.524779196579 0.107110921775
0.052825064392 0.530185196575 0.107413055083
0.0511825064392 0.530598153548 0.104248299648
0.0555182506439 0.539010935401 0.103658022391
0.0505518250644 0.542635110181 0.102790749969
0.0572551825064 0.549356754346 0.100821385385
0.0561255182506 0.548232431744 0.100095789053
0.0515125518251 0.552113515024 0.0984374681048
0.0429512551825 0.553210209846 0.0992380780781
0.0438951255183 0.555258082596 0.0980779682949
0.0502895125518 0.555285067308 0.0973743877761
0.0401289512552 0.555763781335 0.096957352693
0.0310128951255 0.558541696729 0.0975902756862
0.0400012895126 0.558795301519 0.0953750201779
0.0454001289513 0.560108916741 0.0959191217577
0.0504400128951 0.562331790596 0.0952967925721
0.0446440012895 0.563334724327 0.0933353779486
0.047664400129 0.559360368861 0.0931959104222
0.0479664400129 0.554784414259 0.0947304813774
0.0515966440013 0.552139370284 0.0950778356063
0.0519596644001 0.552778609298 0.0947971868175
0.05739596644 0.551720885325 0.0945257799873
0.041739596644 0.553676445198 0.0955833136665
0.0608739596644 0.550536072373 0.0944974363916
0.0438873959664 0.546025631358 0.0948943764595
0.0538887395966 0.548553622579 0.0951715109577
0.0647888739597 0.552996498046 0.0962340958593
0.056878887396 0.553518939361 0.0968698955511
0.0623878887396 0.545827292825 0.0971813440867
0.068338788874 0.537029874975 0.0961877357784
0.0590338788874 0.530787210629 0.0958430949043
0.0608033878887 0.52428590652 0.0976132790364
0.0726803387889 0.519217550282 0.0978437068846
0.0711680338789 0.509192863685 0.0989628838305
0.0548168033879 0.50076345369 0.101089652988
0.0540816803388 0.495085152672 0.102226549536
0.0603081680339 0.487059057924 0.102828543478
0.0564308168034 0.484068615269 0.101699808652
0.0695430816803 0.483402719978 0.10302105923
0.064554308168 0.483365420687 0.102553692823
0.0748554308168 0.483817069677 0.10050674616
0.0623855430817 0.484709141191 0.100366084897
0.0647385543082 0.485399110505 0.101586501204
0.0721738554308 0.490596998158 0.103522886985
0.0504173855431 0.491933427248 0.102380888492
0.0581417385543 0.492933449651 0.104707095226
0.0625141738554 0.490385227964 0.104922654119
0.0728514173855 0.487668906069 0.104681578211
0.0603851417386 0.486190095618 0.105441962903
0.0663385141739 0.492470416856 0.10564443279
0.0723338514174 0.497644413941 0.107394004
0.0549333851417 0.495919626276 0.108777969468
0.0522933385142 0.494790722275 0.108608121195
0.0628293338514 0.48893895579 0.10910459891
0.0692829333851 0.48673514072 0.111271844385
0.0609282933385 0.478309905351 0.112626954265
0.0645928293339 0.468449406442 0.11393981598
0.0541592829334 0.453462599394 0.115018166844
0.0594159282933 0.436926397874 0.116507054449
0.0572415928293 0.424909415389 0.117466497663
0.0723241592829 0.415620093547 0.118781043782
0.0630324159283 0.412582056495 0.11904507588
0.0720032415928 0.408923952045 0.119244701826
0.0657003241593 0.407983959422 0.118669446423
0.0695700324159 0.409490404506 0.119085054377
0.0681570032416 0.409065733477 0.122520085236
0.0662157003242 0.403608620499 0.122442323585
0.0687215700324 0.402043240901 0.122366288537
0.0635721570032 0.405061335055 0.123104521308
0.0612572157003 0.40350369012 0.120201081159
0.06462572157 0.40327420684 0.121059758461
0.064962572157 0.401092300498 0.120304294052
0.0712962572157 0.397857203197 0.120012834833
0.0755296257216 0.396124833136 0.120110483875
0.0705529625722 0.395831309957 0.119714660083
0.0655552962572 0.394730783507 0.118644934295
0.0875555296257 0.390139888954 0.11882451253
0.0753555529626 0.389200297682 0.117251187946
0.0750355552963 0.388768311541 0.117273947064
0.0795035555296 0.39349135935 0.115655451564
0.065550355553 0.395990502518 0.113373457621
0.0695550355553 0.400264374138 0.113739073429
0.0906555035555 0.399085201329 0.112530457087
0.0630655503556 0.392860659144 0.113218596693
0.0747065550356 0.390475601713 0.111628555731
0.0812706555036 0.388890925862 0.111326720872
0.0729270655504 0.384143106595 0.11214410456
0.063992706555 0.378112048558 0.111559329773
0.0702992706555 0.374459879076 0.114472090631
0.0592299270656 0.366952509889 0.115487853409
0.0707229927066 0.361681930006 0.11305180562
0.0745722992707 0.361815174058 0.115679100859
0.0686572299271 0.360164707218 0.114990549326
0.0770657229927 0.357191952233 0.114551690356
0.0860065722993 0.352970681676 0.113292386402
0.0905006572299 0.348430153263 0.114710516492
0.084650065723 0.343275667574 0.115068597937
0.0822650065723 0.338742446042 0.116524432797
0.0847265006572 0.339245382716 0.116548880812
0.0894726500657 0.338995589162 0.115411127762
0.0944472650066 0.342275829753 0.114287444904
0.0958447265007 0.344933354289 0.112856091017
0.0788844726501 0.34725463458 0.114698178485
0.078088447265 0.348356147156 0.113797887776
0.0789088447265 0.349544320522 0.114146899478
0.0726908844727 0.353126747417 0.113406266155
0.0855690884473 0.356414955636 0.1132713049
0.0868569088447 0.354256134413 0.112262777387
0.0833856908845 0.35680619617 0.112831333754
0.0803385690884 0.358923173537 0.114964125416
0.0854338569088 0.362926763355 0.113928987341
0.0787433856909 0.368991952882 0.114522582083
0.0798743385691 0.368098200946 0.112724253788
0.0727874338569 0.370546932829 0.114013096116
0.0729787433857 0.370422010902 0.11221441747
0.0756978743386 0.373897243334 0.113088862373
0.0867697874339 0.373968017094 0.113722324507
0.0788769787434 0.375738611769 0.113048548975
0.0690876978743 0.380320008541 0.113680475997
0.0699087697874 0.38207201107 0.114867379833
0.0645908769787 0.383661022961 0.113723355711
0.0721590876979 0.385860560579 0.113651745311
0.0675159087698 0.388168788733 0.114776316631
0.073351590877 0.389694785566 0.114395116046
0.0721351590877 0.392677697224 0.116066589417
0.0738135159088 0.391181878001 0.114281917733
0.0658813515909 0.392346347941 0.116867988326
0.0506881351591 0.386249850326 0.116360337258
0.0725688135159 0.384520487208 0.117531134152
0.0684568813516 0.379803509336 0.116801883951
0.0536456881352 0.375954467981 0.117053782552
0.0566645688135 0.371236990329 0.118537819588
0.0569664568814 0.366041406405 0.119416005528
0.0515966456881 0.360126289763 0.11928684699
0.0627596645688 0.354121028025 0.11855465789
0.0629759664569 0.345396672897 0.117874124563
0.0719975966457 0.339495837526 0.120087226921
0.0773997596646 0.335140940838 0.120651191328
0.0509399759665 0.333264620188 0.120036054565
0.0599939975966 0.332371816272 0.12064983099
0.0716993997597 0.331886212367 0.117424322985
0.053969939976 0.333147594916 0.117942908362
0.0575969939976 0.335817152124 0.117675012859
0.0741596993998 0.34169493014 0.117869905895
0.08031596994 0.343611969514 0.117965641427
0.060231596994 0.3470512716 0.116197593107
0.0699231596994 0.351070752843 0.116696540608
0.0564923159699 0.353431770445 0.117254992006
0.076749231597 0.356805756265 0.115915524689
0.0706749231597 0.358435189159 0.114580375744
0.083567492316 0.361722262674 0.11521900588
0.0704567492316 0.360803873821 0.112264206435
0.0646456749232 0.357146025079 0.115880555031
0.0811645674923 0.351783489417 0.113509330948
0.0846164567492 0.349735472661 0.115764330262
0.0786616456749 0.348943005262 0.113344737278
0.0762661645675 0.350207999935 0.112804395222
0.0751266164567 0.352957252423 0.113022266922
0.0867126616457 0.360189380991 0.113294645877
0.0788712661646 0.369107647289 0.111454757148
0.102387126616 0.37543714902 0.110231931309
0.0705387126616 0.38107353229 0.111245787924
0.0835538712662 0.377837866042 0.10941117832
0.0848553871266 0.374385471381 0.109767023264
0.0831855387127 0.37099807161 0.111497617854
0.0740185538713 0.36831011332 0.11264607429
0.0848018553871 0.36644383501 0.112846215423
0.0759801855387 0.366775173611 0.112394145898
0.0840980185539 0.366940364436 0.112131596621
0.0777098018554 0.367867922986 0.112249539726
0.0869709801855 0.369757273423 0.112715083023
0.0752970980186 0.372847293681 0.114212482675
0.0777297098019 0.373582830206 0.114890422284
0.0788729709802 0.377227089513 0.114901228225
0.076287297098 0.381912343991 0.114870141208
0.0760287297098 0.385408807988 0.11455177696
0.083202872971 0.388156285212 0.116978560545
0.0578202872971 0.382909176803 0.117012072548
0.0624820287297 0.376260287948 0.11719896294
0.072848202873 0.370881783508 0.117977400121
0.0765848202873 0.360371063069 0.117683671472
0.0787584820287 0.352354728087 0.119954654336
0.0735758482029 0.34170963282 0.117919352267
0.0703575848203 0.335894379032 0.119946390752
0.079035758482 0.331282247311 0.119965029941
0.0736035758482 0.329128121554 0.120067997081
