0.0018 0.296034999513 0.120560315236
0.00468 0.322705047204 0.132529986246
0.006768 0.322491665515 0.134073192645
0.0114768 0.32049492098 0.134043550395
0.01374768 0.318489149696 0.133858039348
0.016674768 0.316593112121 0.133898596333
0.0151674768 0.314840287248 0.133912436013
0.01951674768 0.313220476856 0.133963822442
0.019051674768 0.311568383942 0.133699653521
0.0199051674768 0.309386818641 0.132013435286
0.0262905167477 0.307683281516 0.133248925418
0.0269290516748 0.305258959396 0.132786772677
0.0350929051675 0.302636525753 0.132140101508
0.0269092905167 0.300284118516 0.131511115562
0.0368909290517 0.2985329079 0.13151165553
0.0432890929052 0.297006510375 0.131601219448
0.0457289092905 0.295412826494 0.130810973132
0.0522728909291 0.294182820157 0.130627316833
0.0340272890929 0.29203839892 0.130369095252
0.0394027289093 0.289603748664 0.130406493312
0.0588402728909 0.287690538911 0.129349994688
0.0508840272891 0.286342012742 0.129721622022
0.0581884027289 0.284370573465 0.129165658367
0.0652188402729 0.282120294005 0.129832813477
0.0632218840273 0.279890217034 0.129252086058
0.0675221884027 0.277899430122 0.128802823078
0.0706522188403 0.276159377034 0.129006050049
0.079065221884 0.274390455597 0.12797769785
0.0763065221884 0.27261995871 0.127139751424
0.0931306522188 0.270945546049 0.128178603704
0.0912130652219 0.268718874546 0.127081865033
0.0991213065222 0.267063246279 0.129466650816
0.0909121306522 0.264947574262 0.127431240992
0.0873912130652 0.26377644063 0.128260935964
0.0888391213065 0.261916689411 0.126767755449
0.101583912131 0.259899137935 0.127566710204
0.101058391213 0.257448688817 0.126992196331
0.0983058391213 0.25477656794 0.126475637282
0.116930583912 0.252253387786 0.125704856172
0.106193058391 0.249999733583 0.125169061307
0.111419305839 0.248050825078 0.124639682612
0.102941930584 0.246384404469 0.125804726471
0.100294193058 0.244004195784 0.125632520922
0.112629419306 0.241902578007 0.125155871737
0.113862941931 0.239863478256 0.124829494759
0.112186294193 0.237227357432 0.124622760922
0.115618629419 0.234636250191 0.12444953783
0.0979618629419 0.231521396425 0.124119580691
0.113296186294 0.228055196207 0.122844761891
0.131929618629 0.225290799747 0.123707152897
0.124792961863 0.222732000516 0.123108424586
0.136679296186 0.221006256425 0.123092797913
0.130667929619 0.219602517823 0.122759050667
0.153466792962 0.218460709227 0.122374595905
0.141346679296 0.2166454042 0.121570990358
0.14103466793 0.214610685142 0.121270961455
0.141903466793 0.212213236762 0.121914194304
0.151890346679 0.208882535224 0.121224114113
0.168189034668 0.205332193222 0.119989112419
0.176118903467 0.20227887605 0.120255777796
0.165211890347 0.199181425837 0.120568798571
0.160521189035 0.19652775621 0.120052442443
0.178952118903 0.194137928184 0.118981318244
0.16279521189 0.191839698306 0.118753624127
0.155779521189 0.189474782616 0.11916720665
0.151477952119 0.186660160191 0.11833235478
0.149247795212 0.183969241544 0.118017481516
0.175124779521 0.181639555709 0.117578593607
0.166912477952 0.179778424983 0.118002647412
0.175991247795 0.177712043378 0.118134991801
0.18229912478 0.175197338131 0.116389004605
0.183829912478 0.173302800583 0.117111682415
0.216382991248 0.171238829548 0.116313910372
0.213338299125 0.168553883524 0.114721354348
0.189633829912 0.1664778243 0.115969352773
0.206163382991 0.164601226189 0.115613181773
0.216816338299 0.163523144878 0.116867588654
0.19988163383 0.162291041853 0.116580621541
0.218888163383 0.160389337741 0.114270328197
0.225288816338 0.158603050665 0.115648825473
0.201628881634 0.156584040205 0.115496005948
0.227162888163 0.154306167908 0.114422028553
0.217116288816 0.151796270965 0.115097412304
0.216111628882 0.14996867219 0.114489882318
0.214211162888 0.147931819189 0.113666323073
0.207721116289 0.145811481613 0.113830448016
0.210672111629 0.144608159216 0.113381145128
0.225367211163 0.143653155556 0.113685914724
0.234936721116 0.143192482487 0.114429187965
0.220593672112 0.141835668951 0.11424249482
0.233559367211 0.139976433596 0.112644168843
0.236655936721 0.138561549316 0.112869642225
0.263065593672 0.137365688303 0.112012101414
0.250406559367 0.136034633037 0.113552043757
0.237440655937 0.13459237445 0.112754405896
0.233444065594 0.133733962742 0.11200127809
0.233944406559 0.133893893878 0.112030655361
0.234894440656 0.134756364643 0.111130302236
0.247589444066 0.135794080058 0.111644223423
0.244358944407 0.137185143321 0.113465154444
0.250335894441 0.138333607708 0.113843814638
0.257233589444 0.13862388985 0.112683672031
0.242623358944 0.138664329629 0.111639785406
0.245662335894 0.139350123268 0.112664132109
0.249566233589 0.13961416847 0.11326043412
0.242756623359 0.138992280783 0.113579422601
0.252875662336 0.137618374563 0.111865920242
0.241287566234 0.136419109681 0.111775553793
0.231128756623 0.134775242784 0.11113241856
0.241812875662 0.133165886175 0.11259975017
0.246481287566 0.13141845156 0.110775282546
0.244248128757 0.130247112063 0.110916716734
0.260224812876 0.129208973798 0.110447181288
0.256422481288 0.128283217475 0.110761361079
0.237142248129 0.127605024576 0.110463196377
0.241514224813 0.127495964788 0.110719735064
0.245551422481 0.127886290574 0.110949766758
0.236955142248 0.128057111754 0.110926933858
0.244195514225 0.12826828735 0.110443178859
0.266519551422 0.12936140163 0.112657819313
0.235451955142 0.13039984876 0.112069887568
0.227845195514 0.131198704254 0.112202873373
0.241484519551 0.132344915866 0.112040786964
0.228448451955 0.134082734124 0.111907109061
0.226244845196 0.13597925568 0.112330522081
0.25122448452 0.137594477432 0.112890086088
0.197922448452 0.139336202948 0.113436412931
0.231292244845 0.140821889525 0.113597990881
0.222929224485 0.142691265931 0.113924891754
0.218492922448 0.143941678409 0.113929648676
0.266649292245 0.145279626276 0.113826883871
0.230064929224 0.147334235867 0.115779514311
0.213806492922 0.149454505458 0.114610199439
0.222980649292 0.152219190209 0.114868771914
0.204998064929 0.154448521011 0.113769750861
0.222999806493 0.153822325681 0.113415696327
0.217599980649 0.153083285678 0.116060655039
0.218859998065 0.151083907577 0.114988552917
0.226185999806 0.148705017488 0.114508840033
0.235018599981 0.147166615702 0.114696314049
0.218801859998 0.145478303719 0.113649014307
0.228880186 0.144607771883 0.114365510404
0.2289880186 0.144180790621 0.114954066313
0.25599880186 0.143283777313 0.113006779565
0.219999880186 0.142642656204 0.113784499988
0.235299988019 0.141769868923 0.11246121967
0.233229998802 0.141097269358 0.113602065401
0.22672299988 0.139926325123 0.112800360516
0.229672299988 0.139688707425 0.112387990371
0.227267229999 0.140036301143 0.114017192879
0.230626723 0.139394537146 0.112658155898
0.2381626723 0.138918922039 0.113297543303
0.23351626723 0.138144434284 0.114633389586
0.224051626723 0.137311662122 0.112995366857
0.223105162672 0.137079435637 0.114544734918
0.230210516267 0.135847554342 0.112660386067
0.234521051627 0.133856474958 0.112399758516
0.200752105163 0.131525876316 0.110872532013
0.218975210516 0.130129529012 0.111545547589
0.237897521052 0.129349711955 0.111353852955
0.229889752105 0.128911389208 0.111398789434
0.249788975211 0.128537027229 0.11194721348
0.228378897521 0.128673704703 0.11131676582
0.230737889752 0.12811860107 0.1100451944
0.245373788975 0.128403246321 0.111139890823
0.241437378898 0.129226575544 0.111078238485
0.23834373789 0.129820058634 0.109834372974
0.238934373789 0.131294649723 0.11233872929
0.239893437379 0.132369077963 0.111564389178
0.243589343738 0.1329428569 0.112836928284
0.252058934374 0.132518410069 0.110732158708
0.257405893437 0.132637464929 0.11237226306
0.236340589344 0.132749216556 0.111735607246
0.265734058934 0.133607335935 0.112427797531
0.251573405893 0.134279984024 0.111708268283
0.242057340589 0.135994899741 0.112581128097
0.230305734059 0.138589436953 0.113774505557
0.258830573406 0.141299751019 0.111832580075
0.215783057341 0.143564680614 0.113611321566
0.242078305734 0.145486541801 0.112369498009
0.227607830573 0.147450295005 0.112221953374
0.236060783057 0.147659920134 0.112867120735
0.211706078306 0.145965657255 0.113252101995
0.243470607831 0.144025397429 0.112745463863
0.217847060783 0.14301877468 0.112888239991
0.235084706078 0.14161463813 0.112692908276
0.226008470608 0.140175573794 0.112506877073
0.244000847061 0.139070590567 0.111100196459
0.220600084706 0.13882001712 0.112435839724
0.211060008471 0.138793068261 0.112140079178
0.217306000847 0.138418397601 0.110819473508
0.239530600085 0.138400203359 0.113377887089
0.231853060008 0.137448360471 0.113709605436
0.222085306001 0.136519416768 0.112174084063
0.2454085306 0.135511663488 0.113989278779
0.24054085306 0.133229328886 0.110875728566
0.241854085306 0.131668233659 0.111579006843
0.246485408531 0.129865231412 0.111144155758
0.245148540853 0.128543980787 0.11217232739
0.245914854085 0.127508086464 0.112411559811
0.247791485409 0.126847719571 0.111380863726
0.262379148541 0.12638949546 0.111307532839
0.256637914854 0.126111293916 0.110983691288
0.261463791485 0.126553535224 0.111175016505
0.261946379149 0.127483966695 0.111306557783
0.252094637915 0.128649292965 0.111311510207
0.251109463791 0.130435774403 0.112376914963
0.244710946379 0.132539197724 0.112292022424
0.262071094638 0.133891011783 0.112294855178
0.256607109464 0.134583170906 0.11158336159
0.230860710946 0.135965190466 0.112848766168
0.244486071095 0.137644914214 0.113005061451
0.231448607109 0.13885758819 0.112054996273
0.249944860711 0.139824227999 0.113747913365
0.260794486071 0.14020146942 0.113224885344
0.250179448607 0.140240969995 0.114258113506
0.231117944861 0.140227248621 0.113483396342
0.235511794486 0.140813398118 0.113429488422
0.228751179449 0.141893082655 0.113347582433
0.242475117945 0.14076017539 0.112551234608
0.238447511794 0.13866079576 0.113035388864
0.212844751179 0.13640087716 0.111741557821
0.230084475118 0.134622965493 0.112621222071
0.235408447512 0.132555662735 0.111553821369
0.245840844751 0.130985966285 0.112173173024
0.243284084475 0.129763924168 0.111046441271
0.243028408448 0.12924152291 0.111389239181
0.254702840845 0.129123044335 0.111986141923
0.237870284084 0.129229558793 0.111092792401
0.251487028408 0.129753266308 0.110262298887
0.236648702841 0.130673846642 0.111722934453
0.220764870284 0.13083720155 0.110495194423
0.222776487028 0.131880864591 0.111466825639
0.226577648703 0.132775297776 0.112155239789
0.23685776487 0.133066658031 0.111310554339
0.256785776487 0.133462151409 0.111424226783
0.247978577649 0.133390580806 0.111924791797
0.231797857765 0.133414245225 0.111812015204
0.241879785776 0.133473800743 0.111042570163
0.233887978578 0.134384336449 0.11289438012
0.244788797858 0.135431690046 0.111912888491
0.222478879786 0.136875495093 0.113428726691
0.226547887979 0.138030009843 0.112850745511
0.212554788798 0.138579235344 0.114362133584
0.21835547888 0.138372068579 0.112772203243
0.241435547888 0.13856765995 0.112393104757
0.233843554789 0.138213325592 0.113914383155
0.217784355479 0.136709773116 0.112995478364
0.205378435548 0.134816314529 0.113327732868
0.215837843555 0.132932211137 0.112509459503
0.221383784355 0.13140711224 0.111573087441
0.236338378436 0.130761728487 0.112329034509
0.231533837844 0.129914717442 0.113244699692
0.216653383784 0.129396226084 0.111750200306
0.216965338378 0.129656350378 0.111149758358
0.248496533838 0.130210539254 0.110215335774
0.244449653384 0.131526010326 0.111852823547
0.226944965338 0.132834398932 0.112752524732
0.249494496534 0.134024496239 0.111524587973
0.234649449653 0.135122857098 0.111641701793
0.261964944965 0.135847264877 0.111838235967
0.239496494497 0.135838500482 0.111952422581
0.23454964945 0.136130772386 0.112914478642
0.245754964945 0.136000343363 0.112474144957
0.234275496494 0.135138129866 0.111310795794
0.252027549649 0.134963779178 0.113140037533
0.241202754965 0.134512742972 0.111699244622
0.224820275496 0.134761002119 0.112418883824
0.21418202755 0.135064551149 0.112561471295
0.250018202755 0.134729421175 0.112346079066
0.237401820275 0.134426263674 0.112569451737
0.228040182028 0.133925175673 0.111335835311
0.239704018203 0.133551670177 0.111540490464
0.22287040182 0.134458147049 0.112682885006
0.208587040182 0.135528493968 0.111538598132
0.231458704018 0.13647475489 0.112722519982
0.212145870402 0.13765568999 0.112403052812
0.22821458704 0.139397259586 0.113866397353
0.231621458704 0.140981801939 0.114458304821
0.23196214587 0.141914635782 0.114472692014
0.249096214587 0.141850009905 0.114086313009
0.231909621459 0.141443702874 0.112495768988
0.239190962146 0.140815965659 0.113781489689
0.265119096215 0.139201656024 0.112588531969
0.220011909621 0.137348693484 0.114021532247
0.226301190962 0.135669958501 0.113874937731
0.255730119096 0.134512185411 0.111513045792
0.21007301191 0.133524073746 0.111839114782
0.226207301191 0.132527717914 0.112808928959
0.241320730119 0.131650640166 0.112372240704
0.259032073012 0.131381574961 0.111758503817
0.245503207301 0.131489883755 0.111672834666
0.25675032073 0.131747659073 0.112137654689
0.248875032073 0.132144849783 0.112551201041
0.266987503207 0.133202877996 0.11268327877
0.257998750321 0.134545604978 0.112543705331
0.228299875032 0.136044393447 0.113203523645
0.249629987503 0.13589213404 0.112739063642
0.22746299875 0.135388038915 0.112210569541
0.235146299875 0.13537866164 0.113357591407
0.252114629988 0.136061375754 0.112677832217
0.246611462999 0.137258004775 0.112807201561
0.2712611463 0.138499957049 0.112864267675
0.26292611463 0.139904083584 0.113426427618
0.221592611463 0.141019365787 0.112370321219
0.261559261146 0.142046424934 0.112555610416
0.243055926115 0.141955975221 0.112406208425
0.227705592611 0.140611489086 0.111874014232
0.225270559261 0.139010081633 0.112193451113
0.229527055926 0.138156548136 0.112548436849
0.229952705593 0.137920689058 0.112259693509
0.250695270559 0.13791728206 0.110806876278
0.238369527056 0.138338244619 0.112736185751
0.255136952706 0.139152550531 0.113404561252
0.236113695271 0.140531439372 0.112840507711
0.245911369527 0.141818307172 0.112780936529
0.220791136953 0.143205377429 0.112224280296
0.216479113695 0.144394200701 0.113362621083
0.21154791137 0.144894338473 0.113244278837
0.220054791137 0.145353967487 0.113227049066
0.209205479114 0.146373339202 0.114201359823
0.236020547911 0.146497709658 0.113395659741
0.206302054791 0.146204788444 0.113920381054
0.197030205479 0.146000238761 0.114433397144
0.222203020548 0.146425434777 0.115761185975
0.210320302055 0.146181682204 0.113961275843
0.247832030205 0.146501850042 0.115595839083
0.217383203021 0.146696309493 0.114481232273
0.223338320302 0.147063973075 0.113634368349
0.19513383203 0.147926856876 0.114272442551
0.212113383203 0.149100741435 0.114577854394
0.22641133832 0.150661055474 0.114560288578
0.224241133832 0.152663609739 0.114665759869
0.207824113383 0.154594764817 0.115598491301
0.210682411338 0.155238776745 0.11563324172
0.221768241134 0.154685158937 0.115596071015
0.186876824113 0.152977224608 0.115972090262
0.214887682411 0.151417697995 0.115568940792
0.213188768241 0.149794149876 0.114993481586
0.209418876824 0.148351168968 0.11548102506
0.236941887682 0.146578592218 0.115622954397
0.231594188768 0.144964513742 0.113138673434
0.232859418877 0.144252660928 0.113863169905
0.232085941888 0.144155970307 0.113164383819
0.187908594189 0.144863200581 0.114030022273
0.206890859419 0.145535883599 0.114981881681
0.190789085942 0.14553036354 0.113554354713
0.214378908594 0.144329465917 0.113449404438
0.237437890859 0.143019525088 0.11267876709
0.229843789086 0.142003950706 0.112569230952
0.222784378909 0.140915912181 0.111814987276
0.216678437891 0.13897080947 0.112212019601
0.222367843789 0.137486906865 0.11373436329
0.224736784379 0.136382009161 0.113064597539
0.233973678438 0.135498285661 0.111461208402
0.219597367844 0.134356325774 0.111965410928
0.237059736784 0.13323196293 0.111669057452
0.228005973678 0.132147504001 0.113287924797
0.240600597368 0.130859971807 0.11168697116
0.259860059737 0.130233264802 0.112491822319
0.249186005974 0.129696118486 0.111277640143
0.215718600597 0.129827038326 0.110314456486
0.24567186006 0.129743507103 0.110948159486
0.261267186006 0.129845948564 0.111626049749
0.230426718601 0.129213031379 0.111058343376
0.25164267186 0.127733218597 0.109494022003
0.268164267186 0.126712294059 0.110068036904
0.252716426719 0.12564392896 0.110142622033
0.270071642672 0.124715299505 0.109070490128
0.248407164267 0.124439629258 0.110105111627
0.266940716427 0.124872008256 0.110581252447
0.246294071643 0.125766750669 0.112034247766
0.255029407164 0.126884975481 0.112086429713
0.245102940716 0.127911809631 0.11037339536
0.227010294072 0.128890424252 0.111918607076
0.222501029407 0.129772491492 0.111051188236
0.238250102941 0.130965142789 0.112340685
0.238025010294 0.1320387617 0.111584885742
0.246102501029 0.133462671525 0.112908371054
0.262210250103 0.135032626364 0.112625695966
0.25122102501 0.135654703665 0.112259857736
0.251022102501 0.136257645273 0.112977769366
0.24020221025 0.135941438341 0.111844066467
0.248120221025 0.135468873836 0.112057737575
0.230912022103 0.135543996337 0.111616145296
0.22649120221 0.136193295994 0.113755196594
0.223349120221 0.137358291239 0.113210894081
0.226634912022 0.138722531489 0.112086623553
0.217063491202 0.141129993347 0.113596045045
0.23680634912 0.144002311272 0.115173367249
0.218980634912 0.1464444421 0.113743987193
0.210898063491 0.14852248668 0.11495590697
0.214589806349 0.149940563996 0.115394404278
0.222158980635 0.150561546304 0.115941141107
0.220215898063 0.150460000748 0.114371581589
0.224521589806 0.150330532973 0.114641543048
0.224952158981 0.150699826087 0.114914762681
0.234895215898 0.150834240508 0.114010824611
0.23588952159 0.150867391165 0.114063078071
0.235988952159 0.151503039659 0.115225974396
0.238698895216 0.151073290767 0.114003316663
0.239869889522 0.150681488597 0.114541984685
0.214786988952 0.149813296125 0.115525416978
0.228478698895 0.147279146054 0.113610656067
0.23974786989 0.144818723271 0.113066542918
0.221974786989 0.142661171445 0.11373127541
0.238197478699 0.140440308731 0.112899327274
0.22181974787 0.138472848684 0.113447968018
0.245381974787 0.136597279263 0.113296088784
0.245938197479 0.13584576893 0.113673866131
0.244193819748 0.135511993586 0.112163532786
0.253019381975 0.135501677765 0.112460301395
0.238601938197 0.134964916957 0.109632861742
0.25156019382 0.134060069738 0.112174099338
0.238456019382 0.132923959672 0.11223949542
0.246145601938 0.131444788372 0.11053321121
0.231614560194 0.130535428002 0.111333823004
0.234661456019 0.130051786227 0.111733749976
0.222366145602 0.129329886873 0.10983881778
0.24903661456 0.128913743626 0.110240079784
0.230103661456 0.12850645944 0.111301903841
0.228210366146 0.128135208206 0.111876170015
0.238821036615 0.127818630992 0.111149636795
0.229982103661 0.127795936013 0.111525383275
0.237198210366 0.127815453745 0.111050695374
0.233419821037 0.127510518735 0.111097346599
0.220441982104 0.127405110707 0.111807707163
0.22724419821 0.127238052363 0.11142888788
0.238724419821 0.127570919822 0.111600932964
0.229972441982 0.128298160043 0.1111468223
0.229997244198 0.128917013004 0.111150091578
0.22909972442 0.129810713907 0.111963978342
0.211009972442 0.130794255271 0.109950434438
0.218200997244 0.132467175373 0.112795939722
0.236020099724 0.13421398491 0.11175568539
0.256702009972 0.136150270494 0.111433595451
0.246170200997 0.138561936751 0.11289473673
0.2334170201 0.140930007104 0.114165658075
0.22494170201 0.14271288424 0.112812225366
0.238494170201 0.143771162056 0.113672572904
0.23354941702 0.143965011798 0.113599320079
0.224954941702 0.143394074974 0.113406622789
0.23759549417 0.142950153394 0.113880879972
0.232559549417 0.142208171894 0.112296885067
0.246455954942 0.141398023211 0.113666612469
0.226245595494 0.140389104076 0.114297338219
0.246724559549 0.139129597299 0.112079648463
0.243372455955 0.138376746674 0.113800045289
0.264637245595 0.137546880296 0.113339486595
0.23166372456 0.137159899859 0.113363143412
0.247266372456 0.136694889972 0.111970934648
0.229926637246 0.136296310802 0.111539292873
0.241692663725 0.13589590125 0.111356227147
0.231169266372 0.134030442442 0.112296348614
0.258016926637 0.13190864814 0.110660490471
0.256201692664 0.130833113884 0.11134050341
0.243420169266 0.130154990167 0.110872557017
0.243942016927 0.129893751526 0.11156071119
0.228694201693 0.129556304807 0.112615146848
0.264969420169 0.129228669441 0.11310629847
0.246096942017 0.128643659411 0.111503974084
0.255909694202 0.128017874428 0.110069813383
0.24339096942 0.127628560691 0.11097274219
0.244839096942 0.127350026499 0.110208993156
0.254883909694 0.12692295648 0.110646603681
0.235188390969 0.125789016308 0.110240183165
0.262018839097 0.125238613922 0.111668189859
0.26020188391 0.124857888994 0.110413498163
0.270820188391 0.124793059791 0.11116465563
0.255682018839 0.124400730988 0.110242129115
0.254168201884 0.12456432992 0.111304136953
0.273816820188 0.124875415958 0.11043706932
0.236181682019 0.125478199664 0.109722244028
0.246818168202 0.126315476425 0.110282539053
0.25688181682 0.127435426899 0.110217549267
0.247988181682 0.128806722156 0.110178599884
0.241698818168 0.129640805991 0.111245574805
0.246469881817 0.129992573709 0.111087167212
0.235246988182 0.130800683198 0.111225568127
0.231424698818 0.131425284136 0.110039263883
0.222042469882 0.131954417496 0.11161103612
0.235504246988 0.131884716633 0.111022230469
0.226050424699 0.131788122245 0.111164633604
0.23590504247 0.131672378436 0.110697039442
0.229690504247 0.13211047432 0.111639696073
0.214669050425 0.131950440454 0.113157121173
0.223066905042 0.131804785167 0.112636620391
0.238306690504 0.132183005237 0.112540456426
0.23983066905 0.13244593543 0.111069218021
0.235483066905 0.132233677099 0.112464075928
0.219748306691 0.13178835711 0.111656766226
0.222674830669 0.131599503118 0.111760837484
0.237367483067 0.131858922318 0.112098692017
0.247836748307 0.132331627758 0.112710805818
0.234483674831 0.1330277174 0.112307057422
0.225948367483 0.133441275837 0.111715392516
0.234094836748 0.133760267233 0.110833112366
0.230409483675 0.133722023884 0.112333947922
0.239940948367 0.133709159575 0.113303719962
0.235494094837 0.133868374078 0.113386315138
0.230549409484 0.134053561444 0.113584631128
0.250754940948 0.134166521876 0.112102635737
0.240175494095 0.134570245606 0.111685638515
0.234617549409 0.136334999571 0.113565882778
0.234961754941 0.138461876384 0.113957718582
0.256596175494 0.140389208269 0.11270524006
0.247959617549 0.142818444834 0.113878415924
0.233595961755 0.145576806195 0.113338068934
0.245659596175 0.1481759536 0.11515960768
0.251365959618 0.150439740473 0.114440416919
0.216836595962 0.153179557897 0.115806613357
0.204383659596 0.154003332667 0.115809982038
0.24093836596 0.154100730519 0.11581351673
0.212193836596 0.153279902412 0.116361509161
0.24081938366 0.152350599316 0.114249741495
0.222981938366 0.151832522336 0.115318624001
0.221198193837 0.150421635549 0.114146879294
0.210219819384 0.148133827835 0.112488300793
0.219921981938 0.146556575329 0.113406138994
0.230792198194 0.144484857544 0.11267276027
0.212079219819 0.142178042723 0.113252531655
0.226407921982 0.140253243438 0.112035063886
0.234140792198 0.138799952456 0.112133433929
0.23851407922 0.137625111825 0.112712022811
0.246151407922 0.136865782905 0.1117540417
0.255015140792 0.136177760712 0.112271590731
0.234301514079 0.135629792897 0.110953498115
0.211530151408 0.135905795979 0.111128099252
0.215553015141 0.136326876797 0.112552251591
0.222255301514 0.135909514239 0.11289229459
0.229225530151 0.135248032456 0.112880804223
0.240722553015 0.135046411897 0.111539875148
0.237372255302 0.135235700027 0.112153614306
0.23613722553 0.134809531495 0.111854713429
0.231513722553 0.134608126094 0.112285272217
0.228351372255 0.134572323293 0.111999046072
0.241535137226 0.134317414262 0.112478915339
0.243753513723 0.132985507557 0.111506832105
0.232275351372 0.13184784585 0.111553382745
0.243727535137 0.131143645603 0.112555948616
0.240372753514 0.130296279905 0.112307095184
0.247237275351 0.13019136394 0.1125785291
0.238023727535 0.130332779988 0.11133941296
0.250602372754 0.131141409445 0.111819477598
0.245560237275 0.13199875766 0.111500766068
0.252256023728 0.132477261745 0.112454709755
0.256525602373 0.132627778106 0.112097890158
0.271352560237 0.132894047567 0.111665990617
0.249435256024 0.133393005167 0.111892947982
0.251743525602 0.134358170549 0.111624139298
0.23217435256 0.135656900634 0.111393572962
0.227517435256 0.136909662595 0.111868489352
0.227951743526 0.137931473572 0.113789549458
0.245995174353 0.138194498414 0.112990572944
0.234299517435 0.138603467497 0.112357262826
0.230429951744 0.138890627854 0.111609074731
0.247142995174 0.137899264271 0.112319256846
0.235314299517 0.136865750642 0.111695429257
0.247631429952 0.13640232545 0.113808965624
0.271363142995 0.135558882377 0.111490824959
0.2269363143 0.134951887827 0.111877123759
0.24319363143 0.135288741618 0.113791261178
0.233119363143 0.135773197894 0.111759881861
0.239311936314 0.136701088589 0.112049708357
0.224631193631 0.137532175301 0.11267567928
0.268163119363 0.137968686621 0.112099674427
0.215816311936 0.138276651857 0.111119753826
0.222281631194 0.138132717317 0.111430935444
0.226528163119 0.138173620834 0.111953854082
0.215252816312 0.139180103256 0.112701978975
0.207825281631 0.14105351365 0.112142886111
0.207982528163 0.141898005873 0.112525965425
0.216098252816 0.141837493682 0.112760664048
0.231309825282 0.142382614515 0.113132827716
0.248130982528 0.142478694607 0.113342960575
0.218313098253 0.14264783631 0.114590936842
0.229731309825 0.143233838304 0.113574373832
0.209273130983 0.144215624251 0.115154699243
0.217127313098 0.144742334298 0.114415166666
0.22691273131 0.144486536646 0.115493569025
0.227891273131 0.142950540666 0.113506794204
0.232489127313 0.141985740054 0.113278961518
0.243748912731 0.141609466913 0.114018646744
0.249374891273 0.14036939071 0.112741909319
0.250837489127 0.138516402534 0.110797253523
0.231183748913 0.137029830629 0.112680525628
0.232818374891 0.135108474122 0.112489189616
0.206881837489 0.133377550725 0.111800433097
0.251088183749 0.131881231981 0.111062267969
0.250108818375 0.131054892658 0.111498507614
0.243710881837 0.130734043428 0.110904660448
0.247571088184 0.130917659847 0.111651289026
0.239857108818 0.131483854742 0.112540623665
0.238185710882 0.13220236519 0.111488621353
0.241618571088 0.133472227601 0.112574783868
0.241061857109 0.134394862289 0.110287914522
0.240106185711 0.13630099152 0.111612830187
0.216610618571 0.137070294047 0.112499206938
0.224161061857 0.13710870602 0.112164506288
0.226716106186 0.136319411548 0.111709206488
0.243171610619 0.135438186591 0.113435548218
0.238517161062 0.134123438033 0.112904653792
0.251551716106 0.133350404059 0.112721359242
0.232155171611 0.133111548385 0.111582845036
0.240115517161 0.132981765526 0.11188949883
0.217511551716 0.133356946363 0.113586498407
0.248551155172 0.133583136289 0.113243849701
0.234555115517 0.134137396872 0.112564087925
0.231355511552 0.13371577123 0.112421281092
0.234635551155 0.132492820581 0.111883792837
0.251163555116 0.131023816233 0.110764689522
0.222216355512 0.130208508096 0.112902623065
0.242721635551 0.128987677924 0.113086415075
0.223172163555 0.128076348428 0.110937411698
0.232917216356 0.128316210282 0.110815672182
0.237491721636 0.12886722286 0.113039656695
0.234349172164 0.12927105804 0.110435379853
0.231334917216 0.129718824993 0.11245336633
0.239133491722 0.129702098264 0.111029485408
0.239013349172 0.129961634395 0.111519600531
0.240801334917 0.130837935366 0.112933789333
0.230180133492 0.132080463734 0.111247730628
0.246218013349 0.134111025481 0.111430174682
0.236121801335 0.13561070744 0.112971714155
0.241412180133 0.135380153831 0.111348112971
0.255441218013 0.134345537501 0.111461924503
0.219944121801 0.133542830809 0.112686967763
0.23529441218 0.132360280972 0.111845111999
0.240429441218 0.13158424523 0.112054948958
0.240942944122 0.131367825913 0.111785288124
0.236494294412 0.131993064901 0.113215811165
0.234249429441 0.132591507297 0.112069086734
0.247524942944 0.133177729095 0.112007111314
0.252452494294 0.133764839625 0.11214773487
0.247545249429 0.13435303339 0.112741984976
0.260554524943 0.134351707677 0.111352690018
0.272655452494 0.133741342785 0.111781647963
0.256765545249 0.133246404077 0.111040593879
0.268676554525 0.133287672699 0.112557651882
0.241967655452 0.13394385555 0.113688976143
0.272596765545 0.134095579046 0.111941627282
0.249559676555 0.134055536584 0.111684556016
0.254455967655 0.134743740865 0.112246725622
0.224345596766 0.135634669956 0.112786947947
0.226734559677 0.136139990201 0.112119878525
0.248573455968 0.135902943257 0.112080663711
0.248057345597 0.13602079763 0.112456367081
0.24710573456 0.136981948402 0.114010570998
0.220910573456 0.137638173506 0.112883139682
0.211991057346 0.138349030745 0.1130364997
0.213799105735 0.140276027281 0.114091652668
0.220279910573 0.14201558171 0.113328965009
0.229927991057 0.143632567456 0.113149596018
0.206592799106 0.145596796496 0.114285231495
0.225859279911 0.146652231395 0.113897833598
0.258385927991 0.147044606344 0.114544116493
0.196838592799 0.146806037578 0.114038804741
0.22398385928 0.146446827859 0.113864493646
0.222198385928 0.146865673435 0.115245093109
0.215719838593 0.146585110078 0.115032027159
0.212371983859 0.146805380823 0.115477085377
0.202137198386 0.146914642864 0.115586200113
0.213713719839 0.146609650109 0.114019942784
0.225671371984 0.145685030033 0.112857182723
0.218767137198 0.144793436754 0.114635516467
0.22347671372 0.143564444628 0.113600521677
0.220347671372 0.142475843696 0.112438644413
0.224534767137 0.141997644824 0.111629407635
0.240253476714 0.142500197626 0.113848363082
0.253525347671 0.14298002749 0.11290007987
0.223352534767 0.144445403687 0.11318661501
0.225735253477 0.146090881468 0.11463083778
0.220573525348 0.1467774436 0.11327693866
0.229957352535 0.146374162393 0.112013819725
0.236295735253 0.146075732706 0.11221840519
0.247729573525 0.145359989253 0.1135281697
0.229072957353 0.14372181895 0.112516863807
0.224507295735 0.142473869533 0.112520747564
0.251950729574 0.141608013576 0.113143968838
0.220495072957 0.141125605296 0.114533034633
0.250649507296 0.140028164467 0.114096687453
0.25096495073 0.139138412168 0.112809946952
0.236596495073 0.139070730824 0.113007603694
0.232459649507 0.139658220575 0.113448306784
0.227545964951 0.140165558146 0.114285659326
0.239654596495 0.141009034482 0.113776278485
0.22016545965 0.142024110246 0.114323147251
0.228116545965 0.142351958692 0.11291951398
0.231611654596 0.142788930283 0.112982362108
0.25266116546 0.143400392564 0.113670533967
0.239466116546 0.143958653259 0.114140927764
0.244446611655 0.144076860191 0.114852647027
0.238644661165 0.143335303376 0.114120840489
0.250664466117 0.142127892627 0.11264349917
0.239266446612 0.141377807172 0.114009598878
0.233626644661 0.139290970007 0.113579737033
0.254662664466 0.136983020915 0.114044318595
0.254966266447 0.135513104439 0.112296581588
0.223496626645 0.134060122942 0.112342239888
0.247349662664 0.132960157855 0.111656748555
0.240734966266 0.132323118074 0.110530260575
0.250873496627 0.13215620513 0.110485703801
0.259087349663 0.132326434241 0.112321519574
0.234708734966 0.132842413585 0.113717499927
0.230470873497 0.133261934575 0.112081476135
0.24354708735 0.134271450856 0.112031509138
0.243954708735 0.134759494853 0.111800088717
0.237695470873 0.134735294662 0.112371418522
0.250569547087 0.135049003543 0.112251046489
0.239256954709 0.135440503836 0.112040022985
0.229125695471 0.135807065579 0.112805587972
0.237112569547 0.135986895456 0.112969343724
0.233411256955 0.136119481834 0.113539330045
0.224041125695 0.136333514183 0.113219505707
0.23930411257 0.136867294878 0.111857416527
0.219230411257 0.138101868737 0.113076108523
0.233423041126 0.13881083433 0.111724932868
0.239342304113 0.139241597427 0.111028674868
0.235434230411 0.139425531895 0.1124521245
0.229643423041 0.1393190254 0.113077606734
0.221864342304 0.139153714448 0.113813262848
0.26428643423 0.139121097176 0.111736582352
0.253228643423 0.140683003711 0.113843126662
0.241322864342 0.141040932978 0.113512087496
0.250932286434 0.140722827995 0.111250093064
0.236593228643 0.140887837063 0.11174793316
0.225259322864 0.140732700699 0.113044843651
0.232225932286 0.140508990458 0.113939920738
0.223022593229 0.139484710187 0.113751576824
0.218502259323 0.138648607285 0.111803023329
0.225250225932 0.138859622413 0.113012351975
0.262825022593 0.139228242584 0.113132563096
0.244082502259 0.139252073115 0.114076480223
0.239508250226 0.139135172979 0.112098682038
0.239050825023 0.139664306751 0.113104824046
0.233605082502 0.141060219195 0.113707637246
0.22766050825 0.142405417066 0.113384970249
0.229766050825 0.144335037292 0.113893099853
0.220076605083 0.145321641371 0.113292542739
0.220007660508 0.145748412042 0.112801429322
0.227200766051 0.146638844697 0.113933171086
0.224320076605 0.147300241428 0.114973173382
0.233032007661 0.146801097583 0.114855259548
0.230303200766 0.14519207792 0.112535818918
0.207530320077 0.144366925823 0.113593712287
0.212453032008 0.143528406083 0.112973952929
0.211145303201 0.142630557797 0.112795154619
0.22181453032 0.141634514265 0.113337432526
0.225581453032 0.140969585295 0.113692800943
0.227758145303 0.14059734992 0.111231632567
0.24327581453 0.140311470754 0.112501746888
0.239427581453 0.139981989224 0.112763345259
0.266042758145 0.140082084014 0.112500816682
0.231804275815 0.139930078732 0.112137500378
0.228380427581 0.140025984937 0.111949968633
0.235238042758 0.140383412572 0.111959259597
0.226023804276 0.141335988997 0.113578358264
0.249402380428 0.1424221286 0.113297287699
0.230140238043 0.142547847115 0.11317959483
0.208414023804 0.140580467318 0.112102607307
0.22244140238 0.13905286884 0.112730597527
0.248144140238 0.138685449898 0.113209998924
0.227314414024 0.138458167274 0.112219775163
0.241431441402 0.13786862548 0.112168813181
0.22304314414 0.137356774055 0.1125406235
0.237404314414 0.136124584094 0.111603632781
0.230740431441 0.134487063548 0.111261802099
0.232774043144 0.133244637471 0.110741105292
0.233877404314 0.132773907023 0.11087382566
0.240287740431 0.132799739507 0.111959619598
0.231928774043 0.132512010641 0.110460486075
0.242792877404 0.133107751721 0.112260570732
0.24837928774 0.134049030929 0.111512615801
0.219237928774 0.135355871913 0.113166158326
0.247823792877 0.136166959343 0.111992307736
0.226382379288 0.137371590773 0.112370715601
0.236838237929 0.139340253318 0.113487177773
0.231583823793 0.141859946976 0.112875717474
0.231958382379 0.145216560775 0.114864661944
0.230195838238 0.148780502771 0.114861936712
0.229119583824 0.152344470816 0.115583298494
0.212811958382 0.154052686272 0.115775981803
0.202181195838 0.155257902595 0.116131232029
0.200218119584 0.156273886507 0.116906262411
0.207221811958 0.156505069808 0.116088489462
0.220522181196 0.156360780594 0.116112694077
0.21915221812 0.155561809772 0.114893496875
0.225315221812 0.154436483428 0.116454398688
0.228631522181 0.152876868323 0.115454922129
0.222663152218 0.150512474675 0.114685071548
0.232866315222 0.14750458073 0.114825899239
0.247386631522 0.144302217983 0.113088716689
0.231738663152 0.141277902503 0.11376598735
0.248173866315 0.138232694382 0.113409395008
0.234517386632 0.135746524757 0.11285579626
0.243051738663 0.133097070509 0.111913212724
0.197105173866 0.130653680881 0.111838371475
0.246510517387 0.128538685063 0.111075058522
0.266751051739 0.126927898412 0.111459317389
0.266075105174 0.125620631554 0.108795383897
0.282207510517 0.125794513814 0.110890153894
0.246920751052 0.126073521761 0.110487946548
0.247892075105 0.126184921278 0.111581782987
0.252489207511 0.12570411255 0.109722968399
0.254748920751 0.125250154637 0.110537558555
0.225274892075 0.124697410944 0.110378747212
0.226827489208 0.124612820169 0.111156835263
0.236882748921 0.124312973782 0.110842505389
0.243288274892 0.124097909995 0.110074670783
0.228628827489 0.12422684941 0.11116371564
0.234362882749 0.124233343335 0.110334784535
0.223236288275 0.124302717378 0.109020620244
0.229323628827 0.124066155184 0.110308841989
0.246132362883 0.123615382606 0.109852843167
0.222613236288 0.12355353143 0.109258645801
0.240061323629 0.124203595243 0.110760321219
0.199506132363 0.124687210408 0.110456839069
0.208950613236 0.125470087152 0.110896975074
0.244095061324 0.127141980254 0.11076633996
0.221509506132 0.129653909188 0.112243814966
0.223750950613 0.131541320183 0.109588822715
0.243775095061 0.133510333648 0.112748777163
0.237677509506 0.135130617799 0.112448978107
0.244267750951 0.136578537208 0.112698378333
0.222426775095 0.137042897544 0.111837256651
0.24004267751 0.137064176162 0.112608590279
0.241804267751 0.136520153655 0.113126453615
0.246480426775 0.134926191863 0.111415973085
0.257748042678 0.132991835655 0.110815046221
0.252574804268 0.131202020116 0.110174461233
0.243957480427 0.13057944266 0.112541537695
0.261995748043 0.130469328522 0.113110614524
0.243999574804 0.130172873324 0.110443915906
0.25839995748 0.130856294692 0.111965628608
0.238239995748 0.13080705621 0.111024715304
0.250623999575 0.130541584422 0.112026175511
0.253662399957 0.129773853905 0.110719247044
0.234166239996 0.129777921031 0.112230917601
0.247516624 0.129741918845 0.111936615859
0.2515516624 0.130106266101 0.112342114029
0.26275516624 0.130542990462 0.111814681889
0.253075516624 0.131307079448 0.110774074828
0.227807551662 0.132276248774 0.11155537815
0.231580755166 0.133196354127 0.11258251591
0.231958075517 0.134085364499 0.113003252937
0.226595807552 0.134863278334 0.113192880925
0.222459580755 0.135030473313 0.11221176044
0.230145958076 0.135291971044 0.112311609022
0.217414595808 0.13536672135 0.112650018658
0.214341459581 0.135267419 0.112909118923
0.244634145958 0.135379788447 0.113587136929
0.238663414596 0.135304024715 0.111136395211
0.22366634146 0.134828046073 0.112780371528
0.231166634146 0.133530366433 0.111714334189
0.267016663415 0.132982992711 0.112806831861
0.221101666341 0.132450109838 0.112086457583
0.224610166634 0.132328292285 0.112175428727
0.245661016663 0.132668928105 0.112271675088
0.256766101666 0.133461251388 0.112897076172
0.234476610167 0.134120174844 0.111803778502
0.270047661017 0.135156222845 0.112517312835
0.237604766102 0.136421960525 0.112111295834
0.25056047661 0.138507535255 0.112061568181
0.268056047661 0.140257113604 0.113939406851
0.231105604766 0.141732032619 0.113442235517
0.248110560477 0.142300671667 0.113375948522
0.237211056048 0.141332613341 0.112883076379
0.235221105605 0.140342042302 0.112937370457
0.22872211056 0.139276017821 0.11153918673
0.253272211056 0.138653705654 0.111926900488
0.275527221106 0.138347162898 0.112978308497
0.238152722111 0.137676620859 0.112312244357
0.241615272211 0.137042104031 0.113560112737
0.241961527221 0.136387510286 0.113490863523
0.233896152722 0.136102301781 0.112409938799
0.257389615272 0.136375033286 0.112481144324
0.224638961527 0.136343735001 0.111457771963
0.237563896153 0.136244965094 0.111889173727
0.258656389615 0.135977449472 0.11275334439
0.241865638962 0.135661660977 0.111629249978
0.235686563896 0.135150036715 0.111281918376
0.23956865639 0.134217729153 0.11260051891
0.270556865639 0.132264008842 0.111782467064
0.244855686564 0.130859269192 0.110758558886
0.242285568656 0.129826358686 0.111861027166
0.255528556866 0.128723393584 0.109341429554
0.273052855687 0.128038127793 0.109350140419
0.276605285569 0.128089908216 0.11097445509
0.246360528557 0.128513515535 0.111914682627
0.255036052856 0.128853506382 0.112298587803
0.286503605286 0.12862297414 0.111035858836
0.266250360529 0.128794357827 0.111508683328
0.249825036053 0.129712801786 0.112807171327
0.218482503605 0.131251060398 0.111425986013
0.231548250361 0.13280101441 0.111953141773
0.227454825036 0.134127576321 0.11274580699
0.227945482504 0.134879049541 0.113155092095
0.22889454825 0.134954797158 0.113074710021
0.232589454825 0.134785689942 0.114028936997
0.238358945483 0.134242112649 0.112741774079
0.243435894548 0.133826090215 0.111713807206
0.231343589455 0.133730738189 0.111516931408
0.243634358945 0.133687189624 0.110327631221
0.273663435895 0.13343391828 0.110890039906
0.247866343589 0.13268321598 0.111859013515
0.235386634359 0.13061948472 0.109845178438
0.223338663436 0.129097153157 0.109346438254
0.234733866344 0.127977111175 0.109161707576
0.244873386634 0.127524325155 0.109766728281
0.244987338663 0.127708390135 0.110327542554
0.243198733866 0.128194478789 0.111378749072
0.251119873387 0.128645400069 0.110920197234
0.233011987339 0.129520932026 0.111685997703
0.251001198734 0.130791774963 0.112174597824
0.241100119873 0.13252709728 0.112141833407
0.230210011987 0.133705577409 0.111909145879
0.199421001199 0.134528276409 0.111617139648
0.23414210012 0.13544449533 0.111806354907
0.215114210012 0.136697144601 0.11215265659
0.209611421001 0.138207135017 0.111900899007
0.2360611421 0.140044783491 0.113697045615
0.23690611421 0.141131143353 0.112802697346
0.232490611421 0.141071348972 0.114020291954
0.250049061142 0.139824921383 0.112640692714
0.237404906114 0.138795543294 0.113978455359
0.249640490611 0.137192308362 0.113885341138
0.222064049061 0.135745530124 0.112241033968
0.240906404906 0.135430172485 0.112311766953
0.242790640491 0.135898696852 0.113508716652
0.241179064049 0.136503809245 0.113801428021
0.238317906405 0.136216989313 0.112660428444
0.24703179064 0.135922795162 0.112389348125
0.262303179064 0.136256452664 0.11280756439
0.229630317906 0.136727688603 0.112481794044
0.240763031791 0.138074850329 0.112649908915
0.236476303179 0.139659760392 0.112632687509
0.234247630318 0.14106821144 0.112809991907
0.247524763032 0.142729789513 0.114808706892
0.227252476303 0.143147418785 0.11339858165
0.23692524763 0.143305685255 0.113832254898
0.221692524763 0.143691114789 0.114829141799
0.238169252476 0.143269214927 0.112130109576
0.235316925248 0.143439245771 0.113164012245
0.227831692525 0.143149850666 0.11253927322
0.225283169252 0.142539693191 0.113116343148
0.234028316925 0.141710536691 0.113763921502
0.238502831693 0.141232267021 0.113245696469
0.223650283169 0.139617636645 0.11271539293
0.242865028317 0.137201858406 0.111879851224
0.230386502832 0.13499173766 0.110823626368
0.254338650283 0.132847928126 0.111419056471
0.254033865028 0.131286944621 0.111596033046
0.240503386503 0.13065082946 0.110943517297
0.22385033865 0.130729671363 0.11234889177
0.254585033865 0.130959677845 0.112140788869
0.244158503387 0.130892185894 0.111618914643
0.265615850339 0.130710885808 0.11060807284
0.247961585034 0.130674225049 0.110594725226
0.258796158503 0.130833913601 0.110494850032
0.25537961585 0.131177693921 0.111317547183
0.242437961585 0.131532928032 0.110888538124
0.257343796159 0.132848607139 0.112217529976
0.239934379616 0.134253896127 0.112673748624
0.245393437962 0.135299685715 0.112685009506
0.228839343796 0.136445416025 0.112865067043
0.22358393438 0.137569182401 0.11192359436
0.241058393438 0.139400960872 0.114255841001
0.232005839344 0.139385426858 0.113018057367
0.243700583934 0.139471416356 0.113533573113
0.248470058393 0.138499323776 0.112833271985
0.218347005839 0.136913192246 0.111958195996
0.237834700584 0.135354098835 0.112975380172
0.228083470058 0.133799194253 0.113676825971
0.227108347006 0.132574723234 0.112057251024
0.263910834701 0.132067969583 0.110674067038
0.25769108347 0.132608515049 0.111985757256
0.232769108347 0.133897560359 0.112038313762
0.226676910835 0.13440000833 0.111570202313
0.252167691083 0.13423379409 0.113641681293
0.204316769108 0.133415935699 0.111888533456
0.251731676911 0.132322381416 0.112326277868
0.240273167691 0.131381185574 0.111912963372
0.246327316769 0.131057976287 0.111220013867
0.249632731677 0.131365185295 0.11225426481
0.260763273168 0.132355730204 0.112534970423
0.240276327317 0.133398222411 0.112345137711
0.236427632732 0.134909860183 0.111621397489
0.222542763273 0.137459689826 0.112791716873
0.236454276327 0.139496543878 0.11249703996
0.235145427633 0.141128009915 0.114187248293
0.239514542763 0.141595082235 0.113562989979
0.223751454276 0.142605237941 0.114816987831
0.226675145428 0.142722781998 0.114328550495
0.234167514543 0.14204578465 0.113497409503
0.223216751454 0.140775398843 0.113443623813
0.216721675145 0.139496800793 0.112931147794
0.209772167515 0.137722387534 0.110542012062
0.218977216751 0.136134116703 0.111056946512
0.222597721675 0.135256391629 0.111455940768
0.225659772168 0.134515957045 0.111566311093
