0.0117 0.250014106128 0.118547722924
0.00747 0.272305100905 0.130193704989
0.007047 0.271816994977 0.131268906938
0.0106047 0.270026493103 0.130944198802
0.01726047 0.268269162838 0.130758367036
0.018826047 0.266564078505 0.131062096494
0.0189826047 0.264892589531 0.13057377072
0.02259826047 0.263527816328 0.13016590455
0.029259826047 0.262339407247 0.130226090644
0.0326259826047 0.260624786674 0.129765808575
0.0410625982605 0.258621885871 0.129255962908
0.046406259826 0.25691778662 0.12979182276
0.0415406259826 0.255262032807 0.129601180298
0.0428540625983 0.253791638306 0.128978547096
0.0564854062598 0.252706948113 0.128634605143
0.058748540626 0.251828755363 0.12870196267
0.0679748540626 0.251021970914 0.128812081024
0.0661974854063 0.249927917061 0.128046846243
0.0642197485406 0.248974210123 0.128183355472
0.0802219748541 0.248061023056 0.128189486742
0.0935221974854 0.246555682844 0.127528506893
0.0966522197485 0.245313776967 0.127280861301
0.0834652219749 0.244544835537 0.127621754013
0.0830465221975 0.244062711344 0.128032185026
0.10550465222 0.242785014298 0.12731390861
0.101450465222 0.241491180168 0.127057053868
0.0974450465222 0.240225310243 0.126663653242
0.104244504652 0.23894515041 0.126440419967
0.135524450465 0.237630443753 0.126725907751
0.116152445047 0.236013961264 0.126248166386
0.128615244505 0.234364079511 0.125787540424
0.13706152445 0.233191252119 0.126141464258
0.128006152445 0.232628951244 0.125428459656
0.125300615245 0.232434630637 0.125182951397
0.146630061524 0.232561043735 0.126156986258
0.150563006152 0.232016004501 0.126153004223
0.152756300615 0.229991836006 0.125649046335
0.151175630062 0.227988898357 0.124720492904
0.158217563006 0.226469395105 0.125566713459
0.162521756301 0.224850683257 0.124883918594
0.14315217563 0.222853243494 0.124304654284
0.161015217563 0.220755970104 0.123952183197
0.177201521756 0.218967193078 0.124164754894
0.186020152176 0.216465914573 0.123537576867
0.185102015218 0.214139230137 0.123365665602
0.196710201522 0.211732512211 0.123223570236
0.186171020152 0.209310361174 0.122068669481
0.177917102015 0.206818957096 0.121377869381
0.205891710202 0.204778470285 0.122531665888
0.21228917102 0.203041019373 0.121892847578
0.209328917102 0.201398567548 0.121191694322
0.20903289171 0.20021762144 0.120890094673
0.209903289171 0.198581023413 0.119991415275
0.228890328917 0.197128412081 0.120815647801
0.229889032892 0.196085848889 0.120845033096
0.255188903289 0.19534114177 0.121053295632
0.243318890329 0.194411876689 0.119834698907
0.218731889033 0.193725690253 0.119599802204
0.240573188903 0.193127273161 0.119989961934
0.24005731889 0.192493043932 0.119856845667
0.240005731889 0.191508604362 0.120281650829
0.251700573189 0.190133104743 0.119418361633
0.282570057319 0.189363848682 0.119339078503
0.227157005732 0.188700332056 0.118842306488
0.251315700573 0.18733234859 0.120032322877
0.241131570057 0.1849049668 0.117778572275
0.264413157006 0.183062443608 0.118939300472
0.277541315701 0.181002111072 0.118702168987
0.28155413157 0.179780124278 0.117975211657
0.271155413157 0.178918152576 0.118079591378
0.248515541316 0.178133642324 0.118040719407
0.280451554132 0.177396186815 0.118122159673
0.292645155413 0.176565019761 0.117210564395
0.297464515541 0.175082539361 0.117058215224
0.289846451554 0.173544447422 0.117319778596
0.279184645155 0.172022902839 0.117956623866
0.323118464516 0.170738237214 0.11596600308
0.293311846452 0.170073513594 0.1172995653
0.314631184645 0.169232297671 0.11778422938
0.321263118465 0.167756599533 0.11688654177
0.333626311846 0.166897582405 0.117208542735
0.326762631185 0.1661644373 0.116492937992
0.309876263118 0.165156997445 0.116930163912
0.333387626312 0.163562719031 0.115710188345
0.320438762631 0.162884619803 0.116571868632
0.325443876263 0.162296834298 0.116494665731
0.321444387626 0.162200793521 0.116570790837
0.331844438763 0.161816280016 0.116794917122
0.330184443876 0.160373621676 0.115967118147
0.325518444388 0.159174596127 0.115647059663
0.320551844439 0.157796926494 0.115109477252
0.335355184444 0.156795114456 0.116366660056
0.360235518444 0.154829490634 0.115327931205
0.342923551844 0.153193962679 0.11445940543
0.337592355184 0.151971161058 0.113848325104
0.364059235518 0.150968675321 0.113837730388
0.350505923552 0.15029148787 0.113806168548
0.363550592355 0.149820674616 0.114290858435
0.354055059236 0.149551892787 0.114625600797
0.362105505924 0.149420725389 0.114516475139
0.347610550592 0.149741742305 0.11334439369
0.366861055059 0.150015232297 0.113987477165
0.374186105506 0.149699267244 0.1132083919
0.374018610551 0.150237078715 0.114230939089
0.383001861055 0.150948729432 0.115347763174
0.356900186106 0.150658860116 0.114628393609
0.365990018611 0.149313248724 0.115433742301
0.387599001861 0.147029241143 0.113074240751
0.366359900186 0.145070461082 0.113828223162
0.375935990019 0.142745806283 0.113209716559
0.397593599002 0.139596651686 0.11261032555
0.4213593599 0.136792986062 0.112723873098
0.41653593599 0.134394372753 0.112279454797
0.392653593599 0.132492236242 0.111884447855
0.37676535936 0.130953249289 0.111765154294
0.403976535936 0.129773605778 0.110704777973
0.407597653594 0.128628377088 0.11066849373
0.389959765359 0.128052996736 0.111060091554
0.398095976536 0.128217451109 0.112106816374
0.413309597654 0.128633263027 0.110544137561
0.422930959765 0.129902305787 0.110068099129
0.425693095977 0.131081197086 0.110598028781
0.409769309598 0.131378458932 0.111278538058
0.39737693096 0.130706083224 0.111479800394
0.427637693096 0.130316119206 0.112322819829
0.41176376931 0.130347892774 0.111667491436
0.406576376931 0.130676207654 0.11091896068
0.375457637693 0.13155152848 0.110629622572
0.391245763769 0.13200881335 0.110704366699
0.400024576377 0.131837205617 0.111109083188
0.409002457638 0.131520528029 0.111432549061
0.393700245764 0.131602754448 0.110880959266
0.412870024576 0.131554615287 0.110789402245
0.429187002458 0.131504028207 0.111580560797
0.448818700246 0.131428110145 0.111091014196
0.412081870025 0.131643186059 0.110186509526
0.394908187002 0.132490436837 0.111222244896
0.3868908187 0.133225175805 0.111669194475
0.40408908187 0.133601210531 0.112879676242
0.381508908187 0.133764727025 0.113159564991
0.391850890819 0.133569112326 0.111871992046
0.419885089082 0.133172928679 0.111632780445
0.400188508908 0.133223331201 0.112015185879
0.402718850891 0.13317880259 0.11188420076
0.406571885089 0.133166306052 0.111168871467
0.391657188509 0.133469674844 0.111576636532
0.419865718851 0.133700593389 0.111193910815
0.416386571885 0.13399296895 0.112738071133
0.380938657189 0.134358031455 0.112145686283
0.383693865719 0.134459183998 0.112596277383
0.407369386572 0.133911648397 0.112280977959
0.421436938657 0.132652200958 0.112039991701
0.423743693866 0.130865970969 0.110777656532
0.455474369387 0.129334408108 0.11126162485
0.431647436939 0.128025507764 0.110244421378
0.443664743694 0.127397908169 0.109997156827
0.441266474369 0.127530918211 0.111130523795
0.395126647437 0.127571782015 0.110496252689
0.420212664744 0.127768359298 0.111161467179
0.453321266474 0.127509339598 0.109983651643
0.434132126647 0.126919054135 0.110264046751
0.443013212665 0.125346612733 0.110634082504
0.452901321266 0.123404725094 0.109097482479
0.428690132127 0.122105212981 0.108898438843
0.448769013213 0.121499490291 0.109542817897
0.426476901321 0.121298777817 0.109258740545
0.447647690132 0.121494857223 0.109896248102
0.424564769013 0.121497607968 0.10975886481
0.442056476901 0.121765309684 0.109171548884
0.43930564769 0.122781766075 0.110721784042
0.414730564769 0.123964185166 0.111461928725
0.431173056477 0.125038516933 0.112031082794
0.427417305648 0.125444745869 0.111107808237
0.427041730565 0.125673154933 0.11031731209
0.417104173056 0.125954076804 0.109776847195
0.441310417306 0.126348250284 0.110351792297
0.405031041731 0.126366783672 0.110051161146
0.396003104173 0.126513331368 0.11074475223
0.380700310417 0.127204110442 0.111709257467
0.402570031042 0.127695718123 0.110686749778
0.402057003104 0.128633938539 0.110290966279
0.38850570031 0.129627918901 0.110606017171
0.391650570031 0.129922480014 0.11092399585
0.402765057003 0.12991514842 0.110418631271
0.4272765057 0.129840569121 0.110194562355
0.39192765057 0.12999682735 0.110661307417
0.400092765057 0.130407990761 0.110811245916
0.422509276506 0.130508592822 0.111717058931
0.400450927651 0.130537474827 0.111095605157
0.405445092765 0.130833438046 0.111268192603
0.388844509277 0.130796433514 0.110309430289
0.401584450928 0.130868349405 0.110671372992
0.400158445093 0.130794832266 0.111575563462
0.400015844509 0.130076229949 0.110464740592
0.413501584451 0.129118043835 0.11017505106
0.431050158445 0.128615315141 0.111300371585
0.419305015845 0.127300500562 0.110422623062
0.428930501584 0.126337981845 0.110574507377
0.454193050158 0.12561235175 0.109859671763
0.444119305016 0.125206355777 0.109927030452
0.415211930502 0.12491070126 0.110200568555
0.42672119305 0.124807253092 0.109212749449
0.427872119305 0.125501009831 0.110333212766
0.416287211931 0.126090445686 0.110309555938
0.421428721193 0.126407774672 0.110332400115
0.412042872119 0.126787389876 0.111125521469
0.428204287212 0.127060485938 0.111586784515
0.415420428721 0.1268803845 0.110442847764
0.410542042872 0.126598261545 0.111027750598
0.426254204287 0.125826582683 0.109592432322
0.415225420429 0.125187556877 0.11035259497
0.404222542043 0.124750989683 0.110774415994
0.431022254204 0.124496876672 0.110128746167
0.40850222542 0.124738546746 0.110864973595
0.435050222542 0.12539881553 0.110068544033
0.401705022254 0.126417917855 0.109460082997
0.383970502225 0.128083708956 0.111199942262
0.413697050223 0.129709437505 0.111696264036
0.392369705022 0.131459361707 0.112821964072
0.418136970502 0.133149825134 0.112459682987
0.41081369705 0.134823547777 0.113399572136
0.412781369705 0.135973976005 0.113118906919
0.389578136971 0.137049514839 0.112205544684
0.366557813697 0.137674555307 0.11240779129
0.40475578137 0.13760539001 0.112174790828
0.388775578137 0.137799866374 0.11307249019
0.367377557814 0.1374541908 0.113269133351
0.392237755781 0.136800422013 0.1132506932
0.401923775578 0.135211083714 0.112347256528
0.372292377558 0.133951807026 0.112717946809
0.395429237756 0.132836552634 0.112027062448
0.399542923776 0.131597231686 0.111505042951
0.381954292378 0.130494600871 0.112070337159
0.397295429238 0.129079425444 0.110412828711
0.412329542924 0.128615074995 0.110948464292
0.411132954292 0.128845550311 0.110520280898
0.408313295429 0.129277874698 0.109929446694
0.445831329543 0.129788776811 0.111740741707
0.411783132954 0.129843274283 0.111294542241
0.421878313295 0.129351691401 0.111284275302
0.41568783133 0.128928844636 0.111566193727
0.423168783133 0.128145757248 0.111564326192
0.419416878313 0.127243181245 0.110820629473
0.391141687831 0.126319721071 0.111424713617
0.424314168783 0.125227916793 0.110185396287
0.424031416878 0.124612062079 0.110497717166
0.432103141688 0.124533374955 0.111070950964
0.404110314169 0.124251117167 0.109201233589
0.405811031417 0.124818235292 0.110582388472
0.400581103142 0.125422868445 0.109576359237
0.394658110314 0.126745982366 0.11050151629
0.425565811031 0.128607518051 0.110607594901
0.402556581103 0.130697603604 0.111012224461
0.40115565811 0.132422293972 0.111606222528
0.417215565811 0.133767645384 0.111941408039
0.418821556581 0.13471044641 0.111381840427
0.408182155658 0.135846917228 0.111528409072
0.404418215566 0.136395014681 0.1138795107
0.394141821557 0.136222415107 0.112217297099
0.412014182156 0.135294502108 0.110448086886
0.394901418216 0.134318097951 0.112012838069
0.412090141822 0.133701031785 0.111184970493
0.384109014182 0.132369833071 0.110701202083
0.384910901418 0.130634502622 0.109609708961
0.395791090142 0.129491903815 0.111878073022
0.413079109014 0.128124662703 0.110018703637
0.426507910901 0.127026280459 0.110907209762
0.42335079109 0.125524159719 0.110064773322
0.401435079109 0.124157168776 0.109131466272
0.405543507911 0.123544431401 0.110429975469
0.423954350791 0.122921755631 0.109739071894
0.422195435079 0.123025025078 0.110257894775
0.433719543508 0.123612804639 0.110350587758
0.421371954351 0.124356161075 0.111660310502
0.418337195435 0.125081840523 0.111401931546
0.423433719544 0.126015228156 0.110250742758
0.432043371954 0.127297017117 0.109734006771
0.410404337195 0.128248401645 0.11167276248
0.39744043372 0.129426978635 0.111926200473
0.399744043372 0.131123969266 0.111341283811
0.402674404337 0.132760228872 0.111146365457
0.366967440434 0.134339544016 0.112097829354
0.398496744043 0.135523784517 0.112479299259
0.422349674404 0.136156763103 0.112145871492
0.43193496744 0.135968433892 0.11207115508
0.409493496744 0.135165839361 0.112409622013
0.391049349674 0.134403059358 0.111440796273
0.427904934967 0.133842285817 0.111351671999
0.377590493497 0.133889084858 0.112304157104
0.41305904935 0.133629982057 0.112193752981
0.405805904935 0.133610626007 0.111770922839
0.401480590493 0.134070521669 0.111766233357
0.401048059049 0.134626360766 0.113332662597
0.373104805905 0.134547119532 0.113292115678
0.36941048059 0.133762336874 0.113307983455
0.405941048059 0.132861282125 0.112605919573
0.396994104806 0.132091567091 0.111876224029
0.396099410481 0.131856987403 0.111833026604
0.407709941048 0.13095623118 0.110836973074
0.397170994105 0.13028748051 0.110692448936
0.42131709941 0.130593093123 0.111365429588
0.410231709941 0.130946389188 0.110545131914
0.410023170994 0.131321870925 0.110714311246
0.392902317099 0.131314260769 0.111368381323
0.41189023171 0.130427670842 0.110893125958
0.435389023171 0.129839934451 0.111373686038
0.431438902317 0.129186165528 0.110678709348
0.438243890232 0.128346568903 0.110492582542
0.441624389023 0.127571616228 0.110074580527
0.392462438902 0.127134069709 0.11058869538
0.42624624389 0.126290704381 0.109694278664
0.430524624389 0.125931859812 0.109386871089
0.419252462439 0.12583436143 0.110344586113
0.420825246244 0.125103918008 0.108771451285
0.412882524624 0.124741300297 0.109998002542
0.403988252462 0.124575105335 0.110110263794
0.448998825246 0.124346740452 0.110707629921
0.412099882525 0.123875120416 0.109663036149
0.409309988252 0.123503356478 0.109584446289
0.399130998825 0.123234329169 0.110889242889
0.419713099883 0.122869007227 0.111136432707
0.415471309988 0.122393028664 0.110996208938
0.432147130999 0.121793080156 0.109655510567
0.4320147131 0.121629616324 0.109629354568
0.43020147131 0.122063029731 0.111413420995
0.451620147131 0.12265139637 0.109909751525
0.425862014713 0.123346356713 0.109727782923
0.461086201471 0.124034089157 0.109335831153
0.449308620147 0.125170295079 0.110527115047
0.431930862015 0.126317239782 0.110838719956
0.451793086201 0.127196570597 0.110045740837
0.41687930862 0.127969066609 0.110214820907
0.392687930862 0.128290916114 0.111106897821
0.443368793086 0.128817501071 0.111198852085
0.421436879309 0.130087612349 0.111048211573
0.405743687931 0.130581943923 0.111553953099
0.413174368793 0.12995217472 0.111076845328
0.372517436879 0.129052298943 0.111329677363
0.387351743688 0.128425164962 0.111714642997
0.424835174369 0.127775931034 0.111819028767
0.424083517437 0.127252867815 0.11150886214
0.422208351744 0.126843178655 0.11112086079
0.410320835174 0.126701136207 0.110447363451
0.437032083517 0.12690982189 0.111090945433
0.413603208352 0.127166792491 0.110745389866
0.425660320835 0.127436293627 0.110805993705
0.437666032084 0.127052038989 0.110168340047
0.422666603208 0.126130236649 0.110392962382
0.403166660321 0.125295538674 0.10981069686
0.394916666032 0.124889375589 0.110080854788
0.423791666603 0.124703512675 0.110493551795
0.41857916666 0.125067633016 0.111768274295
0.401857916666 0.12497926991 0.110092392422
0.395685791667 0.125448146827 0.111381988392
0.410368579167 0.126422859633 0.111811688212
0.412736857917 0.127769307762 0.111307922848
0.410273685792 0.129364003711 0.110619914877
0.392927368579 0.131358088941 0.111679113007
0.403792736858 0.133513708583 0.112140827344
0.408479273686 0.13523980478 0.112399070613
0.373847927369 0.136768150508 0.112793354827
0.383884792737 0.138631199375 0.113769106944
0.348888479274 0.13994476619 0.112588791543
0.398488847927 0.140674743356 0.112888744271
0.391748884793 0.140886407566 0.112785258489
0.376674888479 0.140410012536 0.112183565792
0.393167488848 0.139685133511 0.113241707283
0.410116748885 0.138625845015 0.113357509028
0.396511674888 0.137542379091 0.11272210127
0.408651167489 0.136323771935 0.112845609969
0.435965116749 0.134494366332 0.111727142163
0.399096511675 0.132971393286 0.110972982851
0.394509651167 0.132076356233 0.112253304559
0.414750965117 0.131032984053 0.110380990174
0.398775096512 0.130191288786 0.110424765156
0.410677509651 0.128988775847 0.110505778557
0.397467750965 0.12780248969 0.110535560996
0.430346775097 0.126950190498 0.110526987567
0.38773467751 0.126500603415 0.110189224556
0.446473467751 0.126363210786 0.110079927954
0.448747346775 0.12628332276 0.109965846319
0.414774734678 0.126326605112 0.110302974882
0.401477473468 0.126775877469 0.110042207056
0.410947747347 0.127642241385 0.110520677369
0.428994774735 0.128512176222 0.110703209229
0.405599477473 0.13022909272 0.111754405541
0.403259947747 0.131848666142 0.111331173835
0.382325994775 0.133659527901 0.110840798414
0.389232599477 0.134843511465 0.111369944925
0.393523259948 0.135557397135 0.112030320975
0.383152325995 0.135904251538 0.111812540841
0.363215232599 0.135634570299 0.111690742078
0.39362152326 0.134958139844 0.111854087551
0.393062152326 0.133866291173 0.111594103113
0.389406215233 0.132931953468 0.110905781842
0.401640621523 0.132084455438 0.111993711235
0.383064062152 0.130806017779 0.111550185703
0.396506406215 0.129584981369 0.11154661466
0.402350640622 0.128328755875 0.110534203729
0.372335064062 0.127745771145 0.110827893458
0.408033506406 0.127581321155 0.110920076042
0.402603350641 0.127656353405 0.109892733649
0.403860335064 0.128267834824 0.10978389465
0.405786033506 0.12912554957 0.109978887024
0.420378603351 0.130430507735 0.110697865575
0.411937860335 0.131513664162 0.110379929266
0.405693786034 0.132153479486 0.110801436047
0.421269378603 0.132727974026 0.111139123014
0.43452693786 0.133001184638 0.111379984004
0.427752693786 0.132516180848 0.112172965519
0.432475269379 0.131365259001 0.111531398217
0.420347526938 0.130085088412 0.110522118471
0.436234752694 0.129243721777 0.110519964215
0.417123475269 0.129076143308 0.112111327102
0.415212347527 0.129062591715 0.110875166049
0.419521234753 0.128954776645 0.11065313676
0.384852123475 0.129114411777 0.112226925882
0.404785212348 0.129249888631 0.111433425735
0.384278521235 0.129373163652 0.111465429031
0.393027852123 0.129402670639 0.11115981204
0.397502785212 0.129456687828 0.11067609208
0.373650278521 0.129403693685 0.112243954248
0.400965027852 0.128780090375 0.111003838413
0.400096502785 0.128563345373 0.112911247101
0.412609650279 0.128066529262 0.111761259445
0.412960965028 0.127482125093 0.110914540373
0.394996096503 0.12663506452 0.110222649465
0.42379960965 0.125996778546 0.111042922828
0.428479960965 0.125721706606 0.110724022946
0.418147996097 0.12552325884 0.110552772983
0.41891479961 0.125553116426 0.110675644081
0.447791479961 0.125987945308 0.110354629911
0.402079147996 0.126990064403 0.110619552123
0.4200079148 0.12785418038 0.110708696485
0.39660079148 0.128509561131 0.110311106905
0.440160079148 0.128992029192 0.111032218123
0.452616007915 0.129132788001 0.11111321466
0.426861600791 0.129583326809 0.111041239779
0.425186160079 0.130112254091 0.111868582691
0.431318616008 0.130055332481 0.111024008828
0.422031861601 0.130339479429 0.112288225674
0.41390318616 0.130308536911 0.110950332895
0.405890318616 0.130548149786 0.110580950911
0.403289031862 0.131068574827 0.110185354084
0.428228903186 0.131993938673 0.110973314026
0.452322890319 0.13203142859 0.111462676506
0.425932289032 0.131334348625 0.111021051387
0.407093228903 0.130768881955 0.110369035143
0.41420932289 0.130792951967 0.111554699058
0.458120932289 0.130665255839 0.110624608046
0.395012093229 0.131233258549 0.111338785765
0.419301209323 0.131606789047 0.111532901079
0.410030120932 0.132156729262 0.111362290053
0.413603012093 0.132429965258 0.111853252468
0.419360301209 0.132527573114 0.111902354064
0.410036030121 0.132681281001 0.112491884624
0.417203603012 0.132569606854 0.112336654461
0.408920360301 0.132531483226 0.111168923351
0.42609203603 0.131800559039 0.110499381072
0.416109203603 0.130876528984 0.110889841316
0.40971092036 0.130014397607 0.110462805503
0.425271092036 0.129850792894 0.111327376004
0.412427109204 0.129993219679 0.111591006821
0.42554271092 0.129518340898 0.110576926172
0.412454271092 0.129650347432 0.111729933752
0.418345427109 0.129875871085 0.11099053992
0.433334542711 0.130036912956 0.111486830129
0.432133454271 0.129192245468 0.110008216123
0.423913345427 0.128869689548 0.109885293906
0.392491334543 0.128993449982 0.110114315712
0.419949133454 0.129658012781 0.111549968349
0.388494913345 0.130377989798 0.110860953467
0.397049491335 0.130738473965 0.11222482122
0.386204949133 0.130668397649 0.111384307079
0.386020494913 0.13046713829 0.110608699297
0.355402049491 0.130393655033 0.111775900536
0.402740204949 0.130262560284 0.112449164817
0.387674020495 0.130567557302 0.111157702639
0.360067402049 0.130888834622 0.110554209991
0.383406740205 0.131281718447 0.111425812767
0.40194067402 0.131946917798 0.111261467709
0.411894067402 0.133019066882 0.111892121683
0.37598940674 0.133993188199 0.113175438421
0.379598940674 0.134525506218 0.113105982391
0.387159894067 0.135175935612 0.113724954887
0.384315989407 0.135907660758 0.112861280282
0.377731598941 0.137128724702 0.112865585514
0.378873159894 0.137905267959 0.112274316962
0.407787315989 0.137791117188 0.112817358801
0.420578731599 0.137035752607 0.111904656142
0.42995787316 0.136334238918 0.111548323643
0.409295787316 0.136032526365 0.112014405766
0.418029578732 0.135882930686 0.112249811557
0.420702957873 0.134871892129 0.111507628302
0.414670295787 0.133788355999 0.112363353673
0.379867029579 0.132785660316 0.111625748768
0.425886702958 0.131692339698 0.111876581891
0.407988670296 0.130287922269 0.111086485465
0.42059886703 0.1290234289 0.110848287066
0.398459886703 0.127207573715 0.110589158777
0.40524598867 0.125006784169 0.110325830389
0.407724598867 0.123240818655 0.110366169041
0.392672459887 0.12186811059 0.110101613729
0.401967245989 0.12076009257 0.10936560167
0.410996724599 0.120119962195 0.109294460255
0.43979967246 0.119609683181 0.108937716709
0.434579967246 0.119602904527 0.109332206387
0.434057996725 0.119581878486 0.109498737139
0.437605799672 0.119523387877 0.109568198776
0.419960579967 0.119296799117 0.108697498797
0.427196057997 0.11932995082 0.109262738869
0.4423196058 0.119070739545 0.107920870132
0.42943196058 0.119279373148 0.108771635838
0.434443196058 0.119795681378 0.109134449749
0.401644319606 0.120557080241 0.109786763857
0.401964431961 0.121160698353 0.109467787551
0.405596443196 0.121828346294 0.109250744935
0.37805964432 0.123016123417 0.109740843969
0.393305964432 0.124325343723 0.110423959391
0.387630596443 0.125556687853 0.108947570707
0.413163059644 0.126839814926 0.109953289564
0.382416305964 0.127871609942 0.110079547876
0.391941630596 0.128920012305 0.110261618638
0.40369416306 0.129632366744 0.111552033356
0.407569416306 0.129866820168 0.11024544248
0.396256941631 0.131128235248 0.112178227946
0.422125694163 0.132145892284 0.110637957272
0.410312569416 0.133607414588 0.111548762905
0.409131256942 0.134379460011 0.111456509363
0.402713125694 0.134894368702 0.111408196079
0.377771312569 0.135572941599 0.111891689481
0.377077131257 0.13671520214 0.113107973303
0.386907713126 0.137528624568 0.112990758211
0.377090771313 0.138403542248 0.113242548126
0.384209077131 0.139095708821 0.112556839267
0.373220907713 0.13955038436 0.113982245645
0.373022090771 0.139687150335 0.113557864614
0.379302209077 0.139446644055 0.112719211548
0.414130220908 0.138873519288 0.114299569343
0.408613022091 0.138212658795 0.113114538888
0.391861302209 0.137505227231 0.111578751463
0.397386130221 0.137039644607 0.111889037874
0.408738613022 0.136422124583 0.11240280049
0.409873861302 0.135476518891 0.111967705663
0.40728738613 0.134070851614 0.11205636442
0.410628738613 0.13238776916 0.112025805818
0.408262873861 0.130442893264 0.110981478331
0.401726287386 0.129275508902 0.11119342842
0.392072628739 0.128579054684 0.111221460284
0.395607262874 0.128051626984 0.11055427732
0.416660726287 0.127809860391 0.111162283195
0.409766072629 0.127928990974 0.11122044489
0.391076607263 0.128111470056 0.111643240808
0.421607660726 0.127863890231 0.111246906489
0.413860766073 0.127589749814 0.111556955158
0.419386076607 0.127817829053 0.110652963922
0.435238607661 0.128132680062 0.10982015763
0.403523860766 0.128225030681 0.110896251816
0.426452386077 0.127921590628 0.110456181747
0.423345238608 0.127966060328 0.110949853233
0.416734523861 0.128509892397 0.111840184184
0.412473452386 0.12907052517 0.110615160568
0.398547345239 0.130233662709 0.11301017195
0.431354734524 0.130838142795 0.112192298571
0.430135473452 0.131473792973 0.112184064977
0.439913547345 0.13202925121 0.112102015391
0.398591354735 0.132450954832 0.11122696662
0.398059135473 0.132505071602 0.111475754221
0.417805913547 0.132220101314 0.111789753144
0.408080591355 0.131906504976 0.110904545391
0.398108059135 0.132075954023 0.111215615483
0.405210805914 0.132254669507 0.112377773848
0.415821080591 0.132018563659 0.111771819812
0.389882108059 0.131690743229 0.112596100169
0.400788210806 0.130832035731 0.112221015693
0.414478821081 0.130215190578 0.111224310391
0.407747882108 0.129322321229 0.110879539005
0.392674788211 0.127791403989 0.110692922159
0.411867478821 0.126565167764 0.110906813166
0.391286747882 0.125833286014 0.11089359175
0.398228674788 0.125423773675 0.109736440422
0.398022867479 0.125764751528 0.110203663319
0.407902286748 0.126465354779 0.110193667518
0.412490228675 0.126846260714 0.110585337546
0.404849022867 0.127515948869 0.111554030614
0.418484902287 0.128630052467 0.111660850587
0.400948490229 0.130011820342 0.11081431109
0.391094849023 0.130880678093 0.111728655557
0.378409484902 0.130491945479 0.111588561783
0.38974094849 0.1297564088 0.110696418931
0.405274094849 0.128999470384 0.110568827632
0.391527409485 0.128763255514 0.111883122061
0.427952740948 0.128660465058 0.111601492946
0.438795274095 0.128306811638 0.110757284833
0.411079527409 0.127968554104 0.110985692628
0.387607952741 0.127749205147 0.111749756593
0.415860795274 0.12701577728 0.109620848058
0.429486079527 0.12653765544 0.110946490249
0.417348607953 0.125817105936 0.109305813914
0.424234860795 0.125853214959 0.111547999082
0.39792348608 0.125715820391 0.110033989606
0.409692348608 0.125884014767 0.108956059139
0.402769234861 0.126120548497 0.110121416029
0.425476923486 0.126070427625 0.110917099588
0.413347692349 0.125835374767 0.110528756636
0.418434769235 0.125096388559 0.109870367571
0.411743476923 0.124476438494 0.109710812455
0.443474347692 0.123867621938 0.109494349071
0.438547434769 0.123399269871 0.109606969503
0.442554743477 0.123149267218 0.109097210711
0.417755474348 0.122888730831 0.10911012075
0.403575547435 0.122518224332 0.109678888959
0.442657554743 0.122325021138 0.11016910752
0.428565755474 0.122252960761 0.110345774378
0.416356575547 0.122528489851 0.110223252353
0.407035657555 0.123369560646 0.110839362674
0.415103565755 0.124453898487 0.110285686255
0.418610356576 0.12596018253 0.111200418207
0.410861035658 0.127159358183 0.110638500353
0.423586103566 0.128467524983 0.111210619917
0.408658610357 0.12956336154 0.110143659412
0.403565861036 0.13104497726 0.111381023849
0.391356586104 0.1324438569 0.111247909759
0.41173565861 0.133644659727 0.111419101518
0.415573565861 0.13443998191 0.111529390384
0.418657356586 0.135061825669 0.111807573215
0.419865735659 0.135092861268 0.11272537423
0.410986573566 0.134440987992 0.112297626122
0.428098657357 0.133745327453 0.11257848432
0.419909865736 0.132591621546 0.111346395382
0.405590986574 0.131283146178 0.110175960604
0.404159098657 0.130199111339 0.111082685019
0.388715909866 0.129128615271 0.111147928613
0.417771590987 0.128195191936 0.111022549503
0.399977159099 0.127513446155 0.111658382035
0.41079771591 0.126895180443 0.110663282754
0.388479771591 0.126268927861 0.1101886495
0.410547977159 0.125526246932 0.110561901656
0.400154797716 0.12475395497 0.110036490846
0.427015479772 0.124676224127 0.109952033678
0.428801547977 0.123920150056 0.109714045676
0.421780154798 0.122745170148 0.109747657209
0.42737801548 0.121799898895 0.109497268203
0.412637801548 0.121035404143 0.109396326757
0.440863780155 0.120644175035 0.109494684549
0.433786378015 0.120282597599 0.109476986278
0.422278637802 0.120301442408 0.108749751867
0.44272786378 0.120890784046 0.10956941811
0.425872786378 0.121356048055 0.109946550483
0.439487278638 0.121354224264 0.109934575989
0.440848727864 0.121505618929 0.109591015375
0.431084872786 0.121471089565 0.109629889138
0.443608487279 0.121162032524 0.109814933201
0.440360848728 0.120957038246 0.109607477034
0.432836084873 0.12108154291 0.109640537291
0.428483608487 0.121276976172 0.109359712793
0.426248360849 0.121823364825 0.108960519722
0.421524836085 0.122347588498 0.109536048644
0.430952483608 0.122607487244 0.109364687867
0.436395248361 0.123240962681 0.109634272154
0.410839524836 0.123908907682 0.109388614553
0.446083952484 0.124742636196 0.110386570142
0.412708395248 0.125672519519 0.110774529654
0.423770839525 0.126520088015 0.11069183866
0.436577083952 0.127702712329 0.110688227577
0.451357708395 0.128676431834 0.111158090793
0.43483577084 0.130059825445 0.110802684681
0.416983577084 0.131692008793 0.11171340982
0.406198357708 0.132963511613 0.110805303428
0.429419835771 0.134132138321 0.111741635005
0.417341983577 0.134799460363 0.111557283768
0.413434198358 0.134870143648 0.112369283257
0.421143419836 0.134702934544 0.112033767007
0.396714341984 0.134605946055 0.111546293355
0.395171434198 0.134697354063 0.111592265523
0.40221714342 0.134884096955 0.112072177689
0.390321714342 0.13464412086 0.112276280381
0.426932171434 0.133471060508 0.111378134664
0.416193217143 0.132527489225 0.11266052008
0.422319321714 0.131206492027 0.112422117534
0.415731932171 0.129036531277 0.111221625072
0.416873193217 0.126651620298 0.110787092124
0.415187319322 0.124377605061 0.109626924178
0.433018731932 0.122704646148 0.11002113921
0.429401873193 0.121638648939 0.10910611395
0.425440187319 0.121274058763 0.108849083341
0.419644018732 0.121174880507 0.109157117771
0.399264401873 0.121265591531 0.110216562938
0.418826440187 0.121381001638 0.109299578227
0.437882644019 0.122290289033 0.110359586078
0.405588264402 0.123042057389 0.109630056455
0.42125882644 0.124227000265 0.11038927013
0.420125882644 0.124848794738 0.109921085889
0.432612588264 0.125491921915 0.110692744229
0.420361258826 0.126193950815 0.110300082457
0.386736125883 0.127449545705 0.11066209652
0.432873612588 0.129140860472 0.112118211533
0.395187361259 0.130109195486 0.110764347302
0.421118736126 0.130858819592 0.110825939246
0.399411873613 0.13190454135 0.111377964069
0.442241187361 0.132595786487 0.111715619603
0.411424118736 0.133202547275 0.112409561993
0.388542411874 0.133358836802 0.112437246726
0.387154241187 0.133339515968 0.111941635618
0.412215424119 0.133490952525 0.111882362946
0.377821542412 0.133753002647 0.111750198247
0.422982154241 0.133397339758 0.112292055665
0.414898215424 0.132493365454 0.111700738973
0.396089821542 0.132090221715 0.111958283175
0.408608982154 0.131475863473 0.111354103325
0.415260898215 0.131002088035 0.111496409985
0.404226089822 0.130072317816 0.11096448672
0.429222608982 0.128734434551 0.110018000668
0.412822260898 0.12779285094 0.11151341605
0.41118222609 0.126484254401 0.109854126646
0.447018222609 0.125325147968 0.110565846895
0.440701822261 0.124627690757 0.110001016428
0.438270182226 0.124339369483 0.110343531347
0.430827018223 0.124429966698 0.111142620212
0.438182701822 0.124708270415 0.11074947493
0.430818270182 0.125041684431 0.109904722689
0.453481827018 0.12552947819 0.109906518692
0.438648182702 0.126235890017 0.111246849926
0.43266481827 0.126594170475 0.11132109308
0.434766481827 0.127300761131 0.110498275491
0.406176648183 0.128611366205 0.111762699007
0.394317664818 0.129936017451 0.111797357607
0.429131766482 0.130763943213 0.111734914836
0.423613176648 0.131178603619 0.110643870992
0.414961317665 0.131411729587 0.11067716209
0.400596131766 0.130867526006 0.111154474743
0.427959613177 0.129965470968 0.111253889035
0.430695961318 0.128903155138 0.110120296927
0.434569596132 0.128240839122 0.109469494627
0.405256959613 0.127883103577 0.1090780342
0.411325695961 0.127820187747 0.110631606009
0.432632569596 0.127754014257 0.111352508439
0.41856325696 0.126713312199 0.110983893961
0.452256325696 0.125574993758 0.110582829103
0.40612563257 0.124905937511 0.111108450549
0.410512563257 0.124099707397 0.109808171245
0.439751256326 0.123883464389 0.111703690843
0.433675125633 0.123426418041 0.111226805222
0.415967512563 0.123090488701 0.110741626825
0.418696751256 0.122996011627 0.110335689622
0.418969675126 0.122699942106 0.110163277205
0.400996967513 0.122005296423 0.109441434739
0.435199696751 0.121649971564 0.109360934682
0.403519969675 0.121531345076 0.109602635136
0.432751996968 0.121483683804 0.109199045262
0.414075199697 0.121423001947 0.109887572892
0.43200751997 0.121618601831 0.109069100029
0.424800751997 0.122643054476 0.109373281682
0.4312800752 0.124419062821 0.110361553375
0.39592800752 0.126812384025 0.111274709522
0.403192800752 0.129226017995 0.111397296406
0.407519280075 0.131543583424 0.110610702012
0.389051928008 0.134392198692 0.112475108206
0.432205192801 0.136282651904 0.112338412371
0.40232051928 0.136386936342 0.112024581972
0.393032051928 0.135717170993 0.111611862544
0.376803205193 0.134532039386 0.111443629322
0.404880320519 0.133667491281 0.111969793594
0.430188032052 0.132742140388 0.111064376134
0.424618803205 0.131889429293 0.112158297963
0.409661880321 0.131027557769 0.111173117997
0.410866188032 0.130652948655 0.112130654626
0.363286618803 0.130163411172 0.112575393492
0.37832866188 0.129130629081 0.110829582645
0.404132866188 0.128384497425 0.109355280884
0.426513286619 0.128291750817 0.110888016305
0.386451328662 0.127967655523 0.110657343669
0.430145132866 0.127891658407 0.111751134817
0.421914513287 0.127803007075 0.11136546689
0.420191451329 0.12787865803 0.111548705968
0.415519145133 0.127771891247 0.109916424977
0.415951914513 0.127797041212 0.110653939236
0.443895191451 0.127607919142 0.110184484657
0.435889519145 0.127575127914 0.110842648022
0.423388951915 0.127530338672 0.110592150484
0.427538895191 0.127893861875 0.110895266908
0.409053889519 0.128377556525 0.110338066131
0.439605388952 0.129077322857 0.111452973417
0.428260538895 0.129593335011 0.111072554107
0.42172605389 0.129457644934 0.110671558078
0.400372605389 0.129758757368 0.112394255435
0.386537260539 0.129678917223 0.111182147208
0.409453726054 0.129718534541 0.111559958084
0.404545372605 0.129571906185 0.11079033794
0.424754537261 0.12922360701 0.110340233392
0.437575453726 0.129065444721 0.11130767573
0.424457545373 0.128560905972 0.110394641255
0.422245754537 0.128374197696 0.11047609511
0.413024575454 0.1284148305 0.110252011527
0.449902457545 0.128440800779 0.111140956532
0.455390245755 0.128763686263 0.110807035379
0.417239024575 0.129257514905 0.110043147209
0.383723902458 0.129824114455 0.111776287082
0.439772390246 0.129049843356 0.110563561241
0.430977239025 0.128645075205 0.111376564399
0.446297723902 0.128233930693 0.110693385666
0.42982977239 0.128160823927 0.110838447592
0.403882977239 0.128623572639 0.109881215089
0.392288297724 0.129117418968 0.109525097404
0.388428829772 0.129754581593 0.110537779917
0.389842882977 0.130180838524 0.110808733993
0.368384288298 0.130718441462 0.111198937501
0.37973842883 0.131274564649 0.110687198218
0.391673842883 0.131484768702 0.111039105303
0.400967384288 0.131058270888 0.111832099652
0.411796738429 0.130210452132 0.110733274765
0.419179673843 0.130110824331 0.110958979047
0.402817967384 0.130163942414 0.111473612933
0.424581796738 0.130281645987 0.111264102899
0.406058179674 0.129755875013 0.110987900273
0.402405817967 0.128634547741 0.110588439621
0.427240581797 0.127703753073 0.11087231729
0.40092405818 0.127042831405 0.110681017414
0.403692405818 0.126772274184 0.111592157211
0.421069240582 0.126186667222 0.110092546066
0.421006924058 0.12589668029 0.110695816939
0.419200692406 0.125795203048 0.109899431308
0.417220069241 0.12629318477 0.111227461508
0.417022006924 0.127428336708 0.111976658511
0.400802200692 0.12878259219 0.111442596049
0.382080220069 0.130373144654 0.111725964483
0.389208022007 0.132185349241 0.111499207205
0.382720802201 0.133483042857 0.11183446963
0.41537208022 0.133700103958 0.111484101611
0.419537208022 0.133547716273 0.11153520035
0.416353720802 0.132295796615 0.1120858007
0.40253537208 0.130453761591 0.111189233737
0.417353537208 0.129203888239 0.110857142627
0.399035353721 0.128306447529 0.11129859221
0.388203535372 0.127260686016 0.11064914391
0.418620353537 0.127124962707 0.110038223806
0.419862035354 0.127876940457 0.111154208026
0.401986203535 0.128302219356 0.110855876738
0.402898620354 0.128929446907 0.110431685628
0.403889862035 0.129428123332 0.110989249548
0.414788986204 0.129779182747 0.112602052131
0.39337889862 0.130309642329 0.111518285607
0.398437889862 0.131169844461 0.11239138454
0.407043788986 0.131409294117 0.112120579299
0.422304378899 0.132197149151 0.112400135766
0.42023043789 0.133185968824 0.112596780432
0.388523043789 0.133786663943 0.111605857879
0.392552304379 0.134429388685 0.112234062166
0.389355230438 0.135311740232 0.113056046766
0.396235523044 0.135617164582 0.111238815371
0.399623552304 0.135504532147 0.112160712117
0.40536235523 0.133889867065 0.111107946708
0.410436235523 0.13211460666 0.111434649206
0.404643623552 0.130066731616 0.111157286883
0.419364362355 0.128222857864 0.11020467034
0.423536436236 0.126927316657 0.110108603905
0.400553643624 0.125599658066 0.110230093536
0.436055364362 0.124505890846 0.109514256008
0.432405536436 0.124006925189 0.108522459751
0.432040553644 0.12362033363 0.109360494442
0.455404055364 0.122885819122 0.110129352314
0.459540405536 0.12209281947 0.110166581399
0.423954040554 0.121535214075 0.108885685806
0.394295404055 0.121308568093 0.108512972446
0.427329540406 0.121389922817 0.109332271085
0.427932954041 0.121749361809 0.109493176904
0.436093295404 0.122531879601 0.110075648705
0.43600932954 0.123143377661 0.109887732981
0.423400932954 0.124100735587 0.11133281494
0.388840093295 0.125414702984 0.111099673757
0.40788400933 0.126929037521 0.111369142414
0.408888400933 0.127808691836 0.110289260544
0.396388840093 0.12865123219 0.111006560372
0.421238884009 0.129458394199 0.110911322842
0.410223888401 0.130324587221 0.110155316815
0.42622238884 0.131444034533 0.110975956903
0.430522238884 0.132887035358 0.111989862768
0.427352223888 0.134775062697 0.112311640223
0.408135222389 0.136093410237 0.111647477193
0.421513522239 0.137219328315 0.112387142587
0.412051352224 0.138490568459 0.112797954927
0.408405135222 0.13802608472 0.111859947333
0.415240513522 0.136547084653 0.111414697331
0.399724051352 0.135539107638 0.111674354769
0.410772405135 0.134765964107 0.111589835213
0.407377240514 0.133737744625 0.112513194197
0.435837724051 0.132335350683 0.111819673195
0.389183772405 0.131431098941 0.111530740227
0.398018377241 0.130998599107 0.111221084045
0.404301837724 0.131572510596 0.111732074366
0.420230183772 0.132114935336 0.111722568841
0.409223018377 0.131659665533 0.111260077441
0.417122301838 0.13116775013 0.111737244467
0.412512230184 0.131218351602 0.110924277953
0.411151223018 0.131541861456 0.112000403399
0.421815122302 0.131714704061 0.111607249255
0.42468151223 0.131578100925 0.111984021291
0.398868151223 0.131617775071 0.111919121698
0.405286815122 0.131682376817 0.111320419016
0.402328681512 0.131977352682 0.111865025127
0.409232868151 0.132184654235 0.110761328556
0.416223286815 0.13278081609 0.110889781619
0.413322328682 0.132720031996 0.111653248023
0.389632232868 0.132863801344 0.111187415738
0.407963223287 0.132914060909 0.112340429531
0.397196322329 0.132537395183 0.111674614942
0.394319632233 0.13249502957 0.112270583685
0.402131963223 0.132282310846 0.112029602764
0.414613196322 0.13127369645 0.111457971145
0.413161319632 0.130037545495 0.111776486592
0.404916131963 0.128653738766 0.111194975173
0.411291613196 0.12754331447 0.111047208799
0.41372916132 0.126397184037 0.111466219222
0.432872916132 0.124999487491 0.11045561245
0.403287291613 0.123532115636 0.109979741257
0.412928729161 0.122291495628 0.110079695205
0.421092872916 0.121099326888 0.109884726394
0.432709287292 0.120200414735 0.109539910148
0.438370928729 0.120053836452 0.10970605051
0.427237092873 0.120568823485 0.108908185712
0.426123709287 0.121648550899 0.109507423623
0.419712370929 0.122808958446 0.110105621164
0.419071237093 0.124229587619 0.109935233914
0.434307123709 0.12511970958 0.111375975972
0.461030712371 0.126065962452 0.110188841153
0.411503071237 0.127619083628 0.111097937585
0.422750307124 0.129228947356 0.110296510081
0.412175030712 0.130470710425 0.110032385115
0.420117503071 0.131760278175 0.112169701248
0.421811750307 0.132577673037 0.111444531347
0.433681175031 0.133127672392 0.111786462345
0.423168117503 0.133009416379 0.110669538856
0.41311681175 0.132747935933 0.110684164219
0.399511681175 0.132541879999 0.111680064267
0.396351168118 0.132250578489 0.111936269191
0.405035116812 0.131662169247 0.110317817225
0.407703511681 0.131292374446 0.110845332868
0.422370351168 0.131339412486 0.11019017802
0.404037035117 0.131360785492 0.111052341591
0.401303703512 0.131626096706 0.111499637631
0.401030370351 0.132236707677 0.112071981673
0.400103037035 0.131327839134 0.11115987149
0.417110303704 0.130457177205 0.111372112123
0.40261103037 0.130093373211 0.110203404551
0.392161103037 0.130104224219 0.111009753298
0.395616110304 0.129926042354 0.110946595435
0.39866161103 0.129233652007 0.111486702895
0.432266161103 0.128664441498 0.111148003008
0.42752661611 0.128203930614 0.111112578627
0.440552661611 0.127594538282 0.111157299033
0.413955266161 0.126952754653 0.110996511891
0.431995526616 0.126383715337 0.110008296941
0.436499552662 0.126353433555 0.110599417065
0.417149955266 0.126584379796 0.110105727309
0.425114995527 0.12704787902 0.110413297798
0.440311499553 0.127815360571 0.11046056979
0.444531149955 0.12848674044 0.110134987344
0.418853114996 0.129531484128 0.111232173948
0.4378853115 0.130668054035 0.111992306858
0.43438853115 0.131650799953 0.11056185771
0.425038853115 0.132395356439 0.110752104006
0.432203885311 0.132838691428 0.110784826259
0.399620388531 0.133379852547 0.111874241419
0.369362038853 0.133657901363 0.112132120227
0.376236203885 0.133876443131 0.112579856485
0.398523620389 0.13388515179 0.112538705959
0.397152362039 0.133775413271 0.113087985257
0.406915236204 0.133289300439 0.1123643309
0.40249152362 0.132748847982 0.112369965579
0.406549152362 0.131706191514 0.112420573709
0.388954915236 0.130924936032 0.111478361856
0.411495491524 0.130827975298 0.111158985954
0.426349549152 0.131495287526 0.111802010589
0.431434954915 0.132220027165 0.111242939698
0.405843495492 0.131936833655 0.110983452437
0.432984349549 0.130881867937 0.111123348963
0.393398434955 0.130598703552 0.112263716436
0.428139843495 0.130325117214 0.110610936858
0.42351398435 0.130444973347 0.11110845298
0.422151398435 0.13004910827 0.111505624048
0.403115139843 0.128576269988 0.110528874383
0.431811513984 0.12654631055 0.109551180568
0.449981151398 0.125552390983 0.111265295995
0.41579811514 0.124997026239 0.110664173831
0.428579811514 0.125343418657 0.110882293075
0.396557981151 0.126089677299 0.110734236994
0.386155798115 0.126892800663 0.11057618206
0.409415579812 0.127715587377 0.11151200768
0.400041557981 0.128355821522 0.111174527652
0.391904155798 0.129123046639 0.10939429513
0.40549041558 0.130345712508 0.111211027296
0.414949041558 0.131167803303 0.111006963046
0.393394904156 0.131966083371 0.111985681543
0.392139490416 0.132088769281 0.111577634671
0.377613949042 0.132148565799 0.112170685821
0.393261394904 0.131998840234 0.111419097893
0.38852613949 0.131552867268 0.109793170869
0.423152613949 0.131484881711 0.110772566382
0.397815261395 0.13096216775 0.110670918117
0.423181526139 0.129997273615 0.110854809307
