0.0045 0.0960718857277 0.0960292729029
0.01035 0.105432497389 0.105311843313
0.010935 0.106175894052 0.1062103645
0.0145935 0.106204162705 0.106593316519
0.01495935 0.106112511113 0.106196757765
0.017695935 0.106058710829 0.105920426354
0.0233695935 0.106102463766 0.106489965065
0.01763695935 0.106009363464 0.106230474325
0.024263695935 0.105905672183 0.105726960694
0.0285263695935 0.105846298011 0.106051849742
0.0307526369594 0.1057935485 0.106405408437
0.0444752636959 0.105745105027 0.106170506368
0.0287475263696 0.10574319471 0.106336427981
0.042474752637 0.105655124641 0.10590842594
0.0384474752637 0.105592747374 0.106231418918
0.0389447475264 0.105490564587 0.105878993328
0.0380944747526 0.105478169339 0.105816881896
0.0551094474753 0.105566214825 0.105964873375
0.0505109447475 0.105712537606 0.105876835147
0.0554510944748 0.105961277876 0.106167040683
0.0577451094475 0.106176510606 0.106632275428
0.0498745109447 0.106300271118 0.106193715723
0.0634874510945 0.106524616748 0.106379054152
0.0585487451094 0.106817101106 0.106421516288
0.0616548745109 0.10713080551 0.106131653412
0.0718654874511 0.107568655695 0.106441977943
0.0584865487451 0.10802678764 0.106327750733
0.0697486548745 0.108326843524 0.106819201556
0.0726748654875 0.108359273348 0.106515543147
0.0648674865487 0.108363624756 0.106770284571
0.0640867486549 0.108173277675 0.107069461251
0.0766086748655 0.107997920534 0.106602140463
0.0814608674865 0.107827828169 0.105925493078
0.0954460867487 0.107787566994 0.10626853569
0.0761446086749 0.107654618361 0.105659990908
0.0670144608675 0.107548885609 0.105721763958
0.0850014460867 0.107496060339 0.1052915555
0.0832001446087 0.10780195276 0.106394543646
0.0830200144609 0.108193175099 0.105674341652
0.0929020014461 0.108800121636 0.105886226323
0.0848902001446 0.109155642558 0.106878622195
0.0876890200145 0.109079164901 0.106681244172
0.0888689020014 0.109041824171 0.106186356312
0.0943868902001 0.109112468231 0.107045805031
0.11023868902 0.109040647012 0.105728227672
0.092923868902 0.109366616086 0.10718171982
0.10829238689 0.109493811617 0.107467829939
0.126029238689 0.109614290263 0.106791351126
0.114302923869 0.109719588975 0.106361765638
0.105930292387 0.110046254896 0.106300597151
0.101493029239 0.110585362817 0.106365145162
0.0992493029239 0.111377103314 0.10619585879
0.110724930292 0.112155375781 0.106541909023
0.0992724930292 0.112842206669 0.106334058792
0.113427249303 0.113762936233 0.107641334433
0.13644272493 0.113919692331 0.106743703361
0.113544272493 0.114224200542 0.108457069468
0.119354427249 0.114562667361 0.108050387662
0.117235442725 0.114717771647 0.108265589934
0.115223544272 0.114015875 0.107197886642
0.124922354427 0.11334536875 0.10874992502
0.129492235443 0.112625721012 0.107458169835
0.129049223544 0.112304664259 0.106932922127
0.111004922354 0.112197257343 0.108857788614
0.134400492235 0.111514802032 0.108172488085
0.132240049224 0.111002440511 0.107801012498
0.122124004922 0.110450026512 0.109375215406
0.146312400492 0.109775911607 0.108785028924
0.139731240049 0.109339841629 0.108398503868
0.141773124005 0.109094127447 0.107405612276
0.1302773124 0.109098790075 0.10793770604
0.15522773124 0.109018739823 0.10679788998
0.153222773124 0.109181831 0.106248161062
0.149422277312 0.109752363629 0.107495382837
0.149942227731 0.110251581093 0.107635866521
0.149994222773 0.110625354793 0.107398914885
0.167999422277 0.111213017307 0.107696766592
0.167099942228 0.112009219662 0.107123115167
0.153509994223 0.113076608679 0.10739305156
0.164750999422 0.113912094785 0.108435806389
0.149675099942 0.114481024749 0.109322645433
0.183267509994 0.115060240772 0.107827976138
0.183926750999 0.116053871831 0.108059495521
0.1704926751 0.117239397027 0.108728030377
0.16374926751 0.118248697199 0.108804544958
0.170274926751 0.11791696556 0.108877830669
0.170927492675 0.117204775444 0.108773308785
0.180892749268 0.116722008894 0.108899256861
0.177389274927 0.116450167384 0.109114114034
0.180638927493 0.11670909998 0.110355929711
0.184563892749 0.116734193612 0.109125363723
0.182256389275 0.116872008891 0.108778039987
0.190125638927 0.117295878827 0.109176135
0.184612563893 0.117384432585 0.10989445269
0.194861256389 0.117035301463 0.107964293693
0.176086125639 0.117126341557 0.107834267424
0.183208612564 0.117701378397 0.109688618917
0.178520861256 0.117748088434 0.108575007707
0.189752086126 0.117666424564 0.108237018203
0.212475208613 0.118084504454 0.108084336366
0.204847520861 0.118358827678 0.108389117029
0.204084752086 0.118191234576 0.109769382682
0.228308475209 0.117934411234 0.109617941173
0.203730847521 0.118100228684 0.108900684541
0.194973084752 0.118791350013 0.110083258158
0.196797308475 0.119379391255 0.109340523092
0.190679730848 0.120012590804 0.109402369736
0.206267973085 0.120742837421 0.109690582158
0.227626797308 0.121806590848 0.110655542803
0.229762679731 0.122926935302 0.111111078264
0.202976267973 0.123121519905 0.110737467068
0.194897626797 0.12356323936 0.111088000238
0.20488976268 0.123976228151 0.110445691156
0.214888976268 0.124187278935 0.110337086769
0.214988897627 0.12498951834 0.110279129962
0.212298889763 0.125753001764 0.110828732108
0.194029888976 0.126924406005 0.11263886939
0.216502988898 0.127725272225 0.110720403285
0.22595029889 0.128480776371 0.109128960107
0.212495029889 0.129922259399 0.110509601768
0.222849502989 0.131993473673 0.111731493728
0.214884950299 0.133315655642 0.112003505012
0.22488849503 0.134163310565 0.112732420553
0.222288849503 0.133215589087 0.110969465072
0.22022888495 0.13259412628 0.111703701144
0.253322888495 0.131141736505 0.110995675058
0.24583228885 0.129354524226 0.110496842543
0.231583228885 0.12745428925 0.111982336174
0.256258322888 0.125858322018 0.10951617281
0.258725832289 0.125381602909 0.110305110926
0.243672583229 0.125704148859 0.1113638923
0.236767258323 0.125822025853 0.110331166893
0.235176725832 0.125570640594 0.111885184095
0.241317672583 0.125082249861 0.111014229065
0.235631767258 0.12459402892 0.110701685383
0.247663176726 0.12357247193 0.110261843783
0.242566317673 0.12283376123 0.108838593417
0.252856631767 0.122487591719 0.111330049814
0.236785663177 0.121568913357 0.10972000029
0.236078566318 0.120822648464 0.110245154405
0.271107856632 0.12028562353 0.108528657193
0.244910785663 0.120671552019 0.108714092414
0.235091078566 0.121451361499 0.110404675521
0.263809107857 0.121314953569 0.108712982183
0.258580910786 0.121492326425 0.110516956945
0.265258091079 0.121395508874 0.10932575716
0.227225809108 0.121366326374 0.110846738284
0.242322580911 0.121221804698 0.110380239012
0.261832258091 0.120755889288 0.110460107576
0.245783225809 0.120309425055 0.109036275872
0.246878322581 0.119856047894 0.109172770032
0.255987832258 0.119074992948 0.109961656516
0.253298783226 0.118814600935 0.109972987645
0.270129878323 0.118918753547 0.108631167775
0.234012987832 0.119149692746 0.108510904742
0.243001298783 0.119437584156 0.110110517684
0.225000129878 0.119523621623 0.107630065805
0.247500012988 0.119478068412 0.109317650471
0.247050001299 0.119622807526 0.109011033064
0.23890500013 0.119328078244 0.108836036267
0.250690500013 0.119211883603 0.109426065266
0.269869050001 0.119505559143 0.11069826882
0.241186905 0.119010259212 0.10839075129
0.2581186905 0.118918300009 0.107824546553
0.26611186905 0.118729308641 0.109227810645
0.258811186905 0.118565716499 0.108982323045
0.250881118691 0.118078455308 0.108575712806
0.231188111869 0.117821604875 0.109059607736
0.263418811187 0.117438486604 0.109727524548
0.253141881119 0.116701178797 0.108097461435
0.235914188112 0.116122184757 0.109284885473
0.248591418811 0.115719461736 0.108653278518
0.245359141881 0.115873337136 0.109247776866
0.249535914188 0.116344513079 0.109786101833
0.267953591419 0.117083998178 0.10807948581
0.266195359142 0.118717382963 0.108986440498
0.244419535914 0.120907494945 0.111073129906
0.228741953591 0.122994589221 0.109920851407
0.228074195359 0.125660172199 0.110128234608
0.256807419536 0.128082033607 0.11073883002
0.253380741954 0.129726613581 0.110980822912
0.229638074195 0.131156659573 0.110610784029
0.23806380742 0.133403875358 0.111799855267
0.245206380742 0.134054025298 0.112069844624
0.239620638074 0.133607937192 0.112063285798
0.232762063807 0.133423339659 0.111810952644
0.241976206381 0.132361279317 0.111683822762
0.235697620638 0.130973841324 0.111941914828
0.242269762064 0.129478343467 0.111519627066
0.247426976206 0.128364586576 0.112825930301
0.256942697621 0.127231514697 0.112269283005
0.251594269762 0.126215233796 0.112366443044
0.239359426976 0.125122947015 0.110008380616
0.229135942698 0.12440603003 0.111180179122
0.22631359427 0.123619373344 0.110555114671
0.253931359427 0.122876798414 0.110987126704
0.260293135943 0.121537792071 0.110379629413
0.246529313594 0.119751465505 0.109578448963
0.255052931359 0.118492981592 0.109777191323
0.260405293136 0.118061993903 0.110187751592
0.251940529314 0.117675060107 0.109514339937
0.260094052931 0.116990122582 0.107955678882
0.247409405293 0.116395707966 0.108454793544
0.266840940529 0.115770195287 0.108761592351
0.245384094053 0.115148914387 0.109144315663
0.236938409405 0.114645170375 0.108021617843
0.239693840941 0.114637202968 0.108676405802
0.251669384094 0.114369705177 0.10732042042
0.237566938409 0.114620356498 0.108046152856
0.237956693841 0.115330090588 0.110300889123
0.257795669384 0.115677133963 0.108307416502
0.262479566938 0.116471493751 0.107713334465
0.253047956694 0.1174316052 0.106810754925
0.271004795669 0.118741598604 0.109078990344
0.226000479567 0.119918129058 0.109078416897
0.253900047957 0.121210946084 0.1090931429
0.253090004796 0.122411481911 0.110788261552
0.26380900048 0.12293026017 0.110740868299
0.254080900048 0.123477879593 0.111068208207
0.264808090005 0.12450059207 0.109695687359
0.258680809 0.125881118254 0.110322260952
0.2184680809 0.127462983627 0.110374909354
0.25314680809 0.127863132125 0.110327510256
0.238614680809 0.128006827888 0.109462434519
0.238961468081 0.128215467779 0.109199599937
0.238096146808 0.128592258026 0.110747694153
0.236209614681 0.128715504109 0.111336560524
0.232420961468 0.128745091533 0.112285471142
0.226642096147 0.128838686847 0.112282287169
0.237764209615 0.127436777979 0.110005908591
0.252376420961 0.126025504514 0.110975202375
0.255637642096 0.125022862444 0.111792525554
0.25056376421 0.124328184447 0.10998311766
0.250056376421 0.123995974798 0.110826385431
0.254505637642 0.123108152231 0.109745619842
0.255850563764 0.122537988506 0.1096950018
0.257785056376 0.121265516778 0.109178120962
0.247178505638 0.119790424259 0.110293800342
0.263217850564 0.11787715206 0.108897515582
0.281021785056 0.116282981784 0.108192418016
0.229702178506 0.115013825035 0.108922552038
0.283970217851 0.11381990082 0.107898380726
0.279497021785 0.112912010761 0.108112021931
0.268249702179 0.112246759977 0.1082085402
0.264424970218 0.111885569196 0.108620569184
0.273042497022 0.111483158446 0.107629964504
0.262204249702 0.111720826221 0.107524082603
0.26922042497 0.111835093637 0.107352442275
0.282522042497 0.111943608879 0.106826810203
0.25685220425 0.112291307511 0.107031538392
0.259685220425 0.112916308065 0.108134402061
0.255468522042 0.11371326269 0.107429359923
0.249646852204 0.11509846747 0.109279273253
0.24186468522 0.116486586792 0.108950863292
0.237486468522 0.118339663432 0.110981178143
0.232548646852 0.1197872764 0.110427024708
0.243754864685 0.121161781857 0.110123736131
0.230475486469 0.121746808288 0.109908319386
0.230047548647 0.122419872431 0.110922411937
0.261504754865 0.122889007945 0.109293362181
0.251150475486 0.123065250052 0.109425128981
0.235715047549 0.123014665468 0.110377334131
0.261171504755 0.122396326768 0.110090644917
0.254717150475 0.122304313341 0.110119059143
0.269371715048 0.122679669634 0.108806461517
0.253737171505 0.122973598031 0.110512633286
0.26117371715 0.123353133212 0.109705417055
0.248417371715 0.124031765868 0.110570105135
0.231841737172 0.124518286323 0.111056805378
0.248184173717 0.124396839711 0.109652753431
0.253418417372 0.124214298072 0.109979550456
0.254841841737 0.123882961903 0.110144865096
0.247784184174 0.123641009387 0.109783175593
0.230878418417 0.123701024127 0.110358454555
0.255287841842 0.124009476051 0.111234441915
0.273028784184 0.124563104975 0.111674119556
0.243302878418 0.124910038913 0.110809670595
0.237630287842 0.124639587748 0.110131852384
0.240663028784 0.124236140559 0.109814887214
0.237366302878 0.12365193238 0.108854577552
0.230736630288 0.123573080774 0.110218684678
0.194973663029 0.123593516722 0.11009728795
0.217497366303 0.124058362164 0.111066376576
0.24314973663 0.124573004254 0.110337940739
0.240314973663 0.125108643934 0.110425991258
0.255331497366 0.125564465133 0.110441215151
0.237033149737 0.125149657752 0.110930189848
0.249603314974 0.124263467088 0.109833757413
0.250860331497 0.123084720001 0.110326279015
0.25098603315 0.121982337231 0.110262951427
0.241998603315 0.120637971674 0.109074284124
0.232999860331 0.119814623815 0.109287455908
0.276199986033 0.119189017325 0.110347017974
0.262519998603 0.117999056164 0.108264682243
0.25845199986 0.117045850484 0.108150243578
0.269745199986 0.116293110614 0.108028549265
0.253774519999 0.11587904429 0.108022454427
0.256677452 0.115653797704 0.108252968368
0.2704677452 0.115481881884 0.107504682557
0.27364677452 0.115637592144 0.108698216497
0.255064677452 0.115587989037 0.108165400314
0.249606467745 0.115747463898 0.107835494971
0.254460646775 0.116150611707 0.106679260665
0.253146064677 0.117324540206 0.109180503112
0.255714606468 0.118122505017 0.109324017977
0.256871460647 0.119205734645 0.109569356098
0.252487146065 0.120087644817 0.109665802905
0.251148714606 0.121268035054 0.109372699374
0.256414871461 0.12273084296 0.109593049684
0.243441487146 0.124131773435 0.110342775297
0.243044148715 0.125534381351 0.109078946871
0.256504414871 0.127277675261 0.111653160651
0.240750441487 0.127858261001 0.10970661357
0.237375044149 0.1283213686 0.110900512888
0.246037504415 0.128308893491 0.110114357533
0.240603750441 0.128035328126 0.111648566338
0.224760375044 0.127392153916 0.110660320395
0.244776037504 0.126898689195 0.109983634446
0.23057760375 0.126167042163 0.109744291892
0.235457760375 0.125281996839 0.110457936468
0.249445776038 0.124468651439 0.110720436807
0.239144577604 0.123954301986 0.110457552233
0.24081445776 0.123359112407 0.110909705527
0.262581445776 0.122917381742 0.109728922555
0.232358144578 0.123065743917 0.11087243176
0.228435814458 0.122979598576 0.110774144846
0.242443581446 0.123077709447 0.111552212946
0.240244358145 0.122769439242 0.11151236466
0.255324435814 0.121876798813 0.110128304333
0.250532443581 0.120935450777 0.110012039533
0.250053244358 0.120672342767 0.111111938107
0.254505324436 0.120342509534 0.109575707351
0.245050532444 0.120250642218 0.109912065011
0.250405053244 0.120534228333 0.108636039905
0.258140505324 0.121128534522 0.109809642862
0.237314050532 0.121420097487 0.109658738252
0.263131405053 0.121300808881 0.111201705755
0.241413140505 0.120743304304 0.109858332301
0.248241314051 0.120463035383 0.110021162807
0.253424131405 0.120708715206 0.109030186273
0.272842413141 0.121520941216 0.107834854884
0.277484241314 0.122441596818 0.108572848235
0.274348424131 0.122416292564 0.110196649335
0.234434842413 0.12240888983 0.109305009438
0.262843484241 0.122387395018 0.109182599804
0.252184348424 0.122433476551 0.109652293103
0.263718434842 0.122612864665 0.109403175397
0.265771843484 0.122919807161 0.109777183624
0.239877184348 0.123339749132 0.109815102964
0.265187718435 0.123924863336 0.110863178926
0.244318771843 0.124260591578 0.110739125627
0.257531877184 0.124764364686 0.111121585864
0.275953187718 0.125138116597 0.110190700698
0.263395318772 0.126020735338 0.109995615861
0.252239531877 0.127392734053 0.111219922993
0.257423953188 0.127901602198 0.109835405604
0.266942395319 0.127033144571 0.10967817341
0.235494239532 0.126082046648 0.110754998362
0.224249423953 0.12539510565 0.110665759774
0.222224942395 0.125182827073 0.110325274095
0.22562249424 0.125624039194 0.109936848591
0.230462249424 0.12602665297 0.109769467312
0.252546224942 0.12639526334 0.109808691371
0.252954622494 0.126340854393 0.11126654855
0.236795462249 0.125788271028 0.111483995379
0.251379546225 0.124968951699 0.109470732024
0.269037954622 0.124424897693 0.110141385384
0.240203795462 0.124189748144 0.110611399129
0.247220379546 0.124109422449 0.109718849619
0.273122037955 0.123931771662 0.109465376896
0.253212203795 0.123835528344 0.11107657504
0.27102122038 0.123944926877 0.109454428808
0.271002122038 0.12375899243 0.109975768391
0.262000212204 0.123260327442 0.109707653802
0.25840002122 0.123033951926 0.109499771361
0.238240002122 0.123323769099 0.110929633341
0.241624000212 0.124083196835 0.110370535427
0.258162400021 0.125086785254 0.112132945667
0.254416240002 0.125946329133 0.111249192662
0.226141624 0.127096631751 0.110893202819
0.2503141624 0.128318081354 0.111122959229
0.24553141624 0.128845909543 0.111025038941
0.235153141624 0.128482073786 0.111527571207
0.249415314162 0.127608935327 0.111246267436
0.222041531416 0.126794398735 0.110148800004
0.234604153142 0.126510584031 0.111454340969
0.238560415314 0.12601991808 0.109803434356
0.247056041531 0.125439268892 0.110118370771
0.254205604153 0.125186823464 0.111147182148
0.252220560415 0.124728788985 0.111531607966
0.252022056042 0.124231198292 0.109538019201
0.266402205604 0.123496600478 0.10958330762
0.24264022056 0.122551811934 0.110656400444
0.256464022056 0.12201382876 0.110129870362
0.251546402206 0.122149939195 0.110683678482
0.262754640221 0.122561862072 0.109816363007
0.236875464022 0.123229022854 0.110216009722
0.240587546402 0.124416917958 0.111287571272
0.23825875464 0.124212823192 0.110182525965
0.238925875464 0.123592555316 0.110426513347
0.255192587546 0.12358613059 0.110576331609
0.253219258755 0.124302209485 0.110872193927
0.247621925875 0.124834660504 0.111715619539
0.228162192588 0.124677154272 0.110764203401
0.240616219259 0.124571110075 0.109802574311
0.263461621926 0.123947892217 0.110272180934
0.259446162193 0.123152518884 0.111241464577
0.268044616219 0.121732517071 0.109930973696
0.259904461622 0.120361377501 0.109127035595
0.244690446162 0.119029414033 0.107862517366
0.250369044616 0.117602565694 0.109499860214
0.269836904462 0.116090512054 0.109318309356
0.281683690446 0.11460311289 0.109392037024
0.246868369045 0.112976857287 0.107809106958
0.263186836904 0.111569997954 0.106735598108
0.25041868369 0.110468665214 0.106923814084
0.285141868369 0.109573199968 0.105847886113
0.259814186837 0.108956549443 0.105731317587
0.263581418684 0.108919913195 0.105489941344
0.251358141868 0.109135533946 0.106477762896
0.259135814187 0.108956148977 0.1061906443
0.253613581419 0.108775052432 0.106513748107
0.279161358142 0.108347191414 0.107183857199
0.270016135814 0.107923412751 0.106220857611
0.282601613581 0.10803237856 0.106814328697
0.263160161358 0.108449773006 0.105400490813
0.280116016136 0.109767682248 0.107430692327
0.284511601614 0.111138412292 0.107551276252
0.286751160161 0.112591347448 0.108483499661
0.255475116016 0.114005005502 0.108074768312
0.264047511602 0.116010336962 0.109328094424
0.26850475116 0.118168433439 0.109552199213
0.250950475116 0.120859844129 0.110857788549
0.254595047512 0.123453617503 0.110129398791
0.246859504751 0.125888434832 0.112268500894
0.255085950475 0.128050119931 0.111479538277
0.261308595048 0.13061070891 0.110855717296
0.244830859505 0.133566222971 0.112470557018
0.24318308595 0.13590798644 0.113134848315
0.234918308595 0.136941388176 0.113121516145
0.24309183086 0.13662800701 0.112769628536
0.243909183086 0.135928376418 0.112078157403
0.245790918309 0.134774626547 0.113181102615
0.226179091831 0.13193255677 0.1117957798
0.251217909183 0.129221709514 0.110318368776
0.239321790918 0.126740015191 0.112447852729
0.237232179092 0.123804517061 0.110031313361
0.255923217909 0.121551695952 0.108696874308
0.250592321791 0.120160297947 0.109791519732
0.242859232179 0.11890322008 0.110944455587
0.249285923218 0.11741985346 0.108809359716
0.249928592322 0.116882250543 0.109488161187
0.274292859232 0.116803467768 0.109196590768
0.227229285923 0.11660845348 0.109036655254
0.259422928592 0.116513426763 0.109654689719
0.263542292859 0.116719975613 0.108491269309
0.269354229286 0.117438007833 0.107716867376
0.248335422929 0.118768784793 0.109965399217
0.271433542293 0.118913649265 0.108931356183
0.249443354229 0.118823403469 0.109718371507
0.261644335423 0.118742824256 0.109272558373
0.306064433542 0.118976140719 0.110710741832
0.273606443354 0.118945741564 0.108811546187
0.264060644335 0.11900730399 0.109677919073
0.259506064434 0.118900319245 0.109643881883
0.271650606443 0.118884763527 0.109494188643
0.270165060644 0.119020980596 0.108625803241
0.271816506064 0.119435056683 0.110456221989
0.271081650606 0.120252890684 0.110382495933
0.271908165061 0.121297555203 0.109758513454
0.274690816506 0.122166651446 0.110821731087
0.243469081651 0.122845931289 0.110360787525
0.248446908165 0.12340734736 0.110001517012
0.245344690817 0.124024359273 0.110295953337
0.269334469082 0.124826532558 0.110823413404
0.252833446908 0.125405720072 0.110300447003
0.276383344691 0.126502856215 0.110267749348
0.243638334469 0.127690704028 0.111583719631
0.274563833447 0.129006425241 0.110630408274
0.261456383345 0.129900794237 0.110902857102
0.274545638334 0.130380073376 0.11003440597
0.238054563833 0.13116861965 0.111509888496
0.238905456383 0.131506767029 0.111089828055
0.220990545638 0.130532335863 0.111840977123
0.251599054564 0.129320950551 0.111744473571
0.234859905456 0.127677482617 0.11027621953
0.241285990546 0.12559785286 0.110763988897
0.264428599055 0.123523456926 0.110843827006
0.237942859905 0.122157951872 0.10981023297
0.268594285991 0.122017424733 0.110952087287
0.264459428599 0.121603222804 0.110716583546
0.27304594286 0.12038250564 0.10917840047
0.258604594286 0.119487971329 0.109586471418
0.267060459429 0.118759924628 0.109065404854
0.259806045943 0.118284660402 0.1103027994
0.281580604594 0.117972476933 0.108655727362
0.264858060459 0.117623601731 0.109435998309
0.277585806046 0.116935990491 0.108710656036
0.272558580605 0.115707557166 0.107421456036
0.27205585806 0.114542589385 0.107032160053
0.264805585806 0.113713120767 0.107508850916
0.277580558581 0.113324853619 0.107540284328
0.276158055858 0.113243397413 0.108109911242
0.258915805586 0.113685441617 0.109323371718
0.264391580559 0.114356825859 0.108596373232
0.273939158056 0.115318962096 0.108573083418
0.270393915806 0.116571062681 0.109635954256
0.262839391581 0.118017313188 0.109461769655
0.245883939158 0.119535197013 0.10982997236
0.262188393916 0.120498646878 0.109913476723
0.253918839392 0.120808289332 0.109709580212
0.262091883939 0.120717556896 0.111621382167
0.254809188394 0.121028932542 0.109264515326
0.242380918839 0.121364512959 0.110522579913
0.256438091884 0.121599925918 0.110867995065
0.229943809188 0.121413432457 0.109075588452
0.238094380919 0.121232734655 0.11026704032
0.273109438092 0.120139823678 0.110787348694
0.265810943809 0.119268334681 0.109935073002
0.268681094381 0.118944294395 0.109657134031
0.277968109438 0.119085649541 0.109109366284
0.271696810944 0.119757529395 0.109976852563
0.245869681094 0.119367075586 0.110167466228
0.262186968109 0.118404358466 0.109756319485
0.262918696811 0.117343702701 0.108787713287
0.259391869681 0.116757433183 0.10931981808
0.253639186968 0.116289842002 0.108635125304
0.261163918697 0.115932478609 0.106984789453
0.28261639187 0.11614344638 0.108724446064
0.283861639187 0.116647950951 0.109105688391
0.287586163919 0.116968731316 0.108937718454
0.286158616392 0.117150855846 0.108428354755
0.285115861639 0.117736590553 0.10912377094
0.268811586164 0.118451480126 0.109547658693
0.269881158616 0.119005901048 0.109719309773
0.257388115862 0.119387769138 0.108362345871
0.266938811586 0.120087125934 0.109753321405
0.257093881159 0.120763211735 0.108635082061
0.249809388116 0.122121661554 0.109696320548
0.248180938812 0.123344001651 0.110079348442
0.262418093881 0.12374905449 0.110080732037
0.249441809388 0.124337397101 0.110225324457
0.265244180939 0.12550765029 0.111221283679
0.259624418094 0.126976483824 0.110618350836
0.269862441809 0.12789975672 0.110290536249
0.273586244181 0.126966359246 0.110562615134
0.263158624418 0.125566694181 0.110583979529
0.224315862442 0.124506485858 0.111753122046
0.260031586244 0.123726164806 0.110171977612
0.269903158624 0.123656594087 0.109602380638
0.268190315862 0.122882932975 0.110928526919
0.253619031586 0.121799019317 0.109794317872
0.274661903159 0.120954091563 0.111512555512
0.287566190316 0.119708472051 0.109510359338
0.264556619032 0.118979103877 0.109290183034
0.275755661903 0.118647413225 0.109424326556
0.24447556619 0.118244322778 0.10862575953
0.275547556619 0.11856557419 0.110257307631
0.249854755662 0.118688059023 0.109529905025
0.251785475566 0.119312946653 0.111001430068
0.246578547557 0.119802378447 0.110236311145
0.240657854756 0.120535801571 0.110015922336
0.236465785476 0.122374839259 0.111633229685
0.265746578548 0.123059788432 0.111430114384
0.239874657855 0.123225229543 0.109771566529
0.266987465785 0.123582018676 0.109372511812
0.258898746579 0.123388959093 0.109641124116
0.266189874658 0.12339564914 0.109559880966
0.235418987466 0.123548103459 0.109868082846
0.250341898747 0.123833223535 0.109958089812
0.239234189875 0.123853463271 0.110134670791
0.239023418987 0.124027040618 0.110794391867
0.224602341899 0.123655061137 0.109162138843
0.26006023419 0.12369588833 0.111229078197
0.231206023419 0.123216098412 0.110697506288
0.238220602342 0.123305327252 0.110186577049
0.243422060234 0.124044342904 0.110062973011
0.236742206023 0.125212150103 0.11022442775
0.243274220602 0.125536695713 0.110742815044
0.24932742206 0.124975390517 0.110518783488
0.235532742206 0.124485633213 0.109721996299
0.231453274221 0.124389144565 0.110788494632
0.261645327422 0.124811221256 0.110587469681
0.246664532742 0.124068003015 0.10990608038
0.269466453274 0.122540796274 0.1096458825
0.239346645327 0.121210686137 0.109877008984
0.250734664533 0.119956526794 0.109626362669
0.250973466453 0.118534786147 0.107912915923
0.232097346645 0.118021800939 0.11024268292
0.271609734665 0.117634650277 0.108803651705
0.271960973466 0.117491195261 0.108377128619
0.248596097347 0.117216248081 0.108247386457
0.252559609735 0.117092713538 0.108737895857
0.248455960973 0.116139734649 0.107682204215
0.252545596097 0.115440169367 0.108940371824
0.26915455961 0.115007652859 0.108857521278
0.268115455961 0.114864576205 0.109133856494
0.254511545596 0.114724615175 0.107511172714
0.26755115456 0.115000467612 0.107763067449
0.272455115456 0.11533070114 0.109149841021
0.255845511546 0.116035170407 0.108710198398
0.255984551155 0.117214146732 0.108812443766
0.279398455115 0.118774124872 0.109654827566
0.259239845512 0.120678550494 0.110767718312
0.261723984551 0.121864476717 0.110730513747
0.244872398455 0.122085759751 0.110369132628
0.243187239846 0.12238802524 0.109853779978
0.269118723985 0.123061032693 0.110851038289
0.260911872398 0.122875011533 0.109794165085
0.26369118724 0.122895483483 0.111180262849
0.243269118724 0.122941690546 0.109902448988
0.283526911872 0.123360603782 0.112685743691
0.229052691187 0.123421442861 0.110222758786
0.237105269119 0.123714332184 0.110075764088
0.239710526912 0.123902183379 0.110860930032
0.235471052691 0.124095146065 0.111457474597
0.244947105269 0.123564966369 0.110006762254
0.246794710527 0.123143165175 0.110568012919
0.218179471053 0.122761253694 0.110251274863
0.263917947105 0.122745638375 0.10983774957
0.236991794711 0.123261342677 0.109979700624
0.235199179471 0.122766216332 0.10925403988
0.268319917947 0.122334356615 0.108906744163
0.249131991795 0.122727031801 0.109725241139
0.248113199179 0.123364212776 0.110248188238
0.253411319918 0.124008613333 0.110089422229
0.241341131992 0.125193058908 0.108164969391
0.242834113199 0.127141584389 0.111498978077
0.23578341132 0.126791280168 0.11097151027
0.233278341132 0.125834225129 0.110571730399
0.250127834113 0.124672820549 0.110455754351
0.260812783411 0.123255392966 0.10924299811
0.247481278341 0.121856495902 0.108514835237
0.229048127834 0.120450991909 0.10809010032
0.237104812783 0.119650904266 0.109528461432
0.286510481278 0.11899758438 0.109733459738
0.285151048128 0.118421464463 0.110394177788
0.276915104813 0.118043765281 0.109620494958
0.268891510481 0.118231942732 0.109897872921
0.250089151048 0.118885303376 0.110543066898
0.258108915105 0.118655204357 0.108976412461
0.27151089151 0.118513719443 0.108751191668
0.240451089151 0.118532056207 0.108710095959
0.246345108915 0.119017413432 0.109974484329
0.269434510892 0.119628512049 0.108935362753
0.263643451089 0.120731555145 0.110036758243
0.280164345109 0.122169797339 0.109962258282
0.262916434511 0.123326734367 0.109704864679
0.254891643451 0.124605903778 0.111839662135
0.240589164345 0.126070728222 0.110711775892
0.238258916435 0.127547522109 0.110561936031
0.253325891643 0.128795376857 0.111540001976
0.244032589164 0.12956673686 0.109918838607
0.244903258916 0.129949543109 0.110098930051
0.248590325892 0.129339944192 0.111540036028
0.245359032589 0.128025743315 0.112891240025
0.265735903259 0.126405072239 0.112001673013
0.259673590326 0.125286377052 0.111727560948
0.250967359033 0.124434567985 0.110023036442
0.249196735903 0.123770258373 0.110645548986
0.26071967359 0.123043672747 0.109849713971
0.224071967359 0.122327528335 0.109960299361
0.253707196736 0.121640906541 0.11066754846
0.259370719674 0.121328091211 0.108855915958
0.241037071967 0.121730886269 0.108893773633
0.245503707197 0.122539584152 0.110190090797
0.27205037072 0.123422832962 0.109859360775
0.258505037072 0.124717645241 0.111438510198
0.234650503707 0.126013732073 0.110531512829
0.218765050371 0.126902836763 0.11068193762
0.233376505037 0.127358329158 0.110612984514
0.244737650504 0.12715772567 0.110654098853
0.24317376505 0.125536627024 0.110649731039
0.234017376505 0.123467913532 0.109682833323
0.250201737651 0.121482164312 0.10979427529
0.240120173765 0.11985769226 0.109427787951
0.269712017377 0.118617226187 0.108751507141
0.251971201738 0.117926517129 0.108866617642
0.255597120174 0.117516257857 0.109473690269
0.281159712017 0.116936446102 0.10845003437
0.236015971202 0.116470547078 0.108235471204
0.28280159712 0.116275665957 0.107323652739
0.283880159712 0.116255422935 0.108737245679
0.268688015971 0.115741396942 0.107180750803
0.258168801597 0.115921753528 0.108639547965
0.27151688016 0.116562102518 0.10895859508
0.281851688016 0.11685958852 0.108942673109
0.251385168802 0.117559746506 0.107954845988
0.26363851688 0.118839755438 0.109765468948
0.255863851688 0.119914645297 0.110241235692
0.255986385169 0.120760039357 0.108925080405
0.279398638517 0.122050253432 0.110319407203
0.270939863852 0.123258613027 0.109677043135
0.244893986385 0.12437819511 0.109548442417
0.271989398639 0.124978595899 0.110526395259
0.273798939864 0.124802479832 0.110230095668
0.253279893986 0.124367253742 0.10962987542
0.254827989399 0.123855599845 0.111326184215
0.26668279894 0.122615523033 0.110239754144
0.275968279894 0.121305634718 0.110017277894
0.235496827989 0.12043498108 0.109230513161
0.265649682799 0.12024963737 0.110303584926
0.26686496828 0.120218453113 0.108805093997
0.277786496828 0.120681037828 0.110663737503
0.260878649683 0.121315960959 0.110040697546
0.243887864968 0.121844298774 0.109757418019
0.251188786497 0.121609657126 0.109585579628
0.25011887865 0.121935400461 0.109948791772
0.243711887865 0.121654392838 0.109400544071
0.247571188786 0.121078083105 0.109128542531
0.256957118879 0.120882489596 0.109657707301
0.245295711888 0.120892407089 0.11092847519
0.272929571189 0.119725316018 0.110100419698
0.264892957119 0.118614018638 0.108746776668
0.275789295712 0.118007487297 0.109308716493
0.268778929571 0.117284916353 0.108160699086
0.277077892957 0.117197355841 0.109479349166
0.244607789296 0.117068422746 0.108542243502
0.25396077893 0.117434352951 0.10745770447
0.262996077893 0.118344897813 0.108333827159
0.262999607789 0.118939861506 0.108225337118
0.283699960779 0.119922599384 0.108313140395
0.269569996078 0.121113829426 0.10891172411
0.274456999608 0.121953312136 0.109049752198
0.270445699961 0.122678800259 0.110236127396
0.261044569996 0.122933628665 0.110269471859
0.264604457 0.122566599093 0.110819768573
0.2406604457 0.121821907817 0.109371722414
0.25896604457 0.121293244012 0.108760518815
0.251796604457 0.12114012525 0.10891277364
0.255579660446 0.12170153591 0.109125211906
0.270357966045 0.122566151325 0.109880258913
0.245735796604 0.123520744345 0.10977430157
0.26667357966 0.124335492126 0.109993780689
0.269667357966 0.125114181117 0.110265120266
0.276266735797 0.125596091284 0.110059222842
0.26162667358 0.126028878587 0.10959566789
0.254762667358 0.126507303976 0.110688709981
0.242376266736 0.127043801326 0.110634302388
0.269937626674 0.127845915892 0.11066760602
0.257393762667 0.128128111227 0.11039901357
0.247139376267 0.127746387625 0.1111575053
0.249713937627 0.126656205579 0.109755805829
0.250871393763 0.125899809324 0.111072248151
0.245587139376 0.124618167642 0.110253368585
0.236958713938 0.123652550259 0.111475213534
0.261295871394 0.122783644945 0.109897732834
0.252029587139 0.122586848532 0.110128165295
0.266402958714 0.12203376595 0.109920423827
0.278640295871 0.121379022604 0.109107905043
0.271764029587 0.121120485452 0.110456709047
0.227876402959 0.120712463568 0.110183009417
0.258587640296 0.120616539876 0.110016538283
0.24455876403 0.12019769597 0.110000817045
0.262055876403 0.119546575147 0.108921434361
0.23860558764 0.119474331579 0.108293793304
0.247060558764 0.119896868967 0.109360796522
0.266806055876 0.12035929816 0.10959991343
0.241780605588 0.12034731352 0.11013184206
0.266278060559 0.120328472366 0.10924252801
0.255227806056 0.120605830714 0.108864440062
0.255022780606 0.120138374954 0.108532232793
0.263102278061 0.119176991161 0.108622199114
0.258510227806 0.118339840667 0.109859634468
0.288651022781 0.117280398307 0.109616461711
0.274565102278 0.116541965574 0.110582654901
0.252456510228 0.115805587176 0.107601932164
0.264645651023 0.115862984868 0.108733204508
0.246964565102 0.115383088977 0.10789013388
0.26229645651 0.114955789045 0.105680740225
0.272829645651 0.115435955411 0.109081893795
0.250482964565 0.115688985439 0.108593193693
0.262648296457 0.116316932165 0.108724466202
0.259364829646 0.117120111447 0.109817253744
0.248236482965 0.117095038578 0.108518002178
0.275023648296 0.117270991766 0.108034874421
0.29210236483 0.118203423793 0.109293478506
0.262310236483 0.1190788646 0.108045409374
0.278231023648 0.120309089824 0.108438838047
0.260023102365 0.122334023056 0.11089785895
0.245602310236 0.123938800734 0.108956436204
0.236960231024 0.12573733719 0.111277161563
0.218996023102 0.12704867568 0.11119576232
0.24419960231 0.128072559608 0.111486155206
0.254819960231 0.128745877948 0.111382123682
0.240581996023 0.128192035726 0.111440731215
0.243658199602 0.127840217885 0.112426189386
0.26736581996 0.126733078166 0.111191207901
0.276936581996 0.125422405798 0.110294388824
0.2796936582 0.124359860656 0.10897964849
0.25836936582 0.123867129327 0.110655668899
0.259836936582 0.123003599861 0.1096346132
0.237483693658 0.122325381829 0.110838442245
0.246948369366 0.121645786584 0.10956294314
0.246094836937 0.121294065882 0.110036693356
0.268509483694 0.120659628284 0.109559108841
0.253650948369 0.120190492659 0.109944444208
0.243165094837 0.119483110748 0.110436326961
0.262816509484 0.118479644805 0.108660482634
0.283681650948 0.117595014776 0.108299144481
0.256968165095 0.116993231123 0.108256265955
0.255196816509 0.11707676751 0.109056591145
0.250519681651 0.116894381668 0.108968982441
0.243751968165 0.116427878495 0.109705754333
0.273675196817 0.116126459212 0.108926686422
0.289267519682 0.116474546296 0.110187345509
0.258426751968 0.116680859284 0.108989137118
0.282342675197 0.116947319644 0.107743129326
0.28923426752 0.117881835087 0.108295543164
0.266523426752 0.119100606744 0.108834629289
0.243552342675 0.119290203414 0.108096020055
0.261955234268 0.118908488329 0.107568505729
0.237695523427 0.118696796455 0.108219156957
0.238869552343 0.118835223393 0.109946918065
0.268686955234 0.119425282324 0.110451883969
0.249168695523 0.120263761165 0.109688653879
0.277816869552 0.121134983047 0.109161045397
0.238381686955 0.122122690127 0.110110141348
0.233538168696 0.122857192679 0.1104741713
0.24205381687 0.123313172326 0.110988671865
0.228505381687 0.123221838018 0.109496270635
0.243350538169 0.122896882984 0.109287786883
0.254735053817 0.122704859745 0.108548379983
0.254973505382 0.123259488672 0.109282284327
0.247797350538 0.124073369841 0.11064407047
0.243479735054 0.124603432066 0.110431160711
0.241247973505 0.125308565751 0.110118797182
0.259924797351 0.126267603572 0.110692962623
0.240192479735 0.127096003588 0.109822718269
0.247219247974 0.127477453295 0.110809031423
0.246121924797 0.127629059162 0.110583876455
0.28741219248 0.127388259485 0.110275846848
0.246541219248 0.127603785653 0.110849476791
0.219954121925 0.12695827055 0.110617598758
0.246095412192 0.125474980577 0.111315745279
0.243309541219 0.124225672613 0.110362297406
0.261930954122 0.123084607872 0.110972122489
0.234993095412 0.121038057205 0.109702718314
0.259299309541 0.119453388577 0.110058036496
0.282429930954 0.118277439706 0.109479499738
0.264942993095 0.117482976616 0.109544598527
0.27939429931 0.117129675788 0.108689153746
0.264639429931 0.117558598306 0.108429786916
0.254163942993 0.117985905742 0.107696916917
0.263016394299 0.118605107527 0.110596038621
0.24320163943 0.118946850042 0.108375778665
0.266420163943 0.119586006463 0.109989045
0.275042016394 0.120380555051 0.108812606132
0.271404201639 0.122159107795 0.111444911661
0.284540420164 0.122953515096 0.109393323274
0.252554042016 0.123503387434 0.110590495824
0.273655404202 0.123542863013 0.109979311214
0.27306554042 0.124199365476 0.110119191807
0.252306554042 0.125683412042 0.11015226809
0.249330655404 0.126844347047 0.110433561752
0.24453306554 0.127034567712 0.110589425219
0.246753306554 0.127279517926 0.110797395792
0.246975330655 0.127521374105 0.111252965693
0.259597533066 0.127935769888 0.112071314726
0.250059753307 0.127672565211 0.111046770874
0.230205975331 0.126759586732 0.111656849049
0.240820597533 0.125387669583 0.110784579874
0.244582059753 0.124744543044 0.110690095046
0.259358205975 0.123973524705 0.111501146348
0.262635820598 0.123413332691 0.111000267146
0.25036358206 0.122944422612 0.110023415037
0.253636358206 0.122772613348 0.110135932833
0.285463635821 0.123017866508 0.109422900286
0.260746363582 0.123722272656 0.109359106142
0.250174636358 0.124130975189 0.109717400228
0.257217463636 0.124540308794 0.109743234964
0.284921746364 0.124320974004 0.109570511073
0.282292174636 0.123604544397 0.108909374149
0.256829217464 0.123036641417 0.110541469505
0.270482921746 0.122052195411 0.109342757093
0.272748292175 0.121447861889 0.109344182667
0.266674829217 0.120802752912 0.109185398022
0.277767482922 0.120371973558 0.111160840463
0.262676748292 0.119532955155 0.109546792953
0.234167674829 0.119382318049 0.110191015064
0.255616767483 0.119642061681 0.110700586234
0.284761676748 0.119741755173 0.108838845097
0.255276167675 0.120244131073 0.110117400852
0.241527616767 0.121045306878 0.109931966235
0.260852761677 0.121582785688 0.110050792733
0.264585276168 0.122061965565 0.109321449445
0.254158527617 0.122707424246 0.109571530026
0.274715852762 0.123326872928 0.109892440818
0.264171585276 0.122663809365 0.109264051054
0.253217158528 0.121297344322 0.109768376492
0.274621715853 0.119934828728 0.109082665494
0.274062171585 0.118770842434 0.108641306399
0.253306217159 0.118240428134 0.108214510756
0.264730621716 0.118000361379 0.109985479125
0.265873062172 0.117467140078 0.108123226537
0.267787306217 0.117854078864 0.109405425702
0.273378730622 0.118379690894 0.109159267278
0.272137873062 0.118843072872 0.108618824005
0.261213787306 0.118993451953 0.108500781482
0.247521378731 0.119714578878 0.110479629178
0.273152137873 0.120483608405 0.109881376304
0.253215213787 0.121586172099 0.110807925421
0.239521521379 0.122378059654 0.110418788802
0.230052152138 0.122590584661 0.110442218346
0.266005215214 0.12267277824 0.110832971625
0.251600521521 0.122999929685 0.110677371738
0.269060052152 0.123946313801 0.112299082946
0.266306005215 0.124600996334 0.110604125488
0.247130600522 0.12523434542 0.110422572322
0.247913060052 0.125482523935 0.110112694399
0.270491306005 0.12559067245 0.11066908007
0.291649130601 0.125977916744 0.109709647251
0.25956491306 0.126862963658 0.110539425061
0.252756491306 0.128417183741 0.11067350985
0.285375649131 0.130100873251 0.111488569264
0.249937564913 0.130776949354 0.11257948983
0.262593756491 0.131128430783 0.112064931577
0.237759375649 0.131411914794 0.111796223917
0.264975937565 0.131993289659 0.112565859015
0.242497593756 0.131242025855 0.111393204846
0.255549759376 0.129671117379 0.111281504545
0.248754975938 0.128134813763 0.110010335095
0.250775497594 0.126804941672 0.109266176036
0.261777549759 0.125920878786 0.111456602486
0.227777754976 0.125608353073 0.112867768909
0.271177775498 0.125088324736 0.111577810711
0.22601777755 0.123622108662 0.110121644227
0.260201777755 0.122017442877 0.1098848923
0.278020177775 0.12095872892 0.109705149888
0.263602017778 0.120251417727 0.108384136319
0.287360201778 0.120144628768 0.109397229426
0.271736020178 0.119967352072 0.108819279134
0.243173602018 0.118971232259 0.109330154433
0.245717360202 0.11763852761 0.109407308538
0.26937173602 0.116690539459 0.110203528187
0.260037173602 0.115370420747 0.109004811885
0.24470371736 0.114119558132 0.108315563903
0.267470371736 0.113388009436 0.108288316793
0.283247037174 0.112830348086 0.10737929457
0.255124703717 0.112280447979 0.10819293461
0.275712470372 0.112180522443 0.10783786619
0.285871247037 0.11301360926 0.108912564507
0.248187124704 0.113835468965 0.107329945248
0.25071871247 0.114545607957 0.107499084721
0.256371871247 0.115006040572 0.108074768577
0.281237187125 0.115453602148 0.107585173701
0.290023718712 0.116333067615 0.107122382899
0.272002371871 0.117595251196 0.108285305522
0.263900237187 0.11862811571 0.108781145571
0.288290023719 0.118956256198 0.109107708888
0.270929002372 0.118655914671 0.10761141821
0.281792900237 0.119118316556 0.110084372405
0.257679290024 0.119312719837 0.110240362654
0.261567929002 0.119491242293 0.109946520738
0.2493567929 0.119889215789 0.108929736922
0.27063567929 0.120455817284 0.110555067481
0.251163567929 0.121331554883 0.110607401898
0.245616356793 0.122318015193 0.110666928135
0.264861635679 0.123511032542 0.110427130479
0.265886163568 0.124539148978 0.110539033717
0.258788616357 0.125673693986 0.110374643078
0.249978861636 0.12719543929 0.110319836265
0.243697886164 0.128608494102 0.111389922941
0.246669788616 0.128963298751 0.110830404404
0.239766978862 0.1286092716 0.110079195721
0.264276697886 0.128377888396 0.110483094394
0.233427669789 0.128441952901 0.111687913698
0.248342766979 0.129258521756 0.11331391097
0.230934276698 0.129914857604 0.111493245458
0.24809342767 0.130926399417 0.113183292822
0.236309342767 0.131893258311 0.112667465281
0.273830934277 0.132678383145 0.110403993413
0.246083093428 0.132249172034 0.111974426715
0.268508309343 0.130667206122 0.110486093726
0.268950830934 0.129065600477 0.112820491513
0.250995083093 0.127136088444 0.110844303647
0.261799508309 0.12506948758 0.109825144799
0.252079950831 0.123604333241 0.110845301029
0.258307995083 0.122553254472 0.110658847111
0.240930799508 0.121817855922 0.110160425756
0.276993079951 0.121249077768 0.109472870094
0.271599307995 0.120973669853 0.109817613603
0.2665599308 0.120500997939 0.109428025832
0.26875599308 0.120254219632 0.109918496153
0.231175599308 0.120268226636 0.11023982476
0.257117559931 0.120138213252 0.109278675357
0.278611755993 0.120023830443 0.109388278259
0.272661175599 0.119805742472 0.109907831727
0.26936611756 0.118998155696 0.110318914715
0.240236611756 0.118256470184 0.109264395494
0.273323661176 0.118060797156 0.110018387948
0.279332366118 0.11750873128 0.109265729854
0.241233236612 0.117054961739 0.109182658956
0.259923323661 0.116661000329 0.108571541438
0.255492332366 0.116148978973 0.107532977005
0.254149233237 0.115980546291 0.10832231001
0.250414923324 0.115885048018 0.107207582564
0.278841492332 0.115801977192 0.107477091778
0.296984149233 0.115554259415 0.109679785935
0.295198414923 0.114765866197 0.109135519107
