0.0 0.9 1.3100459629e-05
0.0027 0.99 1.4582452834e-05
0.00657 0.999 1.52275655572e-05
0.007857 0.9999 1.60325467725e-05
0.0070857 0.99999 1.70544354562e-05
0.00430857 0.999999 1.83030079171e-05
0.010330857 0.9999999 2.00043213568e-05
0.0109330857 0.99999999 2.22727051296e-05
0.00739330857 0.999999999 2.48985132996e-05
0.009739330857 0.9999999999 2.77658550016e-05
0.0108739330857 0.99999999999 3.13811722557e-05
0.0163873933086 0.999999999999 3.5717207818e-05
0.0160387393309 1.0 4.08090211665e-05
0.0124038739331 1.0 4.68495077292e-05
0.0111403873933 1.0 5.41762513284e-05
0.0191140387393 1.0 6.28376836625e-05
0.0154114038739 1.0 7.30516094242e-05
0.0159411403874 1.0 8.45097749559e-05
0.0177941140387 1.0 9.71403652853e-05
0.0152794114039 1.0 0.000112649670809
0.0222279411404 1.0 0.000131040925695
0.026522794114 1.0 0.000152105759903
0.0305522794114 1.0 0.000175992205032
0.0219552279411 1.0 0.000203372485185
0.0201955227941 1.0 0.000235288317543
0.0290195522794 1.0 0.000271199097101
0.0281019552279 1.0 0.000311276697282
0.0226101955228 1.0 0.000357571157507
0.0202610195523 1.0 0.000410193268566
0.0308261019552 1.0 0.000471560551432
0.0291826101955 1.0 0.00054272101548
0.0245182610196 1.0 0.00061979931387
0.024951826102 1.0 0.000704118768731
0.0267951826102 1.0 0.000799732768106
0.023379518261 1.0 0.0009086909931
0.0320379518261 1.0 0.00103153335281
0.0212037951826 1.0 0.00116830251657
0.0228203795183 1.0 0.00132211503818
0.0301820379518 1.0 0.00149076484487
0.0264182037952 1.0 0.00167450759798
0.0251418203795 1.0 0.00188021499023
0.028614182038 1.0 0.0021090253889
0.0280614182038 1.0 0.00236114226713
0.0217061418204 1.0 0.00264163905941
0.034570614182 1.0 0.00295701476337
0.0259570614182 1.0 0.00329629771369
0.0295957061418 1.0 0.00366652383094
0.0227595706142 1.0 0.00407870965543
0.0301759570614 1.0 0.00452107320418
0.0399175957061 1.0 0.00499532556579
0.0255917595706 1.0 0.00550864269152
0.0277591759571 1.0 0.00607090433637
0.0324759175957 1.0 0.00668680161102
0.0284475917596 1.0 0.00735769916662
0.037044759176 1.0 0.0080668255932
0.0298044759176 1.0 0.00878764415643
0.0218804475918 1.0 0.00955715146163
0.0282880447592 0.998606365416 0.0103576200321
0.0280288044759 0.998467001958 0.0112353933473
0.0307028804476 0.997059431029 0.0121281438402
0.0228702880448 0.995525039352 0.0131120204454
0.0301870288045 0.995371600184 0.0142035145362
0.0309187028804 0.994029510295 0.0152535791923
0.027391870288 0.991108032139 0.0163771027166
0.0225391870288 0.989489138351 0.0176216412855
0.0265539187029 0.988063178605 0.0189365329891
0.0260553918703 0.986593836658 0.0203072048443
0.032305539187 0.983914875271 0.0215734912739
0.0293305539187 0.982382908765 0.0230969425593
0.0236330553919 0.980836077531 0.02446419796
0.0329633055392 0.978090578068 0.0259082934481
0.0311963305539 0.972802960062 0.0270668117239
0.0265196330554 0.971068917042 0.0288333346992
0.0296519633055 0.968470564271 0.0305602569799
0.0254651963306 0.966011249955 0.0323999865023
0.0286465196331 0.960689574859 0.0342753915243
0.0307646519633 0.954377540741 0.0358473529516
0.0291764651963 0.949244972578 0.0377644455322
0.0308176465196 0.942192046338 0.0394365452368
0.030081764652 0.938208969421 0.0418852667921
0.0336081764652 0.929437928606 0.0434090233803
0.0366608176465 0.922370038793 0.0453716018626
0.0369660817647 0.918406398468 0.0479502772766
0.0315966081765 0.913437093136 0.0501585313432
0.0256596608176 0.903827028365 0.051529112025
0.0349659660818 0.892826369118 0.0531776832592
0.0385965966082 0.887028452458 0.0555558442936
0.0443596596608 0.88010889509 0.0574913259519
0.0386359659661 0.872081575581 0.0594662172664
0.0299635965966 0.863191743561 0.0609757175051
0.0326963596597 0.851086690892 0.06220323246
0.033869635966 0.844826665681 0.0643497736946
0.0294869635966 0.836021607602 0.0658274130226
0.0407486963597 0.832081219227 0.0667504100336
0.036474869636 0.823796311243 0.0672275927517
0.0342474869636 0.815972686474 0.0687594298408
0.0520247486964 0.807619630757 0.0704394895428
0.0403024748696 0.797880820678 0.0712925599147
0.049930247487 0.789220104426 0.0722433609546
0.0508930247487 0.7820958609 0.0735122904336
0.0527893024749 0.774861263863 0.0734812306005
0.0529789302475 0.769348754465 0.0739569759421
0.0394978930247 0.760951906125 0.0750203999567
0.0381497893025 0.753139301576 0.0749809553665
0.0389149789302 0.747512910358 0.075970383837
0.041691497893 0.736343910902 0.076188745665
0.0536691497893 0.727351329837 0.0770377989615
0.0539669149789 0.720103958736 0.0774676606452
0.0530966914979 0.710018072095 0.0780046358319
0.0584096691498 0.703606754011 0.0788801781722
0.064340966915 0.698666855338 0.0793129589731
0.0514340966915 0.694204964567 0.0783920288924
0.0528434096691 0.689805049553 0.0785289430565
0.0574843409669 0.68482312762 0.0785214656267
0.0597484340967 0.679857776603 0.0790370688017
0.0680748434097 0.674409606521 0.079032598753
0.069807484341 0.670596651513 0.0795327384207
0.0609807484341 0.666540888173 0.0792283111579
0.0582980748434 0.663459370735 0.0795108788011
0.0769298074843 0.656340822173 0.0796790349596
0.0715929807484 0.650300812838 0.0803019163589
0.0818592980748 0.640621900097 0.0806075728166
0.0720859298075 0.634784069594 0.0825019416003
0.0747085929807 0.628590812491 0.0810681030067
0.0794708592981 0.625978895076 0.0811432492044
0.0889470859298 0.623351896857 0.0814332618303
0.074594708593 0.622963459045 0.08184173824
0.0740594708593 0.623025874522 0.0808414046931
0.0686059470859 0.625098544186 0.0799749782567
0.0725605947086 0.627812826959 0.0795421176503
0.0702560594709 0.626963893994 0.0799778237018
0.0835256059471 0.628317565722 0.0803308032827
0.0974525605947 0.630341298573 0.0798550341838
0.0718452560595 0.633177526122 0.0798980108073
0.0845845256059 0.631651573308 0.0790553364317
0.0768584525606 0.634170746496 0.0793847569018
0.0886858452561 0.635101893893 0.0795381730506
0.0988685845256 0.636567214481 0.0810310974166
0.0764868584526 0.635889831531 0.0812480210619
0.0850486858453 0.633603190575 0.080797206834
0.0895048685845 0.634728892455 0.0810535274072
0.0773504868585 0.636518584012 0.0801697076724
0.0968350486858 0.638583662556 0.0797660237798
0.0852835048686 0.638486405808 0.07914177402
0.0841283504869 0.640063075319 0.0776820696036
0.0795128350487 0.641653929128 0.0765417536852
0.0844512835049 0.645402728391 0.0766588879794
0.0885451283505 0.647288372269 0.0756044227971
0.080854512835 0.648782334522 0.0756203430828
0.0863854512835 0.649262123552 0.0760906604509
0.0662385451284 0.652205229664 0.0751743944038
0.0921238545128 0.65446186042 0.0749221734514
0.0794123854513 0.657302407894 0.0754406270867
0.0898412385451 0.657346606624 0.0748729172723
0.0845841238545 0.663218455427 0.0741229407985
0.0768584123855 0.664983483571 0.0730161549543
0.0742858412385 0.668363603075 0.0727176709502
0.0830285841239 0.67170124438 0.0731983034025
0.0821028584124 0.675500670628 0.0722756305906
0.0865102858412 0.67939021154 0.0714922464351
0.0779510285841 0.683553769403 0.07023971736
0.0761951028584 0.686387422167 0.0705135060133
0.0904195102858 0.689738163277 0.0689792902784
0.0972419510286 0.693114611229 0.0691986119168
0.0970241951029 0.693303767717 0.0694616519772
0.0934024195103 0.693088895498 0.0694883191678
0.101140241951 0.694463969883 0.0690292235137
0.0920140241951 0.694850413364 0.0690976614212
0.0794014024195 0.693667643573 0.0691217259308
0.092540140242 0.691473450352 0.069430491868
0.0875540140242 0.688937165945 0.0695382156096
0.0888554014024 0.688993885571 0.0714350363541
0.0943855401402 0.682913847764 0.0705397502421
0.089538554014 0.67748495861 0.0712378413812
0.0746538554014 0.675639043424 0.0728796983962
0.0839653855401 0.675099858967 0.0736952217529
0.078596538554 0.672992070295 0.0736328413576
0.0816596538554 0.675117142587 0.0734404693929
0.0882659653855 0.676546628233 0.0743880846858
0.0781265965386 0.677604567746 0.074989542105
0.0789126596539 0.676110158046 0.0743862666694
0.0699912659654 0.677306012823 0.074365378632
0.0717991265965 0.679375764262 0.0746943938845
0.0719799126597 0.682301061471 0.0742018786738
0.064797991266 0.681243702435 0.0743739821316
0.0703797991266 0.686304875914 0.0752671545438
0.0646379799127 0.689932813775 0.0751761091586
0.0676637979913 0.694415803925 0.0747027346629
0.0697663797991 0.697548383033 0.0758766447613
0.0600766379799 0.701878390837 0.0752147686028
0.060007663798 0.707003134105 0.0749058910661
0.0591007663798 0.713743863066 0.0740898146147
0.055410076638 0.719003330455 0.0731821510422
0.0568410076638 0.727683772295 0.0726036744953
0.0488841007664 0.736704957338 0.0715903375325
0.0579884100766 0.74529492162 0.0706439209754
0.0606988410077 0.754731939397 0.0693551857298
0.0636698841008 0.762692139064 0.0675925460831
0.0612669884101 0.773163948879 0.067001486699
0.065526698841 0.781340931942 0.0648391064466
0.0587526698841 0.789089268609 0.0637846863567
0.0535752669884 0.794504293448 0.0624738406743
0.0593575266988 0.800527294863 0.061063510409
0.0572357526699 0.807304586644 0.0602916924313
0.053423575267 0.810955732849 0.0593479155575
0.0539423575267 0.814554890959 0.0588804621745
0.0530942357527 0.819578933682 0.058624007573
0.0584094235753 0.821758834956 0.0579213435833
0.0481409423575 0.82372821148 0.0568630909063
0.0462140942358 0.823943024345 0.0562923853172
0.0595214094236 0.82601732061 0.0564588577867
0.0662521409424 0.824425288896 0.0557312584547
0.0606252140942 0.822848625529 0.0559627879562
0.0555625214094 0.817187712187 0.0562986769348
0.0595562521409 0.810621341588 0.0567470489684
0.0590556252141 0.808030718309 0.0579150468845
0.0509055625214 0.807063742721 0.0574908850745
0.0437905562521 0.805081868784 0.0567531393379
0.0412790556252 0.803625804672 0.0563520890643
0.0401279055625 0.800913831606 0.0555499664412
0.0499127905563 0.804304709079 0.0558956650672
0.0418912790556 0.80751591367 0.0560771162136
0.0527891279056 0.808631329152 0.0547005685664
0.0556789127906 0.810336324622 0.0541578043426
0.0523678912791 0.810359079266 0.0545010471252
0.0466367891279 0.809282927232 0.0544138655034
0.0532636789128 0.807596180384 0.0540034039798
0.0575263678913 0.803347625334 0.0529244180852
0.0507526367891 0.802053697959 0.0529216484063
0.0617752636789 0.801192270419 0.0528726570742
0.0475775263679 0.801028830461 0.052409008365
0.0668577526368 0.804042859613 0.0533373492118
0.0687857752637 0.805417176784 0.0532631739588
0.0689785775264 0.805619836837 0.0521017019422
0.0536978577526 0.81076421014 0.0519380027209
0.0548697857753 0.813020450297 0.0518913821679
0.0612869785775 0.812756347623 0.0518732797393
0.0538286978578 0.813135259881 0.0516159743075
0.0548828697858 0.816840542966 0.0519535200019
0.0522882869786 0.816781411122 0.0513754025909
0.0502288286979 0.814480234412 0.0506500477626
0.0500228828698 0.815205815157 0.0507434383116
0.047302288287 0.81555360569 0.0517498170952
0.0524302288287 0.815699930981 0.0503800494032
0.0619430228829 0.81700669694 0.0501084221841
0.0583943022883 0.814988707818 0.0495632223005
0.0571394302288 0.816073202131 0.0492970071005
0.0516139430229 0.819666968768 0.0497302267234
0.0564613943023 0.819751571325 0.0487899726039
0.0587461394302 0.822076950877 0.0488260043726
0.069774613943 0.826960256967 0.048807018613
0.0555774613943 0.825869743306 0.0492539394778
0.0604577461394 0.827764964417 0.0506124264346
0.0474457746139 0.827719502511 0.0511362841113
0.0614445774614 0.824451677539 0.052555420601
0.0583444577461 0.821931715141 0.0534728378989
0.0472344457746 0.818607687643 0.053786435348
0.0632234445775 0.81774876684 0.0549671881687
0.0621223444577 0.814337327356 0.0542803099553
0.0539122344458 0.814398125257 0.0553262854205
0.0665912234446 0.812145734435 0.0559352802559
0.0768591223445 0.809199756289 0.0556752481339
0.0652859122344 0.81024335483 0.0554952229143
0.0497285912234 0.811328633319 0.056523987621
0.0544728591223 0.808057076717 0.0567250953421
0.0549472859122 0.80262511355 0.0578883934207
0.0405947285912 0.799575242021 0.0594563901061
0.0490594728591 0.797764347041 0.0604866812974
0.0643059472859 0.794580953117 0.0611560501858
0.0505305947286 0.792384441225 0.0612109996957
0.0464530594729 0.790555545236 0.0618846560401
0.0442453059473 0.788800842308 0.0631721714593
0.0530245305947 0.781027957476 0.063572980765
0.0575024530595 0.778589616279 0.063520894571
0.0588502453059 0.776491619579 0.0640716252199
0.0643850245306 0.77972407115 0.0643142613478
0.0640385024531 0.780903527677 0.0644380455345
0.0631038502453 0.784640583709 0.0648351936561
0.0585103850245 0.788852709862 0.0645555629682
0.0580510385025 0.792857998276 0.0644687539899
0.0616051038502 0.794851416782 0.0647324510676
0.064660510385 0.796949548724 0.0649496555022
0.0622660510385 0.799466486166 0.0649583780662
0.0638266051039 0.798308725511 0.0651906352386
0.0576826605104 0.801617762485 0.0653013486561
0.056168266051 0.800756848648 0.064540086412
0.0578168266051 0.800026585242 0.0645518897756
0.0597816826605 0.798674932881 0.0638295836007
0.0599781682661 0.799747741975 0.0636597046025
0.0500978168266 0.800177560306 0.06391995694
0.0599097816827 0.801177882985 0.063614593701
0.0662909781683 0.800265704364 0.0631433139998
0.0723290978168 0.799325377949 0.0620285162723
0.0621329097817 0.798755650177 0.0621061715517
0.0620132909782 0.799819473084 0.0624746287962
0.0620013290978 0.797918570668 0.0618125540986
0.0557001329098 0.798498581119 0.0618744628283
0.053270013291 0.794731540203 0.061115810987
0.0575270013291 0.793518661666 0.0617208966358
0.0741527001329 0.793250314553 0.061745217918
0.0623152700133 0.790675534141 0.0610671207516
0.0647315270013 0.79044417657 0.0604284402807
0.0685731527001 0.785749839079 0.0603453850065
0.07435731527 0.781549479487 0.0602913851904
0.062335731527 0.775398705713 0.0602487335798
0.0647335731527 0.768496655212 0.059718793485
0.0730733573153 0.765962074531 0.05987435441
0.0550073357315 0.762825156313 0.0598808461904
0.0559007335732 0.76202771789 0.0591546815116
0.0694900733573 0.760693996013 0.0588712069425
0.0645490073357 0.761549024106 0.0581261413036
0.0586549007336 0.76030745981 0.0564587984219
0.0607654900734 0.760844823883 0.0568711536266
0.0582765490073 0.759040881872 0.0563254236986
0.0652276549007 0.759237121674 0.0561155952247
0.0605227654901 0.759870660576 0.0562985909267
0.069952276549 0.759776234597 0.0558053427912
0.0537952276549 0.759062162535 0.0555788935502
0.0638795227655 0.761006934371 0.055088201353
0.0585879522765 0.761714228918 0.0539191932479
0.0625587952277 0.761691983851 0.0537320164043
0.0602558795228 0.764371895378 0.0543492335959
0.0663255879523 0.76657017661 0.0536284370315
0.0615325587952 0.768017355133 0.0538511742519
0.0655532558795 0.770494849434 0.0534590192902
0.066855325588 0.773146587771 0.0533469860638
0.0714855325588 0.7742704344 0.0528620731212
0.0692485532559 0.775622343245 0.0524105789366
0.0537248553256 0.777555892785 0.0519497264792
0.0719724855326 0.781456719364 0.0516120661337
0.0692972485533 0.784086479594 0.0509350612552
0.0636297248553 0.785510079201 0.0513111865865
0.0666629724855 0.786147459855 0.0519276566964
0.0543662972486 0.784931852891 0.051839463245
0.0567366297249 0.785262673414 0.0530130627725
0.0533736629725 0.784764127218 0.0532639155153
0.0485373662972 0.785673473688 0.0539377990531
0.0534537366297 0.787984487496 0.0543015163742
0.053945373663 0.787659064599 0.0548036242113
0.0638945373663 0.788646475144 0.0548366379738
0.0567894537366 0.786217174234 0.0543945381929
0.0551789453737 0.786889236965 0.0553524364606
0.0586178945374 0.787716955285 0.0554114992673
0.0562617894537 0.789625836965 0.0545814668125
0.0614261789454 0.792540644593 0.0548948244653
0.0529426178945 0.793426999765 0.0552852129353
0.0592942617895 0.792518136738 0.0554266557254
0.0491294261789 0.792218345092 0.0566131954995
0.0535129426179 0.788260784521 0.0560997471465
0.0503512942618 0.787181510831 0.057109783146
0.0536351294262 0.787239721723 0.0584301268104
0.0422635129426 0.783718508702 0.0585915900915
0.0420263512943 0.781114453778 0.0593752824708
0.0501026351294 0.778908341934 0.0607578538025
0.0581102635129 0.775167162738 0.0613588072778
0.0535110263513 0.770695600753 0.062466398579
0.0485511026351 0.767666881368 0.062389839552
0.0579551102635 0.766378307875 0.0615689290563
0.0534955110264 0.768488096685 0.0627397334742
0.0557495511026 0.769613834371 0.063199232233
0.0541749551103 0.771134901287 0.0636524200806
0.046817495511 0.776157007441 0.0646736295444
0.0532817495511 0.781159103465 0.0642882233622
0.0647281749551 0.780241844112 0.0630542773542
0.0469728174955 0.782808851459 0.0631075363595
0.0577972817496 0.786156777158 0.0632743413143
0.064279728175 0.79040075302 0.0634936272007
0.0559279728175 0.790786404706 0.0626612552739
0.0676927972817 0.796263558098 0.062334315717
0.0652692797282 0.800615570391 0.0619094646563
0.0614269279728 0.802820114151 0.0606798656819
0.0583426927973 0.803255568573 0.0608008995044
0.0598342692797 0.802658283909 0.060870603964
0.065383426928 0.799042488848 0.0622585440196
0.0560383426928 0.794346758325 0.063235553311
0.0668038342693 0.790233054506 0.0640884961732
0.0444803834269 0.792123078742 0.0636986527524
0.0557480383427 0.79298727803 0.0634406296666
0.0523748038343 0.791299723864 0.0637601604665
0.0511374803834 0.792921603689 0.0638099171869
0.0456137480383 0.793463079346 0.0628110341508
0.0540613748038 0.797089757606 0.0629752442697
0.0495061374804 0.797364883967 0.0625658021939
0.057150613748 0.794548425378 0.0625122947876
0.0543150613748 0.793033418627 0.063275765131
0.0549315061375 0.787254658802 0.0633924509579
0.0486931506137 0.782233937376 0.0641182394592
0.0507693150614 0.777057106297 0.0643075383456
0.0599769315061 0.773258067313 0.0642404481532
0.0644976931506 0.767977091033 0.0646601228036
0.0631497693151 0.763587880802 0.0653401399224
0.0747149769315 0.762068572091 0.0663121830754
0.0587714976932 0.760985876307 0.0663604340846
0.0688771497693 0.760952607963 0.0664931049301
0.0545877149769 0.758159270159 0.0660279580345
0.0522587714977 0.760682966522 0.0663053292726
0.0673258771498 0.756389810671 0.0657845317846
0.068832587715 0.754400696088 0.0650209533962
0.0581832587715 0.753193034832 0.0651205480076
0.0706183258771 0.750569296153 0.0656332639198
0.0673618325877 0.747058813982 0.0654769058061
0.0706361832588 0.743899203964 0.0659747086271
0.0745636183259 0.742378936791 0.064751700273
0.0803563618326 0.744151273676 0.0641402437137
0.0800356361833 0.746692032127 0.0634284618831
0.0737035636183 0.74921479107 0.0613634282776
0.0757703563618 0.750733754535 0.059422968366
0.0660770356362 0.754411454115 0.0591929828754
0.0732077035636 0.754956990736 0.0577568344072
0.0784207703564 0.756307046019 0.0571622457181
0.0690420770356 0.754816558803 0.0569349700316
0.0636042077036 0.756178679683 0.056061242007
0.0711604207704 0.757208858809 0.0551819179451
0.077316042077 0.756033987246 0.0549206511288
0.0725316042077 0.754499646202 0.0547535511104
0.0765531604208 0.753951531251 0.05419282096
0.0751553160421 0.75329984518 0.0547597822854
0.0651155316042 0.75382385764 0.0547039573526
0.0767115531604 0.754780660683 0.0538895961398
0.070671155316 0.754649784142 0.0528306257867
0.0745671155316 0.754958211011 0.0538826077484
0.0650567115532 0.754566438614 0.0537692420486
0.0785056711553 0.753861536402 0.0542509278429
0.0699505671155 0.753667990666 0.0547652742864
0.0690950567116 0.752336532406 0.0550007473792
0.0753095056712 0.75106790577 0.0550347081198
0.0768309505671 0.748614091833 0.055416913132
0.0706830950567 0.748277230027 0.0549827323999
0.0709683095057 0.748892885852 0.0550610243072
0.0673968309506 0.753207491107 0.0547112319506
0.0661396830951 0.755387088087 0.0548599310526
0.0732139683095 0.75898977648 0.0551231839278
0.068521396831 0.761361244775 0.0551226713955
0.0689521396831 0.765362194794 0.054521751584
0.0626952139683 0.768433677403 0.0540402324863
0.0647695213968 0.771885420667 0.0536847156362
0.0397769521397 0.773662471751 0.0536902191887
0.072377695214 0.775877085432 0.0546943030999
0.0513377695214 0.776915699972 0.0555210587278
0.0501337769521 0.773750409116 0.0550485509006
0.0590133776952 0.774753662923 0.0559945805333
0.0590013377695 0.774196731686 0.0559346896844
0.051800133777 0.775443605033 0.0575611952606
0.0528800133777 0.773228591689 0.0571752964097
0.0502880013378 0.775824074785 0.0569435725954
0.0527288001338 0.783404254807 0.057469439963
0.0457728800134 0.789958337971 0.0567886922543
0.0468772880013 0.796867325494 0.0578104817056
0.0460877288001 0.800895247486 0.0566509415345
0.04600877288 0.808084571132 0.0568543278631
0.036100877288 0.811613198508 0.0569653730573
0.0459100877288 0.81247432181 0.0577623439084
0.0315910087729 0.815904521204 0.0584891151803
0.0346591008773 0.815441557325 0.0583127036312
0.0349659100877 0.816489268197 0.0584354422146
0.0340965910088 0.820118691837 0.0582031721296
0.0376096591009 0.823417573614 0.0578560869627
0.0469609659101 0.827346030866 0.0582319708441
0.033496096591 0.828188644623 0.0575467344484
0.0303496096591 0.830753492438 0.057606149873
0.0426349609659 0.833467670291 0.0569542615073
0.0393634960966 0.837708117683 0.0561617899571
0.0354363496097 0.842233256981 0.0559386538932
0.049443634961 0.84636534207 0.0554568879759
0.0373443634961 0.851717493023 0.0545041882278
0.0361344363496 0.854931165149 0.0535822625442
0.046813443635 0.858230481333 0.0535448508089
0.0370813443635 0.859713153939 0.0526472920145
0.0424081344363 0.860404670568 0.0524154320054
0.0375408134436 0.857748115826 0.0518809789667
0.0460540813444 0.85806518457 0.0514745892128
0.0388054081344 0.859745089096 0.0516895413127
0.0416805408134 0.861694461997 0.0514341767297
0.0428680540813 0.862020517484 0.0516803658007
0.0420868054081 0.859442556304 0.0523215270737
0.0438086805408 0.856903167394 0.052903649593
0.0421808680541 0.852203892147 0.0530114019124
0.0420180868054 0.851616421189 0.0530497164571
0.0330018086805 0.849486416757 0.0537923119184
0.0429001808681 0.845549725051 0.0537277724867
0.0438900180868 0.83947087534 0.0546063655408
0.0358890018087 0.839086318463 0.0555205606399
0.0431889001809 0.833586440226 0.0553926261966
0.0511188900181 0.828188062285 0.0551102605508
0.0357118890018 0.82631047829 0.0557404081794
0.0431711889002 0.822084176597 0.0548209805055
0.04121711889 0.817033747794 0.0559884535875
0.047321711889 0.808889902004 0.0564636571384
0.0344321711889 0.801572858758 0.0577111970449
0.0430432171189 0.797014102474 0.0587283744684
0.0502043217119 0.79067380696 0.0601222886137
0.0410204321712 0.787252338576 0.0602549795513
0.0500020432171 0.785064929161 0.0606084867138
0.0644002043217 0.783784226234 0.0618439192189
0.0577400204322 0.776481861987 0.0617142300107
0.0687740020432 0.771908508192 0.0626748906137
0.0527774002043 0.764763865096 0.0632037828997
0.0655777400204 0.758881450684 0.0639128567438
0.057857774002 0.751647379912 0.0641447933057
0.0453857774002 0.74557024105 0.0645979443645
0.06483857774 0.742367480055 0.0659599671173
0.051483857774 0.73975390751 0.067068292098
0.0591483857774 0.739384396224 0.067390026521
0.0518148385777 0.740265870613 0.0660167359173
0.0555814838578 0.739877286029 0.065159680909
0.0658581483858 0.744797282216 0.0652798815607
0.0605858148386 0.749409900406 0.0648487711515
0.0591585814839 0.752199378602 0.0650597303033
0.0653158581484 0.755530915807 0.0651700746855
0.0542315858148 0.756043386428 0.0644054991082
0.0549231585815 0.757255342755 0.0649158559584
0.0540923158581 0.756044125147 0.0645363791153
0.0783092315858 0.753132043631 0.0647340188983
0.0681309231586 0.753779148919 0.0657638807281
0.0680130923159 0.753641075956 0.0656999854485
0.0761013092316 0.754336230551 0.0658555097335
0.0742101309232 0.759206799166 0.064436417779
0.0857210130923 0.765348007698 0.0639064493881
0.0643721013092 0.768486105194 0.0626154676317
0.0622372101309 0.768741947758 0.0616966119011
0.0674237210131 0.770591785239 0.0602569826822
0.0643423721013 0.773030642227 0.0598906491164
0.0793342372101 0.771743591525 0.0588689149332
0.083533423721 0.773257119621 0.0583917911525
0.0695533423721 0.771498268773 0.0572716035885
0.0888553342372 0.769927658462 0.0573795854394
0.0763855334237 0.768572664085 0.0559629377745
0.0859385533424 0.768636503149 0.0557698413146
0.0688938553342 0.767647880832 0.055223729712
0.0806893855334 0.768637617399 0.0555669983049
0.0692689385533 0.769213097451 0.0551795301368
0.0735268938553 0.769215822122 0.054834381619
0.0712526893855 0.769112006039 0.0547066436406
0.0746252689386 0.771607147727 0.055135694529
0.0875625268939 0.770332653908 0.0549383972389
0.0681562526894 0.771534935113 0.0555558740059
0.0725156252689 0.769140152908 0.0550630360895
0.0630515625269 0.76743386878 0.0555295289953
0.0585051562527 0.765975108585 0.0558050715864
0.0733505156253 0.769287185293 0.056024353972
0.0649350515625 0.769681413004 0.0552821745105
0.0604935051563 0.773654421014 0.055922484007
0.0456493505156 0.775595743758 0.0550988824466
0.0549649350516 0.778537977461 0.0552049041235
0.0603964935052 0.781905757213 0.0557067368404
0.0510396493505 0.781501241798 0.0562499690183
0.0600039649351 0.780971297745 0.0560202055752
0.0483003964935 0.783167244767 0.0570080435447
0.0525300396494 0.785287502374 0.0567277744711
0.0592530039649 0.785735217563 0.0559655315203
0.0527253003965 0.788917912391 0.0562152909649
0.0547725300396 0.792247184667 0.0563503000206
0.055877253004 0.794944708565 0.056100774993
0.0514877253004 0.798958388349 0.056789904995
0.05554877253 0.802918096746 0.0560932939012
0.053254877253 0.807218583984 0.0556131747702
0.0539254877253 0.813211530736 0.0552101502015
0.0422925487725 0.821190418183 0.0563037452079
0.0402292548773 0.825037512763 0.0557631799111
0.0391229254877 0.829387590679 0.0555018863855
0.0435122925488 0.832788737781 0.0550102380705
0.0466512292549 0.83563869808 0.054870081649
0.0370651229255 0.842263084972 0.0542249900507
0.0343065122925 0.848402048218 0.0546144305038
0.0322306512293 0.850852718878 0.0542823170287
0.0356230651229 0.852897745306 0.053714508468
0.0359623065123 0.85523549112 0.0533631852632
0.0359962306512 0.856794663753 0.0532265550205
0.0494996230651 0.857394878957 0.0536951827259
0.0418499623065 0.856151711851 0.0526680905895
0.0347849962307 0.859165086094 0.0525799514465
0.0376784996231 0.859720744311 0.0517684153821
0.0433678499623 0.861988820263 0.0521297020141
0.0421367849962 0.86347313122 0.0518049415012
0.0393136784996 0.868323070568 0.0517912419362
0.03993136785 0.870749406408 0.0499314054086
0.035493136785 0.874459905226 0.0493994038683
0.0341493136785 0.877240623184 0.0495138139994
0.0367149313678 0.875270454911 0.0483027067552
0.0441714931368 0.877328785585 0.0482190096597
0.0332171493137 0.872208867023 0.0474410683491
0.0411217149314 0.867140074577 0.0469102000344
0.0410121714931 0.865740993745 0.0460003993654
0.0437012171493 0.866206657359 0.045668369179
0.0448701217149 0.866972964136 0.0454937816892
0.0359870121715 0.866762102885 0.0449990409618
0.0422987012171 0.868017970903 0.0449032489196
0.0420298701217 0.870085843454 0.0439277452486
0.0330029870122 0.872140234002 0.0435096122914
0.0447002987012 0.876492045881 0.0430617491194
0.0377700298701 0.882342859046 0.042435543624
0.043377002987 0.88849205664 0.0414351154744
0.0403377002987 0.896288844399 0.0403311354132
0.0400337700299 0.903686525282 0.0397094586278
0.031003377003 0.909401974093 0.0387402389111
0.0391003377003 0.914714182461 0.0382650577015
0.04261003377 0.918014829203 0.0376750158231
0.038461003377 0.922075782869 0.0374713557817
0.0272461003377 0.92423870216 0.0372022832444
0.0297246100338 0.928176963776 0.0375358808727
0.0317724610034 0.928528470345 0.0374597377689
0.0337772461003 0.928734619565 0.03744042154
0.03397772461 0.925035542994 0.037477489006
0.039397772461 0.921671428255 0.0380840647104
0.0354397772461 0.919324032699 0.0380649470839
0.0440439777246 0.917502443145 0.0382641204736
0.0350043977725 0.914828099228 0.0373106744126
0.0377004397772 0.912488611822 0.0371606708863
0.0442700439777 0.914774748274 0.0384358542984
0.0440270043978 0.911683892109 0.0386389845321
0.0314027004398 0.912759375133 0.0389276338554
0.042740270044 0.912183582549 0.039210179681
0.0384740270044 0.911860110954 0.0400250472762
0.0380474027004 0.912117876284 0.0404390023457
0.04970474027 0.90709474387 0.0404170099627
0.038270474027 0.906231381057 0.0415757878151
0.0353270474027 0.903200258573 0.0426485922285
0.0395327047403 0.896857654148 0.0425905941231
0.030953270474 0.89565971283 0.0428901067747
0.0246953270474 0.896470347962 0.0420280609585
0.0393695327047 0.899972787379 0.0413711751483
0.0426369532705 0.90601114707 0.0408900224392
0.038463695327 0.90747035137 0.0397436743596
0.0326463695327 0.906100945695 0.0386726288251
0.0275646369533 0.908618881903 0.0381930618275
0.0432564636953 0.90993444752 0.0379378115918
0.0403256463695 0.910611224587 0.0374282851678
0.035532564637 0.910904609794 0.0362674360833
0.0386532564637 0.909854660351 0.0361672638408
0.0380653256464 0.906430856252 0.0354640648866
0.0389065325646 0.906133849538 0.0360693435968
0.0317906532565 0.903931511708 0.0366593135008
0.0382790653256 0.900403522547 0.0371761945531
0.0389279065326 0.897870342408 0.0370418629321
0.0380927906533 0.897556566891 0.0373123997931
0.0398092790653 0.897160138802 0.0369189712577
0.0390809279065 0.899344216693 0.0357238032415
0.0426080927907 0.900212532687 0.0353382185987
0.0339608092791 0.898054913217 0.0348424091866
0.0330960809279 0.895058776474 0.0348315343355
0.0393096080928 0.891113865931 0.0346657105059
0.0363309608093 0.889951519666 0.0347250741922
0.0423330960809 0.889449051161 0.0348280385498
0.0501333096081 0.889226280839 0.0349852154107
0.0500133309608 0.887020501914 0.0345632092388
0.0293013330961 0.885371198373 0.0346977267807
0.0416301333096 0.883658841848 0.0349701913622
0.037463013331 0.882171745171 0.034859649709
0.0433463013331 0.883835076027 0.035004992804
0.0466346301333 0.882894115736 0.034596803368
0.0451634630133 0.882874861907 0.0341257461883
0.0504163463013 0.883304770369 0.0340233257789
0.0446416346301 0.882032196777 0.0339461467797
0.048564163463 0.881311931508 0.033598128216
0.0480564163463 0.882673781124 0.0332881452444
0.0372056416346 0.883200453421 0.0332355971626
0.0460205641635 0.884266145305 0.0329412931706
0.0514020564163 0.885267210575 0.0325528285505
0.0519402056416 0.888428954374 0.0316200084617
0.0438940205642 0.890893740354 0.0314150100083
0.0520894020564 0.893946765187 0.0311535539331
0.0475089402056 0.89352248944 0.031042988783
0.0479508940206 0.894232642981 0.0310820031721
0.0542950894021 0.895166377113 0.0305101164747
0.0504295089402 0.896407359044 0.0307467550358
0.048242950894 0.895656302893 0.0314282513031
0.0471242950894 0.895849129001 0.0321084592345
0.0452124295089 0.894961700277 0.0322798660182
0.0450212429509 0.893321703683 0.0327580296646
0.0495021242951 0.892760845161 0.0340558489862
0.0445502124295 0.887371280186 0.0346717894561
0.045855021243 0.885037963308 0.0360971213134
0.0369855021243 0.881602372894 0.0374071736692
0.0378985502124 0.87896381539 0.0379164998213
0.0379898550212 0.876089006996 0.0389302602991
0.0469989855021 0.874277445621 0.0394534200482
0.0451998985502 0.872039126399 0.0394918868993
0.051319989855 0.867521891273 0.0393494764024
0.0465319989855 0.869125996382 0.0403101365339
0.0469531998986 0.86545658733 0.039601742813
0.0397953199899 0.860794673878 0.0401188854612
0.043579531999 0.859055270079 0.0410966231256
0.0493579531999 0.856532327913 0.0407371048109
0.05263579532 0.857131619705 0.0412508960181
0.054763579532 0.859069498653 0.0409024238626
0.0441763579532 0.862674711672 0.0416498832248
0.0512176357953 0.8652492834 0.0413856344366
0.0375217635795 0.867993183784 0.041487228192
0.051452176358 0.868857119243 0.0421006112151
0.0564452176358 0.867136453716 0.0411777374134
0.0362445217636 0.869421101192 0.0423708921986
0.0450244521764 0.867644656649 0.0420677184654
0.0450024452176 0.866690802279 0.0424444652098
0.0504002445218 0.866383219812 0.0431487797121
0.0545400244522 0.86573955934 0.0429196377752
0.0495540024452 0.869369164147 0.0434055342496
0.0454554002445 0.86808838255 0.0427934370468
0.0549455400245 0.867942052744 0.0423985971371
0.0459945540024 0.866488083345 0.0422081682543
0.0414994554002 0.865589439285 0.0423106006123
0.04644994554 0.86402806032 0.0428329435101
0.042444994554 0.861738085344 0.0424171943997
0.0420444994554 0.857981909148 0.0431115509058
0.0456044499455 0.853615989108 0.0433863853488
0.0414604449946 0.848132724376 0.0440748419582
0.0401460444995 0.843302721135 0.0453666463588
0.0634146044499 0.838401156578 0.0458134160799
0.057641460445 0.833348357088 0.045341548838
0.0570641460445 0.831891726302 0.0456760870316
0.0372064146044 0.829553012442 0.0452091605271
0.0514206414604 0.82786903128 0.0450051993945
0.050142064146 0.825700258849 0.0449509243318
0.0554142064146 0.822361933282 0.0450448223729
0.0631414206415 0.817682108002 0.0447252005179
0.0549141420641 0.812560229281 0.045057158387
0.0567914142064 0.80968658194 0.0449704960724
0.0569791414206 0.809457656815 0.043765748161
0.0533979141421 0.8096754484 0.0433121006778
0.0548397914142 0.809169874778 0.0430635475479
0.0513839791414 0.809933545726 0.0428662671058
0.0582383979141 0.809185561913 0.0431921657746
0.0517238397914 0.808706679191 0.0434085970833
0.0663723839791 0.80667694246 0.0426439292542
0.0561372383979 0.804122588606 0.0434776276339
0.0659137238398 0.802385471805 0.0436141286989
0.059691372384 0.800875898286 0.0458164077616
0.0833691372384 0.795429863481 0.0463743659449
0.0668369137238 0.794566848631 0.0462693345474
0.0678836913724 0.793805663038 0.0468519273068
0.0778883691372 0.792023141795 0.0472126820896
0.0536888369137 0.790623089909 0.0469333493216
0.0728688836914 0.788106363286 0.0473377921591
0.0765868883691 0.784383985958 0.0468986969416
0.0805586888369 0.782756480908 0.0471578977672
0.0683558688837 0.776956082236 0.0466409884836
0.0797355868884 0.773604172228 0.0481012429368
0.0772735586888 0.76899870401 0.0495154612235
0.0698273558689 0.765184303842 0.0492409438531
0.0645827355869 0.762348471868 0.0500765705433
0.0685582735587 0.761417435403 0.0501028308874
0.0806558273559 0.759185560389 0.0498734531767
0.0800655827356 0.759070446642 0.0503555633392
0.0629065582736 0.758897711182 0.0504456541961
0.0755906558274 0.759033093742 0.0494504999432
0.0786590655827 0.761386965476 0.0488354155412
0.0654659065583 0.762443586586 0.0482064317124
0.0560465906558 0.762574955213 0.0483744884019
0.0677046590656 0.762352019653 0.0480797773192
0.0706704659066 0.762857254834 0.0488951417343
0.0709670465907 0.760786582183 0.0481077503794
0.0610967046591 0.760654427378 0.0487951717015
0.0736096704659 0.759533202731 0.0495612831194
0.0739609670466 0.758474276402 0.0499555913021
0.0613960967047 0.758101017771 0.0503656856695
0.0664396096705 0.757554678709 0.0511456201815
0.056143960967 0.760268782835 0.0510036428508
0.0695143960967 0.763121087733 0.0502341297932
0.0699514396097 0.766783575451 0.0508375631804
0.066395143961 0.770699989166 0.0520201960775
0.0579395143961 0.77427666776 0.0518278437601
0.0552939514396 0.776389845265 0.0533977843783
0.062229395144 0.779652865521 0.0543877783925
0.0575229395144 0.782292735501 0.0547445679799
0.0579522939514 0.78574576882 0.0551970893635
0.0606952293951 0.787056181244 0.0549732083889
0.0555695229395 0.789068677704 0.0557948201125
0.052356952294 0.786813168591 0.0560573184713
0.0538356952294 0.787022607701 0.0566881841234
0.0602835695229 0.784717887451 0.0566039423777
0.0591283569523 0.78594796849 0.0576859681377
0.0617128356952 0.786557760605 0.0577842645309
0.0709712835695 0.790309151475 0.058759520709
0.052097128357 0.793848123753 0.057917626878
0.0691097128357 0.799631118475 0.0580832139491
0.0465109712836 0.80393913637 0.0571728401878
0.0577510971284 0.808302344103 0.0559645017328
0.0597751097128 0.816286196999 0.0558336499164
0.0518775109713 0.821183133089 0.0552346768744
0.0519877510971 0.827313788034 0.0549146158583
0.0438987751097 0.832350772204 0.0537040150823
0.041289877511 0.83976788846 0.0534761605816
0.0410289877511 0.841416908347 0.0527484223218
0.0644028987751 0.845848330966 0.0537527902581
0.0370402898775 0.848714761213 0.0528766087375
0.0514040289878 0.851330968861 0.0530613016852
0.0528404028988 0.852140272419 0.0529358440435
0.0466840402899 0.852465480324 0.0524686060299
0.037968404029 0.853361423342 0.0521988726657
0.0415968404029 0.852787452328 0.0518934430116
0.0473596840403 0.853920046166 0.0518077721364
0.057835968404 0.85029019845 0.0509309951899
0.0489835968404 0.8508082976 0.0511392585944
0.043598359684 0.849131404663 0.0505344263962
0.0511598359684 0.849043345032 0.0505228939148
0.0537159835968 0.847391007434 0.0501428909148
0.0485715983597 0.848412947252 0.0501983909562
0.057957159836 0.847720359097 0.0497843243386
0.0579957159836 0.846336016976 0.0493215508049
0.0444995715984 0.844970118734 0.0494642477524
0.0512499571598 0.841364460886 0.050360198895
0.049224995716 0.840623975745 0.0507188933484
0.0445224995716 0.834480209637 0.0504660805252
0.0467522499572 0.831722507854 0.051192405335
0.0496752249957 0.825149109628 0.0522967854444
0.0481675224996 0.818453278651 0.0532596726491
0.04351675225 0.811908480118 0.0532667190373
0.048451675225 0.807869021525 0.0538194888
0.0489451675225 0.802751419341 0.0541444832763
0.0642945167522 0.798180530774 0.0538173464728
0.0586294516752 0.796052736315 0.0543746515149
0.0589629451675 0.791008074005 0.0538656368648
0.0634962945168 0.788126832384 0.0537337321998
0.0594496294517 0.782940015797 0.0537079049797
0.0554449629452 0.776537156775 0.0544482736897
0.0586444962945 0.770822863193 0.0547508769397
0.0571644496295 0.766506576731 0.054384707034
0.0561164449629 0.767122949118 0.055824002809
0.0515116444963 0.76594051798 0.0553534288597
0.0600511644496 0.76294745183 0.0550472415765
0.050105116445 0.760058883468 0.0550521665697
0.0554105116445 0.755794923029 0.0547022964451
0.0676410511644 0.753494572435 0.0549971766722
0.0697641051164 0.751706987467 0.0557892642855
0.0636764105116 0.751541784656 0.0559542715184
0.0819676410512 0.750602979495 0.0563807816494
0.0630967641051 0.749781833793 0.0570589738755
0.0639096764105 0.749177024617 0.0578875182429
0.0765909676411 0.749832084246 0.0577392030148
0.0661590967641 0.753720365482 0.0569194478914
0.0696159096764 0.755830022384 0.0569299525018
0.0708615909676 0.760775786385 0.0565464151895
0.0700861590968 0.761876687091 0.0560405726581
0.0718086159097 0.766400403768 0.0555767679021
0.057580861591 0.769186768013 0.0547614223102
0.0696580861591 0.773342514556 0.0546133843248
0.0654658086159 0.775782678073 0.0539890625077
0.0614465808616 0.775614074273 0.053611968032
0.0628446580862 0.775474542949 0.0530660424694
0.0701844658086 0.775120637462 0.05384356194
0.0637184465809 0.771409236905 0.0532744618188
0.0684718446581 0.77050527322 0.0532014432224
0.0671471844658 0.769762413618 0.0532409803638
0.0571147184466 0.76721541393 0.0531155103532
0.0588114718447 0.765870864216 0.0534861888791
0.0661811471845 0.763260168301 0.05502184679
0.0831181147184 0.75907676559 0.0543588677635
0.0758118114718 0.758002827049 0.0554790274235
0.0714811811472 0.758786243778 0.0555151310911
0.0674481181147 0.756152300737 0.0550819290313
0.0571448118115 0.753562150869 0.0548366546226
0.0633144811811 0.75049687816 0.0543902176824
0.0621314481181 0.751580403217 0.0551061868748
0.0647131448118 0.753221476149 0.05518456671
0.0685713144812 0.75282400329 0.0554645983989
0.0590571314481 0.755479855761 0.0553324526076
0.0545057131448 0.758404790152 0.0548077708674
0.0756505713145 0.759934543529 0.053156072499
0.0705650571314 0.763757731809 0.0527620372068
0.0601565057131 0.768215218369 0.0525387433437
0.0564156505713 0.771872584539 0.0521143733388
0.0578415650571 0.771718559416 0.0523656287506
0.0642841565057 0.774874219862 0.0517633111402
0.0730284156506 0.779604262597 0.0513043916687
0.0730028415651 0.783318704947 0.051800998702
0.0604002841565 0.78440584403 0.0509151209179
0.0699400284157 0.784123319978 0.0506630157134
0.0654940028416 0.785219167364 0.0501462453192
0.0785494002842 0.785873826739 0.0508291863613
0.0690549400284 0.784583523934 0.0505745896307
0.0582054940028 0.785866885397 0.0514031194723
0.0688205494003 0.783643774123 0.0519046546943
0.07078205494 0.780544588027 0.052483908203
0.075478205494 0.777044540946 0.0536598584972
0.0696478205494 0.775235164338 0.0546912385348
0.0843647820549 0.773227392867 0.0544164619038
0.0579364782055 0.769212102982 0.0547028997625
0.0876936478205 0.768015173161 0.0548404114994
0.0726693647821 0.77062935882 0.055374046522
0.0675669364782 0.770953391809 0.0544150257317
0.0769566936478 0.774067168084 0.053837869125
0.0625956693648 0.779411947411 0.0524567303111
0.0674595669365 0.784875752561 0.0518036440849
0.0598459566936 0.788340281212 0.0514721976035
0.0752845956694 0.78957181504 0.0503674063794
0.0768284595669 0.793193504182 0.0513000636006
0.0625828459567 0.793995742697 0.0509754087173
0.0692582845957 0.797995569866 0.0506424960555
0.0789258284596 0.801940856677 0.0496740894268
0.069992582846 0.805938999331 0.0496066603826
0.0609992582846 0.808504134012 0.0488161883402
0.0510999258285 0.806470141624 0.0488727694509
0.0654099925828 0.806233342901 0.0495212082065
0.0632409992583 0.803598024543 0.049638930605
0.0612240999258 0.802423289896 0.0503237327157
0.0592224099926 0.799563619085 0.050323747412
0.0509222409993 0.798093378789 0.0506996612627
0.0599922240999 0.796844591339 0.0512500652887
0.06089922241 0.79429328776 0.0515275747938
0.055589922241 0.79498118988 0.0510710734174
0.0541589922241 0.797010866456 0.0507854106943
0.0648158992224 0.797750691598 0.0504063963977
0.0451815899222 0.800315999195 0.051958949294
0.0423181589922 0.800130993383 0.0519466656633
0.0474318158992 0.80019474405 0.0522379013432
0.0605431815899 0.799249079375 0.0527052253735
0.061854318159 0.799141701083 0.053739547521
0.0673854318159 0.796670538001 0.0529240087599
0.0535385431816 0.795425699364 0.05298270462
0.0485538543182 0.794968300611 0.0540806082882
0.0561553854318 0.793886766612 0.0539379514984
0.0533155385432 0.792236344975 0.0541957362373
0.0692315538543 0.789654138566 0.0533056655474
0.0510231553854 0.786803171485 0.0543578737924
0.0483023155385 0.783269055028 0.0543748814465
0.0480302315539 0.780358477696 0.0541597010036
0.0615030231554 0.776918097938 0.0538420300781
0.0619503023155 0.776833451054 0.0547496207755
0.0439950302316 0.775549747609 0.0544733482334
0.0565995030232 0.775686572757 0.0536514107759
0.0515599503023 0.774991629041 0.054395022113
0.0510559950302 0.773910360379 0.0535382467444
0.059105599503 0.773504649343 0.0522529740978
0.0500105599503 0.774218913055 0.053041416288
0.056301055995 0.774958653814 0.0523340950805
0.0479301055995 0.777485473652 0.0527561817781
0.04979301056 0.778868451071 0.0523967817095
0.042779301056 0.783717350107 0.0528544126411
0.0627779301056 0.786525073017 0.0526358766261
0.0530777930106 0.792059920387 0.052498530582
0.0638077793011 0.793315658275 0.0520109161705
0.0639807779301 0.797135494897 0.0525935054556
0.068498077793 0.802106112155 0.0517868768743
0.0581498077793 0.804817506551 0.0507895821633
0.0571149807779 0.81226903651 0.0504286712248
0.0534114980778 0.816386324767 0.0497398495888
0.0611411498078 0.819024246177 0.0485151178448
0.0529141149808 0.81912839384 0.0489292480444
0.0520914114981 0.820389226457 0.0483113456924
0.0502091411498 0.82199271003 0.0486696239399
0.055420914115 0.820309671621 0.0493490501447
0.0469420914115 0.818914449715 0.0494276194697
0.0604942091411 0.818770064314 0.0504658792109
0.0546494209141 0.8184165817 0.0512335444323
0.0594649420914 0.815556672097 0.0514656295567
0.0464464942091 0.814398501299 0.0514137840736
0.0586446494209 0.813336838935 0.0521646249578
0.0562644649421 0.810961339172 0.0527751894938
0.0623264464942 0.80857940571 0.0528341468712
0.0602326446494 0.806508868178 0.0539892620182
0.0546232644649 0.804547338695 0.0554750735082
0.0720623264465 0.802546184688 0.0558249722065
0.0594062326446 0.802549610221 0.0556631763325
0.0581406232645 0.802317550608 0.0561573449956
0.0616140623264 0.800636241213 0.0551965879851
0.0700614062326 0.799368537129 0.0555977106087
0.0574061406233 0.798772315112 0.0554526523742
0.0732406140623 0.799413171885 0.0547100857338
0.0649240614062 0.79800003603 0.0541523868821
0.0631924061406 0.79584906017 0.0543479810698
0.0675192406141 0.792321544584 0.0542556625182
0.0652519240614 0.789943774183 0.0543960033661
0.0533251924061 0.788920015504 0.0545397401259
0.0575325192406 0.790764259009 0.0546584423865
0.0678532519241 0.789629009612 0.0540186612839
0.0517853251924 0.792163843829 0.0539648807742
0.0591785325192 0.79112936393 0.0547997186747
0.0599178532519 0.786902194996 0.0546543447518
0.0590917853252 0.786825023747 0.0550519097531
0.0572091785325 0.787293975978 0.0555141843082
0.0471209178533 0.786871158483 0.0555699948395
0.0542120917853 0.787284472749 0.0554014868345
0.0630212091785 0.786565756734 0.0551813712113
0.0792021209179 0.788479343179 0.0546184894819
0.0592202120918 0.790729501926 0.0554843118074
0.0626220212092 0.793068162204 0.0544666107616
0.0620622021209 0.79367464963 0.0539920882869
0.0755062202121 0.796768012598 0.0531773145763
0.0615506220212 0.795904179952 0.0517408766211
0.0745550622021 0.794055889004 0.0517287369221
0.0713555062202 0.793304276536 0.0500771495783
0.076435550622 0.792561388887 0.0502595743706
0.0715435550622 0.79203843283 0.0502504368872
0.0746543555062 0.790001632891 0.0503501682095
0.0596654355506 0.787116187959 0.0501016894153
0.0698665435551 0.789479019552 0.0504037073769
0.0690866543555 0.790839242018 0.0497009774939
0.0663086654356 0.794150882527 0.0490129353425
0.0777308665436 0.799846160524 0.0492152911277
0.0653730866544 0.802752469456 0.0483486674134
0.0659373086654 0.806394163002 0.0476231984182
0.0704937308665 0.807929013912 0.0478317640824
0.0754493730867 0.811715740763 0.0478884566587
0.0687449373087 0.814697727197 0.0485767856286
0.0572744937309 0.814843041628 0.04763780784
0.0471274493731 0.817031037555 0.0477177590282
0.0605127449373 0.817602852565 0.0474520417143
0.0654512744937 0.820918852573 0.0485369004005
0.0578451274494 0.819898662832 0.0472812132774
0.0705845127449 0.820954953893 0.0473519890266
0.0421584512745 0.819830745983 0.0467089745891
