0.08 0.99853967643 0.0130494835311 0.9136 0.1024 0.1024 0 0 0.925846427289 1430788285.39
0.108 0.993116846927 0.00361971458117 1.7728 0.1364 0.1364 0 0 0.83253530181 1430788286.13
0.1 0.992875621895 1.34632908165e-05 2.6104 0.16 0.16 0 0 0.8485079413 1430788286.8
0.076 0.997273724468 0.00119912908897 3.4356 0.1816 0.1816 0 0 0.887070662172 1430788287.52
0.09 0.999425227424 0.00128106128909 4.1956 0.2144 0.2144 0 0 0.896455933714 1430788288.2
0.096 0.999616656381 1.08652193365e-09 4.9252 0.2456 0.2456 0 0 0.910388942159 1430788288.93
0.083 0.999822842821 3.04444924052e-309 5.6132 0.2804 0.2804 0 0 0.902316611191 1430788289.71
0.089 0.999824885231 0.0 6.3096 0.308 0.308 0 0 0.91518828396 1430788290.45
0.097 0.999803968799 0.0 6.9336 0.3396 0.3396 0 0 0.902546904951 1430788291.24
0.09 0.999779042938 0.0 7.5852 0.3628 0.3628 0 0 0.898218152896 1430788291.94
0.079 0.99980541795 0.0 8.2016 0.3876 0.3876 0 0 0.92510210225 1430788292.6
0.086 0.99981593558 0.0 8.8328 0.4064 0.4064 0 0 0.918580785495 1430788293.28
0.085 0.999816519373 0.0 9.3828 0.4304 0.4304 0 0 0.921340257425 1430788293.97
0.083 0.999817903931 0.0 9.9072 0.4532 0.4532 0 0 0.935780385895 1430788294.73
0.105 0.999827948002 0.0 10.3784 0.4776 0.4776 0 0 0.921393310093 1430788295.48
0.088 0.999815648748 0.0 10.7788 0.5056 0.5056 0 0 0.904279322652 1430788296.18
0.087 0.999814240592 0.0 11.22 0.5272 0.5272 0 0 0.918161342617 1430788296.87
0.081 0.999828571252 0.0 11.5888 0.5532 0.5532 0 0 0.905843333975 1430788297.6
0.078 0.999819113928 0.0 11.9668 0.5768 0.5768 0 0 0.915717664119 1430788298.33
0.103 0.999811227524 0.0 12.4044 0.5956 0.5956 0 0 0.933409183801 1430788299.09
0.082 0.999819145854 1.2209361415e-201 12.6796 0.6164 0.6164 0 0 0.894653659007 1430788299.97
0.071 0.999823895762 1.61386278893e-15 13.0504 0.634 0.634 0 0 0.897879274106 1430788300.89
0.113 0.999819153824 0.000679982258143 13.3696 0.6504 0.6504 0 0 0.904504533821 1430788301.73
0.086 0.999560681263 0.00640040469807 13.5964 0.6688 0.6688 0 0 0.88804583929 1430788302.43
0.092 0.996859386213 0.0134700651655 13.8084 0.6844 0.6844 0 0 0.867670265719 1430788303.17
0.104 0.990811681797 0.00149836744959 13.946 0.6988 0.6988 0 0 0.75136413528 1430788303.91
0.093 0.992285268967 6.32956124582e-12 14.2524 0.7108 0.7108 0 0 0.813178752952 1430788304.71
0.086 0.997354284233 4.40212048134e-268 14.472 0.724 0.724 0 0 0.871131450241 1430788305.46
0.084 0.999817915098 0.0 14.6528 0.736 0.736 0 0 0.880804975364 1430788306.23
0.077 0.999251586631 0.0 14.9836 0.7464 0.7464 0 0 0.889803662881 1430788306.95
0.077 0.999767564383 0.0 15.38 0.7524 0.7524 0 0 0.919476432886 1430788307.71
0.078 0.99970451797 0.0 15.666 0.7616 0.7616 0 0 0.908166998337 1430788308.45
0.089 0.999642397687 0.0 16.0572 0.7684 0.7684 0 0 0.885967200106 1430788309.15
0.088 0.999801289492 0.0 16.3048 0.778 0.778 0 0 0.881230838706 1430788309.86
0.101 0.999819502692 0.0 16.5856 0.7848 0.7848 0 0 0.867289965705 1430788310.56
0.085 0.999826215897 0.0 16.7092 0.7944 0.7944 0 0 0.92652934066 1430788311.25
0.09 0.999798874793 0.0 16.838 0.8032 0.8032 0 0 0.892210331774 1430788311.99
0.081 0.999769161054 0.0 17.1636 0.8092 0.8092 0 0 0.894615952208 1430788312.67
0.074 0.999804334007 6.67350303098e-118 17.3112 0.8196 0.8196 0 0 0.924336161614 1430788313.38
0.083 0.999811669943 3.74265250182e-15 17.6168 0.8268 0.8268 0 0 0.918295692287 1430788314.12
0.086 0.999811478992 0.000386190132317 17.8044 0.8352 0.8352 0 0 0.893079555797 1430788314.83
0.083 0.999730098142 0.00998992191529 17.9148 0.844 0.844 0 0 0.884976788125 1430788315.52
0.097 0.997740909372 0.0202697547947 18.1052 0.848 0.848 0 0 0.848598849182 1430788316.19
0.1 0.992022206085 0.00635594575919 18.2472 0.8536 0.8536 0 0 0.787354763964 1430788316.9
0.089 0.990942875148 2.7271999383e-07 18.3372 0.8572 0.8572 0 0 0.738251316831 1430788317.67
0.095 0.995350253386 3.79359685638e-147 18.3612 0.8636 0.8636 0 0 0.834658785902 1430788318.38
0.085 0.999588198908 0.0 18.3928 0.8692 0.8692 0 0 0.868717250991 1430788319.11
0.095 0.999387374244 0.0 18.3588 0.8772 0.8772 0 0 0.852985336915 1430788319.84
0.082 0.999668445213 0.0 18.3328 0.882 0.882 0 0 0.831011567713 1430788320.57
0.085 0.999759986831 0.0 18.3436 0.888 0.888 0 0 0.864674821569 1430788321.25
0.107 0.999575191236 0.0 18.3136 0.8932 0.8932 0 0 0.867333649009 1430788321.94
0.084 0.999741122402 0.0 18.3864 0.8992 0.8992 0 0 0.862914134508 1430788322.66
0.085 0.99982265178 0.0 18.4548 0.9068 0.082 52 37.8703591824 0.852095357875 1430788323.38
0.09 0.999822983666 0.0 18.3816 0.9132 0.1316 52 37.8703591824 0.849637787301 1430788324.11
0.069 0.999792328986 0.0 18.444 0.92 0.1628 52 37.8703591824 0.856243834455 1430788324.79
0.077 0.999816168213 0.0 18.5296 0.9252 0.192 52 37.8703591824 0.820202416656 1430788325.48
0.075 0.999792735287 0.0 18.4836 0.9296 0.2284 52 37.8703591824 0.835378435509 1430788326.19
0.075 0.999772509474 0.0 18.6 0.932 0.2612 52 37.8703591824 0.807168591927 1430788326.89
0.097 0.999795924088 0.0 18.6076 0.9372 0.2916 52 37.8703591824 0.837557314354 1430788327.58
0.088 0.999813251234 0.0 18.8588 0.94 0.3168 52 37.8703591824 0.833424291449 1430788328.25
0.081 0.999812606391 0.0 18.8656 0.9424 0.3444 52 37.8703591824 0.827640019671 1430788328.99
0.084 0.999815771163 0.0 18.8524 0.9484 0.3712 52 37.8703591824 0.869892566774 1430788329.73
0.09 0.999813085587 0.0 19.0784 0.95 0.3932 52 37.8703591824 0.881565632652 1430788330.43
0.088 0.999815768708 0.0 19.0828 0.9536 0.4196 52 37.8703591824 0.886028876669 1430788331.12
0.074 0.999820293985 0.0 19.1904 0.9572 0.4408 52 37.8703591824 0.850267868389 1430788331.82
0.091 0.999818951994 0.0 19.3884 0.9584 0.4612 52 37.8703591824 0.893048362159 1430788332.52
0.086 0.999813729058 0.0 19.5124 0.9612 0.4808 52 37.8703591824 0.875821801465 1430788333.22
0.071 0.999814685577 0.0 19.4252 0.9628 0.506 52 37.8703591824 0.866864796197 1430788333.92
0.071 0.999820873027 0.0 19.3424 0.9652 0.5304 52 37.8703591824 0.850312609677 1430788334.62
0.089 0.999813084464 0.0 19.2868 0.9668 0.5564 52 37.8703591824 0.8388977925 1430788335.36
0.101 0.999821939524 0.0 19.3256 0.9672 0.5808 52 37.8703591824 0.885138790038 1430788336.04
0.078 0.999826871753 0.0 19.318 0.97 0.602 52 37.8703591824 0.835848889701 1430788336.74
0.081 0.999828550462 0.0 19.3636 0.9728 0.6232 52 37.8703591824 0.876925076575 1430788337.44
0.07 0.999817311866 0.0 19.438 0.9736 0.6452 52 37.8703591824 0.882410298087 1430788338.13
0.064 0.999813409035 0.0 19.6364 0.9736 0.6612 52 37.8703591824 0.876173042943 1430788338.83
0.092 0.999815959264 0.0 19.92 0.974 0.6744 52 37.8703591824 0.855000530528 1430788339.55
0.065 0.999819344787 0.0 19.9728 0.9748 0.6916 52 37.8703591824 0.868724475045 1430788340.26
0.088 0.999824875887 0.0 19.88 0.9752 0.7112 52 37.8703591824 0.89318850863 1430788340.93
0.075 0.999809591795 0.0 19.8784 0.9764 0.7268 52 37.8703591824 0.899591886705 1430788341.65
0.073 0.999820704841 0.0 19.5992 0.9772 0.7472 52 37.8703591824 0.857974010303 1430788342.36
0.081 0.999822300703 0.0 19.3288 0.9792 0.7656 52 37.8703591824 0.842607640271 1430788343.09
0.09 0.999819147002 0.0 19.2244 0.9804 0.7804 52 37.8703591824 0.872668366142 1430788343.8
0.106 0.999822315387 0.0 19.0296 0.9828 0.7968 52 37.8703591824 0.850125896047 1430788344.51
0.091 0.999820735645 0.0 18.936 0.984 0.8096 52 37.8703591824 0.835786934929 1430788345.22
0.085 0.999827063099 0.0 18.6 0.9868 0.828 52 37.8703591824 0.866659747407 1430788345.9
0.081 0.999820737423 0.0 18.3632 0.9912 0.8452 52 37.8703591824 0.851476529027 1430788346.59
0.065 0.99981757469 0.0 18.4008 0.9928 0.856 52 37.8703591824 0.860306823992 1430788347.35
0.1 0.99982072017 0.0 18.118 0.9944 0.868 52 37.8703591824 0.823370953877 1430788348.08
0.076 0.999817772783 0.0 18.0832 0.996 0.878 52 37.8703591824 0.852649281417 1430788348.75
0.089 0.99981127269 0.0 18.1828 0.996 0.8872 52 37.8703591824 0.870217982845 1430788349.42
0.098 0.999807764849 0.0 18.3044 0.996 0.8948 52 37.8703591824 0.873956945099 1430788350.12
0.081 0.999820920575 0.0 18.01 0.9964 0.066 45.5 32.7114230394 0.857635916129 1430788350.79
0.069 0.999819860457 0.0 17.958 0.9964 0.1176 45.5 32.7114230394 0.849501265815 1430788351.51
0.095 0.99982033586 0.0 17.9316 0.9964 0.1524 45.5 32.7114230394 0.863081817444 1430788352.21
0.08 0.999812377563 0.0 18.0388 0.9964 0.1832 45.5 32.7114230394 0.856572514331 1430788352.88
0.087 0.999818050529 0.0 18.314 0.9964 0.2084 45.5 32.7114230394 0.829604809834 1430788353.57
0.067 0.999822102817 0.0 18.4324 0.9964 0.2356 45.5 32.7114230394 0.870614692177 1430788354.26
0.084 0.999815947747 0.0 18.4788 0.9964 0.2684 45.5 32.7114230394 0.848232852955 1430788354.98
0.063 0.999817513804 7.39550948965e-21 18.5052 0.9964 0.3016 45.5 32.7114230394 0.824907894564 1430788355.66
0.081 0.999825455775 2.23495250846e-05 18.2996 0.9964 0.3348 45.5 32.7114230394 0.869697819658 1430788356.37
0.099 0.999823131055 0.00027112987724 18.1936 0.9964 0.3636 45.5 32.7114230394 0.879223914085 1430788357.09
0.082 0.999569400953 1.31720114381e-08 17.6384 0.9964 0.4052 45.5 32.7114230394 0.835334383282 1430788357.79
0.098 0.999743784775 9.46620472955e-92 17.5152 0.9964 0.4356 45.5 32.7114230394 0.858841087349 1430788358.49
0.103 0.999831584422 1.14099923424e-47 17.5308 0.9964 0.4624 45.5 32.7114230394 0.875180948859 1430788359.2
0.086 0.999815203122 0.0 17.5744 0.9964 0.4872 45.5 32.7114230394 0.850366478951 1430788359.88
0.087 0.99980456046 0.0 17.6528 0.9964 0.5076 45.5 32.7114230394 0.861783020927 1430788360.57
0.106 0.999798623442 0.0 17.6296 0.9964 0.5312 45.5 32.7114230394 0.850209404394 1430788361.24
0.078 0.999808818419 0.0 17.4004 0.9964 0.5596 45.5 32.7114230394 0.832505528104 1430788361.97
0.083 0.999820263957 3.40989436271e-143 17.412 0.9964 0.5844 45.5 32.7114230394 0.842404482682 1430788362.67
0.097 0.999821193894 1.38454677983e-06 17.474 0.9964 0.6052 45.5 32.7114230394 0.853278593253 1430788363.36
0.089 0.999819209386 0.0093774976866 17.3656 0.9964 0.6276 45.5 32.7114230394 0.822372367914 1430788364.02
0.084 0.998531876447 0.02323659895 17.2932 0.9964 0.648 45.5 32.7114230394 0.832952741211 1430788364.7
0.085 0.993212442531 0.00986615627501 17.1816 0.9964 0.6692 45.5 32.7114230394 0.768643763155 1430788365.36
0.097 0.98993246545 0.00206676958052 17.2084 0.9964 0.6872 45.5 32.7114230394 0.713731215602 1430788366.04
0.096 0.98698173589 0.00243844253056 17.2376 0.9964 0.7052 45.5 32.7114230394 0.700897571693 1430788366.73
0.094 0.991342202944 2.5993762368e-05 17.3712 0.9964 0.7196 45.5 32.7114230394 0.700789716154 1430788367.46
0.083 0.997309034179 4.79175123779e-07 17.5504 0.9964 0.7324 45.5 32.7114230394 0.792167174933 1430788368.16
0.092 0.999778868833 1.70223370988e-06 17.7716 0.9964 0.7432 45.5 32.7114230394 0.852881157107 1430788368.85
0.076 0.999181141861 2.77228849481e-10 17.762 0.9964 0.7572 45.5 32.7114230394 0.817698371393 1430788369.56
0.088 0.999785351717 2.1567500122e-13 17.8552 0.9964 0.7704 45.5 32.7114230394 0.855612373849 1430788370.28
0.075 0.999530667368 8.70697691427e-257 17.9024 0.9964 0.7816 45.5 32.7114230394 0.826598895976 1430788370.99
0.084 0.999570572625 0.0 18.0032 0.9964 0.7904 45.5 32.7114230394 0.797093373266 1430788371.72
0.077 0.999789211902 0.0 18.1868 0.9964 0.8004 45.5 32.7114230394 0.850782977646 1430788372.4
0.083 0.999803414749 0.0 18.1732 0.9964 0.8136 45.5 32.7114230394 0.824105184259 1430788373.03
0.092 0.999808364601 0.0 18.256 0.9964 0.8252 45.5 32.7114230394 0.814829932427 1430788373.76
0.077 0.9998038984 0.0 18.238 0.9964 0.8384 45.5 32.7114230394 0.825789852442 1430788374.47
0.082 0.999780924649 0.0 18.3392 0.9964 0.8492 45.5 32.7114230394 0.815142933597 1430788375.23
0.085 0.999809288625 0.0 18.1304 0.9964 0.8624 45.5 32.7114230394 0.786378555754 1430788375.92
0.089 0.999807635362 0.0 17.9148 0.9964 0.8784 45.5 32.7114230394 0.811704582941 1430788376.61
0.087 0.999805613014 0.0 17.9644 0.9964 0.8876 45.5 32.7114230394 0.826687037673 1430788377.32
0.076 0.9998002393 0.0 17.6484 0.9964 0.0224 42.25 30.0531724095 0.80352411519 1430788378.01
0.087 0.999812228566 0.0 17.504 0.9964 0.098 42.25 30.0531724095 0.807138541177 1430788378.69
0.078 0.999788330447 0.0 17.5384 0.9964 0.1312 42.25 30.0531724095 0.846906561476 1430788379.42
0.081 0.99978446431 0.0 17.6628 0.9964 0.1648 42.25 30.0531724095 0.826316000816 1430788380.1
0.101 0.999811572177 0.0 17.548 0.9964 0.1968 42.25 30.0531724095 0.82739844472 1430788380.79
0.084 0.999823079234 0.0 17.5276 0.9964 0.2288 42.25 30.0531724095 0.857064022677 1430788381.55
0.081 0.999820890963 0.0 17.5088 0.9964 0.2588 42.25 30.0531724095 0.835362642071 1430788382.48
0.079 0.999812614142 0.0 17.538 0.9964 0.2868 42.25 30.0531724095 0.807016669619 1430788383.37
0.092 0.999809421645 0.0 17.436 0.9968 0.3152 42.25 30.0531724095 0.827550548598 1430788384.24
0.09 0.999797611685 0.0 17.2464 0.9972 0.346 42.25 30.0531724095 0.818155691261 1430788385.03
0.067 0.999822216778 0.0 17.2124 0.9972 0.3704 42.25 30.0531724095 0.820357007228 1430788385.76
0.075 0.999828066095 0.0 17.1372 0.9972 0.3976 42.25 30.0531724095 0.826744868052 1430788386.46
0.081 0.999820451076 0.0 16.9604 0.998 0.4228 42.25 30.0531724095 0.849714953389 1430788387.17
0.076 0.999822177171 0.0 16.8168 0.9984 0.4488 42.25 30.0531724095 0.807314479518 1430788387.88
0.082 0.999817512699 1.00694114802e-39 16.7564 0.9992 0.4748 42.25 30.0531724095 0.807928238293 1430788388.61
0.091 0.999825451621 3.36905081687e-06 16.9612 0.9996 0.4968 42.25 30.0531724095 0.781715001293 1430788389.39
0.06 0.999812814824 2.07678404551e-10 16.9296 1.0 0.524 42.25 30.0531724095 0.77359260826 1430788390.22
0.089 0.999815670907 1.10775719135e-31 17.118 1.0 0.5424 42.25 30.0531724095 0.821102021283 1430788390.94
0.084 0.999806577177 7.24721831658e-227 17.3368 1.0 0.5616 42.25 30.0531724095 0.797009881134 1430788391.65
0.089 0.999819573183 0.0 17.4984 1.0 0.5832 42.25 30.0531724095 0.838898007724 1430788392.43
0.085 0.999826182447 0.0 17.382 1.0 0.608 42.25 30.0531724095 0.844477330235 1430788393.19
0.089 0.999815954021 5.60036662688e-161 17.422 1.0 0.628 42.25 30.0531724095 0.806608714964 1430788393.94
0.075 0.999817565047 5.05507843089e-16 17.1872 1.0 0.6524 42.25 30.0531724095 0.838159271275 1430788394.66
0.091 0.999822306569 1.38454677985e-06 16.9772 1.0 0.6776 42.25 30.0531724095 0.825511076939 1430788395.37
0.083 0.999823893113 4.90151539781e-06 16.8796 1.0 0.6988 42.25 30.0531724095 0.848079472442 1430788396.08
0.092 0.999823898704 5.57904269035e-10 16.8096 1.0 0.7204 42.25 30.0531724095 0.81544650818 1430788396.78
0.105 0.999819155907 2.40030005739e-11 16.7196 1.0 0.7396 42.25 30.0531724095 0.850879485225 1430788397.46
0.09 0.999815992611 2.46410020704e-06 16.612 1.0 0.7564 42.25 30.0531724095 0.867675248981 1430788398.2
0.09 0.999819155983 3.9089042083e-22 16.532 1.0 0.7756 42.25 30.0531724095 0.850224062485 1430788398.87
0.09 0.999825482355 6.67350303101e-118 16.5984 1.0 0.7896 42.25 30.0531724095 0.849754114201 1430788399.63
0.089 0.999830227076 0.0 16.6168 1.0 0.8036 42.25 30.0531724095 0.810229667714 1430788400.46
0.088 0.99982125572 0.0 16.6736 1.0 0.8176 42.25 30.0531724095 0.835161845223 1430788401.43
0.084 0.999807361886 0.0 16.8796 1.0 0.8296 42.25 30.0531724095 0.851676308411 1430788402.42
0.071 0.999820738004 0.0 17.0024 1.0 0.8396 42.25 30.0531724095 0.826479337264 1430788403.18
0.08 0.999823901066 0.0 17.1452 1.0 0.8516 42.25 30.0531724095 0.849163238915 1430788403.96
0.09 0.999816838408 0.0 17.2996 1.0 0.8612 42.25 30.0531724095 0.865558880424 1430788404.66
0.077 0.999817574947 0.0 17.172 1.0 0.8736 42.25 30.0531724095 0.863333503235 1430788405.36
0.074 0.999823901074 0.0 17.1472 1.0 0.8872 42.25 30.0531724095 0.855031029771 1430788406.1
0.082 0.999823901074 0.0 17.1704 1.0 0.8992 42.25 30.0531724095 0.863175088053 1430788406.8
0.059 0.999820684374 0.0 17.166 1.0 0.0724 40.625 29.6386527121 0.852901106488 1430788407.5
0.088 0.999812833177 0.0 17.1432 1.0 0.1112 40.625 29.6386527121 0.878321818684 1430788408.16
0.083 0.999817286307 0.0 17.1004 1.0 0.1456 40.625 29.6386527121 0.860755471451 1430788408.86
0.077 0.999817431381 0.0 17.0836 1.0 0.1796 40.625 29.6386527121 0.844377065253 1430788409.53
0.08 0.999815921821 0.0 17.1036 1.0 0.2092 40.625 29.6386527121 0.876854993286 1430788410.26
0.071 0.999819125329 0.0 16.9008 1.0 0.2424 40.625 29.6386527121 0.86340895465 1430788410.98
0.077 0.999828630105 0.0 16.7884 1.0 0.2784 40.625 29.6386527121 0.860233273462 1430788411.72
0.087 0.999823892145 0.0 16.6992 1.0 0.3108 40.625 29.6386527121 0.875300843776 1430788412.42
0.086 0.999815989528 0.0 16.4216 1.0 0.3468 40.625 29.6386527121 0.850360023446 1430788413.13
0.085 0.999825480662 0.0 16.4876 1.0 0.3728 40.625 29.6386527121 0.860831695893 1430788413.82
0.101 0.999817573976 0.0 16.2924 1.0 0.4048 40.625 29.6386527121 0.846424506552 1430788414.49
0.078 0.999820816243 0.0 16.2216 1.0 0.432 40.625 29.6386527121 0.819177226459 1430788415.17
0.088 0.999820167537 0.0 16.1692 1.0 0.4596 40.625 29.6386527121 0.87840868601 1430788415.83
0.079 0.999820468345 0.0 16.3304 1.0 0.4816 40.625 29.6386527121 0.865789776062 1430788416.52
0.072 0.99981425822 0.0 16.4832 1.0 0.5028 40.625 29.6386527121 0.856491887503 1430788417.22
0.083 0.999822242926 0.0 16.532 1.0 0.5272 40.625 29.6386527121 0.869108441434 1430788417.93
0.081 0.999815351451 0.0 16.8968 1.0 0.5408 40.625 29.6386527121 0.857745525785 1430788418.64
0.075 0.999815443069 0.0 17.1764 1.0 0.5568 40.625 29.6386527121 0.827521220947 1430788419.36
0.083 0.999822056623 0.0 17.5096 1.0 0.5708 40.625 29.6386527121 0.815901367733 1430788420.08
0.082 0.999826933121 0.0 17.9824 1.0 0.5808 40.625 29.6386527121 0.864191978086 1430788420.77
0.079 0.999816687504 0.0 18.25 1.0 0.5956 40.625 29.6386527121 0.814530796684 1430788421.47
0.094 0.999823297523 0.0 18.5608 1.0 0.6084 40.625 29.6386527121 0.844991477698 1430788422.14
0.074 0.999814893845 0.0 18.7768 1.0 0.6208 40.625 29.6386527121 0.813225046889 1430788422.79
0.071 0.999815283068 0.0 18.88 1.0 0.6364 40.625 29.6386527121 0.819893044422 1430788423.48
0.075 0.999820257509 0.0 18.94 1.0 0.6536 40.625 29.6386527121 0.865228883497 1430788424.21
0.078 0.999823116534 0.0 19.1372 1.0 0.6688 40.625 29.6386527121 0.856338833065 1430788424.92
0.1 0.999817387331 0.0 19.0236 1.0 0.6896 40.625 29.6386527121 0.852677897298 1430788425.62
0.087 0.999817307854 0.0 19.156 1.0 0.7008 40.625 29.6386527121 0.838411043417 1430788426.32
0.082 0.999822041403 0.0 19.0384 1.0 0.7172 40.625 29.6386527121 0.831130611193 1430788427.01
0.073 0.999814255155 0.0 18.9928 1.0 0.7332 40.625 29.6386527121 0.816062445282 1430788427.69
0.085 0.999820659831 0.0 18.7932 1.0 0.7512 40.625 29.6386527121 0.815345995186 1430788428.4
0.091 0.99981595898 0.0 18.4352 1.0 0.7728 40.625 29.6386527121 0.780720832076 1430788429.12
0.086 0.999812810608 0.0 18.3208 1.0 0.788 40.625 29.6386527121 0.82019759883 1430788429.81
0.099 0.999815983663 0.0 18.0356 1.0 0.806 40.625 29.6386527121 0.819031798073 1430788430.53
0.085 0.999831803799 0.0 17.8428 1.0 0.8212 40.625 29.6386527121 0.826263638467 1430788431.22
0.068 0.999815991267 8.71285567495e-11 17.7 1.0 0.838 40.625 29.6386527121 0.816359343635 1430788431.92
0.098 0.999820736778 0.00208286875421 17.7052 1.0 0.8528 40.625 29.6386527121 0.791851025181 1430788432.64
0.086 0.999329715645 1.08525170721e-05 17.524 1.0 0.8672 40.625 29.6386527121 0.782544227534 1430788433.34
0.093 0.99945562909 2.46410020704e-06 17.4888 1.0 0.8796 40.625 29.6386527121 0.77579008747 1430788434.06
0.072 0.999827544754 0.0040762021583 17.4776 1.0 0.8928 40.625 29.6386527121 0.775640474325 1430788434.72
0.082 0.998978749684 0.0106309134294 17.526 1.0 0.014 40.3125 28.9619233161 0.837741991094 1430788435.46
0.085 0.994458671243 0.000116953174438 17.282 1.0 0.0968 40.3125 28.9619233161 0.721880380696 1430788436.16
0.105 0.995637913117 3.82592438123e-20 17.1792 1.0 0.1416 40.3125 28.9619233161 0.795860237473 1430788436.84
0.099 0.999162911109 0.0 17.004 1.0 0.1804 40.3125 28.9619233161 0.78929644802 1430788437.55
0.093 0.999544120788 0.0 17.3164 1.0 0.206 40.3125 28.9619233161 0.781400895511 1430788438.25
0.078 0.999525685811 0.0 17.3076 1.0 0.2384 40.3125 28.9619233161 0.809591703348 1430788438.92
0.072 0.999817717351 0.0 17.4844 1.0 0.2672 40.3125 28.9619233161 0.795028082569 1430788439.62
0.084 0.999649261832 0.0 17.2468 1.0 0.3052 40.3125 28.9619233161 0.780951290707 1430788440.3
0.091 0.999723371553 0.0 17.3336 1.0 0.3332 40.3125 28.9619233161 0.835573122532 1430788440.99
0.08 0.999806862354 0.0 17.4092 1.0 0.3596 40.3125 28.9619233161 0.806429447092 1430788441.69
0.1 0.999816081576 0.0 17.3684 1.0 0.386 40.3125 28.9619233161 0.838968873799 1430788442.34
0.079 0.999806728787 0.0 17.4244 1.0 0.4096 40.3125 28.9619233161 0.843902921705 1430788443.03
0.077 0.999806984013 0.0 17.486 1.0 0.4348 40.3125 28.9619233161 0.814442591188 1430788443.75
0.077 0.999812398784 0.0 17.5468 1.0 0.4592 40.3125 28.9619233161 0.830831084932 1430788444.42
0.097 0.999803683501 0.0 17.6632 1.0 0.4808 40.3125 28.9619233161 0.853596079813 1430788445.1
0.084 0.99981896399 0.0 17.904 1.0 0.4984 40.3125 28.9619233161 0.869708839114 1430788445.81
0.076 0.999818508193 0.0 18.0984 1.0 0.518 40.3125 28.9619233161 0.877832368067 1430788446.57
0.083 0.999826447571 0.0 17.938 1.0 0.5456 40.3125 28.9619233161 0.8382864213 1430788447.25
0.073 0.999818002598 0.0 17.8892 1.0 0.5692 40.3125 28.9619233161 0.815369805045 1430788447.94
0.077 0.999812447674 0.0 17.5912 1.0 0.5984 40.3125 28.9619233161 0.817834871758 1430788448.67
0.068 0.99982371761 0.0 17.776 1.0 0.6152 40.3125 28.9619233161 0.819113330311 1430788449.39
0.078 0.999822238178 0.0 17.7356 1.0 0.636 40.3125 28.9619233161 0.82319833192 1430788450.09
0.093 0.999826519111 0.0 17.932 1.0 0.6512 40.3125 28.9619233161 0.830657357364 1430788450.77
0.088 0.999821652706 0.0 17.9168 1.0 0.67 40.3125 28.9619233161 0.79367327229 1430788451.5
0.093 0.999819310416 0.0 17.9064 1.0 0.6912 40.3125 28.9619233161 0.785373201678 1430788452.21
0.099 0.999808874768 0.0 17.7608 1.0 0.7136 40.3125 28.9619233161 0.79482975137 1430788452.93
0.087 0.999821453974 0.0 17.8016 1.0 0.7304 40.3125 28.9619233161 0.822263432342 1430788453.63
0.098 0.999815549931 0.0 17.6124 1.0 0.7508 40.3125 28.9619233161 0.788979922769 1430788454.3
0.079 0.999816234517 0.0 17.4984 1.0 0.7696 40.3125 28.9619233161 0.806430583236 1430788455.0
0.085 0.999819036658 0.0 17.5108 1.0 0.7852 40.3125 28.9619233161 0.807036714946 1430788455.74
0.08 0.999819096729 0.0 17.4352 1.0 0.8016 40.3125 28.9619233161 0.845703733657 1430788456.46
0.093 0.999819130431 0.0 17.6548 1.0 0.812 40.3125 28.9619233161 0.833002498822 1430788457.15
0.084 0.999820725002 0.0 17.606 1.0 0.8248 40.3125 28.9619233161 0.849770938054 1430788457.87
0.081 0.999808924496 0.0 17.8348 1.0 0.8328 40.3125 28.9619233161 0.85896522368 1430788458.55
0.091 0.999817554205 0.0 17.9772 1.0 0.8424 40.3125 28.9619233161 0.849729060379 1430788459.26
0.089 0.999820598699 0.0 17.9748 1.0 0.8552 40.3125 28.9619233161 0.846701141794 1430788459.95
0.063 0.999816827366 0.0 18.062 1.0 0.8644 40.3125 28.9619233161 0.805103562512 1430788460.66
0.094 0.999819813642 7.14233674597e-71 18.2716 1.0 0.8704 40.3125 28.9619233161 0.864817738315 1430788461.35
0.074 0.999823435221 0.000261261203414 18.1384 1.0 0.8788 40.3125 28.9619233161 0.843707316411 1430788462.02
0.092 0.999740435033 0.00115569449294 18.0972 1.0 0.8872 40.3125 28.9619233161 0.842890342017 1430788462.69
0.091 0.999149339017 0.00335188070113 17.9344 1.0 0.8948 40.3125 28.9619233161 0.826638301635 1430788463.38
0.079 0.997295737822 0.00724508291225 17.844 1.0 0.0688 40.65625 28.6677907482 0.810727395072 1430788464.08
0.11 0.993557691503 0.00520667149753 17.7336 1.0 0.1224 40.65625 28.6677907482 0.782843284448 1430788464.83
0.116 0.993053911508 0.00107121917447 17.4964 1.0 0.1668 40.65625 28.6677907482 0.767717245417 1430788465.53
0.097 0.99733619735 3.10930302913e-09 17.4116 1.0 0.1992 40.65625 28.6677907482 0.789639764879 1430788466.25
0.082 0.999830610171 1.7745412577e-78 17.5436 1.0 0.226 40.65625 28.6677907482 0.8741753169 1430788466.98
0.081 0.999338063871 0.0 17.5988 1.0 0.2556 40.65625 28.6677907482 0.836948547807 1430788467.68
0.069 0.99978611339 0.0 17.7548 1.0 0.2828 40.65625 28.6677907482 0.844871349788 1430788468.39
0.084 0.999686850323 0.0 17.8512 1.0 0.3088 40.65625 28.6677907482 0.843578955823 1430788469.08
0.065 0.999639674736 0.0 17.9124 1.0 0.3364 40.65625 28.6677907482 0.843015589084 1430788469.8
0.086 0.999802522329 0.0 17.7632 1.0 0.368 40.65625 28.6677907482 0.857471248376 1430788470.52
0.076 0.999822656178 0.0 17.8444 1.0 0.3928 40.65625 28.6677907482 0.844415208723 1430788471.24
0.07 0.999819822935 0.0 17.7976 1.0 0.4188 40.65625 28.6677907482 0.845578440079 1430788471.95
0.085 0.999806277227 1.39685325177e-76 17.7088 1.0 0.446 40.65625 28.6677907482 0.826023958912 1430788472.68
0.081 0.999773413921 3.27250006042e-16 17.5244 1.0 0.478 40.65625 28.6677907482 0.839747285321 1430788473.45
0.093 0.999800341228 1.76103221382e-19 17.5968 1.0 0.5044 40.65625 28.6677907482 0.845295982093 1430788474.14
0.083 0.999809936454 4.91910070969e-22 17.5668 1.0 0.53 40.65625 28.6677907482 0.844054966977 1430788474.83
0.076 0.999816107879 0.0 17.5052 1.0 0.5564 40.65625 28.6677907482 0.832035228635 1430788475.53
0.095 0.999811429363 0.0 17.6084 1.0 0.576 40.65625 28.6677907482 0.856526582997 1430788476.26
0.082 0.999814809347 0.0 17.5188 1.0 0.6 40.65625 28.6677907482 0.827972246298 1430788476.95
0.08 0.999828033403 0.0 17.4208 1.0 0.6228 40.65625 28.6677907482 0.836311445701 1430788477.71
0.087 0.999819650436 0.0 17.2048 1.0 0.6512 40.65625 28.6677907482 0.823618447578 1430788478.37
0.081 0.999815736004 0.0 17.3 1.0 0.668 40.65625 28.6677907482 0.837519585248 1430788479.03
0.094 0.999802691192 0.0 17.4928 1.0 0.684 40.65625 28.6677907482 0.853852939804 1430788479.71
0.091 0.999802672379 0.0 17.55 1.0 0.702 40.65625 28.6677907482 0.805688090104 1430788480.41
0.085 0.999820414753 0.0 17.8708 1.0 0.7152 40.65625 28.6677907482 0.816833077596 1430788481.12
0.091 0.99982080487 0.0 18.0192 1.0 0.73 40.65625 28.6677907482 0.809008442701 1430788481.8
0.084 0.999815700975 0.0 18.2328 1.0 0.7408 40.65625 28.6677907482 0.831774427744 1430788482.47
0.072 0.999817441833 0.0 18.4676 1.0 0.7528 40.65625 28.6677907482 0.822252978514 1430788483.18
0.097 0.999814341057 0.0 18.4556 1.0 0.7684 40.65625 28.6677907482 0.833490240169 1430788483.91
0.079 0.999834938594 0.0 18.5768 1.0 0.7824 40.65625 28.6677907482 0.869059541453 1430788484.61
0.087 0.999823882484 0.0 18.3892 1.0 0.7972 40.65625 28.6677907482 0.798150371457 1430788485.37
0.078 0.999819196875 0.0 18.5096 1.0 0.8084 40.65625 28.6677907482 0.840613169767 1430788486.03
0.085 0.99981591197 0.0 18.3468 1.0 0.8248 40.65625 28.6677907482 0.831515630755 1430788486.76
0.072 0.999822278874 0.0 18.2664 1.0 0.838 40.65625 28.6677907482 0.797498304018 1430788487.5
0.087 0.999825464732 3.9219966351e-229 17.986 1.0 0.8532 40.65625 28.6677907482 0.786300593133 1430788488.21
0.087 0.999827055256 6.91692788643e-248 17.8504 1.0 0.8648 40.65625 28.6677907482 0.844869354774 1430788488.92
0.107 0.999823896635 0.0 17.4484 1.0 0.8784 40.65625 28.6677907482 0.782133687483 1430788489.61
0.085 0.999820735469 0.0 17.2104 1.0 0.8912 40.65625 28.6677907482 0.812974591131 1430788490.33
0.09 0.999817573833 0.0 16.9632 1.0 0.0292 39.328125 27.8886288889 0.799104170138 1430788491.03
0.067 0.999819155921 0.0 16.7864 1.0 0.0932 39.328125 27.8886288889 0.799418564248 1430788491.74
0.084 0.999812830075 0.0 16.8944 1.0 0.1268 39.328125 27.8886288889 0.801550604568 1430788492.47
0.093 0.999819156321 0.0 16.754 1.0 0.1568 39.328125 27.8886288889 0.792421811003 1430788493.2
0.08 0.999819677755 0.0 16.776 1.0 0.1864 39.328125 27.8886288889 0.793816071437 1430788493.92
0.073 0.999825436036 0.0 16.9004 1.0 0.2124 39.328125 27.8886288889 0.787851570869 1430788494.64
0.089 0.999820711316 0.0 17.0148 1.0 0.2392 39.328125 27.8886288889 0.834319795494 1430788495.37
0.094 0.999825469266 0.0 16.9844 1.0 0.2676 39.328125 27.8886288889 0.796171272866 1430788496.09
0.076 0.99980807909 6.57789256807e-10 17.13 1.0 0.2988 39.328125 27.8886288889 0.796070890406 1430788496.79
0.09 0.999826185829 0.00504724536463 17.2264 1.0 0.328 39.328125 27.8886288889 0.81525230221 1430788497.5
0.056 0.998461398473 0.0201565577695 17.3456 1.0 0.3556 39.328125 27.8886288889 0.781587209506 1430788498.2
0.11 0.992197052591 0.0143009458641 17.3104 1.0 0.3904 39.328125 27.8886288889 0.711180113898 1430788498.88
0.097 0.986820029428 0.00140263007316 17.0868 1.0 0.4296 39.328125 27.8886288889 0.667339270961 1430788499.59
0.085 0.991352059317 0.000281273128879 17.1408 1.0 0.456 39.328125 27.8886288889 0.742806206268 1430788500.31
0.086 0.998798528787 8.62644607149e-09 17.1152 1.0 0.4864 39.328125 27.8886288889 0.756884415968 1430788501.02
0.073 0.999198882975 5.17212759902e-37 17.2012 1.0 0.5108 39.328125 27.8886288889 0.780540106714 1430788501.71
0.086 0.999309358184 2.39000532805e-203 17.198 1.0 0.5384 39.328125 27.8886288889 0.774816454451 1430788502.42
0.08 0.999784339963 0.0 17.142 1.0 0.566 39.328125 27.8886288889 0.744258179186 1430788503.1
0.069 0.999347612963 0.0 17.1112 1.0 0.5896 39.328125 27.8886288889 0.818045539514 1430788503.79
0.078 0.999668945283 0.0 17.3688 1.0 0.606 39.328125 27.8886288889 0.807294890892 1430788504.48
0.069 0.999823123735 0.0 17.2432 1.0 0.6312 39.328125 27.8886288889 0.785153009835 1430788505.21
0.089 0.999821631764 0.0 17.2548 1.0 0.6556 39.328125 27.8886288889 0.819256985516 1430788505.89
0.072 0.999780691509 0.0 17.3708 1.0 0.676 39.328125 27.8886288889 0.825883520932 1430788506.58
0.078 0.99974536607 0.0 17.3424 1.0 0.6968 39.328125 27.8886288889 0.802114363151 1430788507.27
0.072 0.999779988467 0.0 17.5104 1.0 0.7116 39.328125 27.8886288889 0.825493552183 1430788507.97
0.078 0.999799587473 0.0 17.6932 1.0 0.7252 39.328125 27.8886288889 0.829412734394 1430788508.62
0.077 0.999816065441 0.0 17.9912 1.0 0.7372 39.328125 27.8886288889 0.854099174198 1430788509.34
0.091 0.999820975853 0.0 18.1956 1.0 0.7496 39.328125 27.8886288889 0.816297403217 1430788510.03
0.075 0.999811301003 0.0 18.4228 1.0 0.7588 39.328125 27.8886288889 0.820138874783 1430788510.72
0.083 0.999816860134 0.0 18.5032 1.0 0.7712 39.328125 27.8886288889 0.804816010911 1430788511.48
0.084 0.999826715751 0.0 18.5936 1.0 0.7824 39.328125 27.8886288889 0.808721829652 1430788512.2
0.083 0.999817089115 1.36071753029e-12 18.7676 1.0 0.7916 39.328125 27.8886288889 0.805505781751 1430788512.9
0.079 0.999826753598 0.00287612456711 18.7996 1.0 0.804 39.328125 27.8886288889 0.823319719166 1430788513.62
0.095 0.999312172321 0.00885458072983 18.8504 1.0 0.8136 39.328125 27.8886288889 0.854149105242 1430788514.33
0.075 0.995695021912 2.91835994704e-05 18.8724 1.0 0.8236 39.328125 27.8886288889 0.80392624404 1430788515.04
0.091 0.99734941142 1.29089556532e-32 18.9204 1.0 0.8336 39.328125 27.8886288889 0.832720368021 1430788515.76
0.07 0.999721978443 9.19885094746e-94 19.0744 1.0 0.8416 39.328125 27.8886288889 0.857371858996 1430788516.44
0.073 0.999527575261 0.0 19.0692 1.0 0.8492 39.328125 27.8886288889 0.862454488234 1430788517.12
0.089 0.999717723038 0.0 18.9056 1.0 0.862 39.328125 27.8886288889 0.845946527645 1430788517.81
0.088 0.999793014181 0.0 18.7592 1.0 0.8732 39.328125 27.8886288889 0.846639449145 1430788518.51
0.087 0.999715062705 0.0 18.5364 1.0 0.884 39.328125 27.8886288889 0.864381175356 1430788519.22
0.094 0.999777750289 0.0 18.6636 1.0 0.89 39.328125 27.8886288889 0.857766371825 1430788519.89
0.076 0.999826405981 0.0 18.5084 1.0 0.8992 39.328125 27.8886288889 0.856033749901 1430788520.57
0.087 0.999826742878 0.0 18.63 1.0 0.062 41.1640625 28.9768875483 0.853105955947 1430788521.28
0.08 0.999795620522 0.0 18.2448 1.0 0.12 41.1640625 28.9768875483 0.848826991497 1430788521.95
0.072 0.999782971204 0.0 18.1688 1.0 0.158 41.1640625 28.9768875483 0.890847188222 1430788522.65
0.07 0.999803676074 0.0 17.9888 1.0 0.1944 41.1640625 28.9768875483 0.855891086555 1430788523.38
0.092 0.999813734827 0.0 18.0652 1.0 0.2248 41.1640625 28.9768875483 0.861098115938 1430788524.09
0.095 0.999816023219 0.0 18.1308 1.0 0.2548 41.1640625 28.9768875483 0.88893189205 1430788524.77
0.097 0.999814518865 0.0 18.1164 1.0 0.2872 41.1640625 28.9768875483 0.864770372677 1430788525.46
0.082 0.999809523157 0.0 18.3116 1.0 0.3112 41.1640625 28.9768875483 0.849209672001 1430788526.12
0.091 0.999810624164 0.0 18.198 1.0 0.346 41.1640625 28.9768875483 0.881680284403 1430788526.81
0.099 0.999813802057 0.0 17.9824 1.0 0.3796 41.1640625 28.9768875483 0.853133407319 1430788527.51
0.098 0.999820422375 0.0 17.704 1.0 0.4144 41.1640625 28.9768875483 0.837614670143 1430788528.21
0.094 0.999812693254 0.0 17.482 1.0 0.4456 41.1640625 28.9768875483 0.836676250943 1430788528.89
0.081 0.999820662683 0.0 17.166 1.0 0.478 41.1640625 28.9768875483 0.822555510059 1430788529.61
0.082 0.999819118848 0.0 17.0576 1.0 0.506 41.1640625 28.9768875483 0.856646412842 1430788530.35
0.094 0.999817246904 1.53247837927e-26 17.0608 1.0 0.5292 41.1640625 28.9768875483 0.835410394685 1430788531.04
0.074 0.999822736224 2.40030005739e-11 16.8228 1.0 0.5572 41.1640625 28.9768875483 0.842026975739 1430788531.75
0.081 0.999816180426 2.23495250846e-05 16.5976 1.0 0.584 41.1640625 28.9768875483 0.832811849245 1430788532.44
0.079 0.999828553954 0.00128276463095 16.2016 1.0 0.6144 41.1640625 28.9768875483 0.855381044061 1430788533.13
0.092 0.999582087348 0.00342409132319 16.13 1.0 0.636 41.1640625 28.9768875483 0.845644152927 1430788533.84
0.105 0.998036034759 0.010961452501 16.082 1.0 0.66 41.1640625 28.9768875483 0.835371048389 1430788534.54
0.085 0.993568789496 0.00270918612056 15.7936 1.0 0.6872 41.1640625 28.9768875483 0.748387033924 1430788535.21
0.078 0.994442166558 3.86934929254e-07 15.6324 1.0 0.7104 41.1640625 28.9768875483 0.772755587861 1430788535.9
0.105 0.998308596722 1.18084845085e-56 15.7332 1.0 0.7288 41.1640625 28.9768875483 0.797411964598 1430788536.63
0.078 0.999575624357 0.0 15.8056 1.0 0.7456 41.1640625 28.9768875483 0.832246270876 1430788537.32
0.074 0.999270975173 0.0 15.8204 1.0 0.7628 41.1640625 28.9768875483 0.797619979592 1430788538.0
0.078 0.999821670427 0.0 15.7828 1.0 0.7808 41.1640625 28.9768875483 0.84252253943 1430788538.71
0.085 0.999622050822 0.0 15.7796 1.0 0.7956 41.1640625 28.9768875483 0.830760899931 1430788539.43
0.074 0.999680400208 0.0 15.9376 1.0 0.808 41.1640625 28.9768875483 0.850610134321 1430788540.15
0.086 0.999805654949 0.0 15.8408 1.0 0.8264 41.1640625 28.9768875483 0.800698862291 1430788540.8
0.103 0.999817983919 0.0 15.9668 1.0 0.838 41.1640625 28.9768875483 0.78204367789 1430788541.51
0.083 0.999827966615 0.0 15.9536 1.0 0.854 41.1640625 28.9768875483 0.836630648834 1430788542.36
0.071 0.999804287276 0.0 16.1124 1.0 0.8628 41.1640625 28.9768875483 0.85576502497 1430788543.08
0.071 0.999778937444 0.0 16.2676 1.0 0.8724 41.1640625 28.9768875483 0.827992554084 1430788543.84
0.073 0.999806210204 0.0 16.282 1.0 0.8848 41.1640625 28.9768875483 0.799531900137 1430788544.55
0.093 0.999821956024 0.0 16.344 1.0 0.896 41.1640625 28.9768875483 0.783245320546 1430788545.48
0.099 0.999815605667 0.0 16.4236 1.0 0.0476 38.08203125 27.0246962728 0.826270669443 1430788546.27
0.089 0.999822287084 0.0 16.4928 1.0 0.108 38.08203125 27.0246962728 0.791174497815 1430788547.01
0.084 0.999828222183 0.0 16.5684 1.0 0.1444 38.08203125 27.0246962728 0.792688483752 1430788547.71
0.083 0.999821904765 0.0 16.7656 1.0 0.1736 38.08203125 27.0246962728 0.793275439627 1430788548.46
0.088 0.999819984736 0.0 16.7428 1.0 0.2088 38.08203125 27.0246962728 0.794856272473 1430788549.24
0.088 0.999816506019 0.0 16.9048 1.0 0.2384 38.08203125 27.0246962728 0.807627017619 1430788549.93
0.077 0.999817302788 0.0 17.0148 1.0 0.266 38.08203125 27.0246962728 0.799400444502 1430788550.63
0.097 0.999818921466 0.0 16.9368 1.0 0.2964 38.08203125 27.0246962728 0.833658674936 1430788551.4
0.075 0.99981722939 0.0 16.9664 1.0 0.3236 38.08203125 27.0246962728 0.819506311123 1430788552.11
0.08 0.999814216856 0.0 16.8856 1.0 0.3536 38.08203125 27.0246962728 0.81655655433 1430788552.8
0.075 0.999819071348 0.0 16.9264 1.0 0.3776 38.08203125 27.0246962728 0.84017319587 1430788553.57
0.071 0.99981753227 0.0 16.9888 1.0 0.4012 38.08203125 27.0246962728 0.832170207965 1430788554.29
0.076 0.999820713796 1.10775718546e-31 17.1568 1.0 0.4236 38.08203125 27.0246962728 0.835151614771 1430788555.02
0.069 0.999823888924 0.00308697203701 17.1128 1.0 0.45 38.08203125 27.0246962728 0.8031078081 1430788555.74
0.09 0.998970422527 0.00887396806992 17.3688 1.0 0.4696 38.08203125 27.0246962728 0.814788711488 1430788556.44
0.081 0.994541013015 0.00850898626424 17.5104 1.0 0.4892 38.08203125 27.0246962728 0.708588207742 1430788557.16
0.099 0.991309186869 0.000658948291707 17.604 1.0 0.5128 38.08203125 27.0246962728 0.696815077376 1430788557.88
0.086 0.994673418027 0.00272657000354 17.6936 1.0 0.5328 38.08203125 27.0246962728 0.754368675112 1430788558.59
0.093 0.99786281742 0.00020137724933 17.8644 1.0 0.5516 38.08203125 27.0246962728 0.781341031279 1430788559.27
0.095 0.999720457932 1.52806869263e-10 17.7396 1.0 0.5784 38.08203125 27.0246962728 0.825238356424 1430788559.98
0.083 0.999633632765 3.79132172928e-99 17.6904 1.0 0.6024 38.08203125 27.0246962728 0.801829637544 1430788560.69
0.075 0.99974598933 0.0 17.7556 1.0 0.6232 38.08203125 27.0246962728 0.833136705415 1430788561.48
0.082 0.999783646233 0.0 17.7092 1.0 0.6452 38.08203125 27.0246962728 0.834238068096 1430788562.23
0.078 0.999697215673 0.0 17.5668 1.0 0.6692 38.08203125 27.0246962728 0.826777399592 1430788563.04
0.076 0.999779254998 0.0 17.526 1.0 0.6912 38.08203125 27.0246962728 0.83034606189 1430788563.78
0.093 0.99982450567 0.0 17.4324 1.0 0.7112 38.08203125 27.0246962728 0.850414767869 1430788564.68
0.073 0.999823317579 0.0 17.4128 1.0 0.7288 38.08203125 27.0246962728 0.819552177311 1430788565.45
0.099 0.999794412441 0.0 17.3932 1.0 0.746 38.08203125 27.0246962728 0.815832123164 1430788566.13
0.077 0.999765084971 0.0 17.1964 1.0 0.7684 38.08203125 27.0246962728 0.816878228086 1430788566.85
0.097 0.99980031679 0.0 17.2712 1.0 0.7844 38.08203125 27.0246962728 0.784200061645 1430788567.66
0.075 0.999812815204 0.0 17.3696 1.0 0.7976 38.08203125 27.0246962728 0.832444834237 1430788568.58
0.09 0.999816623995 0.0 17.554 1.0 0.8092 38.08203125 27.0246962728 0.850173319873 1430788569.33
0.095 0.999817155895 0.0 17.7376 1.0 0.8196 38.08203125 27.0246962728 0.832398539553 1430788570.07
0.081 0.999822864494 0.0 17.8108 1.0 0.832 38.08203125 27.0246962728 0.81910491931 1430788570.78
0.09 0.999816056736 0.0 17.9208 1.0 0.8412 38.08203125 27.0246962728 0.850178115811 1430788571.53
0.071 0.999820515848 0.0 18.0164 1.0 0.8492 38.08203125 27.0246962728 0.810364677121 1430788572.28
0.072 0.999809124809 0.0 18.1316 1.0 0.8576 38.08203125 27.0246962728 0.861031541992 1430788572.98
0.095 0.999814815865 0.0 18.178 1.0 0.866 38.08203125 27.0246962728 0.856570328929 1430788573.69
0.092 0.999820473838 0.0 18.334 1.0 0.8716 38.08203125 27.0246962728 0.817559338492 1430788574.36
0.086 0.999818356316 0.0 18.516 1.0 0.8756 38.08203125 27.0246962728 0.856747959834 1430788575.13
0.063 0.999820602825 0.0 18.5476 1.0 0.8812 38.08203125 27.0246962728 0.793928125006 1430788575.88
0.088 0.999819087061 0.0 18.5104 1.0 0.888 38.08203125 27.0246962728 0.823158476929 1430788576.8
0.078 0.999825449702 0.0 18.5636 1.0 0.8936 38.08203125 27.0246962728 0.823828510192 1430788577.56
0.082 0.999813191629 0.0 18.5368 1.0 0.898 38.08203125 27.0246962728 0.834957628435 1430788578.66
0.083 0.999816139406 1.53229767525e-26 18.322 1.0 0.0724 41.041015625 30.030270657 0.787018660957 1430788579.76
0.08 0.999815833817 0.00292881292067 18.1528 1.0 0.1232 41.041015625 30.030270657 0.800060382014 1430788580.77
0.092 0.998997335914 0.0126832879338 18.098 1.0 0.1584 41.041015625 30.030270657 0.850771173178 1430788581.59
0.088 0.994539488188 0.000856218505003 17.7856 1.0 0.1996 41.041015625 30.030270657 0.758918111164 1430788582.44
0.095 0.995699474011 1.32261269258e-07 17.576 1.0 0.2348 41.041015625 30.030270657 0.798253501836 1430788583.24
0.1 0.999229687258 2.00210477756e-28 17.584 1.0 0.2652 41.041015625 30.030270657 0.839627530604 1430788584.14
0.084 0.999548462534 0.0 17.71 1.0 0.2912 41.041015625 30.030270657 0.843888061886 1430788585.19
0.071 0.999529352267 0.0 17.7328 1.0 0.32 41.041015625 30.030270657 0.829137266872 1430788585.89
0.084 0.999822425295 0.0 17.5836 1.0 0.3508 41.041015625 30.030270657 0.830285799096 1430788586.81
0.087 0.999676956234 0.0 17.6272 1.0 0.376 41.041015625 30.030270657 0.836830537263 1430788587.58
0.078 0.999766575245 0.0 17.634 1.0 0.4004 41.041015625 30.030270657 0.834983418792 1430788588.31
0.086 0.999814928621 0.0 17.6572 1.0 0.4244 41.041015625 30.030270657 0.866560814489 1430788589.03
0.092 0.99980623304 0.0 17.7872 1.0 0.4468 41.041015625 30.030270657 0.839333702275 1430788589.73
0.093 0.999770024115 0.0 17.994 1.0 0.4668 41.041015625 30.030270657 0.848970115673 1430788590.4
0.086 0.999788260926 0.0 18.012 1.0 0.4908 41.041015625 30.030270657 0.854768112859 1430788591.09
0.076 0.999769460722 0.0 18.1368 1.0 0.5132 41.041015625 30.030270657 0.864564203849 1430788591.76
0.08 0.99980939631 0.0 18.274 1.0 0.5336 41.041015625 30.030270657 0.843546941911 1430788592.49
0.09 0.9998067016 0.0 18.4072 1.0 0.554 41.041015625 30.030270657 0.815782423741 1430788593.22
0.097 0.99981114014 0.0 18.5384 1.0 0.5712 41.041015625 30.030270657 0.848735606994 1430788593.89
0.097 0.999824681737 1.07587458536e-290 18.5984 1.0 0.59 41.041015625 30.030270657 0.872920462611 1430788594.56
0.107 0.999823503604 1.41019597941e-14 18.5696 1.0 0.6116 41.041015625 30.030270657 0.846181060281 1430788595.29
0.091 0.999815785796 2.38180711679e-11 18.3376 1.0 0.6368 41.041015625 30.030270657 0.877752411517 1430788595.96
0.087 0.999822220042 7.50559163201e-06 18.4792 1.0 0.6532 41.041015625 30.030270657 0.849651242545 1430788596.71
0.068 0.999823853849 9.98253680027e-40 18.6908 1.0 0.6676 41.041015625 30.030270657 0.869714486764 1430788597.43
0.085 0.999820712117 5.47019470548e-279 18.6548 1.0 0.6852 41.041015625 30.030270657 0.854914094123 1430788598.12
0.081 0.999813831722 5.33382880568e-106 18.7248 1.0 0.702 41.041015625 30.030270657 0.848429254596 1430788598.8
0.097 0.999823895175 4.91942064778e-21 18.8 1.0 0.7176 41.041015625 30.030270657 0.820007781801 1430788599.51
0.076 0.999822316582 0.000191908839191 18.7028 1.0 0.7348 41.041015625 30.030270657 0.847248636608 1430788600.18
0.082 0.999752142689 0.0108508753333 18.6128 1.0 0.75 41.041015625 30.030270657 0.873622245413 1430788600.9
0.098 0.997755673888 0.0190028315632 18.6096 1.0 0.7628 41.041015625 30.030270657 0.829796719787 1430788601.6
0.091 0.991921151566 0.0127479889624 18.4764 1.0 0.7768 41.041015625 30.030270657 0.794685700601 1430788602.29
0.088 0.988768693829 0.000481233459061 18.3264 1.0 0.7884 41.041015625 30.030270657 0.698772767831 1430788602.99
0.095 0.992803526445 0.00040550425086 18.3208 1.0 0.8012 41.041015625 30.030270657 0.790147342978 1430788603.73
0.082 0.99831883585 0.00221907735428 18.3188 1.0 0.8136 41.041015625 30.030270657 0.864768886905 1430788604.46
0.092 0.999386974414 5.47845343595e-05 18.488 1.0 0.8228 41.041015625 30.030270657 0.827040994398 1430788605.12
0.074 0.99982096133 6.52480554283e-48 18.5756 1.0 0.8316 41.041015625 30.030270657 0.814531855585 1430788605.84
0.079 0.999805435997 0.0 18.6648 1.0 0.8408 41.041015625 30.030270657 0.844767005467 1430788606.57
0.074 0.999815987223 0.0 18.9084 1.0 0.8468 41.041015625 30.030270657 0.858969150665 1430788607.24
0.087 0.999722259734 0.0 19.0284 1.0 0.8556 41.041015625 30.030270657 0.848737112595 1430788607.99
0.104 0.999782153853 0.0 19.1404 1.0 0.8628 41.041015625 30.030270657 0.823719084691 1430788608.7
0.083 0.999827546737 0.0 19.302 1.0 0.8688 41.041015625 30.030270657 0.832368364429 1430788609.49
0.079 0.999823217754 0.0 19.4632 1.0 0.874 41.041015625 30.030270657 0.829081984555 1430788610.35
0.092 0.999797885309 0.0 19.6704 1.0 0.876 41.041015625 30.030270657 0.858059561847 1430788611.24
0.091 0.999762340594 0.0 19.8588 1.0 0.8796 41.041015625 30.030270657 0.867532859582 1430788612.16
0.076 0.999802212865 0.0 19.6688 1.0 0.8848 41.041015625 30.030270657 0.872680689404 1430788612.94
0.073 0.999805311783 0.0 19.4656 1.0 0.8908 41.041015625 30.030270657 0.873595325666 1430788613.71
0.083 0.999804962688 0.0 19.5772 1.0 0.8956 41.041015625 30.030270657 0.834658766402 1430788614.37
0.092 0.999800517753 0.0 19.668 1.0 0.8992 41.041015625 30.030270657 0.870655954869 1430788615.05
0.099 0.999816452022 0.0 19.4704 1.0 0.0748 44.5205078125 33.1808118031 0.83971002921 1430788615.72
0.095 0.999829587466 0.0 19.4256 1.0 0.122 44.5205078125 33.1808118031 0.869716368346 1430788616.4
0.08 0.999818571992 0.0 19.3172 1.0 0.1544 44.5205078125 33.1808118031 0.855816486593 1430788617.11
0.07 0.999819849074 0.0 19.1768 1.0 0.1884 44.5205078125 33.1808118031 0.847911858627 1430788617.89
0.071 0.999820546807 0.0 19.412 1.0 0.2124 44.5205078125 33.1808118031 0.857313975775 1430788618.69
0.097 0.999815265555 0.0 19.5876 1.0 0.234 44.5205078125 33.1808118031 0.85928121675 1430788619.43
0.084 0.999812780962 0.0 19.5404 1.0 0.2616 44.5205078125 33.1808118031 0.843033177267 1430788620.21
0.083 0.999815253366 0.0 19.5304 1.0 0.2912 44.5205078125 33.1808118031 0.871050496256 1430788620.97
0.085 0.999823779784 0.0 19.5752 1.0 0.318 44.5205078125 33.1808118031 0.890649681362 1430788621.71
0.082 0.999817915495 0.0 19.5204 1.0 0.3448 44.5205078125 33.1808118031 0.888830446255 1430788622.42
0.094 0.999807900394 0.0 19.4008 1.0 0.3724 44.5205078125 33.1808118031 0.865052366729 1430788623.09
0.086 0.999805093892 0.0 19.3192 1.0 0.398 44.5205078125 33.1808118031 0.899963839278 1430788623.8
0.086 0.999821565417 0.0 19.3556 1.0 0.4212 44.5205078125 33.1808118031 0.895509356378 1430788624.56
0.081 0.999823383954 0.0 19.3444 1.0 0.4448 44.5205078125 33.1808118031 0.912373287565 1430788625.27
0.067 0.999827323462 0.0 19.0632 1.0 0.4716 44.5205078125 33.1808118031 0.886897680369 1430788625.92
0.07 0.999814496827 0.0 19.0124 1.0 0.4948 44.5205078125 33.1808118031 0.887779631779 1430788626.66
0.079 0.999814113892 0.0 19.2912 1.0 0.51 44.5205078125 33.1808118031 0.860247278834 1430788627.39
0.073 0.999821988414 0.0 19.554 1.0 0.526 44.5205078125 33.1808118031 0.892138202664 1430788628.1
0.086 0.999812178289 0.0 19.7164 1.0 0.5444 44.5205078125 33.1808118031 0.886399154516 1430788628.75
0.084 0.999827340359 0.0 19.7504 1.0 0.5648 44.5205078125 33.1808118031 0.877761102747 1430788629.41
0.079 0.999820718479 0.0 19.784 1.0 0.586 44.5205078125 33.1808118031 0.88628804972 1430788630.18
0.082 0.999820728631 0.0 19.8032 1.0 0.6072 44.5205078125 33.1808118031 0.889346490324 1430788630.86
0.095 0.999819151784 0.0 19.6628 1.0 0.6288 44.5205078125 33.1808118031 0.89127581917 1430788631.61
0.088 0.999819153897 0.0 19.558 1.0 0.65 44.5205078125 33.1808118031 0.875899780896 1430788632.34
0.076 0.999821734296 0.0 19.5332 1.0 0.6696 44.5205078125 33.1808118031 0.882226599664 1430788633.03
0.089 0.999818295594 0.0 19.442 1.0 0.6884 44.5205078125 33.1808118031 0.901553621999 1430788633.72
0.081 0.999814229373 0.0 19.3096 1.0 0.7104 44.5205078125 33.1808118031 0.906094933077 1430788634.4
0.086 0.999813961832 0.0 18.856 1.0 0.7348 44.5205078125 33.1808118031 0.850600596526 1430788635.14
0.079 0.999811879836 0.0 18.8476 1.0 0.7508 44.5205078125 33.1808118031 0.884871889598 1430788635.84
0.081 0.999811136492 0.0 18.7604 1.0 0.7684 44.5205078125 33.1808118031 0.875058334723 1430788636.58
0.092 0.999812839108 0.0 18.6884 1.0 0.7832 44.5205078125 33.1808118031 0.836311433485 1430788637.27
0.084 0.999818565379 0.0 18.8644 1.0 0.7916 44.5205078125 33.1808118031 0.872953707394 1430788637.94
0.102 0.999817308642 0.0 18.8412 1.0 0.8056 44.5205078125 33.1808118031 0.887302728168 1430788638.64
0.104 0.999822177743 0.0 18.8564 1.0 0.8176 44.5205078125 33.1808118031 0.871950000098 1430788639.37
0.101 0.999822248762 0.0 18.7276 1.0 0.8296 44.5205078125 33.1808118031 0.863342758038 1430788640.12
0.088 0.999825447286 0.0 18.8004 1.0 0.8384 44.5205078125 33.1808118031 0.873272842095 1430788640.9
0.089 0.99982441911 0.0 18.5752 1.0 0.852 44.5205078125 33.1808118031 0.857544348331 1430788641.57
0.085 0.999820543604 0.0 18.4552 1.0 0.8648 44.5205078125 33.1808118031 0.886248225091 1430788642.28
0.074 0.999814303855 0.0 18.1948 1.0 0.8808 44.5205078125 33.1808118031 0.864205696025 1430788642.98
0.082 0.999823852618 6.92353121795e-69 18.0512 1.0 0.8952 44.5205078125 33.1808118031 0.865586028748 1430788643.74
0.083 0.999815967122 5.67922617316e-05 18.1024 1.0 0.0576 42.2602539062 30.9839249455 0.838597974446 1430788644.46
0.084 0.999819144708 0.00128272903843 18.2884 1.0 0.1084 42.2602539062 30.9839249455 0.865730006284 1430788645.14
0.088 0.999563562399 0.000113519175843 18.3496 1.0 0.1456 42.2602539062 30.9839249455 0.881189473335 1430788645.87
0.071 0.999582126513 2.20867558196e-38 18.26 1.0 0.1792 42.2602539062 30.9839249455 0.842196870438 1430788646.63
0.076 0.999822686228 1.61386278875e-15 18.5 1.0 0.204 42.2602539062 30.9839249455 0.864718962449 1430788647.33
0.082 0.999805127003 0.00180097798472 18.4812 1.0 0.234 42.2602539062 30.9839249455 0.893929370122 1430788648.05
0.075 0.99931350329 3.77813718199e-05 18.4924 1.0 0.266 42.2602539062 30.9839249455 0.882676310294 1430788648.74
0.093 0.999456782466 1.04143498041e-18 18.55 1.0 0.2932 42.2602539062 30.9839249455 0.877284310064 1430788649.49
0.073 0.99977966038 0.0 18.5056 1.0 0.3232 42.2602539062 30.9839249455 0.840864544856 1430788650.31
0.078 0.999778100544 0.0 18.3568 1.0 0.3536 42.2602539062 30.9839249455 0.873385368592 1430788651.12
0.082 0.999819313592 0.0 18.5916 1.0 0.3772 42.2602539062 30.9839249455 0.864959862312 1430788651.82
0.075 0.999742748702 0.0 18.6884 1.0 0.4 42.2602539062 30.9839249455 0.874094124606 1430788652.52
0.082 0.999739697915 0.0 18.6148 1.0 0.4324 42.2602539062 30.9839249455 0.846296082609 1430788653.31
0.094 0.999797391913 0.0 18.5924 1.0 0.4592 42.2602539062 30.9839249455 0.852183579392 1430788654.11
0.074 0.999830017179 0.0 18.5236 1.0 0.4844 42.2602539062 30.9839249455 0.859127484167 1430788654.84
0.079 0.999829985181 0.0 18.3528 1.0 0.5136 42.2602539062 30.9839249455 0.863517663528 1430788655.54
0.08 0.999793622119 0.0 18.17 1.0 0.5424 42.2602539062 30.9839249455 0.86532929716 1430788656.23
0.06 0.999764457143 0.0 18.172 1.0 0.5664 42.2602539062 30.9839249455 0.864273960409 1430788656.93
0.082 0.999797102596 0.0 18.306 1.0 0.5864 42.2602539062 30.9839249455 0.844031560123 1430788657.68
0.078 0.999814291902 0.0 18.264 1.0 0.6096 42.2602539062 30.9839249455 0.847856647494 1430788658.42
0.09 0.999817914153 0.0 18.0344 1.0 0.634 42.2602539062 30.9839249455 0.839296407444 1430788659.22
0.077 0.999816114591 0.0 18.0672 1.0 0.654 42.2602539062 30.9839249455 0.891191350719 1430788659.93
0.087 0.999797119874 0.0 17.9296 1.0 0.6768 42.2602539062 30.9839249455 0.864116040408 1430788660.65
0.081 0.999799415667 0.0 17.9732 1.0 0.6944 42.2602539062 30.9839249455 0.859512252833 1430788661.37
0.087 0.999823163643 0.0 17.9776 1.0 0.7132 42.2602539062 30.9839249455 0.86352666822 1430788662.07
0.08 0.999821911994 0.0 17.9792 1.0 0.7312 42.2602539062 30.9839249455 0.870703361767 1430788662.76
0.064 0.999823713572 0.0 17.9252 1.0 0.7472 42.2602539062 30.9839249455 0.858791437239 1430788663.47
0.066 0.999830126105 0.0 18.0396 1.0 0.7608 42.2602539062 30.9839249455 0.881173182984 1430788664.17
0.096 0.999817522892 0.0 18.1936 1.0 0.7732 42.2602539062 30.9839249455 0.855497971493 1430788664.89
0.073 0.999823878469 0.0 18.2108 1.0 0.788 42.2602539062 30.9839249455 0.8611027936 1430788665.63
0.071 0.999818636699 0.0 18.4576 1.0 0.7976 42.2602539062 30.9839249455 0.849834439897 1430788666.34
0.09 0.999819040432 0.0 18.54 1.0 0.81 42.2602539062 30.9839249455 0.879763681798 1430788667.04
0.085 0.999823317545 0.0 18.7332 1.0 0.8192 42.2602539062 30.9839249455 0.899362300214 1430788667.72
0.09 0.999820691543 0.0 18.9452 1.0 0.8284 42.2602539062 30.9839249455 0.860006226834 1430788668.42
0.085 0.999822294586 0.0 18.9664 1.0 0.8416 42.2602539062 30.9839249455 0.874525323584 1430788669.11
0.08 0.999830214779 0.0 19.0184 1.0 0.8532 42.2602539062 30.9839249455 0.870543284212 1430788669.85
0.09 0.999823894831 0.0 19.084 1.0 0.8624 42.2602539062 30.9839249455 0.867117843146 1430788670.57
0.085 0.9998207351 0.0 19.1172 1.0 0.8704 42.2602539062 30.9839249455 0.856519906745 1430788671.33
0.074 0.99982073656 0.0 19.0624 1.0 0.88 42.2602539062 30.9839249455 0.860016650195 1430788672.05
0.068 0.999823900245 0.0 18.9444 1.0 0.8868 42.2602539062 30.9839249455 0.869847584235 1430788672.78
0.083 0.999815993053 0.0 18.98 1.0 0.8904 42.2602539062 30.9839249455 0.84649215153 1430788673.52
0.086 0.999820316827 1.67567623328e-19 18.9648 1.0 0.8936 42.2602539062 30.9839249455 0.856515762296 1430788674.25
0.082 0.999822319445 7.51565376228e-06 18.9876 1.0 0.8976 42.2602539062 30.9839249455 0.862126977718 1430788674.96
0.074 0.9998175749 0.00353280915183 19.0268 1.0 0.05 42.6301269531 31.1175344389 0.872195112381 1430788675.68
0.078 0.998973877223 0.00320189580923 18.6684 1.0 0.112 42.6301269531 31.1175344389 0.852257641955 1430788676.42
0.092 0.997458450961 5.03073614191e-09 18.2708 1.0 0.1576 42.6301269531 31.1175344389 0.797903051879 1430788677.13
0.085 0.999151412302 0.00137726329038 18.018 1.0 0.1884 42.6301269531 31.1175344389 0.871365535467 1430788677.81
0.094 0.999510024255 0.00951906057633 17.7824 1.0 0.2236 42.6301269531 31.1175344389 0.882803368083 1430788678.54
0.065 0.996619312701 0.000754472653633 17.3584 1.0 0.2564 42.6301269531 31.1175344389 0.844176590709 1430788679.27
0.079 0.996805547992 3.26749240823e-08 16.954 1.0 0.2924 42.6301269531 31.1175344389 0.835659285721 1430788680.01
0.093 0.999183481885 1.29434344782e-17 16.8452 1.0 0.3224 42.6301269531 31.1175344389 0.826395927556 1430788680.75
0.072 0.999504746878 1.71014734664e-75 16.9456 1.0 0.3452 42.6301269531 31.1175344389 0.852171980978 1430788681.48
0.078 0.999551581839 2.99191995363e-16 17.062 1.0 0.3656 42.6301269531 31.1175344389 0.810206628864 1430788682.2
0.092 0.999805770207 9.13710862921e-42 16.9604 1.0 0.3912 42.6301269531 31.1175344389 0.878147606768 1430788682.87
0.084 0.999649646415 2.4559661025e-150 16.7816 1.0 0.416 42.6301269531 31.1175344389 0.881134750821 1430788683.55
0.087 0.999706182751 0.0 16.7428 1.0 0.4424 42.6301269531 31.1175344389 0.867682747956 1430788684.2
0.08 0.999723634702 0.0 16.5268 1.0 0.4716 42.6301269531 31.1175344389 0.880023710191 1430788684.87
0.077 0.999779155196 4.27478135995e-179 16.6312 1.0 0.4956 42.6301269531 31.1175344389 0.890102252264 1430788685.59
0.071 0.999743064894 6.59847397041e-318 16.5204 1.0 0.5236 42.6301269531 31.1175344389 0.830513390781 1430788686.32
0.079 0.999753242132 2.9665249972e-41 16.6848 1.0 0.5452 42.6301269531 31.1175344389 0.853056709844 1430788687.04
0.096 0.999804372649 4.4667254166e-56 16.6616 1.0 0.57 42.6301269531 31.1175344389 0.854148377326 1430788687.73
0.078 0.999802277927 0.0 16.8024 1.0 0.5888 42.6301269531 31.1175344389 0.848703541367 1430788688.45
0.097 0.999786731941 0.0 17.0044 1.0 0.606 42.6301269531 31.1175344389 0.84082684404 1430788689.09
0.092 0.999780683266 0.0 17.0532 1.0 0.6252 42.6301269531 31.1175344389 0.81682903871 1430788689.77
0.075 0.999771194099 0.0 16.9108 1.0 0.6492 42.6301269531 31.1175344389 0.850510316392 1430788690.46
0.085 0.999790389206 0.0 17.0512 1.0 0.6696 42.6301269531 31.1175344389 0.809129465602 1430788691.14
0.087 0.999804427719 0.0 17.2116 1.0 0.688 42.6301269531 31.1175344389 0.809304390248 1430788691.81
0.075 0.999816205137 0.0 17.156 1.0 0.7128 42.6301269531 31.1175344389 0.809787882456 1430788692.48
0.067 0.999818627852 0.0 17.2532 1.0 0.7352 42.6301269531 31.1175344389 0.82027196681 1430788693.19
0.086 0.999806256437 0.0 17.2908 1.0 0.7528 42.6301269531 31.1175344389 0.79697696884 1430788693.82
0.098 0.999811878315 0.0 17.474 1.0 0.7656 42.6301269531 31.1175344389 0.844655308724 1430788694.53
0.08 0.999814777688 0.0 17.4768 1.0 0.78 42.6301269531 31.1175344389 0.82416959415 1430788695.23
0.073 0.999813155533 0.0 17.2948 1.0 0.798 42.6301269531 31.1175344389 0.837026649144 1430788695.9
0.085 0.999814718963 0.0 17.282 1.0 0.8104 42.6301269531 31.1175344389 0.844653569608 1430788696.56
0.09 0.999817069376 0.0 17.2236 1.0 0.8252 42.6301269531 31.1175344389 0.829283473441 1430788697.2
0.081 0.999817478166 0.0 17.1952 1.0 0.8388 42.6301269531 31.1175344389 0.840999485765 1430788697.87
0.078 0.999822193831 0.0 17.3228 1.0 0.8508 42.6301269531 31.1175344389 0.84493025269 1430788698.63
0.086 0.999823827236 0.0 17.4416 1.0 0.8612 42.6301269531 31.1175344389 0.849614517231 1430788699.34
0.099 0.999795183453 0.0 17.4216 1.0 0.8716 42.6301269531 31.1175344389 0.80568818262 1430788700.04
0.071 0.999802854922 0.0 17.256 1.0 0.8856 42.6301269531 31.1175344389 0.792429493983 1430788700.78
0.078 0.999814025447 0.0 17.3864 1.0 0.896 42.6301269531 31.1175344389 0.821896234316 1430788701.53
0.096 0.999812653567 0.0 17.4752 1.0 0.0484 40.3150634766 28.8271496495 0.845256910195 1430788702.19
0.083 0.999815296912 0.0 17.6164 1.0 0.106 40.3150634766 28.8271496495 0.795097469667 1430788702.88
0.085 0.9998156382 0.0 17.6276 1.0 0.1436 40.3150634766 28.8271496495 0.829257789004 1430788703.63
0.084 0.999806286327 0.0 17.6744 1.0 0.176 40.3150634766 28.8271496495 0.845586737231 1430788704.28
0.089 0.999808894594 0.0 17.6112 1.0 0.2104 40.3150634766 28.8271496495 0.818898283357 1430788704.92
0.089 0.999794447873 0.0 17.6668 1.0 0.2396 40.3150634766 28.8271496495 0.867649355313 1430788705.62
0.079 0.999741661572 0.0 17.5868 1.0 0.2728 40.3150634766 28.8271496495 0.800943685067 1430788706.28
0.091 0.99966889759 0.0 17.6776 1.0 0.3044 40.3150634766 28.8271496495 0.81154745795 1430788706.93
0.1 0.999567558922 0.0 17.7048 1.0 0.3344 40.3150634766 28.8271496495 0.817380279299 1430788707.65
0.062 0.999437403392 0.0 17.638 1.0 0.3684 40.3150634766 28.8271496495 0.81210260082 1430788708.35
0.092 0.999809568273 0.0 17.4724 1.0 0.4044 40.3150634766 28.8271496495 0.783106266113 1430788709.06
0.066 0.999823241109 0.0 17.5724 1.0 0.428 40.3150634766 28.8271496495 0.84313949496 1430788709.78
0.096 0.999822612729 0.0 17.528 1.0 0.4564 40.3150634766 28.8271496495 0.835934187876 1430788710.45
0.085 0.999816458561 0.0 17.5016 1.0 0.484 40.3150634766 28.8271496495 0.824094794281 1430788711.12
0.097 0.999779811235 0.0 17.31 1.0 0.516 40.3150634766 28.8271496495 0.81649259939 1430788711.79
0.086 0.999806387802 0.0 17.2528 1.0 0.5412 40.3150634766 28.8271496495 0.859813849422 1430788712.51
0.099 0.999821035306 0.0 17.1304 1.0 0.5672 40.3150634766 28.8271496495 0.81403225632 1430788713.2
0.097 0.999819592091 0.0 16.9848 1.0 0.5932 40.3150634766 28.8271496495 0.850388988298 1430788713.93
0.088 0.999819264914 0.0 16.982 1.0 0.6144 40.3150634766 28.8271496495 0.812007575581 1430788714.66
0.079 0.999819473528 0.0 17.0472 1.0 0.6368 40.3150634766 28.8271496495 0.824206733748 1430788715.34
0.089 0.999815546912 3.46136654661e-97 17.1108 1.0 0.6572 40.3150634766 28.8271496495 0.829464026789 1430788716.03
0.088 0.999823694849 0.000163121821704 17.2128 1.0 0.6752 40.3150634766 28.8271496495 0.835150431128 1430788716.74
0.093 0.999743822215 0.0081835403539 17.1244 1.0 0.6968 40.3150634766 28.8271496495 0.814499747625 1430788717.42
0.086 0.997758769798 0.0143448357021 17.1956 1.0 0.7108 40.3150634766 28.8271496495 0.813537512514 1430788718.16
0.101 0.991928417218 0.0134521783593 16.9552 1.0 0.7332 40.3150634766 28.8271496495 0.766018760124 1430788718.86
0.119 0.988770026244 0.000288115435065 16.6212 1.0 0.7572 40.3150634766 28.8271496495 0.710490760772 1430788719.6
0.084 0.992703286448 2.34643320572e-22 16.834 1.0 0.77 40.3150634766 28.8271496495 0.740310920409 1430788720.34
0.081 0.998352127652 0.0 17.1132 1.0 0.7796 40.3150634766 28.8271496495 0.873634491817 1430788721.02
0.084 0.999457583219 0.0 17.3636 1.0 0.7908 40.3150634766 28.8271496495 0.85064418121 1430788721.72
0.091 0.999197721217 0.0 17.5176 1.0 0.8 40.3150634766 28.8271496495 0.839364706356 1430788722.41
0.082 0.999821271069 0.0 17.4672 1.0 0.8148 40.3150634766 28.8271496495 0.859688214889 1430788723.1
0.099 0.999460596251 0.0 17.612 1.0 0.824 40.3150634766 28.8271496495 0.778610907479 1430788723.78
0.092 0.999625304439 0.0 17.6744 1.0 0.8344 40.3150634766 28.8271496495 0.840938964031 1430788724.48
0.092 0.99982716327 2.34227883904e-42 17.6408 1.0 0.846 40.3150634766 28.8271496495 0.82531386811 1430788725.18
0.098 0.999824473102 0.000110740610634 17.6612 1.0 0.8548 40.3150634766 28.8271496495 0.830177532274 1430788725.95
0.094 0.999811054355 0.00122223926797 17.7728 1.0 0.8632 40.3150634766 28.8271496495 0.845182813132 1430788726.61
0.083 0.999553530964 0.0074947087011 17.764 1.0 0.8724 40.3150634766 28.8271496495 0.860285939405 1430788727.31
0.096 0.996846600993 0.011660221467 17.4648 1.0 0.8856 40.3150634766 28.8271496495 0.808958299456 1430788728.01
0.114 0.991680082863 0.0115048447809 17.4 1.0 0.8936 40.3150634766 28.8271496495 0.726486914118 1430788728.74
0.101 0.989669309366 0.00171184957331 17.2712 1.0 0.0344 39.6575317383 28.1243302922 0.705903657078 1430788729.49
0.097 0.993675482875 2.87760054599e-10 17.4188 1.0 0.1112 39.6575317383 28.1243302922 0.734091071161 1430788730.24
0.101 0.998541838719 1.33656759421e-184 17.342 1.0 0.1496 39.6575317383 28.1243302922 0.845669326369 1430788730.93
0.087 0.999383697494 0.0 17.4796 1.0 0.1824 39.6575317383 28.1243302922 0.830057642645 1430788731.64
0.102 0.999150541615 0.0 17.5824 1.0 0.2104 39.6575317383 28.1243302922 0.833420977815 1430788732.34
0.077 0.999828965941 0.0 17.6636 1.0 0.2416 39.6575317383 28.1243302922 0.864275222349 1430788733.07
0.092 0.999471099708 0.0 17.65 1.0 0.2768 39.6575317383 28.1243302922 0.865452075867 1430788733.77
0.091 0.999629618436 0.0 17.732 1.0 0.3064 39.6575317383 28.1243302922 0.817002183647 1430788734.47
0.076 0.99982726581 0.0 17.7308 1.0 0.3368 39.6575317383 28.1243302922 0.821551036365 1430788735.19
0.088 0.999826488068 0.0 17.7768 1.0 0.3656 39.6575317383 28.1243302922 0.834382321595 1430788735.92
0.084 0.999813588143 0.0 17.8572 1.0 0.396 39.6575317383 28.1243302922 0.864899080293 1430788736.63
0.09 0.999777527826 0.0 17.9352 1.0 0.4192 39.6575317383 28.1243302922 0.847822360133 1430788737.33
0.092 0.999804713553 0.0 18.0836 1.0 0.4412 39.6575317383 28.1243302922 0.823234370117 1430788738.01
0.081 0.999814715006 0.0 17.81 1.0 0.4704 39.6575317383 28.1243302922 0.847786524779 1430788738.71
0.071 0.999817984202 0.0 17.8032 1.0 0.496 39.6575317383 28.1243302922 0.827499818071 1430788739.47
0.075 0.999827972837 0.0 17.8492 1.0 0.5196 39.6575317383 28.1243302922 0.867572779471 1430788740.2
0.092 0.999824757373 0.0 18.154 1.0 0.5384 39.6575317383 28.1243302922 0.838731127208 1430788740.94
0.089 0.999815631594 0.0 18.336 1.0 0.5596 39.6575317383 28.1243302922 0.822976104451 1430788741.61
0.089 0.999810640605 0.0 18.3448 1.0 0.5812 39.6575317383 28.1243302922 0.804099825134 1430788742.29
0.08 0.999817333469 0.0 18.258 1.0 0.6044 39.6575317383 28.1243302922 0.805042507893 1430788742.96
0.082 0.999818597362 0.0 18.2252 1.0 0.626 39.6575317383 28.1243302922 0.769795200834 1430788743.66
0.076 0.999825460437 0.0 18.2936 1.0 0.6456 39.6575317383 28.1243302922 0.815003286106 1430788744.34
0.08 0.999820728159 0.0 18.4248 1.0 0.6632 39.6575317383 28.1243302922 0.811637305904 1430788745.06
0.095 0.999822313951 0.0 18.62 1.0 0.6772 39.6575317383 28.1243302922 0.840647945795 1430788745.8
0.076 0.999815990954 0.0 18.6384 1.0 0.6936 39.6575317383 28.1243302922 0.788665213783 1430788746.52
0.074 0.999817530388 0.0 18.7064 1.0 0.7096 39.6575317383 28.1243302922 0.824735414131 1430788747.22
0.089 0.999813905982 0.0 18.7896 1.0 0.7256 39.6575317383 28.1243302922 0.830736148678 1430788747.89
0.079 0.999813705798 0.0 18.752 1.0 0.7444 39.6575317383 28.1243302922 0.814820985658 1430788748.6
0.065 0.999820030854 0.0 18.6752 1.0 0.7612 39.6575317383 28.1243302922 0.80437674829 1430788749.28
0.092 0.999823596339 0.0 18.8172 1.0 0.7732 39.6575317383 28.1243302922 0.816876912066 1430788749.97
0.07 0.999812679067 0.0 18.9828 1.0 0.7824 39.6575317383 28.1243302922 0.801790955634 1430788750.67
0.086 0.999830151832 0.0 19.242 1.0 0.7912 39.6575317383 28.1243302922 0.79917252205 1430788751.4
0.083 0.999821468537 0.0 19.2424 1.0 0.8016 39.6575317383 28.1243302922 0.797641487353 1430788752.09
0.093 0.999817529695 0.0 19.4496 1.0 0.8104 39.6575317383 28.1243302922 0.804164924989 1430788752.82
0.081 0.999815745894 0.0 19.3556 1.0 0.822 39.6575317383 28.1243302922 0.756968361518 1430788753.51
0.088 0.999826941097 0.0 19.3276 1.0 0.8348 39.6575317383 28.1243302922 0.816895927492 1430788754.22
0.071 0.999821103677 0.0 19.1416 1.0 0.8472 39.6575317383 28.1243302922 0.809762329493 1430788754.9
0.077 0.999823758536 0.0 19.1228 1.0 0.8568 39.6575317383 28.1243302922 0.796072590796 1430788755.58
0.097 0.999819404965 0.0 19.0416 1.0 0.8672 39.6575317383 28.1243302922 0.799234067038 1430788756.3
0.074 0.999811933124 0.0 18.8608 1.0 0.88 39.6575317383 28.1243302922 0.805598530506 1430788757.03
0.073 0.999809790437 0.0 18.7828 1.0 0.89 39.6575317383 28.1243302922 0.810798312097 1430788757.74
0.083 0.999831195095 0.0 18.6916 1.0 0.0108 40.3287658691 28.5620302012 0.765691717333 1430788758.44
0.076 0.999815492179 0.0 18.8064 1.0 0.0872 40.3287658691 28.5620302012 0.806130169529 1430788759.11
0.071 0.999812997159 4.35345956051e-169 18.7708 1.0 0.1272 40.3287658691 28.5620302012 0.821452502197 1430788759.78
0.071 0.999809962705 8.69156409751e-11 18.6232 1.0 0.16 40.3287658691 28.5620302012 0.818430946877 1430788760.46
0.085 0.99980790537 0.000143816154281 18.6136 1.0 0.19 40.3287658691 28.5620302012 0.811791495175 1430788761.13
0.086 0.999743770727 0.000663137451337 18.5308 1.0 0.2184 40.3287658691 28.5620302012 0.821178500838 1430788761.8
0.087 0.999454929621 2.92889047763e-06 18.2332 1.0 0.2516 40.3287658691 28.5620302012 0.821517817722 1430788762.51
0.088 0.999758982863 0.000261254645892 18.372 1.0 0.2784 40.3287658691 28.5620302012 0.799007642169 1430788763.17
0.095 0.999744867007 0.000813949553568 18.34 1.0 0.3076 40.3287658691 28.5620302012 0.844289727527 1430788763.91
0.103 0.999477278884 9.14332792626e-14 18.37 1.0 0.3336 40.3287658691 28.5620302012 0.839030473282 1430788764.61
0.085 0.999748684769 2.48953909067e-297 18.156 1.0 0.3644 40.3287658691 28.5620302012 0.828001484149 1430788765.32
0.083 0.999788257256 0.0 17.7948 1.0 0.3972 40.3287658691 28.5620302012 0.835014355489 1430788766.02
0.075 0.999803098034 0.0 17.532 1.0 0.4304 40.3287658691 28.5620302012 0.833363113736 1430788766.71
0.081 0.999789180887 0.0 17.4748 1.0 0.46 40.3287658691 28.5620302012 0.824952674615 1430788767.39
0.072 0.999778588931 0.0 17.324 1.0 0.488 40.3287658691 28.5620302012 0.837381657022 1430788768.07
0.082 0.999800823845 0.0 17.3376 1.0 0.5156 40.3287658691 28.5620302012 0.829766709068 1430788768.78
0.079 0.999809147867 0.0 17.4092 1.0 0.538 40.3287658691 28.5620302012 0.820868775797 1430788769.47
0.069 0.99979638537 0.0 17.2596 1.0 0.5664 40.3287658691 28.5620302012 0.803050989135 1430788770.15
0.077 0.999810434707 0.0 17.454 1.0 0.5844 40.3287658691 28.5620302012 0.835436092407 1430788770.83
0.083 0.99981517769 0.0 17.6728 1.0 0.6016 40.3287658691 28.5620302012 0.871736636858 1430788771.52
0.097 0.999816931469 0.0 17.6992 1.0 0.6236 40.3287658691 28.5620302012 0.819533655423 1430788772.28
0.085 0.999812533262 0.0 17.7256 1.0 0.6432 40.3287658691 28.5620302012 0.848517531521 1430788772.97
0.082 0.999819002807 0.0 17.5412 1.0 0.668 40.3287658691 28.5620302012 0.823429110001 1430788773.66
0.084 0.999823824764 5.49077340197e-51 17.5664 1.0 0.6868 40.3287658691 28.5620302012 0.871297606608 1430788774.34
0.077 0.999813022834 0.000741038188915 17.3084 1.0 0.7116 40.3287658691 28.5620302012 0.833921895293 1430788775.02
0.102 0.999572859803 0.0159271143978 17.2352 1.0 0.7312 40.3287658691 28.5620302012 0.863373926441 1430788775.74
0.083 0.996805353309 0.0220316515007 17.16 1.0 0.752 40.3287658691 28.5620302012 0.79782201265 1430788776.42
0.102 0.989802065286 0.00220886932321 16.9492 1.0 0.7696 40.3287658691 28.5620302012 0.709767063563 1430788777.13
0.085 0.990688589426 1.21065789874e-19 16.8824 1.0 0.7832 40.3287658691 28.5620302012 0.733648029456 1430788777.81
0.1 0.995690317672 0.0 17.0096 1.0 0.792 40.3287658691 28.5620302012 0.753528624319 1430788778.52
0.089 0.999703641882 0.0 17.0748 1.0 0.8072 40.3287658691 28.5620302012 0.832711503299 1430788779.25
0.09 0.99927431186 0.0 17.2868 1.0 0.8192 40.3287658691 28.5620302012 0.84745764076 1430788779.93
0.088 0.999630334018 0.0 17.2688 1.0 0.8324 40.3287658691 28.5620302012 0.831882213417 1430788780.62
0.077 0.999755443429 0.0 17.0364 1.0 0.8496 40.3287658691 28.5620302012 0.829402125832 1430788781.32
0.075 0.999590215319 0.0 17.0484 1.0 0.8624 40.3287658691 28.5620302012 0.866280175546 1430788782.03
0.085 0.999753250134 0.0 16.9568 1.0 0.8752 40.3287658691 28.5620302012 0.831205801369 1430788782.75
0.082 0.999816173033 0.0 17.1196 1.0 0.8836 40.3287658691 28.5620302012 0.834139684189 1430788783.44
0.104 0.999810524643 0.0 17.1268 1.0 0.892 40.3287658691 28.5620302012 0.855301840311 1430788784.08
0.08 0.999820811037 0.0 17.1748 1.0 0.8988 40.3287658691 28.5620302012 0.86788608647 1430788784.77
0.088 0.999800183168 0.0 17.2704 1.0 0.0632 39.6643829346 27.6595786239 0.857713787286 1430788785.45
0.086 0.999776862696 0.0 17.1456 1.0 0.1184 39.6643829346 27.6595786239 0.85152619597 1430788786.17
0.083 0.999804817389 0.0 17.0716 1.0 0.1568 39.6643829346 27.6595786239 0.841956552855 1430788786.84
0.101 0.999807783145 0.0 17.1948 1.0 0.1896 39.6643829346 27.6595786239 0.833815487015 1430788787.54
0.092 0.99981861027 0.0 17.2544 1.0 0.2196 39.6643829346 27.6595786239 0.841156175139 1430788788.27
0.091 0.9998091955 0.0 17.068 1.0 0.2544 39.6643829346 27.6595786239 0.838865790886 1430788788.95
0.08 0.999819527179 0.0 16.992 1.0 0.2868 39.6643829346 27.6595786239 0.836670890962 1430788789.68
0.09 0.999829702999 0.0 17.1928 1.0 0.3096 39.6643829346 27.6595786239 0.854028332421 1430788790.39
0.09 0.999825198372 0.0 17.1176 1.0 0.3416 39.6643829346 27.6595786239 0.818362836151 1430788791.09
0.066 0.999826915315 0.0 17.0472 1.0 0.3696 39.6643829346 27.6595786239 0.847974509714 1430788791.79
0.094 0.999810290749 0.0 17.362 1.0 0.39 39.6643829346 27.6595786239 0.868604128833 1430788792.44
0.09 0.999813130706 0.0 17.186 1.0 0.4208 39.6643829346 27.6595786239 0.848689214219 1430788793.09
0.083 0.999808384555 0.0 17.542 1.0 0.4392 39.6643829346 27.6595786239 0.824126075309 1430788793.74
0.062 0.99980916605 0.0 17.6084 1.0 0.464 39.6643829346 27.6595786239 0.815318858362 1430788794.42
0.072 0.999823362314 0.0 17.5244 1.0 0.4924 39.6643829346 27.6595786239 0.82920340779 1430788795.13
0.088 0.999820227997 0.0 17.7324 1.0 0.512 39.6643829346 27.6595786239 0.819382792984 1430788795.82
0.083 0.999819595418 0.0 17.8764 1.0 0.5336 39.6643829346 27.6595786239 0.867716168353 1430788796.49
0.067 0.999823180752 0.0 17.6844 1.0 0.5624 39.6643829346 27.6595786239 0.811434990427 1430788797.16
0.061 0.999815487542 0.0 17.732 1.0 0.5836 39.6643829346 27.6595786239 0.81721066795 1430788797.86
0.082 0.999817568511 0.0 17.436 1.0 0.6124 39.6643829346 27.6595786239 0.805126317633 1430788798.55
0.094 0.9998187884 0.0 17.5344 1.0 0.6304 39.6643829346 27.6595786239 0.833353519117 1430788799.25
0.079 0.99982209286 0.0 17.5136 1.0 0.6508 39.6643829346 27.6595786239 0.805784274251 1430788799.94
0.088 0.99981265152 0.0 17.6352 1.0 0.6688 39.6643829346 27.6595786239 0.819765951874 1430788800.64
0.083 0.999818692042 0.0 17.74 1.0 0.6848 39.6643829346 27.6595786239 0.752030752871 1430788801.33
0.088 0.999817689467 0.0 18.034 1.0 0.698 39.6643829346 27.6595786239 0.784591736103 1430788802.08
0.078 0.9998143294 0.0 18.0824 1.0 0.7156 39.6643829346 27.6595786239 0.828402020078 1430788802.76
0.094 0.999814895614 0.0 18.2024 1.0 0.7308 39.6643829346 27.6595786239 0.817022129332 1430788803.46
0.1 0.999818876411 0.0 18.1916 1.0 0.7448 39.6643829346 27.6595786239 0.819219559723 1430788804.16
0.085 0.999815986136 0.0 18.2328 1.0 0.76 39.6643829346 27.6595786239 0.779251201163 1430788804.94
0.074 0.999817571691 0.0 18.1076 1.0 0.7788 39.6643829346 27.6595786239 0.826690089027 1430788805.63
0.075 0.999830225383 0.0 18.1012 1.0 0.794 39.6643829346 27.6595786239 0.826526669684 1430788806.36
0.071 0.999822318626 0.0 18.1608 1.0 0.8092 39.6643829346 27.6595786239 0.828070236108 1430788807.04
0.08 0.999814411431 0.0 18.1432 1.0 0.8248 39.6643829346 27.6595786239 0.815363346872 1430788807.79
0.066 0.999817112957 0.0 18.2168 1.0 0.8352 39.6643829346 27.6595786239 0.826215680063 1430788808.45
0.075 0.999814383386 0.0 18.2224 1.0 0.8448 39.6643829346 27.6595786239 0.835814834055 1430788809.15
0.073 0.999818021003 0.0 18.3304 1.0 0.8516 39.6643829346 27.6595786239 0.857001602736 1430788809.85
0.083 0.99982231334 0.0 18.3996 1.0 0.8604 39.6643829346 27.6595786239 0.830186164757 1430788810.57
0.093 0.999820734454 0.0 18.5268 1.0 0.866 39.6643829346 27.6595786239 0.87307743844 1430788811.28
0.083 0.999822317992 0.0 18.5324 1.0 0.8752 39.6643829346 27.6595786239 0.80487291367 1430788811.98
0.066 0.999817947136 0.0 18.5344 1.0 0.8824 39.6643829346 27.6595786239 0.857700158825 1430788812.67
0.086 0.999811264049 0.0 18.6376 1.0 0.8884 39.6643829346 27.6595786239 0.819884489836 1430788813.36
0.077 0.999813121027 0.0 18.5548 1.0 0.8952 39.6643829346 27.6595786239 0.81454608626 1430788814.02
0.085 0.99981549586 0.0 18.6392 1.0 0.0056 40.8321914673 28.5834362817 0.793145313132 1430788814.68
0.07 0.999808844877 0.0 18.6796 1.0 0.0892 40.8321914673 28.5834362817 0.792748507851 1430788815.35
0.088 0.999823655435 0.0 18.6304 1.0 0.1316 40.8321914673 28.5834362817 0.795967316756 1430788816.06
0.093 0.999819025342 3.50847988481e-97 18.6056 1.0 0.1648 40.8321914673 28.5834362817 0.838037450564 1430788816.76
0.074 0.999810253582 1.53503505e-26 18.4868 1.0 0.2012 40.8321914673 28.5834362817 0.810535196076 1430788817.44
0.078 0.999822286029 6.25089292377e-55 18.5848 1.0 0.2304 40.8321914673 28.5834362817 0.832002586137 1430788818.16
0.08 0.999811433272 0.0 18.6508 1.0 0.2592 40.8321914673 28.5834362817 0.77334524709 1430788818.9
0.069 0.99981737074 0.0 18.6008 1.0 0.2908 40.8321914673 28.5834362817 0.773639261375 1430788819.58
0.079 0.999817803772 0.0 18.6384 1.0 0.3192 40.8321914673 28.5834362817 0.811780540246 1430788820.29
0.079 0.999815200127 0.0 18.6864 1.0 0.3472 40.8321914673 28.5834362817 0.811578318969 1430788820.98
