0.082 0.998580440239 0.0130494835311 0.9148 0.1032 0.1032 0 0 0.924996507034 1430787179.0
0.087 0.993220638047 0.0177031997012 1.7828 0.1316 0.1316 0 0 0.833859109618 1430787179.69
0.096 0.987853048798 0.00147697971814 2.5972 0.1624 0.1624 0 0 0.745561446485 1430787180.45
0.089 0.990941254155 0.00356777299086 3.3768 0.1952 0.1952 0 0 0.779009788944 1430787181.16
0.086 0.996126790371 0.0165427362606 4.1624 0.22 0.22 0 0 0.874150692428 1430787181.85
0.101 0.994995754229 0.0129793765401 4.9112 0.2468 0.2468 0 0 0.871778448483 1430787182.56
0.1 0.992430594174 0.015229195058 5.5616 0.284 0.284 0 0 0.827583510576 1430787183.24
0.088 0.990191989186 0.00888246288076 6.2108 0.3156 0.3156 0 0 0.773736102268 1430787183.96
0.118 0.992360078206 0.000777452956551 6.8708 0.3424 0.3424 0 0 0.829738577621 1430787184.66
0.105 0.997414700629 3.83683662092e-09 7.4976 0.3692 0.3692 0 0 0.88057113278 1430787185.36
0.086 0.999817525647 9.22269576531e-67 8.0928 0.3964 0.3964 0 0 0.896451140586 1430787186.1
0.105 0.999243909816 0.0 8.696 0.4196 0.4196 0 0 0.867965915299 1430787186.8
0.09 0.999773587027 0.0 9.2112 0.4464 0.4464 0 0 0.895510375151 1430787187.51
0.073 0.999713290943 0.0 9.7188 0.4684 0.4684 0 0 0.859431277865 1430787188.21
0.085 0.999658798215 0.0 10.29 0.4856 0.4856 0 0 0.88774149038 1430787188.89
0.072 0.999797256298 0.0 10.776 0.5056 0.5056 0 0 0.869601086264 1430787189.64
0.081 0.999818442123 0.0 11.2476 0.5248 0.5248 0 0 0.861712813603 1430787190.34
0.072 0.999824214209 0.0 11.6628 0.5472 0.5472 0 0 0.844089454563 1430787191.03
0.095 0.999804671625 0.0 12.014 0.5684 0.5684 0 0 0.834100274554 1430787191.77
0.088 0.999776812249 0.0 12.3844 0.5872 0.5872 0 0 0.879971037881 1430787192.51
0.092 0.999802702601 0.0 12.7144 0.6068 0.6068 0 0 0.845918126203 1430787193.23
0.084 0.999806637916 0.0 13.0644 0.6264 0.6264 0 0 0.862427268801 1430787193.94
0.073 0.99981283371 0.0 13.3604 0.646 0.646 0 0 0.876928076981 1430787194.67
0.075 0.999824039201 0.0 13.8092 0.6572 0.6572 0 0 0.871705109204 1430787195.46
0.073 0.999821619429 0.0 14.1356 0.6704 0.6704 0 0 0.862439773347 1430787196.2
0.07 0.999821600815 0.0 14.43 0.686 0.686 0 0 0.885835969635 1430787196.94
0.082 0.999810409902 0.0 14.7632 0.6984 0.6984 0 0 0.84409633552 1430787197.66
0.084 0.999802002464 0.0 15.1664 0.7108 0.7108 0 0 0.834735218621 1430787198.38
0.08 0.999821263139 0.0 15.5036 0.7236 0.7236 0 0 0.860166995184 1430787199.07
0.073 0.999813316437 0.0 15.7708 0.7384 0.7384 0 0 0.854237944894 1430787199.77
0.072 0.99981268065 0.0 15.9492 0.7528 0.7528 0 0 0.822733712682 1430787200.53
0.084 0.999805264133 0.0 16.282 0.762 0.762 0 0 0.875355938161 1430787201.14
0.093 0.999811192324 0.0 16.468 0.7748 0.7748 0 0 0.830944243501 1430787201.78
0.076 0.999819846245 0.0 16.6656 0.7836 0.7836 0 0 0.863329262961 1430787202.45
0.113 0.999812387564 0.0 16.8756 0.7916 0.7916 0 0 0.8900433502 1430787203.13
0.074 0.999818395468 0.0 17.0848 0.8004 0.8004 0 0 0.849290620969 1430787203.95
0.079 0.999818854131 0.0 17.3788 0.8064 0.8064 0 0 0.863231078115 1430787204.78
0.091 0.999817756456 0.0 17.5852 0.812 0.812 0 0 0.841342388833 1430787205.5
0.085 0.999814591518 0.0 17.8336 0.8188 0.8188 0 0 0.826182748154 1430787206.23
0.07 0.999821721099 0.0 17.826 0.8272 0.8272 0 0 0.832240619313 1430787206.9
0.09 0.999822104618 0.0 17.9964 0.8332 0.8332 0 0 0.830397567437 1430787207.67
0.087 0.999815886001 4.55935013579e-314 18.1032 0.8436 0.8436 0 0 0.829119398276 1430787208.42
0.068 0.99982542895 2.46920482643e-220 18.1432 0.852 0.852 0 0 0.829545240135 1430787209.14
0.067 0.999812461199 1.12570478649e-07 17.9532 0.8616 0.8616 0 0 0.81604145441 1430787209.87
0.089 0.99982038771 6.08473698699e-06 18.2484 0.866 0.866 0 0 0.839082070916 1430787210.62
0.092 0.999817861494 2.52151254048e-22 18.3368 0.8716 0.8716 0 0 0.836430699142 1430787211.33
0.084 0.999809810855 2.37718686095e-34 18.304 0.8776 0.8776 0 0 0.820966971661 1430787212.03
0.092 0.999822027469 1.67672065641e-50 18.358 0.8832 0.8832 0 0 0.846846719633 1430787212.75
0.089 0.999818987646 0.0 18.3408 0.89 0.89 0 0 0.815099584768 1430787213.45
0.073 0.999811164685 0.0 18.3536 0.896 0.896 0 0 0.805745024848 1430787214.27
0.079 0.999821334687 0.0 18.1844 0.8988 0.8988 0 0 0.81903239422 1430787214.96
0.099 0.999812285518 0.0 18.0632 0.902 0.0832 51 36.636909008 0.795982290006 1430787215.66
0.099 0.99981797437 0.0 18.0984 0.9084 0.118 51 36.636909008 0.816698038869 1430787216.35
0.083 0.99980852205 0.0 18.1316 0.9152 0.1472 51 36.636909008 0.811517576052 1430787217.06
0.088 0.999814889869 0.0 18.1192 0.922 0.1792 51 36.636909008 0.848990161772 1430787217.78
0.095 0.999829798608 0.0 18.1576 0.9252 0.212 51 36.636909008 0.811159586078 1430787218.51
0.083 0.999826863042 0.0 18.0592 0.9332 0.2428 51 36.636909008 0.845307206134 1430787219.32
0.095 0.999825382253 0.0 18.0232 0.9388 0.2728 51 36.636909008 0.83808542431 1430787220.05
0.09 0.999818135537 0.0 17.9424 0.9432 0.3028 51 36.636909008 0.81529802566 1430787220.79
0.07 0.999815285265 0.0 18.1516 0.9464 0.326 51 36.636909008 0.857745550517 1430787221.53
0.096 0.999814205619 0.0 18.182 0.9492 0.3532 51 36.636909008 0.849133241886 1430787222.23
0.089 0.999815762153 0.0 18.358 0.95 0.3784 51 36.636909008 0.865699506476 1430787222.99
0.084 0.999822199301 8.71285563473e-11 18.5008 0.9508 0.4028 51 36.636909008 0.816102197882 1430787223.72
0.072 0.99981435706 0.000143854255129 18.594 0.9528 0.428 51 36.636909008 0.832404016011 1430787224.48
0.079 0.99975046088 0.0073489126093 18.6596 0.9548 0.4508 51 36.636909008 0.825994434388 1430787225.21
0.084 0.997754506362 0.0164260962497 18.8288 0.9556 0.474 51 36.636909008 0.793745281773 1430787225.88
0.11 0.992045165381 0.00213587888253 18.5216 0.958 0.5076 51 36.636909008 0.736889288115 1430787226.57
0.1 0.992866714996 4.18689914286e-08 18.5324 0.96 0.5312 51 36.636909008 0.722284241861 1430787227.26
0.109 0.997535919708 5.1932066969e-57 18.3332 0.962 0.5612 51 36.636909008 0.812550974633 1430787228.0
0.076 0.99976585038 0.0 18.3172 0.9624 0.5848 51 36.636909008 0.861880774154 1430787228.72
0.069 0.999306942676 0.0 18.1524 0.9644 0.6104 51 36.636909008 0.81855578839 1430787229.4
0.079 0.999817595051 0.0 18.2428 0.966 0.628 51 36.636909008 0.857556775543 1430787230.14
0.07 0.999658116835 0.0 18.4696 0.9664 0.644 51 36.636909008 0.83404304999 1430787230.82
0.066 0.999700033239 0.0 18.5652 0.9668 0.666 51 36.636909008 0.832655003747 1430787231.52
0.078 0.999805742045 0.0 18.7012 0.968 0.6836 51 36.636909008 0.869555854417 1430787232.25
0.078 0.999801261184 0.0 18.8932 0.9692 0.6996 51 36.636909008 0.820816310861 1430787232.96
0.07 0.999794576315 0.0 19.1976 0.97 0.712 51 36.636909008 0.860617858693 1430787233.73
0.09 0.999805514277 0.0 19.586 0.97 0.7228 51 36.636909008 0.88009762165 1430787234.4
0.092 0.999810786216 1.85028040913e-29 19.8528 0.97 0.734 51 36.636909008 0.862107233341 1430787235.1
0.104 0.999810227801 0.00169045265808 20.0648 0.9712 0.744 51 36.636909008 0.874979854738 1430787235.86
0.1 0.99946305433 0.0154313960698 20.0168 0.9716 0.7612 51 36.636909008 0.834085554304 1430787236.61
0.089 0.99667560848 0.0181398607717 19.9668 0.9724 0.776 51 36.636909008 0.801311526564 1430787237.42
0.093 0.989672726545 0.00177344388763 19.8824 0.974 0.7868 51 36.636909008 0.751398912534 1430787238.24
0.095 0.99075075949 1.0950316816e-06 19.8628 0.9756 0.7984 51 36.636909008 0.726448413687 1430787239.03
0.082 0.995749041518 1.23644536403e-21 19.992 0.9764 0.808 51 36.636909008 0.83492565789 1430787239.79
0.082 0.999713709882 2.55179378446e-209 20.0252 0.9776 0.8176 51 36.636909008 0.850240008625 1430787240.56
0.085 0.999279488227 0.0 19.8732 0.98 0.828 51 36.636909008 0.874743039769 1430787241.27
0.079 0.998040247874 0.0 19.9088 0.9808 0.8356 51 36.636909008 0.809288266825 1430787242.03
0.07 0.999609266084 0.0 19.8012 0.9824 0.846 51 36.636909008 0.835288410988 1430787242.74
0.088 0.999400893357 0.0 19.838 0.9836 0.854 51 36.636909008 0.798347605769 1430787243.49
0.082 0.999526176309 0.0 19.9368 0.9848 0.86 51 36.636909008 0.853056080899 1430787244.26
0.08 0.999819951048 0.0 19.9376 0.9864 0.8664 51 36.636909008 0.848026849765 1430787244.99
0.073 0.999783495777 0.0 19.7856 0.9868 0.874 51 36.636909008 0.845492890077 1430787245.7
0.069 0.999776894163 0.0 19.778 0.9868 0.8804 51 36.636909008 0.8653365831 1430787246.43
0.078 0.999685775145 0.0 19.7308 0.9868 0.886 51 36.636909008 0.784684924238 1430787247.17
0.066 0.999578253093 0.0 19.8704 0.9868 0.892 51 36.636909008 0.86180069623 1430787247.92
0.09 0.999791585316 0.0 19.7832 0.9868 0.898 51 36.636909008 0.843734627713 1430787248.68
0.073 0.999815628137 0.0 19.8444 0.9868 0.0456 48.5 35.2739695311 0.824942015952 1430787249.38
0.08 0.999813784933 0.0 20.0532 0.9868 0.1048 48.5 35.2739695311 0.864406365673 1430787250.12
0.068 0.999789071297 0.0 19.952 0.988 0.1444 48.5 35.2739695311 0.82741465258 1430787250.85
0.076 0.999771316377 1.16036973932e-58 19.81 0.9892 0.1784 48.5 35.2739695311 0.837623771241 1430787251.56
0.096 0.999801970956 3.99918654857e-12 19.6716 0.9892 0.2168 48.5 35.2739695311 0.848119492877 1430787252.3
0.087 0.999819929719 2.23495250846e-05 19.6484 0.99 0.2468 48.5 35.2739695311 0.839493325297 1430787253.01
0.069 0.999817495062 0.0037090271369 19.208 0.9912 0.2868 48.5 35.2739695311 0.797839771311 1430787253.83
0.087 0.99896658555 0.00568081575412 19.0396 0.9912 0.32 48.5 35.2739695311 0.82192280375 1430787254.56
0.094 0.996147305157 5.79266507315e-08 18.9628 0.9916 0.3528 48.5 35.2739695311 0.797189753276 1430787255.3
0.087 0.997748884655 4.03243601239e-80 18.7896 0.9928 0.3836 48.5 35.2739695311 0.76222696639 1430787256.0
0.083 0.99982484953 0.0 18.824 0.9932 0.4076 48.5 35.2739695311 0.831090428026 1430787256.73
0.069 0.999491148077 0.0 18.5972 0.994 0.4404 48.5 35.2739695311 0.838593583228 1430787257.44
0.078 0.999805814826 0.0 18.5 0.994 0.4696 48.5 35.2739695311 0.794389664075 1430787258.14
0.074 0.999675108122 0.0 18.2316 0.9944 0.5024 48.5 35.2739695311 0.809781220458 1430787258.88
0.085 0.999710440414 0.0 18.274 0.9952 0.522 48.5 35.2739695311 0.793474463354 1430787259.56
0.083 0.999809207936 0.0 18.4016 0.996 0.54 48.5 35.2739695311 0.863626032748 1430787260.29
0.088 0.999827325212 0.0 18.5308 0.9964 0.5592 48.5 35.2739695311 0.86318203301 1430787260.98
0.082 0.999826227817 0.0 18.2668 0.9964 0.5848 48.5 35.2739695311 0.829226439877 1430787261.71
0.085 0.999808186618 0.0 18.2096 0.9964 0.6064 48.5 35.2739695311 0.847720059207 1430787262.47
0.078 0.999781223571 0.0 18.0544 0.9964 0.6296 48.5 35.2739695311 0.828738313325 1430787263.17
0.079 0.999800000819 0.0 17.8628 0.9964 0.6544 48.5 35.2739695311 0.818228190828 1430787263.86
0.074 0.999812522813 0.0 17.846 0.9964 0.674 48.5 35.2739695311 0.819532681339 1430787264.62
0.09 0.999814594661 0.0 17.8852 0.9968 0.6904 48.5 35.2739695311 0.834846210134 1430787265.4
0.079 0.99981775055 0.0 18.0056 0.9968 0.706 48.5 35.2739695311 0.804816193705 1430787266.18
0.073 0.999827963746 0.0 18.1816 0.9972 0.7188 48.5 35.2739695311 0.809582073528 1430787266.91
0.076 0.999821887077 0.0 18.0368 0.9972 0.7368 48.5 35.2739695311 0.861661867337 1430787267.66
0.08 0.999822017169 0.0 18.1724 0.9972 0.7492 48.5 35.2739695311 0.809579258102 1430787268.39
0.092 0.999819133314 0.0 17.9704 0.9972 0.7644 48.5 35.2739695311 0.783843179348 1430787269.11
0.071 0.999812471829 0.0 18.144 0.9972 0.7756 48.5 35.2739695311 0.80607763297 1430787269.83
0.079 0.999820700454 0.0 18.1416 0.9972 0.7892 48.5 35.2739695311 0.815131703206 1430787270.6
0.082 0.999820812585 0.0 17.9696 0.9972 0.8024 48.5 35.2739695311 0.805026211076 1430787271.31
0.074 0.999816021221 0.0 17.8484 0.998 0.8184 48.5 35.2739695311 0.83803576448 1430787272.04
0.076 0.999817218203 0.0 17.6564 0.9984 0.834 48.5 35.2739695311 0.841629126845 1430787272.75
0.079 0.999816930809 0.0 17.7928 0.9984 0.8424 48.5 35.2739695311 0.799752825361 1430787273.4
0.085 0.999810896008 0.0 17.8872 0.9984 0.8508 48.5 35.2739695311 0.832566500762 1430787274.08
0.072 0.999820126968 0.0 18.1132 0.9984 0.8552 48.5 35.2739695311 0.832306871647 1430787274.81
0.09 0.999820519319 0.0 18.198 0.9984 0.862 48.5 35.2739695311 0.807583854795 1430787275.54
0.093 0.99981266552 0.0 18.1432 0.9984 0.8744 48.5 35.2739695311 0.822038743223 1430787276.27
0.087 0.999811107268 0.0 18.2272 0.9984 0.8824 48.5 35.2739695311 0.825277207764 1430787276.93
0.052 0.999825608814 1.72228082549e-61 18.2552 0.9984 0.8912 48.5 35.2739695311 0.790700854416 1430787277.6
0.095 0.999820480971 0.000156486037249 18.1048 0.9984 0.8984 48.5 35.2739695311 0.777364919666 1430787278.32
0.081 0.999742064781 0.0044107591302 17.9948 0.9984 0.0776 44.75 32.3809767365 0.802384447012 1430787279.02
0.077 0.998298066749 3.08396887751e-06 18.0512 0.9984 0.1276 44.75 32.3809767365 0.781984744697 1430787279.72
0.106 0.999255037757 4.57154992197e-16 18.0968 0.9984 0.1624 44.75 32.3809767365 0.776390820538 1430787280.41
0.072 0.999814743038 6.64712485561e-89 18.202 0.9984 0.194 44.75 32.3809767365 0.808551106826 1430787281.16
0.073 0.999717716825 0.0 18.1672 0.9984 0.2256 44.75 32.3809767365 0.815754724454 1430787281.85
0.074 0.999825467107 0.0 18.224 0.9984 0.2576 44.75 32.3809767365 0.815650623874 1430787282.58
0.079 0.999769804531 0.0 18.1556 0.9984 0.2888 44.75 32.3809767365 0.76842184353 1430787283.26
0.081 0.999748394923 0.0 18.372 0.9984 0.3092 44.75 32.3809767365 0.789756405767 1430787283.95
0.083 0.999802202903 0.0 18.408 0.9984 0.3352 44.75 32.3809767365 0.797947200033 1430787284.63
0.07 0.99980941897 0.0 18.4288 0.9984 0.36 44.75 32.3809767365 0.823337577398 1430787285.38
0.088 0.99981524194 8.88900623007e-187 18.3312 0.9984 0.3876 44.75 32.3809767365 0.804389602809 1430787286.1
0.083 0.999812359407 7.26122744308e-200 18.296 0.9984 0.4144 44.75 32.3809767365 0.813730347223 1430787286.76
0.089 0.999816434099 0.0 18.1692 0.9984 0.4432 44.75 32.3809767365 0.819042582252 1430787287.45
0.092 0.99981850154 0.0 18.032 0.9988 0.4716 44.75 32.3809767365 0.828415003433 1430787288.18
0.082 0.999822155766 0.0 18.05 0.9988 0.4968 44.75 32.3809767365 0.845248091092 1430787289.02
0.089 0.999821752237 0.0 17.7988 0.9988 0.526 44.75 32.3809767365 0.832234579651 1430787289.78
0.075 0.999821954022 0.0 17.742 0.9988 0.55 44.75 32.3809767365 0.799607126981 1430787291.19
0.088 0.999817407241 0.0 17.734 0.9988 0.576 44.75 32.3809767365 0.831526062271 1430787291.93
0.092 0.99982381027 0.0 17.6828 0.9988 0.5992 44.75 32.3809767365 0.812196530191 1430787292.7
0.072 0.999818480612 0.0 17.6572 0.9988 0.624 44.75 32.3809767365 0.853697032538 1430787293.44
0.084 0.999815972538 0.0 17.4472 0.9988 0.6516 44.75 32.3809767365 0.835461867363 1430787294.16
0.09 0.99981743298 0.0 17.3552 0.9988 0.6732 44.75 32.3809767365 0.784000086382 1430787294.89
0.075 0.99982389541 0.0 17.2348 0.9988 0.6956 44.75 32.3809767365 0.810261956513 1430787295.65
0.077 0.999820735147 0.0 17.3368 0.9988 0.7128 44.75 32.3809767365 0.837205912152 1430787296.35
0.077 0.999813290667 0.0 17.3232 0.9988 0.7304 44.75 32.3809767365 0.811885682958 1430787297.05
0.078 0.999823737701 0.0 17.4216 0.9988 0.7456 44.75 32.3809767365 0.823899257043 1430787297.74
0.073 0.999822726585 0.0 17.4896 0.9988 0.7636 44.75 32.3809767365 0.815847816059 1430787298.46
0.098 0.999823900895 0.0 17.604 0.9988 0.7776 44.75 32.3809767365 0.803342075982 1430787299.21
0.089 0.999825482518 0.0 17.5632 0.9988 0.7916 44.75 32.3809767365 0.795227033417 1430787299.96
0.085 0.99981441184 0.0 17.4928 0.9988 0.806 44.75 32.3809767365 0.769773830762 1430787300.72
0.076 0.99981002018 0.0 17.4252 0.9988 0.8216 44.75 32.3809767365 0.816976134757 1430787301.46
0.092 0.999827043628 0.0 17.4736 0.9988 0.8344 44.75 32.3809767365 0.863733013786 1430787302.3
0.1 0.999820727761 0.0 17.5692 0.9988 0.8448 44.75 32.3809767365 0.799112393945 1430787303.08
0.086 0.99982579858 0.0 17.4512 0.9988 0.8576 44.75 32.3809767365 0.839179388854 1430787303.82
0.081 0.999816608843 0.0 17.7272 0.9988 0.8656 44.75 32.3809767365 0.831012000379 1430787304.58
0.081 0.999801530799 0.0 17.5492 0.9988 0.8776 44.75 32.3809767365 0.849457969436 1430787305.29
0.078 0.999820190708 0.0 17.5852 0.9988 0.8856 44.75 32.3809767365 0.828286736266 1430787306.06
0.083 0.999819272571 9.09913792148e-166 17.584 0.9988 0.8964 44.75 32.3809767365 0.871188578294 1430787306.76
0.067 0.999805353817 3.5729035797e-13 17.6148 0.9988 0.0112 41.375 30.5809763968 0.841215319168 1430787307.47
0.086 0.999782705289 0.000261261203522 18.0032 0.9988 0.0852 41.375 30.5809763968 0.861720756877 1430787308.19
0.07 0.999718370824 0.00294042484405 18.1416 0.9988 0.1212 41.375 30.5809763968 0.839526610102 1430787308.83
0.084 0.998749404498 0.0117831372058 18.2384 0.9988 0.152 41.375 30.5809763968 0.820995226173 1430787309.53
0.097 0.994656927449 0.0135364145892 18.2172 0.9988 0.1872 41.375 30.5809763968 0.728236333775 1430787310.16
0.09 0.990430741845 0.00052221993955 17.9052 0.9988 0.2272 41.375 30.5809763968 0.660134593801 1430787310.82
0.092 0.993055172303 1.74831884613e-18 17.8748 0.9988 0.256 41.375 30.5809763968 0.74747105284 1430787311.53
0.083 0.998120872124 1.15260855027e-195 18.0504 0.9988 0.2796 41.375 30.5809763968 0.80056201558 1430787312.21
0.082 0.999495514427 0.0 18.2812 0.9988 0.3028 41.375 30.5809763968 0.8734498191 1430787312.86
0.085 0.999224944549 0.0 18.2896 0.9988 0.3276 41.375 30.5809763968 0.823921974212 1430787313.61
0.076 0.999816416887 0.0 18.3504 0.9988 0.3496 41.375 30.5809763968 0.840101712955 1430787314.31
0.066 0.999567751495 1.2874696142e-94 18.4472 0.9988 0.3696 41.375 30.5809763968 0.85873650944 1430787315.03
0.095 0.999736133741 1.16125724491e-05 18.8016 0.9988 0.3864 41.375 30.5809763968 0.860531261321 1430787315.72
0.092 0.999815622394 0.00770967718045 19.0432 0.9988 0.406 41.375 30.5809763968 0.871799001384 1430787316.44
0.103 0.998751052035 0.0145590760586 19.012 0.9988 0.4312 41.375 30.5809763968 0.845075596175 1430787317.15
0.1 0.994226647124 0.0098025772277 18.7944 0.9988 0.4648 41.375 30.5809763968 0.746154900914 1430787317.86
0.102 0.991067604994 0.00718239038829 19.0836 0.9988 0.4824 41.375 30.5809763968 0.693147587403 1430787318.57
0.082 0.992832556132 0.0047569574742 19.128 0.9988 0.5056 41.375 30.5809763968 0.743366632504 1430787319.27
0.091 0.995845169088 0.00211600467052 19.2064 0.9988 0.5284 41.375 30.5809763968 0.794874241863 1430787319.96
0.087 0.998188121664 7.89217551395e-09 19.3128 0.9988 0.5496 41.375 30.5809763968 0.834002986078 1430787320.69
0.072 0.999745967372 1.977902351e-39 19.4576 0.9988 0.568 41.375 30.5809763968 0.848748066091 1430787321.4
0.078 0.999437573263 0.0 19.58 0.9988 0.5852 41.375 30.5809763968 0.841523670633 1430787322.15
0.072 0.999822837184 0.0 19.4852 0.9988 0.6088 41.375 30.5809763968 0.82147583303 1430787322.85
0.098 0.999632605497 0.0 19.1968 0.9988 0.6332 41.375 30.5809763968 0.785955454226 1430787323.61
0.093 0.999692486448 0.0 19.1168 0.9988 0.654 41.375 30.5809763968 0.836718344424 1430787324.33
0.107 0.999812813314 0.0 19.1576 0.9988 0.672 41.375 30.5809763968 0.786332150885 1430787325.03
0.075 0.999825346735 0.0 18.9944 0.9988 0.6936 41.375 30.5809763968 0.819323994993 1430787325.76
0.103 0.999826717839 0.0 19.134 0.9988 0.7084 41.375 30.5809763968 0.808416156695 1430787326.48
0.1 0.999790359511 0.0 18.83 0.9988 0.7332 41.375 30.5809763968 0.822447710118 1430787327.23
0.083 0.999776194466 0.0 18.572 0.9988 0.752 41.375 30.5809763968 0.814905810052 1430787327.95
0.091 0.999814174021 0.0 18.4672 0.9988 0.7672 41.375 30.5809763968 0.772721703851 1430787328.66
0.08 0.999812488071 0.0 18.102 0.9988 0.786 41.375 30.5809763968 0.808532196689 1430787329.4
0.079 0.999816061739 0.0 17.9244 0.9988 0.8024 41.375 30.5809763968 0.811410296455 1430787330.07
0.083 0.999816162609 0.0 17.558 0.9988 0.8232 41.375 30.5809763968 0.848957811254 1430787330.8
0.089 0.999816791658 0.0 17.3556 0.9988 0.8368 41.375 30.5809763968 0.804829945707 1430787331.53
0.078 0.999812444067 5.33382880594e-106 16.952 0.9992 0.8524 41.375 30.5809763968 0.796829002806 1430787332.23
0.1 0.999815826164 4.55935013579e-314 16.8052 0.9996 0.8624 41.375 30.5809763968 0.8314553625 1430787332.92
0.081 0.999817479381 0.0 16.8948 0.9996 0.8692 41.375 30.5809763968 0.804938395344 1430787333.65
0.084 0.99981910878 0.0 16.686 1.0 0.8812 41.375 30.5809763968 0.841182845298 1430787334.35
0.076 0.999823877245 0.0 16.864 1.0 0.888 41.375 30.5809763968 0.829318347026 1430787335.07
0.076 0.99980807385 0.0 16.8452 1.0 0.8964 41.375 30.5809763968 0.831218683177 1430787335.78
0.083 0.999822314356 0.0 16.8656 1.0 0.0764 41.1875 29.637141183 0.823511401902 1430787336.49
0.088 0.999820735418 0.0 16.7452 1.0 0.1248 41.1875 29.637141183 0.86119759443 1430787337.2
0.089 0.999819154992 0.0 16.8116 1.0 0.1592 41.1875 29.637141183 0.810324073009 1430787337.93
0.081 0.999819155831 2.52487663345e-22 16.5688 1.0 0.2016 41.1875 29.637141183 0.811344217476 1430787338.68
0.089 0.999818040587 0.0040761931167 16.7064 1.0 0.23 41.1875 29.637141183 0.853935618057 1430787339.4
0.086 0.998969813097 0.0202703927945 16.8092 1.0 0.2588 41.1875 29.637141183 0.84232254659 1430787340.12
0.108 0.994547155867 0.0188059209806 16.9544 1.0 0.2904 41.1875 29.637141183 0.744693618346 1430787340.82
0.109 0.988118642822 0.0111543093573 16.9288 1.0 0.3236 41.1875 29.637141183 0.648137402934 1430787341.56
0.099 0.989414590097 0.00290476984215 17.09 1.0 0.348 41.1875 29.637141183 0.64050983536 1430787342.27
0.08 0.994783923318 3.44153258006e-06 17.152 1.0 0.3728 41.1875 29.637141183 0.742470424964 1430787343.03
0.096 0.999515823659 3.2009986769e-40 17.4888 1.0 0.3908 41.1875 29.637141183 0.846246580473 1430787343.72
0.064 0.999273320143 0.0 17.624 1.0 0.4172 41.1875 29.637141183 0.846380659022 1430787344.4
0.071 0.999523665266 0.0 17.8412 1.0 0.4392 41.1875 29.637141183 0.857108544526 1430787345.05
0.069 0.999784213335 0.0 18.0524 1.0 0.4628 41.1875 29.637141183 0.866034623848 1430787345.72
0.081 0.999604327999 0.0 17.8732 1.0 0.494 41.1875 29.637141183 0.817767807405 1430787346.37
0.087 0.999742666739 0.0 17.948 1.0 0.5164 41.1875 29.637141183 0.848602414517 1430787347.05
0.063 0.999813463179 0.0 17.7148 1.0 0.5444 41.1875 29.637141183 0.81996024596 1430787347.77
0.079 0.999823908743 0.0 18.0292 1.0 0.5584 41.1875 29.637141183 0.865284199672 1430787348.47
0.08 0.999805138416 0.0 17.9704 1.0 0.5836 41.1875 29.637141183 0.852893139303 1430787349.17
0.078 0.999814230922 0.0 17.9308 1.0 0.608 41.1875 29.637141183 0.840498423308 1430787349.83
0.075 0.999809859727 0.0 17.9048 1.0 0.63 41.1875 29.637141183 0.862002414834 1430787350.56
0.075 0.999820236236 0.0 17.5332 1.0 0.6592 41.1875 29.637141183 0.844951901198 1430787351.29
0.083 0.999820493104 0.0 17.416 1.0 0.6844 41.1875 29.637141183 0.837002491657 1430787352.0
0.083 0.999819036669 0.0 17.4812 1.0 0.7048 41.1875 29.637141183 0.856748954563 1430787352.71
0.069 0.999819095252 0.0 17.3104 1.0 0.7292 41.1875 29.637141183 0.835838911755 1430787353.39
0.071 0.999817543906 0.0 17.2732 1.0 0.7484 41.1875 29.637141183 0.808364375357 1430787354.34
0.097 0.999817559787 0.0 17.1108 1.0 0.77 41.1875 29.637141183 0.852944053485 1430787355.11
0.072 0.999817567083 0.0 17.0592 1.0 0.7888 41.1875 29.637141183 0.800321169299 1430787355.93
0.074 0.999814670142 0.0 17.106 1.0 0.8048 41.1875 29.637141183 0.856196444895 1430787356.66
0.088 0.999820736331 0.0 17.0284 1.0 0.8188 41.1875 29.637141183 0.844580442498 1430787357.41
0.08 0.99981915566 7.81836196913e-258 16.9928 1.0 0.83 41.1875 29.637141183 0.83407024143 1430787358.16
0.092 0.999819156068 0.0 16.9332 1.0 0.842 41.1875 29.637141183 0.816180762308 1430787358.86
0.07 0.999812830143 0.0 16.94 1.0 0.8508 41.1875 29.637141183 0.817826842524 1430787359.54
0.083 0.999819014305 6.67350303098e-118 16.8772 1.0 0.8632 41.1875 29.637141183 0.844033297501 1430787360.26
0.102 0.999815775433 9.864712167e-28 16.8312 1.0 0.874 41.1875 29.637141183 0.824107450633 1430787360.93
0.09 0.99982548258 9.21518357611e-134 16.9328 1.0 0.8836 41.1875 29.637141183 0.803411179431 1430787361.66
0.094 0.999816488662 1.26944067183e-92 16.9372 1.0 0.8928 41.1875 29.637141183 0.800616982515 1430787362.38
0.084 0.999819969863 0.0 16.9008 1.0 0.0308 39.09375 28.2327940241 0.8511600991 1430787363.1
0.09 0.999820833472 0.0 16.926 1.0 0.0972 39.09375 28.2327940241 0.823926332322 1430787363.86
0.068 0.999827994748 0.0 16.8568 1.0 0.1384 39.09375 28.2327940241 0.827147159652 1430787364.56
0.091 0.999820674176 0.0 16.6028 1.0 0.1796 39.09375 28.2327940241 0.805960643786 1430787365.27
0.09 0.999817540428 0.0 16.4196 1.0 0.2148 39.09375 28.2327940241 0.80481788594 1430787365.95
0.089 0.999828630637 0.0 16.542 1.0 0.2392 39.09375 28.2327940241 0.838530475602 1430787366.69
0.088 0.999823594131 0.0 16.5332 1.0 0.2704 39.09375 28.2327940241 0.82170108234 1430787367.44
0.091 0.999812826268 0.0 16.4764 1.0 0.3012 39.09375 28.2327940241 0.833985165499 1430787368.15
0.102 0.999808901622 0.0 16.3548 1.0 0.3308 39.09375 28.2327940241 0.836389124751 1430787368.82
0.088 0.999816831776 0.0 16.4728 1.0 0.356 39.09375 28.2327940241 0.803081429896 1430787369.54
0.078 0.999823704724 0.0 16.4888 1.0 0.3808 39.09375 28.2327940241 0.829073777411 1430787370.28
0.086 0.999815312528 0.0 16.4076 1.0 0.4076 39.09375 28.2327940241 0.82388075637 1430787371.01
0.081 0.999816532916 0.0 16.5552 1.0 0.4316 39.09375 28.2327940241 0.838325348703 1430787371.71
0.08 0.999812307303 0.0 16.6136 1.0 0.458 39.09375 28.2327940241 0.818264763948 1430787372.38
0.091 0.999823888172 0.0 16.7228 1.0 0.4824 39.09375 28.2327940241 0.815766900087 1430787373.08
0.091 0.999828639007 0.0 16.7028 1.0 0.5092 39.09375 28.2327940241 0.836817415408 1430787373.79
0.1 0.999823897744 2.01608177436e-113 16.9332 1.0 0.5264 39.09375 28.2327940241 0.841285898226 1430787374.53
0.094 0.999820736398 0.000143854255201 16.98 1.0 0.5504 39.09375 28.2327940241 0.869382080993 1430787375.23
0.081 0.99981261507 0.0133267545942 16.806 1.0 0.5796 39.09375 28.2327940241 0.803394505477 1430787375.92
0.096 0.998579298425 0.0226749868147 17.0404 1.0 0.5984 39.09375 28.2327940241 0.865620978789 1430787376.68
0.095 0.993222214608 0.01046487873 17.0088 1.0 0.6224 39.09375 28.2327940241 0.761410523532 1430787377.41
0.077 0.990060424408 2.27147209337e-06 16.9744 1.0 0.644 39.09375 28.2327940241 0.721876589849 1430787378.16
0.075 0.993787303788 7.651158248e-42 17.1028 1.0 0.6644 39.09375 28.2327940241 0.77693424078 1430787378.93
0.091 0.998818577523 0.0 17.1008 1.0 0.6852 39.09375 28.2327940241 0.802271937311 1430787379.7
0.069 0.999443135187 0.0 17.4124 1.0 0.6972 39.09375 28.2327940241 0.811904402655 1430787380.44
0.106 0.99934364443 0.0 17.6128 1.0 0.7096 39.09375 28.2327940241 0.805574487187 1430787381.15
0.081 0.999819252937 0.0 17.9416 1.0 0.7176 39.09375 28.2327940241 0.822473020633 1430787381.85
0.085 0.999540595251 0.0 18.2432 1.0 0.7292 39.09375 28.2327940241 0.824081372536 1430787382.56
0.083 0.999739870157 0.0 18.4348 1.0 0.7404 39.09375 28.2327940241 0.828252604067 1430787383.23
0.08 0.999823326405 0.0 18.4392 1.0 0.7532 39.09375 28.2327940241 0.815128978456 1430787383.98
0.094 0.999813939941 0.0 18.5848 1.0 0.764 39.09375 28.2327940241 0.852518455604 1430787384.73
0.094 0.999818531195 0.0 18.6068 1.0 0.7768 39.09375 28.2327940241 0.797755683152 1430787385.41
0.084 0.999784516658 0.0 18.7148 1.0 0.7868 39.09375 28.2327940241 0.830817426192 1430787386.13
0.093 0.999803816258 0.0 18.5912 1.0 0.7996 39.09375 28.2327940241 0.848550627752 1430787386.85
0.08 0.999813959292 0.0 18.3132 1.0 0.8156 39.09375 28.2327940241 0.822199026481 1430787387.6
0.085 0.999827851674 0.0 18.0384 1.0 0.8312 39.09375 28.2327940241 0.849159205031 1430787388.31
0.092 0.999818024253 0.0 17.7452 1.0 0.8448 39.09375 28.2327940241 0.790082449483 1430787389.0
0.08 0.999813859702 0.0 17.192 1.0 0.8628 39.09375 28.2327940241 0.813280257053 1430787389.76
0.096 0.999815720807 0.0 17.1692 1.0 0.8728 39.09375 28.2327940241 0.840024348645 1430787390.46
0.071 0.999811577784 0.0 17.2512 1.0 0.8844 39.09375 28.2327940241 0.818264560974 1430787391.12
0.076 0.999814869339 0.0 17.2612 1.0 0.8936 39.09375 28.2327940241 0.799278525505 1430787391.84
0.078 0.999821775576 0.0 17.1924 1.0 0.0528 40.046875 28.7881115563 0.844308179386 1430787392.57
0.078 0.99982674864 0.0 17.0684 1.0 0.1092 40.046875 28.7881115563 0.81479137417 1430787393.3
0.079 0.999815838362 0.0 16.8868 1.0 0.1456 40.046875 28.7881115563 0.835722078471 1430787394.01
0.077 0.999820792659 0.0 16.8608 1.0 0.1792 40.046875 28.7881115563 0.844359881902 1430787394.72
0.096 0.999811339798 0.0 16.6936 1.0 0.2112 40.046875 28.7881115563 0.837633854364 1430787395.39
0.099 0.999820495864 1.26944198789e-92 16.6196 1.0 0.2476 40.046875 28.7881115563 0.812095219973 1430787396.09
0.097 0.999815860798 0.000261261203522 16.39 1.0 0.284 40.046875 28.7881115563 0.832791096912 1430787396.79
0.08 0.999744093713 0.0176019359001 16.4632 1.0 0.312 40.046875 28.7881115563 0.852393549222 1430787397.5
0.084 0.997754688278 0.0235193902943 16.4436 1.0 0.3444 40.046875 28.7881115563 0.825410728287 1430787398.22
0.08 0.992036483742 0.00171101921699 16.3772 1.0 0.3776 40.046875 28.7881115563 0.744024122029 1430787399.42
0.098 0.993790305295 1.56332531735e-24 16.5396 1.0 0.4048 40.046875 28.7881115563 0.780813698841 1430787400.2
0.078 0.998361320719 0.0 16.738 1.0 0.4316 40.046875 28.7881115563 0.818654000852 1430787401.18
0.078 0.999567935345 0.0 16.9188 1.0 0.4548 40.046875 28.7881115563 0.836409686439 1430787401.9
0.087 0.999287999219 0.0 17.1976 1.0 0.4776 40.046875 28.7881115563 0.819565390024 1430787402.61
0.074 0.99982377598 0.0 17.426 1.0 0.4988 40.046875 28.7881115563 0.813284702074 1430787403.32
0.077 0.999627479208 0.0 17.3256 1.0 0.5332 40.046875 28.7881115563 0.811909123017 1430787404.02
0.09 0.999690676647 0.0 17.4648 1.0 0.556 40.046875 28.7881115563 0.766775853865 1430787404.69
0.061 0.999814774071 0.0 17.6564 1.0 0.5796 40.046875 28.7881115563 0.797773058803 1430787405.41
0.074 0.999830214757 0.0 17.8776 1.0 0.5988 40.046875 28.7881115563 0.832847753225 1430787406.09
0.062 0.99982481898 0.0 18.2436 1.0 0.6124 40.046875 28.7881115563 0.797879239576 1430787406.82
0.076 0.999774150126 0.0 18.2532 1.0 0.634 40.046875 28.7881115563 0.80689137054 1430787407.55
0.078 0.999754615488 0.0 18.4428 1.0 0.6484 40.046875 28.7881115563 0.837943346693 1430787408.56
0.082 0.999774507185 0.0 18.4768 1.0 0.6676 40.046875 28.7881115563 0.799730717124 1430787409.31
0.071 0.999808366981 0.0 18.5244 1.0 0.6864 40.046875 28.7881115563 0.810733225919 1430787410.01
0.102 0.999809673755 0.0 18.3032 1.0 0.7076 40.046875 28.7881115563 0.857119896289 1430787410.76
0.069 0.999816956421 0.0 18.1324 1.0 0.7308 40.046875 28.7881115563 0.800430356567 1430787411.52
0.094 0.999819646823 6.23891850067e-55 18.0796 1.0 0.7488 40.046875 28.7881115563 0.799787485356 1430787412.26
0.078 0.999820149383 5.33349623951e-106 17.9152 1.0 0.7676 40.046875 28.7881115563 0.817211277139 1430787413.04
0.088 0.999825223229 2.14014597226e-167 17.6564 1.0 0.7872 40.046875 28.7881115563 0.84039548504 1430787413.76
0.11 0.999811644134 5.27644703518e-39 17.3068 1.0 0.8092 40.046875 28.7881115563 0.805550564779 1430787414.46
0.085 0.999823830371 3.47146524104e-126 17.31 1.0 0.8208 40.046875 28.7881115563 0.814779077798 1430787415.17
0.106 0.999815960069 0.0 17.3484 1.0 0.8336 40.046875 28.7881115563 0.827522049772 1430787415.89
0.104 0.999814393929 0.0 17.3432 1.0 0.8464 40.046875 28.7881115563 0.824937900719 1430787416.62
0.087 0.999811910668 0.0 17.1208 1.0 0.8616 40.046875 28.7881115563 0.833244279255 1430787417.36
0.079 0.999829859642 0.0 17.3444 1.0 0.8692 40.046875 28.7881115563 0.802157326542 1430787418.08
0.088 0.999815778052 0.0 17.1404 1.0 0.8828 40.046875 28.7881115563 0.828759027363 1430787418.88
0.083 0.999821273968 0.0 17.1948 1.0 0.8932 40.046875 28.7881115563 0.825428476241 1430787419.6
0.076 0.999820608791 0.0 17.3112 1.0 0.8996 40.046875 28.7881115563 0.811878666882 1430787420.3
0.077 0.99983037884 0.0 17.1604 1.0 0.084 39.0234375 28.5378398243 0.77286363858 1430787421.03
0.093 0.999824737598 0.0 17.168 1.0 0.1232 39.0234375 28.5378398243 0.76742643651 1430787421.74
0.102 0.999822150362 0.0 17.0876 1.0 0.1588 39.0234375 28.5378398243 0.748365705756 1430787422.44
0.069 0.999819066665 0.0 17.0396 1.0 0.1904 39.0234375 28.5378398243 0.797661419218 1430787423.16
0.095 0.999830179342 0.0 17.0212 1.0 0.2196 39.0234375 28.5378398243 0.779813886185 1430787423.9
0.08 0.999822296792 0.0 17.156 1.0 0.2468 39.0234375 28.5378398243 0.806961873129 1430787424.64
0.077 0.999819894473 0.0 17.1016 1.0 0.2772 39.0234375 28.5378398243 0.788774482732 1430787425.37
0.071 0.999813307297 0.0 17.094 1.0 0.3092 39.0234375 28.5378398243 0.800991165453 1430787426.1
0.075 0.999817912689 0.0 17.2352 1.0 0.3364 39.0234375 28.5378398243 0.758129400889 1430787426.78
0.09 0.999818941641 0.0 17.4024 1.0 0.3616 39.0234375 28.5378398243 0.801603346379 1430787427.53
0.089 0.999818710019 0.0 17.4896 1.0 0.3856 39.0234375 28.5378398243 0.803554737839 1430787428.24
0.064 0.999822120732 0.0 17.7556 1.0 0.4072 39.0234375 28.5378398243 0.796375625968 1430787428.95
0.064 0.999820050701 0.0 18.0708 1.0 0.426 39.0234375 28.5378398243 0.818258660105 1430787429.67
0.081 0.999818245525 0.0 18.1632 1.0 0.4484 39.0234375 28.5378398243 0.806369999362 1430787430.36
0.083 0.999808906933 0.0 18.4912 1.0 0.4652 39.0234375 28.5378398243 0.761820544334 1430787431.05
0.071 0.999809446632 0.0 18.5268 1.0 0.4912 39.0234375 28.5378398243 0.810126031464 1430787431.74
0.07 0.999818530645 0.0 18.4808 1.0 0.5176 39.0234375 28.5378398243 0.793595311908 1430787432.46
0.081 0.999817264856 0.0 18.4072 1.0 0.5448 39.0234375 28.5378398243 0.787368607406 1430787433.22
0.077 0.999823748424 5.92574274935e-78 18.3192 1.0 0.5712 39.0234375 28.5378398243 0.810576306813 1430787433.94
0.071 0.999827592667 0.000156486035154 18.41 1.0 0.5908 39.0234375 28.5378398243 0.792279771138 1430787434.66
0.075 0.99974254555 0.010523843835 18.406 1.0 0.6136 39.0234375 28.5378398243 0.832575715334 1430787435.41
0.085 0.997808161726 0.0135820177493 18.174 1.0 0.6404 39.0234375 28.5378398243 0.802946271779 1430787436.11
0.091 0.991935376236 5.96924272378e-05 17.842 1.0 0.6676 39.0234375 28.5378398243 0.709941450948 1430787436.84
0.09 0.993685907721 1.2924744285e-20 17.6348 1.0 0.69 39.0234375 28.5378398243 0.721034371231 1430787437.56
0.096 0.99836930746 3.89669325047e-184 17.5964 1.0 0.7088 39.0234375 28.5378398243 0.785102099535 1430787438.26
0.056 0.999568065196 0.0 17.5432 1.0 0.7264 39.0234375 28.5378398243 0.823205313569 1430787438.98
0.076 0.999268647778 0.0 17.6892 1.0 0.7396 39.0234375 28.5378398243 0.821243294881 1430787439.73
0.083 0.999821281388 0.0 17.8476 1.0 0.7524 39.0234375 28.5378398243 0.811977688696 1430787440.4
0.065 0.999619871283 0.0 17.7996 1.0 0.7688 39.0234375 28.5378398243 0.783197416021 1430787441.06
0.078 0.999681063292 0.0 17.8616 1.0 0.7796 39.0234375 28.5378398243 0.821118449952 1430787441.79
0.089 0.999813895516 0.0 17.9044 1.0 0.7908 39.0234375 28.5378398243 0.85242163987 1430787442.52
0.071 0.999813180976 5.02615987765e-15 18.07 1.0 0.7984 39.0234375 28.5378398243 0.80299768486 1430787443.25
0.081 0.999818265498 0.0022132723164 18.3392 1.0 0.8064 39.0234375 28.5378398243 0.803657277796 1430787443.96
0.091 0.999187965636 0.0134243237243 18.31 1.0 0.8192 39.0234375 28.5378398243 0.832282344744 1430787444.63
0.098 0.995132253773 0.00112672986861 18.2948 1.0 0.8312 39.0234375 28.5378398243 0.778750053951 1430787445.36
0.106 0.995613958938 5.0066834441e-21 18.4044 1.0 0.8412 39.0234375 28.5378398243 0.783815167799 1430787446.12
0.075 0.99905916993 4.095061116e-57 18.2468 1.0 0.854 39.0234375 28.5378398243 0.805776432346 1430787446.84
0.086 0.999603643198 4.86802835449e-245 18.3616 1.0 0.8628 39.0234375 28.5378398243 0.784501559136 1430787447.58
0.083 0.999550574518 0.0 18.4168 1.0 0.87 39.0234375 28.5378398243 0.796676897823 1430787448.28
0.079 0.999816191107 0.0 18.4772 1.0 0.8804 39.0234375 28.5378398243 0.826883066612 1430787448.98
0.079 0.99966469626 0.0 18.498 1.0 0.8896 39.0234375 28.5378398243 0.804321896065 1430787449.67
0.093 0.999768607884 0.0 18.452 1.0 0.8964 39.0234375 28.5378398243 0.830717063178 1430787450.39
0.09 0.999824004871 0.0 18.5536 1.0 0.0212 40.51171875 29.5056129368 0.799331684665 1430787451.15
0.07 0.999820678588 5.333721759e-106 18.6188 1.0 0.0952 40.51171875 29.5056129368 0.773684786655 1430787451.86
0.087 0.999796423418 2.40029815777e-11 18.5304 1.0 0.1396 40.51171875 29.5056129368 0.804628754954 1430787452.62
0.082 0.99976679508 8.71285246032e-11 18.3636 1.0 0.1796 40.51171875 29.5056129368 0.779741192288 1430787453.28
0.098 0.999809975454 1.51883243428e-32 18.278 1.0 0.2136 40.51171875 29.5056129368 0.801833671448 1430787454.0
0.087 0.999808010949 0.0 18.3296 1.0 0.2404 40.51171875 29.5056129368 0.805255060752 1430787454.71
0.085 0.999821144411 0.0 18.4652 1.0 0.2668 40.51171875 29.5056129368 0.785914233331 1430787455.45
0.082 0.999814233898 0.0 18.1716 1.0 0.2984 40.51171875 29.5056129368 0.82379771107 1430787456.15
0.071 0.999823040147 0.0 18.1532 1.0 0.3256 40.51171875 29.5056129368 0.827972500375 1430787456.9
0.085 0.999818937239 0.0 18.0352 1.0 0.3568 40.51171875 29.5056129368 0.760972355216 1430787457.6
0.077 0.999825022636 0.0 17.9804 1.0 0.3836 40.51171875 29.5056129368 0.791102265028 1430787458.31
0.077 0.999811452016 0.0 18.0096 1.0 0.4104 40.51171875 29.5056129368 0.828706729978 1430787458.97
0.102 0.999820645701 0.0 17.9812 1.0 0.4412 40.51171875 29.5056129368 0.812025708383 1430787459.68
0.076 0.99982543975 0.0 17.8228 1.0 0.4704 40.51171875 29.5056129368 0.780484230296 1430787460.38
0.072 0.999820716593 0.0 18.0064 1.0 0.4896 40.51171875 29.5056129368 0.834859650912 1430787461.08
0.092 0.999825472573 0.0 17.8904 1.0 0.516 40.51171875 29.5056129368 0.786319481975 1430787461.84
0.079 0.999820732594 0.0 17.912 1.0 0.5376 40.51171875 29.5056129368 0.820059520039 1430787462.56
0.078 0.999823928643 0.0 18.0296 1.0 0.5572 40.51171875 29.5056129368 0.84131733494 1430787463.29
0.094 0.999814885465 0.0 18.2396 1.0 0.5752 40.51171875 29.5056129368 0.818062219249 1430787463.96
0.073 0.999826655244 0.0 18.1968 1.0 0.6 40.51171875 29.5056129368 0.800137710423 1430787464.72
0.077 0.999776434034 7.24721816337e-227 18.3192 1.0 0.6196 40.51171875 29.5056129368 0.824333473817 1430787465.41
0.072 0.999800034675 5.0550784305e-16 18.4012 1.0 0.6412 40.51171875 29.5056129368 0.791776562722 1430787466.12
0.087 0.999802696918 0.00230024251209 18.5948 1.0 0.6564 40.51171875 29.5056129368 0.823751756126 1430787466.8
0.09 0.999313024961 0.0109013409329 18.4928 1.0 0.6796 40.51171875 29.5056129368 0.758969572332 1430787467.59
0.089 0.99569873869 0.0106720855528 18.6148 1.0 0.6928 40.51171875 29.5056129368 0.718522348651 1430787468.31
0.069 0.991438838183 0.00589135331642 18.6528 1.0 0.71 40.51171875 29.5056129368 0.666494859584 1430787469.04
0.085 0.992156233767 1.44392423663e-05 18.5204 1.0 0.7304 40.51171875 29.5056129368 0.722794313233 1430787469.7
0.083 0.996981150145 2.09610438484e-54 18.5816 1.0 0.7436 40.51171875 29.5056129368 0.743520280666 1430787470.4
0.069 0.999823190727 0.0 18.5216 1.0 0.758 40.51171875 29.5056129368 0.834249034364 1430787471.08
0.08 0.999296240563 0.0 18.4668 1.0 0.774 40.51171875 29.5056129368 0.807049059126 1430787471.8
0.079 0.999774184663 0.0 18.4404 1.0 0.7856 40.51171875 29.5056129368 0.795954875281 1430787472.47
0.082 0.999710423583 0.0 18.3712 1.0 0.8028 40.51171875 29.5056129368 0.824771073711 1430787473.15
0.088 0.999633484356 0.0 18.2944 1.0 0.818 40.51171875 29.5056129368 0.782718605589 1430787473.82
0.073 0.999799626944 0.0 18.0744 1.0 0.836 40.51171875 29.5056129368 0.804223917544 1430787474.55
0.077 0.999829013845 0.0 18.1344 1.0 0.8504 40.51171875 29.5056129368 0.791076917158 1430787475.25
0.087 0.999818232503 0.0 17.9128 1.0 0.8664 40.51171875 29.5056129368 0.816688124127 1430787475.95
0.079 0.999800360486 0.0 17.5992 1.0 0.8824 40.51171875 29.5056129368 0.809478960153 1430787476.67
0.092 0.999773683521 0.0 17.4572 1.0 0.8948 40.51171875 29.5056129368 0.771330469737 1430787477.37
0.088 0.999804374482 0.0 17.4316 1.0 0.0272 39.255859375 28.2080829577 0.791882874931 1430787478.09
0.09 0.999801810133 0.0 17.4072 1.0 0.0956 39.255859375 28.2080829577 0.786401819215 1430787478.79
0.083 0.999812557087 0.0 17.572 1.0 0.1324 39.255859375 28.2080829577 0.809933527015 1430787479.46
0.074 0.999799451105 0.0 17.4028 1.0 0.168 39.255859375 28.2080829577 0.78617024791 1430787480.17
0.085 0.999825517271 0.0 17.5768 1.0 0.194 39.255859375 28.2080829577 0.83251460432 1430787480.89
0.079 0.999823143951 0.0 17.526 1.0 0.2252 39.255859375 28.2080829577 0.813600569109 1430787481.61
0.08 0.999814072356 0.0 17.4988 1.0 0.2572 39.255859375 28.2080829577 0.826302893139 1430787482.3
0.082 0.999818394126 0.0 17.4656 1.0 0.2896 39.255859375 28.2080829577 0.823483940833 1430787483.08
0.096 0.999820421986 0.0 17.3456 1.0 0.32 39.255859375 28.2080829577 0.794592133754 1430787483.78
0.063 0.999819821906 0.0 17.2476 1.0 0.3524 39.255859375 28.2080829577 0.777073997019 1430787484.47
0.081 0.999819005154 3.76594770168e-84 17.0928 1.0 0.3852 39.255859375 28.2080829577 0.808815994635 1430787485.19
0.095 0.999823530058 4.1221231282e-49 17.2116 1.0 0.4132 39.255859375 28.2080829577 0.792045059076 1430787485.93
0.089 0.999822992467 3.74231507646e-15 17.3852 1.0 0.4368 39.255859375 28.2080829577 0.836592393056 1430787486.61
0.083 0.999819057866 2.12705886434e-07 17.518 1.0 0.4632 39.255859375 28.2080829577 0.802359734489 1430787487.29
0.074 0.999808537046 1.6744041808e-29 17.468 1.0 0.4952 39.255859375 28.2080829577 0.82562895193 1430787488.01
0.081 0.999822220217 3.47105911205e-126 17.6964 1.0 0.5172 39.255859375 28.2080829577 0.840326230284 1430787488.78
0.095 0.999819107735 0.0 17.5648 1.0 0.5496 39.255859375 28.2080829577 0.79107956592 1430787489.86
0.076 0.999820572591 0.0 17.5584 1.0 0.5744 39.255859375 28.2080829577 0.840551677182 1430787490.59
0.089 0.999819072283 0.0 17.4252 1.0 0.6016 39.255859375 28.2080829577 0.850178237158 1430787491.41
0.091 0.999823689843 0.0 17.5388 1.0 0.6236 39.255859375 28.2080829577 0.850198552268 1430787492.12
0.076 0.999828613621 0.0 17.4752 1.0 0.6484 39.255859375 28.2080829577 0.83600618767 1430787492.85
0.076 0.999820721937 4.55932901102e-314 17.408 1.0 0.6732 39.255859375 28.2080829577 0.814965978647 1430787493.55
0.073 0.999820527082 1.37761345942e-12 17.4976 1.0 0.6912 39.255859375 28.2080829577 0.817544155978 1430787494.24
0.078 0.999819024826 9.04322303984e-12 17.4756 1.0 0.7112 39.255859375 28.2080829577 0.819490047822 1430787494.96
0.096 0.999815927909 1.43387433796e-49 17.4228 1.0 0.7324 39.255859375 28.2080829577 0.829256135492 1430787495.72
0.084 0.999815955896 0.0 17.3204 1.0 0.7496 39.255859375 28.2080829577 0.7799330226 1430787496.46
0.094 0.999820719301 0.0 17.3364 1.0 0.7664 39.255859375 28.2080829577 0.852259772311 1430787497.17
0.094 0.999825474439 0.0 17.068 1.0 0.7852 39.255859375 28.2080829577 0.802636755908 1430787497.88
0.09 0.999819151804 4.53039614029e-09 17.3024 1.0 0.7948 39.255859375 28.2080829577 0.848602212672 1430787498.62
0.064 0.999819154146 0.00770725203454 17.5768 1.0 0.804 39.255859375 28.2080829577 0.868261067794 1430787499.33
0.078 0.998575475051 0.00837326016311 17.4764 1.0 0.814 39.255859375 28.2080829577 0.79574585952 1430787500.03
0.098 0.994109808892 9.37355759704e-05 17.666 1.0 0.8208 39.255859375 28.2080829577 0.749777627357 1430787500.7
0.094 0.995960304574 0.0021858920097 17.532 1.0 0.8292 39.255859375 28.2080829577 0.758345147099 1430787501.38
0.092 0.998008540205 0.0151908197679 17.648 1.0 0.8356 39.255859375 28.2080829577 0.787663335811 1430787502.12
0.098 0.995650805285 0.0133687819406 17.804 1.0 0.844 39.255859375 28.2080829577 0.768031860014 1430787502.82
0.098 0.992015475562 0.000310471959457 17.5408 1.0 0.8592 39.255859375 28.2080829577 0.70806500572 1430787503.52
0.095 0.995055196462 1.97540753165e-14 17.41 1.0 0.8712 39.255859375 28.2080829577 0.706760407144 1430787504.2
0.074 0.999068747342 2.07413921038e-73 17.4316 1.0 0.8816 39.255859375 28.2080829577 0.776388362683 1430787504.88
0.096 0.99946778934 0.0 17.4336 1.0 0.8888 39.255859375 28.2080829577 0.773084575174 1430787505.58
0.1 0.999509096893 0.0 17.41 1.0 0.8956 39.255859375 28.2080829577 0.80957626905 1430787506.29
0.095 0.999796417845 0.0 17.3084 1.0 0.0188 39.6279296875 28.5651830651 0.819427279644 1430787506.98
0.078 0.999514960655 0.0 17.2704 1.0 0.0984 39.6279296875 28.5651830651 0.789416238975 1430787507.67
0.093 0.999725771432 0.0 17.4344 1.0 0.136 39.6279296875 28.5651830651 0.80412165166 1430787508.4
0.08 0.999827348003 6.10303935486e-85 17.2072 1.0 0.176 39.6279296875 28.5651830651 0.824257640371 1430787509.13
0.098 0.99982879738 0.000260702157731 17.1412 1.0 0.214 39.6279296875 28.5651830651 0.817336569206 1430787509.88
0.082 0.999719383071 0.00522666795723 17.0232 1.0 0.252 39.6279296875 28.5651830651 0.79214067438 1430787510.59
0.085 0.997459979625 0.00341730298254 17.3328 1.0 0.2776 39.6279296875 28.5651830651 0.790343238826 1430787511.29
0.089 0.995259637842 0.000221130142474 17.342 1.0 0.3076 39.6279296875 28.5651830651 0.78437953798 1430787511.98
0.087 0.997714962251 0.00115569324604 17.3072 1.0 0.3372 39.6279296875 28.5651830651 0.782137900046 1430787512.69
0.087 0.997756946669 5.74988366285e-07 17.4688 1.0 0.3596 39.6279296875 28.5651830651 0.832304853464 1430787513.39
0.092 0.999706810582 2.42794124306e-11 18.0008 1.0 0.3744 39.6279296875 28.5651830651 0.803317620365 1430787514.15
0.093 0.999555592457 1.08148852753e-12 18.04 1.0 0.4008 39.6279296875 28.5651830651 0.840305121318 1430787514.85
0.075 0.999805273987 1.26713294629e-181 18.1948 1.0 0.4264 39.6279296875 28.5651830651 0.838117239821 1430787515.58
0.083 0.999728991326 0.0 18.1484 1.0 0.4524 39.6279296875 28.5651830651 0.865531274989 1430787516.28
0.078 0.999710320838 0.0 18.2296 1.0 0.4732 39.6279296875 28.5651830651 0.847415291881 1430787516.98
0.09 0.999807692067 0.0 18.3544 1.0 0.4952 39.6279296875 28.5651830651 0.865424681673 1430787517.69
0.092 0.999824284627 0.0 18.2516 1.0 0.5196 39.6279296875 28.5651830651 0.868413569124 1430787518.65
0.097 0.999818813493 0.0 18.1528 1.0 0.5456 39.6279296875 28.5651830651 0.852557968021 1430787519.4
0.094 0.999797022321 0.0 18.2268 1.0 0.5636 39.6279296875 28.5651830651 0.826295352028 1430787520.18
0.094 0.999774923814 0.0 18.1116 1.0 0.586 39.6279296875 28.5651830651 0.83512290669 1430787520.88
0.096 0.999800033217 0.0 18.2632 1.0 0.6032 39.6279296875 28.5651830651 0.819930817041 1430787521.57
0.085 0.999808368161 0.0 18.2304 1.0 0.6248 39.6279296875 28.5651830651 0.828499854347 1430787522.31
0.098 0.999819230928 0.0 18.326 1.0 0.6448 39.6279296875 28.5651830651 0.80941856669 1430787523.11
0.081 0.999819083993 0.0 18.4244 1.0 0.6612 39.6279296875 28.5651830651 0.851692351814 1430787523.86
0.093 0.999816767203 0.0 18.4076 1.0 0.6776 39.6279296875 28.5651830651 0.847156588828 1430787524.6
0.081 0.999812431674 9.07746296601e-134 18.4928 1.0 0.6936 39.6279296875 28.5651830651 0.823597473005 1430787525.34
0.09 0.999828472408 1.12704716409e-07 18.4524 1.0 0.7088 39.6279296875 28.5651830651 0.848234969902 1430787526.06
0.101 0.999820639406 2.82010460407e-05 18.5184 1.0 0.7236 39.6279296875 28.5651830651 0.851422857136 1430787526.79
0.092 0.999825439576 2.4003000576e-11 18.4008 1.0 0.7416 39.6279296875 28.5651830651 0.845294373348 1430787527.54
0.092 0.999812808837 3.13582617921e-14 18.3936 1.0 0.7556 39.6279296875 28.5651830651 0.861363917055 1430787528.3
0.086 0.999818643681 1.26944198789e-92 18.4072 1.0 0.77 39.6279296875 28.5651830651 0.877812122742 1430787529.02
0.083 0.999815965116 0.0 18.0408 1.0 0.7908 39.6279296875 28.5651830651 0.861061046766 1430787529.82
0.083 0.999825469566 0.0 17.8668 1.0 0.8068 39.6279296875 28.5651830651 0.85371509799 1430787530.66
0.075 0.999825475544 0.0 18.1032 1.0 0.8164 39.6279296875 28.5651830651 0.880006811174 1430787531.42
0.061 0.999815260266 0.0 18.1376 1.0 0.8288 39.6279296875 28.5651830651 0.87618074031 1430787532.07
0.08 0.999816160566 0.0 18.1004 1.0 0.8424 39.6279296875 28.5651830651 0.886720921045 1430787532.71
0.09 0.999818556706 0.0 18.3512 1.0 0.8516 39.6279296875 28.5651830651 0.880409993945 1430787533.46
0.085 0.999815711787 0.0 18.4028 1.0 0.8636 39.6279296875 28.5651830651 0.873049166166 1430787534.15
0.083 0.99981267957 0.0 18.5868 1.0 0.8724 39.6279296875 28.5651830651 0.866299677877 1430787534.88
0.085 0.999809814775 0.0 18.6152 1.0 0.8808 39.6279296875 28.5651830651 0.870860201199 1430787535.55
0.082 0.999823775483 0.0 18.6452 1.0 0.8904 39.6279296875 28.5651830651 0.852607359422 1430787536.22
0.097 0.999819591531 0.0 18.6624 1.0 0.8976 39.6279296875 28.5651830651 0.877596860646 1430787536.9
0.086 0.99981798059 0.0 18.5724 1.0 0.0604 40.8139648438 29.4855869521 0.870959174285 1430787537.59
0.066 0.999818964779 0.0 18.294 1.0 0.12 40.8139648438 29.4855869521 0.85772385872 1430787538.27
0.083 0.999819130177 0.0 18.2436 1.0 0.1536 40.8139648438 29.4855869521 0.861189495824 1430787538.99
0.076 0.999819142587 0.0 18.1112 1.0 0.192 40.8139648438 29.4855869521 0.844487885779 1430787539.7
0.084 0.999819149551 0.0 18.052 1.0 0.2268 40.8139648438 29.4855869521 0.816253712516 1430787540.43
0.079 0.99980500542 0.0 17.948 1.0 0.2596 40.8139648438 29.4855869521 0.8639073009 1430787541.17
0.08 0.999813340159 0.0 17.9836 1.0 0.2864 40.8139648438 29.4855869521 0.848040526505 1430787541.89
0.09 0.999824995675 0.0 17.9304 1.0 0.3152 40.8139648438 29.4855869521 0.816589680775 1430787542.58
0.087 0.999823882337 0.0 17.9224 1.0 0.3424 40.8139648438 29.4855869521 0.853675078838 1430787543.27
0.09 0.999817574742 0.0 18.0356 1.0 0.368 40.8139648438 29.4855869521 0.859757910904 1430787544.04
0.095 0.99982144967 0.0 17.946 1.0 0.3988 40.8139648438 29.4855869521 0.857197103239 1430787544.86
0.088 0.999819030313 0.0 17.8404 1.0 0.4296 40.8139648438 29.4855869521 0.805213779238 1430787545.6
0.086 0.999825427758 0.0 17.7544 1.0 0.4584 40.8139648438 29.4855869521 0.831301203515 1430787546.33
0.081 0.999822288112 0.0 18.0724 1.0 0.4748 40.8139648438 29.4855869521 0.855915126302 1430787547.03
0.09 0.99982278963 0.0 18.08 1.0 0.5024 40.8139648438 29.4855869521 0.8184284399 1430787547.74
0.087 0.999816562358 0.0 18.436 1.0 0.5176 40.8139648438 29.4855869521 0.856558792996 1430787548.42
0.081 0.999819152555 0.0 18.7432 1.0 0.5352 40.8139648438 29.4855869521 0.890769951797 1430787549.12
0.087 0.999825319862 0.0 18.8044 1.0 0.5568 40.8139648438 29.4855869521 0.867414698872 1430787549.81
0.069 0.999822668482 0.0 19.0024 1.0 0.5752 40.8139648438 29.4855869521 0.857387189772 1430787550.53
0.085 0.999817352983 0.0 19.1416 1.0 0.5944 40.8139648438 29.4855869521 0.890122311464 1430787551.48
0.085 0.999815882609 0.0 19.3864 1.0 0.6116 40.8139648438 29.4855869521 0.84617113717 1430787552.2
0.081 0.999828590516 0.0 19.4388 1.0 0.6316 40.8139648438 29.4855869521 0.859156676308 1430787553.0
0.079 0.999819128922 0.0 19.4556 1.0 0.6492 40.8139648438 29.4855869521 0.861398851551 1430787553.86
0.082 0.999822305735 0.0 19.3408 1.0 0.6664 40.8139648438 29.4855869521 0.848967121688 1430787554.65
0.084 0.999820731998 0.0 19.1872 1.0 0.6868 40.8139648438 29.4855869521 0.810268293692 1430787555.41
0.092 0.999815989967 0.0 18.8928 1.0 0.7076 40.8139648438 29.4855869521 0.846211933407 1430787556.18
0.088 0.999826834265 7.41316728743e-271 18.6608 1.0 0.7284 40.8139648438 29.4855869521 0.817515817067 1430787556.94
0.077 0.999820862617 3.77522310549e-84 18.5076 1.0 0.7468 40.8139648438 29.4855869521 0.838297432211 1430787557.75
0.092 0.999815992985 0.0 18.3472 1.0 0.7644 40.8139648438 29.4855869521 0.84544522235 1430787558.49
0.072 0.999821521952 0.0 18.1524 1.0 0.7816 40.8139648438 29.4855869521 0.875155063639 1430787559.3
0.092 0.999821588276 0.0 17.842 1.0 0.8004 40.8139648438 29.4855869521 0.878714911179 1430787560.07
0.1 0.99981909322 0.0 17.7324 1.0 0.8136 40.8139648438 29.4855869521 0.831856190659 1430787560.83
0.093 0.999804082383 4.9194206478e-21 17.5376 1.0 0.83 40.8139648438 29.4855869521 0.838131052558 1430787561.55
0.095 0.999815954153 0.0040762021583 17.3768 1.0 0.8456 40.8139648438 29.4855869521 0.843176695631 1430787562.27
0.083 0.998983148917 0.0199323838385 17.2936 1.0 0.8576 40.8139648438 29.4855869521 0.887925227968 1430787563.03
0.113 0.994463939653 0.00799213391573 16.8228 1.0 0.8748 40.8139648438 29.4855869521 0.808826723537 1430787563.81
0.079 0.991325635983 2.22725856704e-05 16.8524 1.0 0.8832 40.8139648438 29.4855869521 0.752492638689 1430787564.59
0.086 0.994676567809 1.45580805379e-46 16.7224 1.0 0.896 40.8139648438 29.4855869521 0.802289264409 1430787565.38
0.059 0.999196802166 0.0 16.9236 1.0 0.0448 39.4069824219 29.045978939 0.894639355478 1430787566.17
0.085 0.999433831317 0.0 17.0468 1.0 0.1056 39.4069824219 29.045978939 0.843448914548 1430787566.9
0.094 0.999478824616 0.0 16.9776 1.0 0.1476 39.4069824219 29.045978939 0.834575985513 1430787567.64
0.09 0.999792829252 0.0 17.0576 1.0 0.1772 39.4069824219 29.045978939 0.857407165283 1430787568.38
0.091 0.999535307348 0.0 16.9812 1.0 0.2124 39.4069824219 29.045978939 0.82611334362 1430787569.07
0.079 0.999732647995 0.0 16.9128 1.0 0.2468 39.4069824219 29.045978939 0.862796166656 1430787569.79
0.09 0.99982383364 0.0 16.8688 1.0 0.28 39.4069824219 29.045978939 0.86095149538 1430787570.51
0.083 0.999817661207 0.0 16.7548 1.0 0.3132 39.4069824219 29.045978939 0.850444407244 1430787571.26
0.077 0.99981888826 0.0 16.9104 1.0 0.3396 39.4069824219 29.045978939 0.851133746634 1430787571.99
0.083 0.999788334508 0.0 16.8524 1.0 0.3724 39.4069824219 29.045978939 0.816070163422 1430787572.75
0.09 0.999807151547 0.0 16.81 1.0 0.4044 39.4069824219 29.045978939 0.852086908139 1430787573.55
0.093 0.999813274943 0.0 16.878 1.0 0.434 39.4069824219 29.045978939 0.842894630686 1430787574.31
0.084 0.99981777609 0.0 16.7852 1.0 0.4672 39.4069824219 29.045978939 0.852106097244 1430787575.08
0.086 0.999818311869 0.0 16.8888 1.0 0.4948 39.4069824219 29.045978939 0.838385829771 1430787575.85
0.076 0.99982625388 0.0 17.0772 1.0 0.5152 39.4069824219 29.045978939 0.840234057895 1430787576.61
0.082 0.999823460191 0.0 16.8904 1.0 0.546 39.4069824219 29.045978939 0.840884734913 1430787577.37
0.085 0.999821864111 0.0 16.9168 1.0 0.5716 39.4069824219 29.045978939 0.851418854808 1430787578.13
0.081 0.999820627954 0.0 17.1444 1.0 0.5896 39.4069824219 29.045978939 0.853658280974 1430787578.9
0.084 0.999813859688 0.0 17.2796 1.0 0.6088 39.4069824219 29.045978939 0.844175155012 1430787579.61
0.072 0.999811768178 0.0 17.57 1.0 0.6232 39.4069824219 29.045978939 0.865959936337 1430787580.38
0.1 0.999825308917 0.0 17.6932 1.0 0.64 39.4069824219 29.045978939 0.83182973494 1430787581.1
0.087 0.999816588517 0.0 17.7988 1.0 0.6556 39.4069824219 29.045978939 0.858526922409 1430787581.84
0.079 0.999805734775 0.0 17.9084 1.0 0.6708 39.4069824219 29.045978939 0.847803208038 1430787582.57
0.083 0.999818942493 0.0 18.1124 1.0 0.6848 39.4069824219 29.045978939 0.855821825213 1430787583.29
0.092 0.999810292763 0.0 18.0712 1.0 0.7044 39.4069824219 29.045978939 0.843165384803 1430787584.03
0.077 0.999814242805 0.0 18.1304 1.0 0.7204 39.4069824219 29.045978939 0.847601989186 1430787584.77
0.09 0.999822767668 3.47076191212e-131 17.842 1.0 0.744 39.4069824219 29.045978939 0.81307286546 1430787585.51
0.094 0.999823863689 0.0 17.878 1.0 0.7596 39.4069824219 29.045978939 0.840168785463 1430787586.26
0.094 0.999819135649 0.0 17.4968 1.0 0.7824 39.4069824219 29.045978939 0.80479353979 1430787586.98
0.076 0.99982072871 0.0 17.4436 1.0 0.798 39.4069824219 29.045978939 0.807664066274 1430787587.7
0.093 0.999819151221 0.0 17.192 1.0 0.8196 39.4069824219 29.045978939 0.775149828917 1430787588.44
0.1 0.999814409247 3.77522310558e-84 17.054 1.0 0.8376 39.4069824219 29.045978939 0.793121451151 1430787589.11
0.089 0.99981757363 1.44087007622e-14 16.956 1.0 0.8532 39.4069824219 29.045978939 0.781206635585 1430787589.82
0.092 0.999825482025 1.37761355484e-12 16.9564 1.0 0.8664 39.4069824219 29.045978939 0.762966563426 1430787590.53
0.073 0.999820737721 1.12734194359e-07 17.1072 1.0 0.8744 39.4069824219 29.045978939 0.784300859941 1430787591.26
0.084 0.999820737866 6.23930875038e-55 17.1904 1.0 0.8848 39.4069824219 29.045978939 0.807754854199 1430787591.96
0.093 0.999819156397 0.0 17.104 1.0 0.8976 39.4069824219 29.045978939 0.781352815082 1430787592.66
0.082 0.999819156438 2.15038002537e-21 16.9644 1.0 0.0684 38.2034912109 28.0928394374 0.789417312623 1430787593.38
0.074 0.999820737991 0.0033055104784 17.0348 1.0 0.1176 38.2034912109 28.0928394374 0.820952074045 1430787594.09
0.082 0.998990258329 0.0064070373803 17.1908 1.0 0.1504 38.2034912109 28.0928394374 0.786881443866 1430787594.8
0.078 0.996072034339 0.00818483092023 17.0092 1.0 0.1888 38.2034912109 28.0928394374 0.710022517136 1430787595.51
0.11 0.993220653481 0.000133169061622 16.9236 1.0 0.224 38.2034912109 28.0928394374 0.689500109321 1430787596.25
0.099 0.996338509244 9.99959250251e-11 16.9232 1.0 0.254 38.2034912109 28.0928394374 0.743978961839 1430787596.99
0.077 0.999696153258 1.06346693221e-101 16.9704 1.0 0.284 38.2034912109 28.0928394374 0.802780914638 1430787597.7
0.076 0.999447045688 0.0 16.8992 1.0 0.3116 38.2034912109 28.0928394374 0.787756262719 1430787598.4
0.084 0.999673808851 0.0 16.9412 1.0 0.338 38.2034912109 28.0928394374 0.837257999499 1430787599.1
0.059 0.999752040536 0.0 16.9656 1.0 0.3648 38.2034912109 28.0928394374 0.76541331222 1430787599.79
0.078 0.999566602638 0.0 16.84 1.0 0.3944 38.2034912109 28.0928394374 0.763445801482 1430787600.46
0.075 0.999715770511 0.0 16.6612 1.0 0.424 38.2034912109 28.0928394374 0.759401516641 1430787601.17
0.084 0.999768912279 0.0 16.7584 1.0 0.4456 38.2034912109 28.0928394374 0.801389529585 1430787601.81
0.074 0.999819693061 0.0 16.7152 1.0 0.4692 38.2034912109 28.0928394374 0.818627376947 1430787602.51
0.092 0.999824225982 0.0 16.6768 1.0 0.4948 38.2034912109 28.0928394374 0.789117069724 1430787603.2
0.084 0.999818457783 0.0 16.7884 1.0 0.5184 38.2034912109 28.0928394374 0.803413504773 1430787603.92
0.085 0.999817234574 0.0 16.8624 1.0 0.5424 38.2034912109 28.0928394374 0.788801340834 1430787604.66
0.078 0.999828473989 0.0 17.07 1.0 0.5616 38.2034912109 28.0928394374 0.814636433614 1430787605.38
0.076 0.999815898858 0.0 17.142 1.0 0.5812 38.2034912109 28.0928394374 0.78153892327 1430787606.12
0.066 0.999817527651 0.0 17.0636 1.0 0.6048 38.2034912109 28.0928394374 0.776306636773 1430787606.83
0.096 0.99981280935 0.0 16.9276 1.0 0.6308 38.2034912109 28.0928394374 0.767169605285 1430787607.57
0.075 0.999818129691 0.0 16.8528 1.0 0.6532 38.2034912109 28.0928394374 0.800792458309 1430787608.28
0.095 0.999822313725 0.0 16.8736 1.0 0.674 38.2034912109 28.0928394374 0.795543880337 1430787609.0
0.074 0.999815990787 0.0 16.9452 1.0 0.6928 38.2034912109 28.0928394374 0.811678108901 1430787609.78
0.077 0.999820799179 0.0 16.892 1.0 0.712 38.2034912109 28.0928394374 0.775803665729 1430787610.48
0.088 0.999819155752 0.0 17.042 1.0 0.7244 38.2034912109 28.0928394374 0.793471410818 1430787611.14
0.096 0.999812829977 0.0 17.032 1.0 0.742 38.2034912109 28.0928394374 0.810196760386 1430787611.86
0.097 0.999815993248 0.0 16.944 1.0 0.7596 38.2034912109 28.0928394374 0.771691106845 1430787612.57
0.082 0.999818758713 0.0 17.0132 1.0 0.774 38.2034912109 28.0928394374 0.780068814982 1430787613.27
0.101 0.999809007862 0.0 17.0608 1.0 0.7904 38.2034912109 28.0928394374 0.774095479047 1430787613.97
0.08 0.999818988083 0.0 16.9832 1.0 0.808 38.2034912109 28.0928394374 0.770990922565 1430787614.69
0.074 0.999825398565 1.43387446093e-49 17.0248 1.0 0.8228 38.2034912109 28.0928394374 0.801069769455 1430787615.5
0.103 0.999814372242 1.44087007622e-14 16.9052 1.0 0.8392 38.2034912109 28.0928394374 0.782264059339 1430787616.24
0.094 0.999817552209 2.83106099998e-13 16.7684 1.0 0.8568 38.2034912109 28.0928394374 0.82091015162 1430787616.94
0.072 0.999822309055 4.84775987304e-169 16.9224 1.0 0.8672 38.2034912109 28.0928394374 0.82606669636 1430787617.69
0.081 0.999817980977 0.0 16.836 1.0 0.8812 38.2034912109 28.0928394374 0.796489357577 1430787618.4
0.098 0.99982073539 0.0 16.8028 1.0 0.894 38.2034912109 28.0928394374 0.793122084604 1430787619.12
0.073 0.999818134138 0.0 16.672 1.0 0.044 37.6017456055 27.3235037117 0.818630722688 1430787619.84
0.078 0.999813093724 0.0 16.5884 1.0 0.1076 37.6017456055 27.3235037117 0.793299436509 1430787620.53
0.088 0.999800227028 0.0 16.5292 1.0 0.1476 37.6017456055 27.3235037117 0.802832333039 1430787621.27
0.092 0.99981950201 3.21396067682e-80 16.4988 1.0 0.1796 37.6017456055 27.3235037117 0.820782696046 1430787621.97
0.079 0.999823372411 4.98245477581e-06 16.5056 1.0 0.2092 37.6017456055 27.3235037117 0.849704102556 1430787622.69
0.087 0.999814024484 0.0156426527139 16.3388 1.0 0.2424 37.6017456055 27.3235037117 0.839309240847 1430787623.43
0.096 0.997302434332 0.036544158942 16.2924 1.0 0.2764 37.6017456055 27.3235037117 0.808099660561 1430787624.13
0.097 0.990952971329 0.0240703788906 16.0844 1.0 0.3164 37.6017456055 27.3235037117 0.695504557344 1430787624.84
0.13 0.982798278811 0.00109790274195 15.8876 1.0 0.3536 37.6017456055 27.3235037117 0.604090065976 1430787625.53
0.091 0.987975526496 9.08828365523e-12 16.0136 1.0 0.3768 37.6017456055 27.3235037117 0.729822307182 1430787626.26
0.094 0.996848563886 4.14871659314e-28 16.0604 1.0 0.4004 37.6017456055 27.3235037117 0.769619695194 1430787626.98
0.075 0.999384214372 9.52331716108e-81 16.0068 1.0 0.4284 37.6017456055 27.3235037117 0.83733179287 1430787627.71
0.077 0.998781981664 0.0 16.1196 1.0 0.4544 37.6017456055 27.3235037117 0.803658438996 1430787628.42
0.084 0.999832853697 0.0 16.2872 1.0 0.4784 37.6017456055 27.3235037117 0.820247851453 1430787629.15
0.082 0.999399954512 0.0 16.29 1.0 0.5028 37.6017456055 27.3235037117 0.782089544745 1430787629.85
0.103 0.998983960806 0.0 16.2344 1.0 0.5312 37.6017456055 27.3235037117 0.802317956508 1430787630.53
0.076 0.999752662684 0.0 16.3756 1.0 0.5532 37.6017456055 27.3235037117 0.815039652602 1430787631.31
0.076 0.999793120994 0.0 16.578 1.0 0.5744 37.6017456055 27.3235037117 0.819719558266 1430787632.08
0.086 0.999785724699 0.0 16.7648 1.0 0.5952 37.6017456055 27.3235037117 0.830092553453 1430787632.74
0.086 0.999732091475 0.0 17.0392 1.0 0.612 37.6017456055 27.3235037117 0.829739634108 1430787633.42
0.084 0.999699324699 0.0 17.1304 1.0 0.6316 37.6017456055 27.3235037117 0.80786797687 1430787634.15
0.09 0.999778362759 0.0 17.184 1.0 0.6532 37.6017456055 27.3235037117 0.822524326705 1430787634.85
0.086 0.999796758955 0.0 17.1792 1.0 0.6756 37.6017456055 27.3235037117 0.819868975897 1430787635.57
0.078 0.999813892312 0.0 17.046 1.0 0.6996 37.6017456055 27.3235037117 0.792077480966 1430787636.25
0.087 0.999815314318 0.0 16.9908 1.0 0.7228 37.6017456055 27.3235037117 0.821715914518 1430787636.97
0.091 0.999817193021 0.0 17.0036 1.0 0.7424 37.6017456055 27.3235037117 0.801020141164 1430787637.74
0.099 0.99981983094 0.0 16.9628 1.0 0.7612 37.6017456055 27.3235037117 0.789253957204 1430787638.51
0.083 0.999820288236 0.0 17.0052 1.0 0.7792 37.6017456055 27.3235037117 0.821220364446 1430787639.22
0.085 0.999823689281 0.0 16.8552 1.0 0.8012 37.6017456055 27.3235037117 0.812852967008 1430787639.94
0.087 0.999813623537 0.0 16.8888 1.0 0.8184 37.6017456055 27.3235037117 0.795621592143 1430787640.62
0.078 0.999806740932 0.0 17.0948 1.0 0.8312 37.6017456055 27.3235037117 0.80566960354 1430787641.36
0.073 0.999815696707 0.0 17.3676 1.0 0.8384 37.6017456055 27.3235037117 0.85588496062 1430787642.11
0.08 0.999820553829 0.0 17.4492 1.0 0.8456 37.6017456055 27.3235037117 0.823665397918 1430787642.88
0.074 0.999814337345 0.0 17.7388 1.0 0.8528 37.6017456055 27.3235037117 0.83528317721 1430787643.65
0.073 0.999821181572 0.0 17.9328 1.0 0.8596 37.6017456055 27.3235037117 0.790451653544 1430787644.43
0.093 0.999826080678 0.0 18.0424 1.0 0.866 37.6017456055 27.3235037117 0.827419204663 1430787645.2
0.082 0.999820588927 0.0 18.282 1.0 0.8696 37.6017456055 27.3235037117 0.835953363598 1430787645.95
0.091 0.999825416871 0.0 18.5616 1.0 0.8724 37.6017456055 27.3235037117 0.800870632217 1430787646.74
0.093 0.999815960574 0.0 18.7244 1.0 0.878 37.6017456055 27.3235037117 0.825170600472 1430787647.48
0.085 0.999815974561 0.0 18.6792 1.0 0.8828 37.6017456055 27.3235037117 0.798180254433 1430787648.26
0.088 0.999810830372 0.0 18.9256 1.0 0.8872 37.6017456055 27.3235037117 0.831195815374 1430787649.0
0.099 0.999815989085 0.0 19.0932 1.0 0.8892 37.6017456055 27.3235037117 0.777310600042 1430787649.76
0.088 0.999822317303 0.0 19.2036 1.0 0.8928 37.6017456055 27.3235037117 0.790956461043 1430787650.55
0.091 0.999824981347 0.0 19.2388 1.0 0.01 40.3008728027 29.4738513126 0.775234618877 1430787651.26
0.079 0.999817574407 0.0 19.3412 1.0 0.0916 40.3008728027 29.4738513126 0.777041545757 1430787652.03
0.083 0.999825482346 0.0 19.342 1.0 0.1296 40.3008728027 29.4738513126 0.794870672582 1430787652.76
0.072 0.999814411751 0.0 19.4656 1.0 0.1616 40.3008728027 29.4738513126 0.803556929835 1430787653.53
0.09 0.999823901007 0.0 19.6892 1.0 0.1908 40.3008728027 29.4738513126 0.834845492585 1430787654.25
0.07 0.999817574916 0.0 19.828 1.0 0.2152 40.3008728027 29.4738513126 0.810785020241 1430787654.95
0.074 0.99982548259 0.0 20.0328 1.0 0.2412 40.3008728027 29.4738513126 0.85211386004 1430787655.71
0.085 0.999814264547 0.0 19.9728 1.0 0.2784 40.3008728027 29.4738513126 0.777063846096 1430787656.46
0.078 0.999805967995 0.0 20.1592 1.0 0.3048 40.3008728027 29.4738513126 0.812500025521 1430787657.16
0.092 0.999819291071 2.15038002248e-21 20.1704 1.0 0.334 40.3008728027 29.4738513126 0.843370695709 1430787657.87
0.089 0.999814174216 0.00353280915177 20.2892 1.0 0.36 40.3008728027 29.4738513126 0.824010345803 1430787658.6
0.079 0.998967412931 0.0199323838384 20.346 1.0 0.3872 40.3008728027 29.4738513126 0.786106786227 1430787659.32
0.103 0.994548277925 0.017626366917 20.1616 1.0 0.4176 40.3008728027 29.4738513126 0.794332302606 1430787660.07
0.094 0.988260059807 0.000286958537356 19.816 1.0 0.4488 40.3008728027 29.4738513126 0.674922168239 1430787660.78
0.104 0.990570570028 1.47466535732e-10 19.6396 1.0 0.4756 40.3008728027 29.4738513126 0.6525997998 1430787661.47
0.104 0.99599185478 3.42843818396e-10 19.7344 1.0 0.4964 40.3008728027 29.4738513126 0.792426039111 1430787662.22
0.097 0.999729680088 1.16644966108e-08 19.588 1.0 0.5244 40.3008728027 29.4738513126 0.830505263684 1430787662.96
0.071 0.999250961508 1.35006917711e-36 19.5052 1.0 0.5512 40.3008728027 29.4738513126 0.817627496807 1430787663.69
0.094 0.99961501424 0.0 19.388 1.0 0.576 40.3008728027 29.4738513126 0.764886269351 1430787664.37
0.085 0.999761700641 0.0 19.3164 1.0 0.5988 40.3008728027 29.4738513126 0.82953577712 1430787665.06
0.089 0.999588859022 0.0 19.0196 1.0 0.6232 40.3008728027 29.4738513126 0.767879203792 1430787665.76
0.08 0.99974208811 0.0 19.0724 1.0 0.6424 40.3008728027 29.4738513126 0.832445883746 1430787666.52
0.065 0.999800266899 0.0 18.9736 1.0 0.6608 40.3008728027 29.4738513126 0.823499370407 1430787667.18
0.093 0.999822578291 0.0 18.8516 1.0 0.6808 40.3008728027 29.4738513126 0.833569665547 1430787667.91
0.088 0.999829891897 0.0 18.7716 1.0 0.6964 40.3008728027 29.4738513126 0.850655860869 1430787668.63
0.083 0.999810949743 0.0 18.76 1.0 0.712 40.3008728027 29.4738513126 0.838859959867 1430787669.36
0.086 0.999780379571 0.0 18.7516 1.0 0.7288 40.3008728027 29.4738513126 0.826248600994 1430787670.09
0.075 0.999801836082 0.0 18.6628 1.0 0.7448 40.3008728027 29.4738513126 0.821538075294 1430787670.81
0.077 0.999812600955 0.0 18.7104 1.0 0.7568 40.3008728027 29.4738513126 0.848470731172 1430787671.52
0.076 0.999823724112 0.0 18.5832 1.0 0.7696 40.3008728027 29.4738513126 0.855572444205 1430787672.25
0.074 0.999815298389 0.0 18.5076 1.0 0.7832 40.3008728027 29.4738513126 0.865039190906 1430787672.99
0.074 0.999813847295 6.67350303098e-118 18.436 1.0 0.7952 40.3008728027 29.4738513126 0.834811526926 1430787673.75
0.093 0.999813939593 7.83832377563e-09 18.342 1.0 0.8072 40.3008728027 29.4738513126 0.825290638493 1430787674.49
0.091 0.999827687695 3.42843818396e-10 18.4772 1.0 0.816 40.3008728027 29.4738513126 0.804495085361 1430787675.22
0.091 0.999815176055 1.72228082549e-61 18.2568 1.0 0.8316 40.3008728027 29.4738513126 0.814067193267 1430787675.92
0.077 0.999823091501 0.0 18.0752 1.0 0.8476 40.3008728027 29.4738513126 0.850714658105 1430787676.6
0.074 0.99980627147 0.0 18.0788 1.0 0.8588 40.3008728027 29.4738513126 0.815263246266 1430787677.37
0.082 0.999815878921 0.0 17.7116 1.0 0.8744 40.3008728027 29.4738513126 0.849174944207 1430787678.07
0.096 0.999822262539 0.0 17.5524 1.0 0.8856 40.3008728027 29.4738513126 0.820783414384 1430787678.78
0.09 0.999817367873 0.0 17.2448 1.0 0.0076 39.6504364014 28.8587521858 0.847626670237 1430787679.49
0.063 0.999825452853 0.0 17.042 1.0 0.088 39.6504364014 28.8587521858 0.856862587336 1430787680.21
0.084 0.999821301151 0.0 17.0356 1.0 0.1268 39.6504364014 28.8587521858 0.836122870894 1430787680.94
0.084 0.999825004517 0.0 17.1696 1.0 0.1552 39.6504364014 28.8587521858 0.886111687794 1430787681.66
0.075 0.999820489387 0.0 17.2884 1.0 0.186 39.6504364014 28.8587521858 0.864410440192 1430787682.35
0.075 0.999809537342 0.0 17.2704 1.0 0.2144 39.6504364014 28.8587521858 0.872799788785 1430787683.06
0.101 0.999810343043 0.0 17.24 1.0 0.2456 39.6504364014 28.8587521858 0.817484710427 1430787683.77
0.08 0.999818781426 0.0 17.2228 1.0 0.2744 39.6504364014 28.8587521858 0.858182894401 1430787684.49
0.08 0.999820551436 0.0 17.37 1.0 0.3004 39.6504364014 28.8587521858 0.847570975489 1430787685.25
0.074 0.999823808337 0.0 17.368 1.0 0.3316 39.6504364014 28.8587521858 0.848096513196 1430787685.98
0.078 0.999823856063 0.0 17.4808 1.0 0.3576 39.6504364014 28.8587521858 0.788792792949 1430787686.73
0.084 0.999816690284 0.0 17.5232 1.0 0.3836 39.6504364014 28.8587521858 0.817838534743 1430787687.41
0.074 0.999821910927 0.0 17.4908 1.0 0.4124 39.6504364014 28.8587521858 0.817046476959 1430787688.12
0.081 0.999816636606 0.0 17.4236 1.0 0.4412 39.6504364014 28.8587521858 0.818858654844 1430787688.83
0.07 0.99981912387 0.0 17.376 1.0 0.4668 39.6504364014 28.8587521858 0.817232640025 1430787689.53
0.087 0.99981925904 0.0 17.4208 1.0 0.4908 39.6504364014 28.8587521858 0.814204752559 1430787690.21
0.072 0.999818828177 0.0 17.612 1.0 0.5076 39.6504364014 28.8587521858 0.833094975188 1430787690.87
0.09 0.999823356211 0.0 17.8596 1.0 0.5248 39.6504364014 28.8587521858 0.791573729983 1430787691.59
0.066 0.999826817692 0.0 17.8612 1.0 0.5484 39.6504364014 28.8587521858 0.750400517265 1430787692.31
0.072 0.999826947141 0.0 17.8336 1.0 0.5704 39.6504364014 28.8587521858 0.805976401533 1430787693.03
0.094 0.999820674963 0.0 18.0772 1.0 0.5856 39.6504364014 28.8587521858 0.806559544654 1430787693.71
0.063 0.999817541435 0.0 18.2728 1.0 0.5996 39.6504364014 28.8587521858 0.79356420759 1430787694.4
0.08 0.999825468021 0.0 18.3276 1.0 0.62 39.6504364014 28.8587521858 0.811934489956 1430787695.13
0.089 0.999817567275 0.0 18.2876 1.0 0.6404 39.6504364014 28.8587521858 0.784442913268 1430787695.87
0.084 0.999817571046 0.0 18.3596 1.0 0.6584 39.6504364014 28.8587521858 0.819878800027 1430787696.57
0.076 0.999815991466 0.0 18.3956 1.0 0.6792 39.6504364014 28.8587521858 0.812804699219 1430787697.28
0.076 0.999825481678 0.0 18.4016 1.0 0.6984 39.6504364014 28.8587521858 0.794266741238 1430787697.98
0.08 0.999825482118 0.0 18.5428 1.0 0.7164 39.6504364014 28.8587521858 0.803150584874 1430787698.69
0.091 0.999814139859 0.0 18.5196 1.0 0.738 39.6504364014 28.8587521858 0.837170990789 1430787699.38
0.094 0.999820737897 0.0 18.4172 1.0 0.7592 39.6504364014 28.8587521858 0.795282171914 1430787700.12
0.09 0.999820737949 0.0 18.6992 1.0 0.77 39.6504364014 28.8587521858 0.831686079137 1430787700.85
0.084 0.999808795737 0.0 18.4792 1.0 0.7904 39.6504364014 28.8587521858 0.850570359465 1430787701.58
0.096 0.999812570069 0.0 18.4092 1.0 0.8068 39.6504364014 28.8587521858 0.840972086933 1430787702.28
0.071 0.999810053316 0.0 18.3748 1.0 0.8228 39.6504364014 28.8587521858 0.855198225757 1430787702.98
0.072 0.999823163937 0.0 18.206 1.0 0.84 39.6504364014 28.8587521858 0.806877959884 1430787703.67
0.085 0.999819951323 5.65000037871e-51 18.0576 1.0 0.854 39.6504364014 28.8587521858 0.808763171059 1430787704.39
0.083 0.999825234325 6.54172805147e-10 17.926 1.0 0.8676 39.6504364014 28.8587521858 0.835981493526 1430787705.08
0.066 0.999824072513 4.95786778729e-57 18.0912 1.0 0.8756 39.6504364014 28.8587521858 0.819492166413 1430787705.74
0.068 0.999809390964 7.24721816397e-227 18.176 1.0 0.8828 39.6504364014 28.8587521858 0.858538488947 1430787706.44
0.084 0.999820537948 0.0 18.1508 1.0 0.8924 39.6504364014 28.8587521858 0.808438517239 1430787707.19
0.09 0.999825381836 9.04322332605e-12 18.3736 1.0 0.8984 39.6504364014 28.8587521858 0.823719049813 1430787707.92
0.079 0.999817705947 0.00243714063923 18.1804 1.0 0.0792 40.3252182007 28.8151250753 0.84338710736 1430787708.64
0.086 0.999315178165 0.0132939294653 18.0184 1.0 0.1244 40.3252182007 28.8151250753 0.830402459732 1430787709.35
0.104 0.995764590839 0.000961255137542 17.9488 1.0 0.1684 40.3252182007 28.8151250753 0.750459520431 1430787710.06
0.077 0.995946333268 4.25594708035e-08 18.1148 1.0 0.1988 40.3252182007 28.8151250753 0.724251522209 1430787710.74
0.08 0.998949076158 7.96535805514e-44 18.0672 1.0 0.2308 40.3252182007 28.8151250753 0.829221663931 1430787711.45
0.084 0.999636465024 0.0 18.092 1.0 0.2588 40.3252182007 28.8151250753 0.809836593005 1430787712.15
0.082 0.999450078195 0.0 18.2568 1.0 0.2836 40.3252182007 28.8151250753 0.804962195406 1430787712.88
0.09 0.999820016254 0.0 18.2736 1.0 0.3116 40.3252182007 28.8151250753 0.802439177233 1430787713.66
0.087 0.999576530545 0.0 18.208 1.0 0.3412 40.3252182007 28.8151250753 0.818124273436 1430787714.49
0.085 0.999670990521 0.0 18.252 1.0 0.364 40.3252182007 28.8151250753 0.819091310698 1430787715.27
0.087 0.999829899148 0.0 18.21 1.0 0.3912 40.3252182007 28.8151250753 0.797322822084 1430787716.06
0.076 0.999813696982 0.0 18.1716 1.0 0.4188 40.3252182007 28.8151250753 0.77756569786 1430787716.82
0.094 0.999796250635 0.0 18.1724 1.0 0.442 40.3252182007 28.8151250753 0.789231875776 1430787717.56
0.094 0.999768412714 0.0 18.1684 1.0 0.4676 40.3252182007 28.8151250753 0.806663032264 1430787718.26
0.09 0.999804276932 0.0 18.2248 1.0 0.4904 40.3252182007 28.8151250753 0.826601427564 1430787718.97
0.077 0.999816772251 0.0 18.3868 1.0 0.5084 40.3252182007 28.8151250753 0.794585836648 1430787719.74
0.085 0.999812869334 0.0 18.2692 1.0 0.5328 40.3252182007 28.8151250753 0.797996627035 1430787720.46
0.089 0.999813719966 0.0 18.3364 1.0 0.5536 40.3252182007 28.8151250753 0.803492397494 1430787721.17
0.092 0.99982517793 0.0 18.2428 1.0 0.5772 40.3252182007 28.8151250753 0.848294515292 1430787721.89
0.086 0.999823570328 0.0 18.1952 1.0 0.5992 40.3252182007 28.8151250753 0.807937529347 1430787722.62
