0.091 0.998573730566 0.0130494835311 0.916 0.104 0.104 0 0 0.91891654356 1430785236.67
0.096 0.993121591522 0.0175032315864 1.7824 0.1352 0.1352 0 0 0.81700936807 1430785237.33
0.077 0.987857793393 0.00962287092116 2.6112 0.1648 0.1648 0 0 0.754322782212 1430785238.03
0.121 0.989800554476 0.0017523711282 3.4004 0.1948 0.1948 0 0 0.770908937432 1430785238.72
0.096 0.995821310053 3.38632016996e-07 4.1924 0.2184 0.2184 0 0 0.886965318808 1430785239.45
0.074 0.999704837755 1.74511039948e-07 4.9216 0.2516 0.2516 0 0 0.912013003136 1430785240.12
0.079 0.999269460234 7.14269221273e-22 5.6288 0.2836 0.2836 0 0 0.908727012109 1430785240.87
0.11 0.999632335011 0.0 6.3 0.314 0.314 0 0 0.916361020648 1430785241.56
0.091 0.999771723011 0.0 6.942 0.3436 0.3436 0 0 0.910086539758 1430785242.23
0.095 0.99960469605 0.0 7.5752 0.3708 0.3708 0 0 0.922401580822 1430785242.9
0.085 0.999753836052 0.0 8.1104 0.4028 0.4028 0 0 0.921432728652 1430785243.6
0.09 0.999819968805 0.0 8.6404 0.432 0.432 0 0 0.917316684269 1430785244.34
0.087 0.999828363756 0.0 9.1564 0.4588 0.4588 0 0 0.933316703737 1430785245.06
0.092 0.999806424512 0.0 9.67 0.4856 0.4856 0 0 0.923417244503 1430785245.79
0.091 0.999783218085 0.0 10.0364 0.518 0.518 0 0 0.922106957984 1430785246.52
0.09 0.999810135694 0.0 10.5404 0.5384 0.5384 0 0 0.91380267519 1430785247.21
0.077 0.999809699469 0.0 11.0164 0.5604 0.5604 0 0 0.924604486632 1430785247.91
0.077 0.999814431426 0.0 11.3856 0.584 0.584 0 0 0.924584677846 1430785248.62
0.105 0.999810512953 0.0 11.8048 0.604 0.604 0 0 0.927713122354 1430785249.32
0.079 0.999818461067 0.0 12.2436 0.6204 0.6204 0 0 0.910598273701 1430785250.05
0.082 0.999820438297 0.0 12.5516 0.6436 0.6436 0 0 0.914020278782 1430785250.76
0.076 0.999823752269 0.0 13.1364 0.654 0.654 0 0 0.937501044623 1430785251.49
0.085 0.999818799042 0.0 13.5628 0.668 0.668 0 0 0.931153843647 1430785252.16
0.074 0.999815709781 0.0 13.8968 0.68 0.68 0 0 0.90508009094 1430785252.85
0.087 0.999812698944 0.0 14.2812 0.6936 0.6936 0 0 0.901145199612 1430785253.55
0.078 0.999822695142 0.0 14.4884 0.7072 0.7072 0 0 0.893847464675 1430785254.25
0.087 0.999820328975 0.0 15.0184 0.7128 0.7128 0 0 0.913248162995 1430785254.99
0.081 0.999820023451 0.0 15.3324 0.7232 0.7232 0 0 0.906917903869 1430785255.69
0.088 0.999824197455 0.0 15.6456 0.7336 0.7336 0 0 0.916461899178 1430785256.34
0.073 0.999809430693 6.67350303098e-118 16.1248 0.7412 0.7412 0 0 0.916348361635 1430785257.02
0.097 0.999811333667 3.21396067682e-80 16.4824 0.748 0.748 0 0 0.912805963255 1430785257.71
0.09 0.999817212683 3.77522310558e-84 16.7204 0.7572 0.7572 0 0 0.914514964099 1430785258.36
0.076 0.999818976242 2.83842340963e-220 16.8904 0.7704 0.7704 0 0 0.888905607163 1430785259.05
0.094 0.999809576566 1.16036973932e-58 17.2232 0.7772 0.7772 0 0 0.90861570494 1430785259.76
0.08 0.999821229182 8.09393780239e-08 17.4364 0.7848 0.7848 0 0 0.890927667302 1430785260.44
0.097 0.999823880916 0.00452931293961 17.616 0.7936 0.7936 0 0 0.885084458216 1430785261.16
0.078 0.998998156128 0.0156528374086 17.6764 0.8032 0.8032 0 0 0.888679045613 1430785261.88
0.122 0.994549914489 0.0182113441607 17.8316 0.8092 0.8092 0 0 0.866742733234 1430785262.59
0.095 0.988117434983 0.00431360978482 17.8528 0.8136 0.8136 0 0 0.728970976442 1430785263.26
0.095 0.990567269019 2.49977347421e-08 17.9264 0.8212 0.8212 0 0 0.778164109154 1430785263.95
0.092 0.995986151675 3.70444106534e-217 17.9708 0.8284 0.8284 0 0 0.864834598117 1430785264.66
0.097 0.99973482202 0.0 17.9416 0.8396 0.8396 0 0 0.88116625013 1430785265.31
0.077 0.99924924242 0.0 18.0028 0.848 0.848 0 0 0.868519052165 1430785266.04
0.079 0.999625924925 0.0 17.9732 0.858 0.858 0 0 0.870615282264 1430785266.76
0.076 0.999769479119 0.0 17.7472 0.8696 0.8696 0 0 0.880534815956 1430785267.45
0.078 0.999604889344 0.0 17.9336 0.8756 0.8756 0 0 0.890884214121 1430785268.14
0.082 0.999741231722 0.0 18.0672 0.8812 0.8812 0 0 0.88116246387 1430785268.84
0.083 0.999811018402 0.0 18.1064 0.8876 0.8876 0 0 0.896682227067 1430785269.51
0.087 0.999820601199 0.0 18.1616 0.8944 0.8944 0 0 0.898532004986 1430785270.21
0.081 0.999803224945 0.0 18.2792 0.9004 0.008 49 34.5460038185 0.844545814396 1430785270.88
0.079 0.999800460415 0.0 18.2928 0.9076 0.0936 49 34.5460038185 0.865967060724 1430785271.57
0.08 0.99980768522 0.0 18.488 0.9104 0.1304 49 34.5460038185 0.881424585006 1430785272.24
0.076 0.999817342906 0.0 18.5932 0.9164 0.1656 49 34.5460038185 0.865050415777 1430785272.93
0.09 0.999821555179 0.0 18.6152 0.9232 0.1988 49 34.5460038185 0.855135596199 1430785273.58
0.08 0.999823254814 0.0 18.4188 0.9316 0.2352 49 34.5460038185 0.859131279838 1430785274.31
0.081 0.999813997293 0.0 18.2448 0.9392 0.2664 49 34.5460038185 0.859770534221 1430785274.98
0.077 0.9998104225 0.0 18.0916 0.942 0.3016 49 34.5460038185 0.826438860153 1430785275.68
0.09 0.999818781309 0.0 18.0052 0.9464 0.3328 49 34.5460038185 0.858131274092 1430785276.38
0.07 0.999818075437 0.0 17.9216 0.9504 0.3624 49 34.5460038185 0.871617577509 1430785277.08
0.088 0.99981578644 0.0 17.8804 0.9536 0.3924 49 34.5460038185 0.874005747565 1430785277.77
0.084 0.999814305442 0.0 17.5208 0.962 0.426 49 34.5460038185 0.784219222222 1430785278.46
0.095 0.999823845962 0.0 17.3396 0.9664 0.4568 49 34.5460038185 0.853827203 1430785279.16
0.07 0.999833366049 0.0 17.394 0.9708 0.48 49 34.5460038185 0.866475954316 1430785279.87
0.069 0.999822702264 0.0 17.4056 0.9756 0.5032 49 34.5460038185 0.891777543596 1430785280.57
0.078 0.999816800515 0.0 17.5604 0.9788 0.522 49 34.5460038185 0.860480129208 1430785281.26
0.08 0.999818790582 0.0 17.5424 0.9808 0.5464 49 34.5460038185 0.869380791111 1430785281.95
0.079 0.999811458906 0.0 17.5216 0.9816 0.5692 49 34.5460038185 0.833064436556 1430785282.64
0.092 0.999812352611 0.0 17.4808 0.9816 0.5924 49 34.5460038185 0.845892576106 1430785283.34
0.087 0.999813860461 0.0 17.6544 0.9828 0.6084 49 34.5460038185 0.860222618986 1430785284.04
0.09 0.999818881204 0.0 17.6156 0.9848 0.6272 49 34.5460038185 0.846795326954 1430785284.7
0.07 0.999817537356 0.0 17.5436 0.9872 0.6452 49 34.5460038185 0.846087431249 1430785285.44
0.074 0.999815974845 0.0 17.8192 0.988 0.658 49 34.5460038185 0.888893403898 1430785286.14
0.073 0.999811324174 2.0767840399e-10 17.9068 0.9884 0.6744 49 34.5460038185 0.853371300654 1430785286.8
0.077 0.999812433909 0.00230024251209 17.9712 0.9888 0.6912 49 34.5460038185 0.877929246882 1430785287.46
0.081 0.999322992702 0.000175603133043 17.906 0.9888 0.7124 49 34.5460038185 0.841500655501 1430785288.13
0.08 0.999149091849 1.04551141432e-40 17.9992 0.9892 0.73 49 34.5460038185 0.832359860009 1430785288.86
0.083 0.999813577479 6.22734541316e-18 17.7116 0.9904 0.7544 49 34.5460038185 0.822882996906 1430785289.58
0.089 0.999781351379 2.81437426889e-05 17.6308 0.9916 0.7732 49 34.5460038185 0.852552598522 1430785290.26
0.082 0.999824237293 1.99302524113e-06 17.5472 0.992 0.7904 49 34.5460038185 0.83555785678 1430785290.95
0.083 0.999776758442 7.40423914578e-32 17.3284 0.9924 0.8072 49 34.5460038185 0.855422301442 1430785291.68
0.079 0.99975774142 0.0 17.256 0.9932 0.8224 49 34.5460038185 0.833371867465 1430785292.39
0.085 0.999795117277 0.0 17.2868 0.994 0.8344 49 34.5460038185 0.842041950693 1430785293.06
0.093 0.999809134135 0.0 17.2652 0.9952 0.846 49 34.5460038185 0.858295274528 1430785293.78
0.097 0.999821729862 0.0 17.3924 0.9964 0.8548 49 34.5460038185 0.872922844087 1430785294.48
0.095 0.999818390797 0.0 17.1836 0.9992 0.866 49 34.5460038185 0.824369157078 1430785295.16
0.091 0.999823055659 0.0 17.384 0.9996 0.8728 49 34.5460038185 0.863161711683 1430785295.85
0.094 0.999813991779 0.0 17.43 0.9996 0.88 49 34.5460038185 0.843933242117 1430785296.5
0.082 0.999814176368 0.0 17.498 1.0 0.8864 49 34.5460038185 0.85166504348 1430785297.23
0.083 0.999815889797 7.8198445186e-258 17.7932 1.0 0.8916 49 34.5460038185 0.876369327331 1430785297.92
0.084 0.999825430918 3.42843818396e-10 17.9748 1.0 0.8972 49 34.5460038185 0.848573670822 1430785298.64
0.074 0.999822290171 4.53039615195e-09 18.3436 1.0 0.014 45.0 31.4794853926 0.860793672005 1430785299.36
0.071 0.999824706429 0.000261261203522 18.4228 1.0 0.0932 45.0 31.4794853926 0.86720391875 1430785300.03
0.082 0.999742396533 1.92402808672e-05 18.4908 1.0 0.1336 45.0 31.4794853926 0.840583015401 1430785300.78
0.078 0.999782686433 6.05479812832e-06 18.5764 1.0 0.1676 45.0 31.4794853926 0.838898803008 1430785301.46
0.09 0.999823360445 0.000187586395466 18.8308 1.0 0.196 45.0 31.4794853926 0.852626331267 1430785302.18
0.069 0.999750597241 6.69970893627e-09 18.9576 1.0 0.2256 45.0 31.4794853926 0.853562420514 1430785302.87
0.116 0.9997549356 1.29267752141e-175 18.9216 1.0 0.2568 45.0 31.4794853926 0.819083110682 1430785303.56
0.092 0.999791838368 0.0 18.752 1.0 0.2912 45.0 31.4794853926 0.829169966337 1430785304.25
0.079 0.999812515179 0.0 18.55 1.0 0.3272 45.0 31.4794853926 0.853260158863 1430785304.97
0.079 0.999809968545 0.0 18.5976 1.0 0.354 45.0 31.4794853926 0.855085509473 1430785305.68
0.08 0.999771281922 0.0 18.3584 1.0 0.3868 45.0 31.4794853926 0.858265277909 1430785306.4
0.084 0.999737342333 0.0 18.2036 1.0 0.418 45.0 31.4794853926 0.848514457118 1430785307.09
0.091 0.999797758065 0.0 17.8672 1.0 0.4516 45.0 31.4794853926 0.853443908947 1430785307.79
0.087 0.999808707138 0.0 17.8892 1.0 0.4776 45.0 31.4794853926 0.852693040726 1430785308.5
0.08 0.999817655105 0.0 17.6644 1.0 0.506 45.0 31.4794853926 0.868063788591 1430785309.19
0.081 0.99981423809 0.0 17.6092 1.0 0.53 45.0 31.4794853926 0.845978821077 1430785309.89
0.073 0.99981582593 0.0 17.584 1.0 0.556 45.0 31.4794853926 0.856801421184 1430785310.58
0.096 0.999816915114 0.0 17.6528 1.0 0.576 45.0 31.4794853926 0.834262214039 1430785311.28
0.081 0.999820706617 0.0 17.6604 1.0 0.5956 45.0 31.4794853926 0.852717947731 1430785311.98
0.074 0.999815061461 0.0 17.8724 1.0 0.61 45.0 31.4794853926 0.837978997699 1430785312.66
0.083 0.999817496139 0.0 17.91 1.0 0.6288 45.0 31.4794853926 0.838180618136 1430785313.37
0.07 0.999815953533 0.0 17.812 1.0 0.6476 45.0 31.4794853926 0.871936443141 1430785314.1
0.089 0.999822299807 0.0 17.9052 1.0 0.662 45.0 31.4794853926 0.844573225613 1430785314.85
0.087 0.999814401919 0.0 17.7696 1.0 0.6824 45.0 31.4794853926 0.871010559059 1430785315.51
0.079 0.999822080429 0.0 17.6936 1.0 0.7024 45.0 31.4794853926 0.870157202841 1430785316.17
0.081 0.99981968326 0.0 17.7336 1.0 0.7184 45.0 31.4794853926 0.863545017772 1430785316.88
0.095 0.999803536799 0.0 17.668 1.0 0.7368 45.0 31.4794853926 0.885006457572 1430785317.57
0.096 0.999825956248 0.0 17.6544 1.0 0.754 45.0 31.4794853926 0.848543205219 1430785318.25
0.085 0.999824947388 0.0 17.5 1.0 0.7732 45.0 31.4794853926 0.834359278492 1430785318.95
0.096 0.999823778659 0.0 17.6276 1.0 0.7888 45.0 31.4794853926 0.868894207381 1430785319.61
0.071 0.999823792885 0.0 17.6028 1.0 0.806 45.0 31.4794853926 0.868539616715 1430785320.34
0.087 0.999822262083 0.0 17.93 1.0 0.816 45.0 31.4794853926 0.886950793968 1430785321.03
0.084 0.999811190086 0.0 17.982 1.0 0.8268 45.0 31.4794853926 0.887985246501 1430785321.68
0.07 0.999818562285 0.0 17.9004 1.0 0.8392 45.0 31.4794853926 0.871975235071 1430785322.4
0.083 0.999820153435 0.0 18.1156 1.0 0.844 45.0 31.4794853926 0.884280957143 1430785323.09
0.068 0.999811820942 0.0 18.152 1.0 0.854 45.0 31.4794853926 0.862013207572 1430785323.74
0.085 0.999822248748 0.0 18.3568 1.0 0.8616 45.0 31.4794853926 0.889817349992 1430785324.45
0.079 0.999819122781 0.0 18.498 1.0 0.8672 45.0 31.4794853926 0.888552189659 1430785325.12
0.084 0.999805019665 0.0 18.572 1.0 0.8724 45.0 31.4794853926 0.89211054969 1430785325.77
0.094 0.99982845414 0.0 18.6088 1.0 0.88 45.0 31.4794853926 0.870253533307 1430785326.47
0.08 0.999819049428 0.0 18.6928 1.0 0.888 45.0 31.4794853926 0.875555429082 1430785327.17
0.083 0.999814358831 0.0 18.4684 1.0 0.8984 45.0 31.4794853926 0.865639794348 1430785327.87
0.08 0.999820714762 0.0 18.4728 1.0 0.0696 43.5 30.224573195 0.864554023977 1430785328.6
0.087 0.999831798808 0.0 18.3292 1.0 0.1156 43.5 30.224573195 0.866787906505 1430785329.32
0.068 0.999813745913 0.0 18.2492 1.0 0.1488 43.5 30.224573195 0.849097229943 1430785330.02
0.094 0.999822135138 0.0 17.7328 1.0 0.1904 43.5 30.224573195 0.851199552616 1430785330.75
0.064 0.999820646512 0.0 17.8372 1.0 0.2176 43.5 30.224573195 0.876242416046 1430785331.45
0.086 0.999825442713 0.0 17.7168 1.0 0.2524 43.5 30.224573195 0.845200020145 1430785332.2
0.071 0.999814388963 0.0 17.9744 1.0 0.2768 43.5 30.224573195 0.878532118655 1430785332.94
0.104 0.999822308113 0.0 17.942 1.0 0.3064 43.5 30.224573195 0.869738602018 1430785333.63
0.088 0.999825476905 0.0 17.9548 1.0 0.3356 43.5 30.224573195 0.860884715233 1430785334.35
0.088 0.99981915363 0.0 17.7332 1.0 0.37 43.5 30.224573195 0.875813490456 1430785335.05
0.075 0.999817573523 0.0 17.564 1.0 0.4012 43.5 30.224573195 0.869533835985 1430785335.78
0.09 0.999822845795 7.14233702849e-71 17.414 1.0 0.4288 43.5 30.224573195 0.860159971127 1430785336.47
0.078 0.999818342821 8.09393780239e-08 17.422 1.0 0.454 43.5 30.224573195 0.844096164884 1430785337.18
0.107 0.999809873125 2.27453861816e-06 17.1432 1.0 0.4832 43.5 30.224573195 0.874485358047 1430785337.85
0.082 0.999817271092 5.04728136727e-46 16.7636 1.0 0.5132 43.5 30.224573195 0.837771856226 1430785338.52
0.071 0.999819517718 0.0 16.732 1.0 0.538 43.5 30.224573195 0.867361704795 1430785339.23
0.077 0.999827896959 0.0 16.7432 1.0 0.5624 43.5 30.224573195 0.872397308397 1430785339.92
0.071 0.999808253067 0.0 16.6156 1.0 0.586 43.5 30.224573195 0.849708379138 1430785340.63
0.085 0.999817086178 0.0 16.646 1.0 0.608 43.5 30.224573195 0.847794602498 1430785341.32
0.091 0.999822078338 1.26944198789e-92 16.4536 1.0 0.6368 43.5 30.224573195 0.837101999872 1430785342.0
0.082 0.999819019559 2.82028956642e-05 16.4776 1.0 0.6552 43.5 30.224573195 0.855016138451 1430785342.72
0.082 0.99981479041 0.0115336059181 16.6 1.0 0.674 43.5 30.224573195 0.846141254539 1430785343.41
0.079 0.998532451475 0.0136181680209 16.722 1.0 0.692 43.5 30.224573195 0.831883551613 1430785344.09
0.098 0.9931065749 0.000140017899482 16.5156 1.0 0.7164 43.5 30.224573195 0.799289048588 1430785344.78
0.087 0.994757519383 2.49526616134e-05 16.6608 1.0 0.7308 43.5 30.224573195 0.765870598852 1430785345.44
0.082 0.998847281738 3.38489757333e-09 16.7876 1.0 0.744 43.5 30.224573195 0.825448245697 1430785346.11
0.1 0.999544481221 8.90902009939e-63 16.8848 1.0 0.7572 43.5 30.224573195 0.843481812315 1430785346.79
0.072 0.999414366163 0.0 17.0488 1.0 0.7672 43.5 30.224573195 0.860784199279 1430785347.46
0.077 0.999817153394 0.0 16.9128 1.0 0.784 43.5 30.224573195 0.845897492673 1430785348.12
0.091 0.999604157631 0.0 16.7264 1.0 0.7984 43.5 30.224573195 0.8338174156 1430785348.79
0.093 0.999683041429 0.0 16.886 1.0 0.8076 43.5 30.224573195 0.837778902771 1430785349.48
0.08 0.99981001792 0.0 16.8584 1.0 0.8204 43.5 30.224573195 0.848311802732 1430785350.19
0.087 0.99982254724 0.0 16.6732 1.0 0.8348 43.5 30.224573195 0.814903717737 1430785350.88
0.081 0.999831929645 0.0 16.5904 1.0 0.8488 43.5 30.224573195 0.804698979732 1430785351.6
0.072 0.999799804389 0.0 16.432 1.0 0.8636 43.5 30.224573195 0.831348971276 1430785352.33
0.071 0.999766523028 0.0 16.4884 1.0 0.8736 43.5 30.224573195 0.827777127152 1430785353.01
0.076 0.999807087948 0.0 16.6304 1.0 0.8824 43.5 30.224573195 0.840622038451 1430785353.69
0.088 0.999797676021 0.0 16.7636 1.0 0.89 43.5 30.224573195 0.829887949457 1430785354.36
0.098 0.999799875839 1.7163227848e-08 16.7112 1.0 0.8996 43.5 30.224573195 0.864453923479 1430785355.04
0.079 0.999820170902 0.00248385739794 16.8448 1.0 0.0688 41.25 28.6906136572 0.862680501154 1430785355.72
0.096 0.999310915247 0.000244806463282 16.7724 1.0 0.1204 41.25 28.6906136572 0.837535114518 1430785356.41
0.086 0.999149015612 0.00190225461621 16.9084 1.0 0.1552 41.25 28.6906136572 0.853163053676 1430785357.12
0.073 0.998890462519 0.0135251445941 16.872 1.0 0.1892 41.25 28.6906136572 0.856912759565 1430785357.81
0.094 0.995665020479 0.0158535739062 16.8692 1.0 0.2216 41.25 28.6906136572 0.770750988828 1430785358.5
0.107 0.989971650192 0.00621267260127 16.5952 1.0 0.2644 41.25 28.6906136572 0.702019902758 1430785359.14
0.107 0.991397903713 3.03967384755e-05 16.6948 1.0 0.294 41.25 28.6906136572 0.730041424145 1430785359.86
0.09 0.996370396644 6.06996894691e-19 16.8096 1.0 0.3212 41.25 28.6906136572 0.78768274547 1430785360.55
0.063 0.999808979576 0.0 16.9524 1.0 0.348 41.25 28.6906136572 0.875343776619 1430785361.24
0.093 0.999294220466 7.72872998001e-33 16.8888 1.0 0.3816 41.25 28.6906136572 0.831870764211 1430785361.94
0.088 0.999723660759 6.54172805147e-10 16.918 1.0 0.416 41.25 28.6906136572 0.814761090263 1430785362.64
0.091 0.999738788524 2.88994142026e-36 17.0008 1.0 0.4436 41.25 28.6906136572 0.817189364641 1430785363.33
0.089 0.99966347579 0.0 17.0316 1.0 0.4748 41.25 28.6906136572 0.819667363612 1430785363.97
0.077 0.999813260189 0.0 17.3184 1.0 0.4952 41.25 28.6906136572 0.828407116644 1430785364.69
0.088 0.99981489562 0.0 17.4876 1.0 0.5184 41.25 28.6906136572 0.805789093433 1430785365.4
0.091 0.999830060191 0.0 17.6076 1.0 0.5424 41.25 28.6906136572 0.837371099347 1430785366.21
0.08 0.999800772633 0.0 17.7608 1.0 0.5636 41.25 28.6906136572 0.853359795062 1430785367.19
0.085 0.999770831838 0.0 17.9536 1.0 0.5808 41.25 28.6906136572 0.837270833642 1430785368.04
0.09 0.999813480056 0.0 17.9124 1.0 0.604 41.25 28.6906136572 0.832275137071 1430785369.09
0.096 0.99981869667 0.0 17.8772 1.0 0.6244 41.25 28.6906136572 0.849931879785 1430785369.84
0.092 0.99981493452 0.0 17.6944 1.0 0.6484 41.25 28.6906136572 0.873140683532 1430785370.69
0.086 0.999818498909 0.0 17.5424 1.0 0.6728 41.25 28.6906136572 0.84589631219 1430785371.54
0.06 0.999827631131 0.0 17.5564 1.0 0.6912 41.25 28.6906136572 0.855946325925 1430785372.78
0.079 0.99982022291 0.0 17.5692 1.0 0.7072 41.25 28.6906136572 0.845341495648 1430785373.51
0.082 0.999822070357 0.0 17.6828 1.0 0.7224 41.25 28.6906136572 0.856969619473 1430785374.33
0.086 0.999817459087 0.0 17.5736 1.0 0.7412 41.25 28.6906136572 0.842844191855 1430785375.07
0.085 0.999828583356 0.0 17.372 1.0 0.7624 41.25 28.6906136572 0.845263006697 1430786203.53
0.088 0.999815962298 0.0 17.3512 1.0 0.7764 41.25 28.6906136572 0.866639472432 1430786204.22
0.073 0.999825467123 0.0 17.14 1.0 0.7964 41.25 28.6906136572 0.857958659398 1430786204.93
0.091 0.999820034202 0.0 16.9948 1.0 0.8148 41.25 28.6906136572 0.855880484554 1430786205.62
0.076 0.999817571077 0.0 17.0768 1.0 0.8304 41.25 28.6906136572 0.872283597825 1430786206.28
0.065 0.999822317739 0.0 16.9268 1.0 0.8468 41.25 28.6906136572 0.869147521374 1430786206.99
0.105 0.999814410886 0.0 16.86 1.0 0.8644 41.25 28.6906136572 0.846109447209 1430786207.67
0.071 0.99981757451 0.0 16.6844 1.0 0.8812 41.25 28.6906136572 0.857162507932 1430786208.39
0.076 0.999822319301 0.0 16.8712 1.0 0.8896 41.25 28.6906136572 0.855943022974 1430786209.15
0.08 0.999822319418 0.0 17.0804 1.0 0.898 41.25 28.6906136572 0.869516934326 1430786209.88
0.074 0.999815993354 0.0 17.1224 1.0 0.0692 38.625 441.779762343 0.857375665345 1430786210.59
0.09 0.999820737984 0.0 17.4556 1.0 0.11 38.625 441.779762343 0.835258159864 1430786211.28
0.076 0.999818554005 0.0 17.3608 1.0 0.1504 38.625 441.779762343 0.869233981762 1430786211.92
0.087 0.99981785215 0.0 17.3932 1.0 0.188 38.625 441.779762343 0.836786670608 1430786212.62
0.077 0.99982063519 0.0 17.3212 1.0 0.2264 38.625 441.779762343 0.830592242778 1430786213.31
0.09 0.999815948702 0.0 17.3204 1.0 0.2588 38.625 441.779762343 0.837126702243 1430786214.03
0.095 0.999816329679 0.0 17.3112 1.0 0.2924 38.625 441.779762343 0.809255497618 1430786214.68
0.093 0.999805692847 0.0 17.5356 1.0 0.316 38.625 441.779762343 0.842365332516 1430786215.36
0.084 0.999817336064 0.0 17.368 1.0 0.3504 38.625 441.779762343 0.834735530008 1430786216.07
0.085 0.999826958369 0.0 17.298 1.0 0.3776 38.625 441.779762343 0.819965285236 1430786216.76
0.09 0.999825429781 0.0 17.3516 1.0 0.4036 38.625 441.779762343 0.851751429313 1430786217.48
0.069 0.999820709333 0.0 17.4336 1.0 0.4296 38.625 441.779762343 0.852376513095 1430786218.19
0.097 0.99981914262 0.0 17.2808 1.0 0.4596 38.625 441.779762343 0.832207299385 1430786218.85
0.084 0.999819149069 0.0 17.0924 1.0 0.4896 38.625 441.779762343 0.827605872051 1430786219.56
0.073 0.999823897325 5.33382880584e-106 17.1116 1.0 0.5104 38.625 441.779762343 0.863154827933 1430786220.25
0.084 0.999820736356 8.95606353673e-07 17.382 1.0 0.5268 38.625 441.779762343 0.835250522057 1430786220.98
0.073 0.999828644814 5.67998605627e-05 17.5924 1.0 0.5436 38.625 441.779762343 0.853893947982 1430786221.7
0.079 0.999823900611 0.000143854342329 17.5404 1.0 0.5656 38.625 441.779762343 0.855378539434 1430786222.4
0.086 0.999748905032 0.0105238438442 17.4324 1.0 0.5888 38.625 441.779762343 0.829293276733 1430786223.1
0.1 0.997757256022 0.0104769593674 17.3648 1.0 0.6112 38.625 441.779762343 0.811246046557 1430786223.81
0.103 0.992981605432 2.33639170957e-05 17.3624 1.0 0.6308 38.625 441.779762343 0.774696487075 1430786224.55
0.101 0.994982044555 1.83667500784e-38 17.4744 1.0 0.6476 38.625 441.779762343 0.82324735987 1430786225.25
0.077 0.998927415678 0.0 17.3928 1.0 0.6688 38.625 441.779762343 0.856133122005 1430786225.94
0.071 0.999533281994 0.0 17.5008 1.0 0.6848 38.625 441.779762343 0.860008589385 1430786226.66
0.096 0.999395451613 0.0 17.4812 1.0 0.704 38.625 441.779762343 0.82135767859 1430786227.34
0.074 0.999821992553 0.0 17.4048 1.0 0.726 38.625 441.779762343 0.830317446361 1430786228.02
0.092 0.999597376755 0.0 17.3388 1.0 0.7472 38.625 441.779762343 0.813459729428 1430786228.68
0.091 0.999683904999 0.0 17.1636 1.0 0.7696 38.625 441.779762343 0.846598237132 1430786229.4
0.06 0.999813851483 0.0 17.0848 1.0 0.7896 38.625 441.779762343 0.805964560167 1430786230.12
0.069 0.999824294745 0.0 17.0828 1.0 0.8072 38.625 441.779762343 0.819577159091 1430786230.85
0.1 0.999823364475 0.0 17.1048 1.0 0.8236 38.625 441.779762343 0.827183426996 1430786231.55
0.069 0.999793029698 0.0 17.268 1.0 0.8344 38.625 441.779762343 0.814333279535 1430786232.32
0.082 0.999779036487 0.0 17.462 1.0 0.8428 38.625 441.779762343 0.852514781589 1430786233.02
0.074 0.999802947174 0.0 17.6168 1.0 0.8508 38.625 441.779762343 0.814059931494 1430786233.7
0.092 0.999810063918 0.0 17.7428 1.0 0.86 38.625 441.779762343 0.835235545655 1430786234.37
0.076 0.99981732879 0.0 17.8468 1.0 0.8676 38.625 441.779762343 0.870466557902 1430786235.07
0.076 0.999818423053 0.0 17.8764 1.0 0.8768 38.625 441.779762343 0.839405967423 1430786235.77
0.087 0.99980990244 0.0 17.8556 1.0 0.8836 38.625 441.779762343 0.853543658701 1430786236.44
0.079 0.999805991246 0.0 17.854 1.0 0.8876 38.625 441.779762343 0.843017780478 1430786237.13
0.077 0.999814038389 0.0 18.042 1.0 0.8888 38.625 441.779762343 0.810122630912 1430786237.84
0.076 0.99981271514 0.0 18.3144 1.0 0.8896 38.625 441.779762343 0.822783053768 1430786238.53
0.084 0.999820114211 0.0 18.5828 1.0 0.8912 38.625 441.779762343 0.795172791974 1430786239.22
0.088 0.999810597198 0.0 18.7528 1.0 0.8952 38.625 441.779762343 0.82093582031 1430786239.92
0.088 0.999804897113 0.0 18.87 1.0 0.0324 40.8125 235.988589205 0.849249907055 1430786240.59
0.089 0.999820707594 0.0 18.8372 1.0 0.1028 40.8125 235.988589205 0.798956755444 1430786241.26
0.075 0.999808651397 0.0 18.8448 1.0 0.1388 40.8125 235.988589205 0.82354342282 1430786241.95
0.09 0.999814725512 7.28987323685e-19 18.7992 1.0 0.1748 40.8125 235.988589205 0.809364317634 1430786242.63
0.089 0.999813830151 0.000741265873228 18.8188 1.0 0.2052 40.8125 235.988589205 0.82595756981 1430786243.37
0.077 0.999567725506 0.011669879484 18.7952 1.0 0.2356 40.8125 235.988589205 0.812474012842 1430786244.11
0.093 0.99678969692 0.0134700651655 18.416 1.0 0.2744 40.8125 235.988589205 0.776826062001 1430786244.79
0.106 0.990681144252 0.00690657458256 18.1696 1.0 0.3108 40.8125 235.988589205 0.711368023041 1430786245.48
0.092 0.991183839379 0.000144775904854 18.1812 1.0 0.3396 40.8125 235.988589205 0.69302101019 1430786246.19
0.102 0.996272133584 1.63868035979e-19 18.2696 1.0 0.3624 40.8125 235.988589205 0.736192699531 1430786246.91
0.088 0.999798268602 0.0 18.2304 1.0 0.3892 40.8125 235.988589205 0.808377471264 1430786247.6
0.083 0.999280883288 0.0 18.1428 1.0 0.4168 40.8125 235.988589205 0.78582185144 1430786248.28
0.081 0.999720466704 0.0 18.0248 1.0 0.4468 40.8125 235.988589205 0.783595306855 1430786248.98
0.084 0.999726960504 0.0 17.9576 1.0 0.4728 40.8125 235.988589205 0.812950740498 1430786249.68
0.091 0.999675831037 0.0 18.0184 1.0 0.4968 40.8125 235.988589205 0.832685792856 1430786250.34
0.075 0.999802440793 0.0 18.0984 1.0 0.52 40.8125 235.988589205 0.81241504827 1430786251.04
0.08 0.999828059822 0.0 18.0364 1.0 0.548 40.8125 235.988589205 0.842513409486 1430786251.75
0.068 0.999819369559 0.0 18.1664 1.0 0.5692 40.8125 235.988589205 0.84499516157 1430786252.42
0.095 0.999789960408 0.0 18.212 1.0 0.59 40.8125 235.988589205 0.824405797198 1430786253.09
0.09 0.999773502722 0.0 18.1808 1.0 0.6136 40.8125 235.988589205 0.837484853314 1430786253.77
0.092 0.999799884141 0.0 18.2272 1.0 0.6348 40.8125 235.988589205 0.836243556483 1430786254.48
0.076 0.999813599404 0.0 18.2744 1.0 0.6548 40.8125 235.988589205 0.815715262958 1430786255.16
0.089 0.999814009621 0.0 18.1868 1.0 0.6788 40.8125 235.988589205 0.857268357306 1430786255.87
0.08 0.999821518586 0.0 18.2264 1.0 0.6956 40.8125 235.988589205 0.843729762729 1430786256.62
0.078 0.999817047766 0.0 18.0972 1.0 0.7188 40.8125 235.988589205 0.837443736557 1430786257.29
0.064 0.999820190209 0.0 18.146 1.0 0.7364 40.8125 235.988589205 0.842708928548 1430786258.01
0.078 0.99982059035 0.0 18.1632 1.0 0.7528 40.8125 235.988589205 0.838815954689 1430786258.72
0.075 0.999825014208 0.0 18.3688 1.0 0.7644 40.8125 235.988589205 0.794229240045 1430786259.38
0.066 0.999817544441 0.0 18.5332 1.0 0.7748 40.8125 235.988589205 0.821904033413 1430786260.11
0.075 0.999793600707 0.0 18.742 1.0 0.7848 40.8125 235.988589205 0.869179983057 1430786260.82
0.075 0.999809186983 3.46136654646e-97 18.8872 1.0 0.7948 40.8125 235.988589205 0.824503847252 1430786261.54
0.077 0.999817814892 0.0 19.0824 1.0 0.8044 40.8125 235.988589205 0.835556862309 1430786262.24
0.084 0.999815213962 0.0 19.0788 1.0 0.8164 40.8125 235.988589205 0.810560136086 1430786262.92
0.083 0.999817279069 0.0 19.1504 1.0 0.8256 40.8125 235.988589205 0.851594503442 1430786263.6
0.064 0.999821555314 0.0 19.1696 1.0 0.8332 40.8125 235.988589205 0.849175015332 1430786264.31
0.065 0.999819694092 0.0 19.2124 1.0 0.8432 40.8125 235.988589205 0.833957278452 1430786264.98
0.076 0.999815031039 0.0 19.318 1.0 0.8512 40.8125 235.988589205 0.852888614749 1430786265.63
0.079 0.999817194712 0.0 19.254 1.0 0.86 40.8125 235.988589205 0.858158790116 1430786266.34
0.085 0.999823582803 0.0 19.24 1.0 0.8672 40.8125 235.988589205 0.842693681317 1430786267.0
0.095 0.99982016387 0.0 19.3556 1.0 0.874 40.8125 235.988589205 0.843627764679 1430786267.71
0.088 0.999822272059 0.0 19.2736 1.0 0.8792 40.8125 235.988589205 0.829572003796 1430786268.39
0.094 0.999819132628 0.0 19.2604 1.0 0.8856 40.8125 235.988589205 0.7986032332 1430786269.14
0.075 0.999822506025 0.0 19.2832 1.0 0.89 40.8125 235.988589205 0.857402111503 1430786269.83
0.097 0.999815987087 0.0 19.3892 1.0 0.8936 40.8125 235.988589205 0.859334061883 1430786270.5
0.075 0.999818732368 0.0 19.4196 1.0 0.8976 40.8125 235.988589205 0.83532962912 1430786271.19
0.096 0.999813286298 0.0 19.3872 1.0 0.0276 42.90625 133.63556369 0.84205125731 1430786271.87
0.085 0.99981345628 7.8198445186e-258 19.5216 1.0 0.0948 42.90625 133.63556369 0.842286039857 1430786272.58
0.088 0.999819250824 3.13582617921e-14 19.5196 1.0 0.1332 42.90625 133.63556369 0.860926760596 1430786273.36
0.071 0.999812905078 0.000143854255201 19.6048 1.0 0.164 42.90625 133.63556369 0.853851440345 1430786274.13
0.087 0.999734283778 0.000663191008322 19.4828 1.0 0.1956 42.90625 133.63556369 0.816478618692 1430786274.95
0.084 0.999447615516 0.00536388674861 19.1756 1.0 0.2324 42.90625 133.63556369 0.860043020803 1430786275.59
0.085 0.997611996239 8.08453583102e-05 18.8184 1.0 0.2728 42.90625 133.63556369 0.81594408625 1430786276.31
0.087 0.998363049884 4.46385220894e-32 18.9088 1.0 0.2988 42.90625 133.63556369 0.841541312279 1430786277.1
0.089 0.999821002135 4.12499138285e-49 18.834 1.0 0.326 42.90625 133.63556369 0.853754803862 1430786277.91
0.081 0.99958569072 0.000143854255201 18.69 1.0 0.3524 42.90625 133.63556369 0.879564350825 1430786278.64
0.084 0.999813906104 0.000386190132317 18.7604 1.0 0.3772 42.90625 133.63556369 0.873542626855 1430786279.34
0.077 0.999651507653 1.55929525825e-14 18.668 1.0 0.4048 42.90625 133.63556369 0.895724455722 1430786280.03
0.076 0.999715590908 0.0 18.5128 1.0 0.432 42.90625 133.63556369 0.88925691227 1430786280.77
0.083 0.999833542116 0.0 18.5676 1.0 0.4524 42.90625 133.63556369 0.874415159755 1430786281.47
0.087 0.999832360399 0.0 18.6228 1.0 0.4776 42.90625 133.63556369 0.865310011798 1430786282.13
0.091 0.999793760318 0.0 18.4152 1.0 0.5068 42.90625 133.63556369 0.807312704142 1430786283.06
0.084 0.99975796498 0.0 18.2148 1.0 0.5348 42.90625 133.63556369 0.847342446017 1430786283.93
0.084 0.999761914459 0.0 18.132 1.0 0.5608 42.90625 133.63556369 0.833528015427 1430786284.67
0.078 0.999795630687 0.0 18.0268 1.0 0.5844 42.90625 133.63556369 0.842945128907 1430786285.38
0.101 0.999808302179 0.0 17.8164 1.0 0.6104 42.90625 133.63556369 0.851097472378 1430786286.14
0.078 0.999814357215 0.0 17.6268 1.0 0.6356 42.90625 133.63556369 0.842556029592 1430786287.04
0.077 0.999818638948 0.0 17.6004 1.0 0.6572 42.90625 133.63556369 0.813171343924 1430786287.76
0.078 0.999817985618 0.0 17.6264 1.0 0.678 42.90625 133.63556369 0.815969336632 1430786288.51
0.075 0.999821789228 0.0 17.6476 1.0 0.6972 42.90625 133.63556369 0.841408613263 1430786289.24
0.083 0.99982681327 0.0 17.8472 1.0 0.7096 42.90625 133.63556369 0.819954653104 1430786289.92
0.1 0.999830083748 0.0 17.9328 1.0 0.726 42.90625 133.63556369 0.850463345012 1430786290.69
0.075 0.999820669547 0.0 18.0068 1.0 0.7376 42.90625 133.63556369 0.794078171396 1430786291.55
0.084 0.999814376099 0.0 18.09 1.0 0.7488 42.90625 133.63556369 0.831445828715 1430786292.61
0.087 0.999819140897 0.0 17.9968 1.0 0.7636 42.90625 133.63556369 0.841117276173 1430786293.34
0.068 0.999828637879 0.0 17.9624 1.0 0.7768 42.90625 133.63556369 0.868781831022 1430786294.08
0.073 0.999819342672 0.0 17.8796 1.0 0.7896 42.90625 133.63556369 0.869029461883 1430786294.8
0.074 0.999816411304 0.0 17.9032 1.0 0.8016 42.90625 133.63556369 0.855557564928 1430786295.51
0.093 0.999826576045 0.0 18.0272 1.0 0.8124 42.90625 133.63556369 0.840063960963 1430786296.19
0.088 0.999823804016 0.0 18.1556 1.0 0.8184 42.90625 133.63556369 0.819734887368 1430786296.94
0.066 0.999820693961 0.0 17.9932 1.0 0.8292 42.90625 133.63556369 0.867497645677 1430786297.85
0.09 0.999817551925 0.0 18.0 1.0 0.84 42.90625 133.63556369 0.856124473313 1430786298.64
0.091 0.999809655668 0.0 18.158 1.0 0.8468 42.90625 133.63556369 0.896769115067 1430786299.33
0.075 0.999817569139 0.0 18.3224 1.0 0.8544 42.90625 133.63556369 0.870252943574 1430786300.06
0.077 0.999822316851 0.0 18.4752 1.0 0.8616 42.90625 133.63556369 0.878286440077 1430786300.81
0.088 0.999818566582 0.0 18.18 1.0 0.8744 42.90625 133.63556369 0.848331016357 1430786301.48
0.081 0.999821176678 0.0 18.0648 1.0 0.8852 42.90625 133.63556369 0.86643872555 1430786302.16
0.076 0.999824309982 0.0 18.11 1.0 0.8944 42.90625 133.63556369 0.872802265032 1430786302.88
0.079 0.999817431814 0.0 17.8368 1.0 0.0576 42.453125 82.621556798 0.857000223048 1430786303.7
0.086 0.999819085532 0.0 17.862 1.0 0.1152 42.453125 82.621556798 0.889174698592 1430786304.51
0.089 0.999826024419 0.0 17.684 1.0 0.1568 42.453125 82.621556798 0.882773214866 1430786305.22
0.094 0.99980683149 0.0 17.512 1.0 0.1936 42.453125 82.621556798 0.873057520024 1430786305.92
0.089 0.999825262435 0.0 17.4176 1.0 0.2288 42.453125 82.621556798 0.887185655244 1430786306.65
0.091 0.999823805005 0.0 17.2372 1.0 0.264 42.453125 82.621556798 0.849473100668 1430786307.35
0.082 0.999815938696 0.0 17.0124 1.0 0.2988 42.453125 82.621556798 0.867158183334 1430786308.09
0.085 0.999825458529 0.0 16.852 1.0 0.3312 42.453125 82.621556798 0.864711452313 1430786308.82
0.08 0.999822305882 0.0 16.6616 1.0 0.3608 42.453125 82.621556798 0.872096251025 1430786309.59
0.085 0.999820731148 0.0 16.2884 1.0 0.3928 42.453125 82.621556798 0.852302415169 1430786310.34
0.065 0.999822316128 0.0 16.364 1.0 0.4172 42.453125 82.621556798 0.871000329837 1430786311.06
0.08 0.999822317827 0.0 16.3292 1.0 0.4436 42.453125 82.621556798 0.871660911787 1430786311.75
0.085 0.99981105128 0.0 16.434 1.0 0.466 42.453125 82.621556798 0.855906933011 1430786312.43
0.088 0.999802100535 0.0 16.6732 1.0 0.486 42.453125 82.621556798 0.829711163357 1430786313.14
0.081 0.999806383937 0.0 16.9328 1.0 0.5028 42.453125 82.621556798 0.879582268345 1430786313.91
0.086 0.999814983245 0.0 17.292 1.0 0.5192 42.453125 82.621556798 0.88167834578 1430786314.6
0.09 0.999821878437 0.0 17.4068 1.0 0.5408 42.453125 82.621556798 0.883476131453 1430786315.29
0.078 0.999818363251 0.0 17.6664 1.0 0.5564 42.453125 82.621556798 0.862614031967 1430786315.95
0.094 0.999815218267 0.0 17.8204 1.0 0.5756 42.453125 82.621556798 0.865333011864 1430786316.63
0.094 0.999819021663 0.0 17.8564 1.0 0.596 42.453125 82.621556798 0.863163300581 1430786317.39
0.072 0.999814349913 0.0 17.8124 1.0 0.618 42.453125 82.621556798 0.846811400807 1430786318.09
0.079 0.999820430565 0.0 17.7756 1.0 0.636 42.453125 82.621556798 0.835313161847 1430786318.78
0.072 0.999820722602 0.0 17.756 1.0 0.656 42.453125 82.621556798 0.879270778376 1430786319.51
0.078 0.999823776447 0.0 17.6656 1.0 0.6772 42.453125 82.621556798 0.8231578896 1430786320.19
0.064 0.999823897206 0.0 17.5728 1.0 0.6996 42.453125 82.621556798 0.814491070768 1430786320.88
0.085 0.999809522188 0.0 17.6232 1.0 0.7184 42.453125 82.621556798 0.843918263331 1430786321.54
0.067 0.999825182787 0.0 17.4784 1.0 0.7408 42.453125 82.621556798 0.820673369071 1430786322.26
0.081 0.999816772503 9.864712167e-28 17.4292 1.0 0.76 42.453125 82.621556798 0.818018083357 1430786322.93
0.085 0.99981694944 3.3394797731e-05 17.232 1.0 0.7836 42.453125 82.621556798 0.855460454973 1430786323.61
0.081 0.999818420904 0.00168807806635 17.3676 1.0 0.7972 42.453125 82.621556798 0.840565614921 1430786324.32
0.081 0.999306753549 0.000154079114409 17.2716 1.0 0.8152 42.453125 82.621556798 0.801943444406 1430786325.03
0.062 0.99916591649 1.02866324812e-32 17.1372 1.0 0.8332 42.453125 82.621556798 0.824422409995 1430786325.77
0.076 0.999817980069 9.72272441555e-30 17.2552 1.0 0.8456 42.453125 82.621556798 0.842998375644 1430786326.46
0.088 0.999774881647 1.79421149146e-37 17.1936 1.0 0.858 42.453125 82.621556798 0.829803718934 1430786327.14
0.082 0.999819203931 3.28101979117e-307 17.2716 1.0 0.8704 42.453125 82.621556798 0.836328159305 1430786327.81
0.096 0.999771820463 5.47017950516e-279 17.1872 1.0 0.8832 42.453125 82.621556798 0.817704961291 1430786328.5
0.099 0.999770356108 0.0 17.1948 1.0 0.8932 42.453125 82.621556798 0.858583318409 1430786329.18
0.081 0.999792129324 0.0 17.1996 1.0 0.042 39.7265625 54.473899384 0.873723273567 1430786329.89
0.098 0.999814691132 0.0 17.3156 1.0 0.102 39.7265625 54.473899384 0.83455019807 1430786330.62
0.08 0.999823410694 0.0 17.158 1.0 0.1416 39.7265625 54.473899384 0.852343333368 1430786331.33
0.083 0.999822193472 0.0 17.1872 1.0 0.1724 39.7265625 54.473899384 0.861653445381 1430786332.01
0.092 0.999821496055 1.67567623328e-19 17.2248 1.0 0.2024 39.7265625 54.473899384 0.861844258045 1430786332.73
0.092 0.999815589135 0.00353280915183 17.1644 1.0 0.2376 39.7265625 54.473899384 0.854973798093 1430786333.49
0.082 0.99899793659 0.0116342709543 17.1804 1.0 0.2704 39.7265625 54.473899384 0.840214726507 1430786334.2
0.095 0.994546567716 0.00442843096697 17.2364 1.0 0.3036 39.7265625 54.473899384 0.792768524899 1430786334.91
0.1 0.993209254034 5.49261624086e-08 17.302 1.0 0.3344 39.7265625 54.473899384 0.781592340002 1430786335.69
0.092 0.997026670325 1.13991746577e-38 17.2444 1.0 0.3648 39.7265625 54.473899384 0.801442048801 1430786336.45
0.088 0.999812884831 1.92464459678e-147 17.1312 1.0 0.396 39.7265625 54.473899384 0.829325238069 1430786337.15
0.087 0.999362224011 0.0 16.9968 1.0 0.4244 39.7265625 54.473899384 0.878689963119 1430786337.91
0.087 0.999786633893 0.0 16.9976 1.0 0.4516 39.7265625 54.473899384 0.894552438043 1430786338.66
0.07 0.999690715189 0.0 16.8404 1.0 0.4812 39.7265625 54.473899384 0.872945269839 1430786339.45
0.073 0.999625421206 0.0 16.7948 1.0 0.5096 39.7265625 54.473899384 0.846667442142 1430786340.2
0.082 0.999805085804 0.0 16.9052 1.0 0.5336 39.7265625 54.473899384 0.856761232943 1430786340.88
0.094 0.99982425548 0.0 16.8796 1.0 0.5596 39.7265625 54.473899384 0.826261591559 1430786341.59
0.056 0.999828552307 0.0 17.032 1.0 0.5812 39.7265625 54.473899384 0.85258826467 1430786342.3
0.061 0.999801819809 0.0 17.0152 1.0 0.604 39.7265625 54.473899384 0.8591428482 1430786343.01
0.084 0.999771475504 0.0 17.02 1.0 0.6256 39.7265625 54.473899384 0.854353781831 1430786343.71
0.08 0.999808083523 0.0 17.0012 1.0 0.6496 39.7265625 54.473899384 0.850704944598 1430786344.4
0.083 0.999811137058 0.0 17.0608 1.0 0.6696 39.7265625 54.473899384 0.886773693485 1430786345.12
0.1 0.999813063362 0.0 17.0372 1.0 0.6908 39.7265625 54.473899384 0.887924345501 1430786345.84
0.082 0.999789785444 0.0 16.912 1.0 0.7144 39.7265625 54.473899384 0.857770910828 1430786346.59
0.085 0.999813038623 0.0 16.9304 1.0 0.732 39.7265625 54.473899384 0.874479243908 1430786347.31
0.072 0.999812263065 0.0 16.9844 1.0 0.7496 39.7265625 54.473899384 0.837804425974 1430786348.04
0.075 0.999816938635 0.0 17.0824 1.0 0.7672 39.7265625 54.473899384 0.843868905946 1430786348.76
0.089 0.999818385903 0.0 17.196 1.0 0.7852 39.7265625 54.473899384 0.849597877983 1430786349.44
0.093 0.999820211909 0.0 17.3692 1.0 0.8004 39.7265625 54.473899384 0.88223693316 1430786350.13
0.077 0.999812748164 0.0 17.4904 1.0 0.8144 39.7265625 54.473899384 0.841853158379 1430786350.83
0.075 0.999817638377 0.0 17.4176 1.0 0.8304 39.7265625 54.473899384 0.813052934661 1430786351.54
0.084 0.999817539464 0.0 17.4632 1.0 0.8432 39.7265625 54.473899384 0.857067723264 1430786352.24
0.08 0.999815321039 0.0 17.7464 1.0 0.8504 39.7265625 54.473899384 0.854004592799 1430786352.93
0.064 0.99981566489 0.0 17.692 1.0 0.8644 39.7265625 54.473899384 0.842828703422 1430786353.66
0.099 0.999813090932 0.0 17.634 1.0 0.8752 39.7265625 54.473899384 0.867427647917 1430786354.34
0.085 0.999826104367 0.0 17.666 1.0 0.8836 39.7265625 54.473899384 0.85628245493 1430786355.07
0.077 0.999813473366 0.0 17.5132 1.0 0.8968 39.7265625 54.473899384 0.86129346167 1430786355.87
0.089 0.999809375668 0.0 17.4008 1.0 0.0796 38.36328125 40.4890881875 0.833581904356 1430786356.54
0.088 0.999809266221 0.0 17.524 1.0 0.1228 38.36328125 40.4890881875 0.842804451722 1430786357.27
0.07 0.99982016899 0.0 17.2412 1.0 0.1644 38.36328125 40.4890881875 0.851840610322 1430786358.04
0.079 0.999817060983 0.0 17.438 1.0 0.192 38.36328125 40.4890881875 0.852669610708 1430786358.78
0.078 0.99981710991 0.0 17.5132 1.0 0.2224 38.36328125 40.4890881875 0.848946836182 1430786359.46
0.092 0.999825410781 0.0 17.4808 1.0 0.2528 38.36328125 40.4890881875 0.864015265825 1430786360.21
0.074 0.999828609965 0.0 17.4776 1.0 0.2824 38.36328125 40.4890881875 0.842547371709 1430786360.9
0.072 0.999822168194 0.0 17.3644 1.0 0.312 38.36328125 40.4890881875 0.842780375254 1430786361.55
0.072 0.999824177112 0.0 17.3796 1.0 0.34 38.36328125 40.4890881875 0.804075134723 1430786362.23
0.084 0.999806720208 0.0 17.4328 1.0 0.366 38.36328125 40.4890881875 0.863385124629 1430786362.91
0.085 0.999817208922 0.0 17.4976 1.0 0.392 38.36328125 40.4890881875 0.872056462247 1430786363.61
0.069 0.999816954633 0.0 17.7056 1.0 0.4124 38.36328125 40.4890881875 0.792412803397 1430786364.31
0.079 0.999828546551 0.0 17.6972 1.0 0.4372 38.36328125 40.4890881875 0.833216005925 1430786365.02
0.093 0.999817535978 0.0 17.7528 1.0 0.4588 38.36328125 40.4890881875 0.846387549305 1430786365.72
0.088 0.999815973836 0.0 17.6444 1.0 0.4848 38.36328125 40.4890881875 0.806499936342 1430786366.45
0.083 0.999822308663 0.0 17.664 1.0 0.5088 38.36328125 40.4890881875 0.845527701649 1430786367.17
0.083 0.999825475876 0.0 17.8456 1.0 0.5284 38.36328125 40.4890881875 0.871808980735 1430786367.91
0.078 0.999814409189 0.0 17.9544 1.0 0.5488 38.36328125 40.4890881875 0.836624120643 1430786368.67
0.087 0.999825480935 0.0 17.9488 1.0 0.5716 38.36328125 40.4890881875 0.849084517132 1430786369.41
0.084 0.999825995271 0.0 17.7712 1.0 0.5968 38.36328125 40.4890881875 0.85788860889 1430786370.11
0.078 0.999824641798 0.0 17.6812 1.0 0.6196 38.36328125 40.4890881875 0.848593812469 1430786370.83
0.097 0.999822319332 0.0 17.6284 1.0 0.6408 38.36328125 40.4890881875 0.875707300112 1430786371.53
0.06 0.999819156375 4.9194971429e-21 17.8024 1.0 0.658 38.36328125 40.4890881875 0.897176096002 1430786372.25
0.092 0.9998175749 0.000741266206594 17.7092 1.0 0.6788 38.36328125 40.4890881875 0.833904135753 1430786372.96
0.084 0.999579390365 0.0143023162215 17.4608 1.0 0.702 38.36328125 40.4890881875 0.809205100904 1430786373.72
0.084 0.996796840193 0.0212380230362 17.3428 1.0 0.722 38.36328125 40.4890881875 0.797456983992 1430786374.43
0.085 0.989665900036 0.00857951336271 17.0616 1.0 0.7452 38.36328125 40.4890881875 0.669880295148 1430786375.14
0.094 0.989809021342 0.00220890040953 17.1076 1.0 0.7576 38.36328125 40.4890881875 0.70721390772 1430786375.86
0.097 0.994548337967 3.4847651845e-07 17.1524 1.0 0.7708 38.36328125 40.4890881875 0.795222880836 1430786376.58
0.086 0.999146933221 4.46687056336e-97 17.1352 1.0 0.7876 38.36328125 40.4890881875 0.848775443909 1430786377.27
0.075 0.999313802094 0.0 17.316 1.0 0.7996 38.36328125 40.4890881875 0.836130953593 1430786377.97
0.059 0.999413317066 0.0 17.374 1.0 0.8136 38.36328125 40.4890881875 0.835534689476 1430786378.73
0.078 0.999791159036 0.0 17.4392 1.0 0.8272 38.36328125 40.4890881875 0.846215129749 1430786379.41
0.084 0.999553793393 0.0 17.5452 1.0 0.8376 38.36328125 40.4890881875 0.852617633741 1430786380.12
0.083 0.99973514363 0.0 17.7912 1.0 0.8444 38.36328125 40.4890881875 0.84374939004 1430786380.8
0.074 0.99982532184 0.0 17.9636 1.0 0.8544 38.36328125 40.4890881875 0.899095145263 1430786381.49
0.088 0.999820551892 0.0 18.1132 1.0 0.8604 38.36328125 40.4890881875 0.878714033467 1430786382.21
0.089 0.999809551139 0.0 18.0304 1.0 0.87 38.36328125 40.4890881875 0.843345258812 1430786382.89
0.081 0.999789539797 0.0 18.1808 1.0 0.8752 38.36328125 40.4890881875 0.870037428076 1430786383.66
0.075 0.999805329929 0.0 18.0252 1.0 0.8816 38.36328125 40.4890881875 0.860850297748 1430786384.43
0.092 0.999820230024 0.0 18.064 1.0 0.8876 38.36328125 40.4890881875 0.847160275433 1430786385.15
0.092 0.99982740307 0.0 18.1584 1.0 0.8932 38.36328125 40.4890881875 0.86263874322 1430786385.82
0.073 0.999812220062 0.0 18.1716 1.0 0.8988 38.36328125 40.4890881875 0.892971942146 1430786386.54
0.078 0.999817138525 0.0 18.3824 1.0 0.0784 40.681640625 35.5820351292 0.873756412758 1430786387.26
0.08 0.999823323308 0.0 18.2256 1.0 0.1256 40.681640625 35.5820351292 0.893195242096 1430786388.0
0.081 0.999821878026 0.0 18.3176 1.0 0.162 40.681640625 35.5820351292 0.868425060111 1430786388.87
0.068 0.999825246312 0.0 18.1448 1.0 0.2016 40.681640625 35.5820351292 0.83961811425 1430786389.69
0.088 0.999822204219 0.0 18.4416 1.0 0.226 40.681640625 35.5820351292 0.843119549247 1430786390.49
0.093 0.99981458577 0.0 18.34 1.0 0.2616 40.681640625 35.5820351292 0.843479246604 1430786391.19
0.077 0.99981964495 0.0 18.388 1.0 0.2888 40.681640625 35.5820351292 0.855258782934 1430786392.15
0.066 0.999816219224 0.0 18.3904 1.0 0.3172 40.681640625 35.5820351292 0.870107706844 1430786392.87
0.089 0.999824014768 0.0 18.28 1.0 0.3476 40.681640625 35.5820351292 0.885130962606 1430786393.64
0.073 0.999816050229 0.0 18.31 1.0 0.3728 40.681640625 35.5820351292 0.878111070276 1430786394.39
0.062 0.999831436509 0.0 18.376 1.0 0.3972 40.681640625 35.5820351292 0.84861367132 1430786395.12
0.084 0.99981717844 0.0 18.478 1.0 0.42 40.681640625 35.5820351292 0.858058382233 1430786395.81
0.087 0.999809852546 0.0 18.7056 1.0 0.44 40.681640625 35.5820351292 0.859801074589 1430786396.54
0.094 0.999813769602 0.0 18.7704 1.0 0.4644 40.681640625 35.5820351292 0.869326124711 1430786397.27
0.081 0.99980803727 3.47054172976e-131 18.7376 1.0 0.4888 40.681640625 35.5820351292 0.827592019847 1430786397.98
0.082 0.999812992782 1.38454557981e-06 18.7464 1.0 0.5132 40.681640625 35.5820351292 0.84008142363 1430786398.77
0.086 0.999816685555 0.00947511183523 18.5984 1.0 0.5404 40.681640625 35.5820351292 0.873646628093 1430786399.52
0.083 0.998571291102 0.0205000175525 18.2684 1.0 0.5712 40.681640625 35.5820351292 0.862472258947 1430786400.23
0.098 0.993110075095 0.00353993103231 18.036 1.0 0.6008 40.681640625 35.5820351292 0.793733677603 1430786400.94
0.102 0.992888074267 0.00282170690062 17.87 1.0 0.6276 40.681640625 35.5820351292 0.81679849035 1430786401.66
0.082 0.995796971284 0.00218396354514 17.6336 1.0 0.6548 40.681640625 35.5820351292 0.80552911764 1430786402.52
0.087 0.9982494662 0.00997348124759 17.69 1.0 0.6744 40.681640625 35.5820351292 0.853651259696 1430786403.58
0.099 0.996552286498 0.010760154398 17.7208 1.0 0.6928 40.681640625 35.5820351292 0.837876781335 1430786404.39
0.094 0.992948557265 0.00027791336987 17.3728 1.0 0.7208 40.681640625 35.5820351292 0.800384646148 1430786405.16
0.092 0.995893941494 1.44053160068e-10 17.454 1.0 0.7388 40.681640625 35.5820351292 0.832922282915 1430786405.96
0.084 0.999428085633 3.19112474595e-100 17.4596 1.0 0.756 40.681640625 35.5820351292 0.865315474155 1430786406.77
0.086 0.999462443699 0.0 17.3328 1.0 0.7756 40.681640625 35.5820351292 0.863710073531 1430786407.5
0.084 0.999604783607 0.0 17.3956 1.0 0.7916 40.681640625 35.5820351292 0.863128741969 1430786408.26
0.092 0.999775268639 0.0 17.3876 1.0 0.8088 40.681640625 35.5820351292 0.897234397058 1430786408.94
0.069 0.999603140999 0.0 17.4512 1.0 0.8236 40.681640625 35.5820351292 0.853613192451 1430786409.74
0.076 0.999749619406 0.0 17.47 1.0 0.8396 40.681640625 35.5820351292 0.875501081074 1430786410.58
0.09 0.999820337487 0.0 17.6372 1.0 0.8524 40.681640625 35.5820351292 0.883987591733 1430786411.39
0.077 0.999826088135 0.0 17.696 1.0 0.8672 40.681640625 35.5820351292 0.911241640818 1430786412.18
0.08 0.999820708729 0.0 17.8936 1.0 0.876 40.681640625 35.5820351292 0.898760034402 1430786412.94
0.076 0.999779760281 0.0 18.0768 1.0 0.8832 40.681640625 35.5820351292 0.882058688886 1430786413.6
0.079 0.999812956453 0.0 18.064 1.0 0.8924 40.681640625 35.5820351292 0.909313765142 1430786414.4
0.079 0.999819172593 0.0 18.1956 1.0 0.8956 40.681640625 35.5820351292 0.869529296104 1430786415.27
0.086 0.99982486988 0.0 18.1596 1.0 0.0376 38.8408203125 32.3008104885 0.885613439282 1430786416.14
0.093 0.999822709123 0.0 18.2796 1.0 0.1056 38.8408203125 32.3008104885 0.874114565159 1430786416.92
0.081 0.999813824068 0.0 18.4384 1.0 0.1408 38.8408203125 32.3008104885 0.870821279857 1430786417.74
0.071 0.999820447923 0.0 18.414 1.0 0.1724 38.8408203125 32.3008104885 0.878510419076 1430786418.61
0.094 0.999822192513 0.0 18.3604 1.0 0.2064 38.8408203125 32.3008104885 0.867466041831 1430786419.41
0.089 0.99982301939 0.0 18.3224 1.0 0.2392 38.8408203125 32.3008104885 0.839780741343 1430786420.19
0.073 0.99981735319 0.0 18.3324 1.0 0.2704 38.8408203125 32.3008104885 0.850432123232 1430786420.97
0.093 0.999825374347 8.71285567495e-11 18.0588 1.0 0.3088 38.8408203125 32.3008104885 0.846853197133 1430786421.74
0.074 0.999817512975 0.00292881706393 17.77 1.0 0.3436 38.8408203125 32.3008104885 0.832970048235 1430786422.53
0.073 0.998970683238 0.0020061935152 17.702 1.0 0.3732 38.8408203125 32.3008104885 0.861098640502 1430786423.42
0.08 0.997452109659 0.00713136920881 17.4108 1.0 0.4068 38.8408203125 32.3008104885 0.833963441422 1430786424.28
0.096 0.994888966877 0.0158780834807 17.1968 1.0 0.4384 38.8408203125 32.3008104885 0.792553963461 1430786425.09
0.08 0.991055981949 0.00856584522457 17.0 1.0 0.472 38.8408203125 32.3008104885 0.727782988879 1430786425.81
0.084 0.991312103281 1.12374848256e-06 16.9708 1.0 0.5008 38.8408203125 32.3008104885 0.722463149287 1430786426.59
0.102 0.996001932465 2.51501958938e-111 16.9572 1.0 0.5252 38.8408203125 32.3008104885 0.848070578704 1430786427.41
0.086 0.999651148324 0.0 17.14 1.0 0.5444 38.8408203125 32.3008104885 0.859204065496 1430786428.22
0.082 0.999327918383 0.0 17.026 1.0 0.5688 38.8408203125 32.3008104885 0.82911658366 1430786429.08
0.091 0.99964246202 0.0 16.8568 1.0 0.592 38.8408203125 32.3008104885 0.852904701584 1430786429.9
0.08 0.999768426566 0.0 16.9436 1.0 0.6088 38.8408203125 32.3008104885 0.832477644535 1430786430.7
0.067 0.999591241491 0.0 16.874 1.0 0.6304 38.8408203125 32.3008104885 0.869347221976 1430786431.47
0.077 0.999746206949 0.0 17.0476 1.0 0.6424 38.8408203125 32.3008104885 0.850220566858 1430786432.36
0.08 0.999815341355 0.0 17.3024 1.0 0.6556 38.8408203125 32.3008104885 0.828415646806 1430786433.17
0.07 0.99982078149 0.0 17.6908 1.0 0.6672 38.8408203125 32.3008104885 0.853818686695 1430786433.92
0.083 0.999784301751 0.0 17.9784 1.0 0.6792 38.8408203125 32.3008104885 0.859258930427 1430786434.69
0.088 0.999804508662 0.0 18.006 1.0 0.6964 38.8408203125 32.3008104885 0.844698346528 1430786435.53
0.078 0.999803497254 0.0 18.0008 1.0 0.712 38.8408203125 32.3008104885 0.822230716814 1430786436.3
0.072 0.999813219419 0.0 17.9472 1.0 0.7268 38.8408203125 32.3008104885 0.826774107852 1430786437.11
0.085 0.999807870113 0.0 17.834 1.0 0.7432 38.8408203125 32.3008104885 0.837189192195 1430786437.89
0.086 0.999809703926 0.0 17.802 1.0 0.7588 38.8408203125 32.3008104885 0.815845988441 1430786438.64
0.077 0.999807874836 0.0 17.798 1.0 0.7728 38.8408203125 32.3008104885 0.824239995176 1430786439.43
0.076 0.999802453025 0.0 17.7756 1.0 0.7864 38.8408203125 32.3008104885 0.831011721158 1430786440.25
0.081 0.999800222829 0.0 17.8508 1.0 0.7976 38.8408203125 32.3008104885 0.866790424357 1430786441.09
0.09 0.999822419968 0.0 17.7812 1.0 0.8128 38.8408203125 32.3008104885 0.880541193051 1430786441.85
0.079 0.999820164854 1.00622380196e-39 17.5808 1.0 0.8288 38.8408203125 32.3008104885 0.883324284763 1430786442.68
0.085 0.999825434413 1.24956642389e-25 17.5076 1.0 0.8424 38.8408203125 32.3008104885 0.871192936884 1430786443.5
0.09 0.999818944962 5.33114110277e-106 17.3728 1.0 0.8552 38.8408203125 32.3008104885 0.884042570677 1430786444.36
0.086 0.999815252812 0.0 17.3168 1.0 0.8684 38.8408203125 32.3008104885 0.860690506444 1430786445.15
0.109 0.999823032987 0.0 17.5076 1.0 0.8752 38.8408203125 32.3008104885 0.897373949322 1430786445.98
0.082 0.999812689339 0.0 17.5516 1.0 0.8848 38.8408203125 32.3008104885 0.875543941032 1430786446.78
0.092 0.999820668143 0.0 17.5936 1.0 0.8924 38.8408203125 32.3008104885 0.892999854221 1430786447.51
0.087 0.999823865353 0.0 17.5756 1.0 0.0244 39.4204101562 32.2685772938 0.865277912343 1430786448.21
0.088 0.999818205725 0.0 17.4952 1.0 0.1 39.4204101562 32.2685772938 0.869367579719 1430786448.92
0.104 0.99981155127 0.0 17.3328 1.0 0.1428 39.4204101562 32.2685772938 0.835968922831 1430786449.64
0.102 0.999821648645 0.0 17.3084 1.0 0.1764 39.4204101562 32.2685772938 0.864660759232 1430786450.39
0.081 0.999817219328 0.0 17.3812 1.0 0.208 39.4204101562 32.2685772938 0.867626879828 1430786451.14
0.094 0.999828482422 0.0 17.2392 1.0 0.2408 39.4204101562 32.2685772938 0.854103561557 1430786451.92
0.081 0.999834890318 0.0 17.2412 1.0 0.2716 39.4204101562 32.2685772938 0.874693533453 1430786452.67
0.084 0.999819116565 0.0 17.1636 1.0 0.3024 39.4204101562 32.2685772938 0.884892136354 1430786453.45
0.095 0.999815971744 0.0 17.0568 1.0 0.338 39.4204101562 32.2685772938 0.858209958038 1430786454.19
0.074 0.999815982369 0.0 17.0576 1.0 0.3664 39.4204101562 32.2685772938 0.872235631591 1430786454.93
0.094 0.999817569528 0.0 17.0036 1.0 0.3956 39.4204101562 32.2685772938 0.863429120252 1430786455.69
0.065 0.999825480061 0.0 17.1748 1.0 0.4204 39.4204101562 32.2685772938 0.880380470373 1430786456.45
0.089 0.999815866067 0.0 17.0452 1.0 0.4484 39.4204101562 32.2685772938 0.886921561307 1430786457.15
0.088 0.999822311886 9.09913789377e-166 16.9088 1.0 0.4796 39.4204101562 32.2685772938 0.885242915758 1430786457.88
0.084 0.999817571099 2.23811908366e-13 16.7988 1.0 0.51 39.4204101562 32.2685772938 0.852907692781 1430786458.64
0.08 0.999819154292 0.00137726329038 16.7456 1.0 0.5372 39.4204101562 32.2685772938 0.851389104248 1430786459.4
0.097 0.999571481682 0.0137802245401 16.7656 1.0 0.5616 39.4204101562 32.2685772938 0.830610701655 1430786460.15
0.089 0.996854412865 0.0196943620036 16.7696 1.0 0.5852 39.4204101562 32.2685772938 0.771212205411 1430786460.82
0.11 0.989794571592 0.0112455816097 16.5352 1.0 0.612 39.4204101562 32.2685772938 0.694587134163 1430786461.52
0.103 0.98877502726 0.00735104610459 16.414 1.0 0.636 39.4204101562 32.2685772938 0.683645017164 1430786462.21
0.08 0.99297577279 0.0130941844134 16.4664 1.0 0.6576 39.4204101562 32.2685772938 0.736662247735 1430786462.96
0.097 0.994500367506 0.017492136823 16.5376 1.0 0.6768 39.4204101562 32.2685772938 0.803901402897 1430786463.69
0.092 0.9932205102 0.00368936739399 16.3628 1.0 0.6976 39.4204101562 32.2685772938 0.724692386436 1430786464.44
0.084 0.995213411596 1.95431785981e-09 16.3956 1.0 0.7148 39.4204101562 32.2685772938 0.778463901691 1430786465.18
0.079 0.998932995217 1.05717069513e-83 16.2288 1.0 0.7352 39.4204101562 32.2685772938 0.86367067987 1430786465.89
0.094 0.99952258569 0.0 16.2164 1.0 0.7528 39.4204101562 32.2685772938 0.839038551921 1430786466.63
0.1 0.999358387053 0.0 16.2612 1.0 0.7704 39.4204101562 32.2685772938 0.850991180808 1430786467.35
0.087 0.999816053443 0.0 16.226 1.0 0.7872 39.4204101562 32.2685772938 0.865979523564 1430786468.11
0.093 0.999601564887 0.0 16.1568 1.0 0.806 39.4204101562 32.2685772938 0.79733099621 1430786468.81
0.079 0.999673941719 0.0 16.3996 1.0 0.8188 39.4204101562 32.2685772938 0.820611773004 1430786469.56
0.08 0.999800619603 0.0 16.5992 1.0 0.8312 39.4204101562 32.2685772938 0.814516682333 1430786470.28
0.078 0.9998345527 7.41316728852e-271 16.9724 1.0 0.8392 39.4204101562 32.2685772938 0.846475629427 1430786471.01
0.08 0.999823340356 1.7800921581e-28 17.2128 1.0 0.848 39.4204101562 32.2685772938 0.789255285614 1430786471.73
0.084 0.999798500472 7.28987323685e-19 17.502 1.0 0.856 39.4204101562 32.2685772938 0.812791416864 1430786472.41
0.064 0.999776685371 1.10775718546e-31 17.6084 1.0 0.8644 39.4204101562 32.2685772938 0.820092341596 1430786473.11
0.083 0.999796415957 2.83842340963e-220 17.6656 1.0 0.8724 39.4204101562 32.2685772938 0.794553753394 1430786474.45
0.085 0.999809941752 0.0 17.8208 1.0 0.8784 39.4204101562 32.2685772938 0.791457389129 1430786475.59
0.092 0.999818518358 0.0 17.9212 1.0 0.8868 39.4204101562 32.2685772938 0.83545250179 1430786476.67
0.092 0.999815856822 0.0 17.97 1.0 0.892 39.4204101562 32.2685772938 0.81515549851 1430786477.4
0.084 0.999823057332 0.0 17.7668 1.0 0.8992 39.4204101562 32.2685772938 0.830204836931 1430786478.22
0.109 0.999821903296 0.0 17.7296 1.0 0.086 39.7102050781 31.3288006565 0.814668978902 1430786478.97
0.067 0.999818974288 0.0 17.6628 1.0 0.1316 39.7102050781 31.3288006565 0.829396720861 1430786479.68
0.091 0.99982696191 0.0 17.2312 1.0 0.174 39.7102050781 31.3288006565 0.821052020062 1430786480.41
0.103 0.999822268459 0.0 17.1448 1.0 0.2072 39.7102050781 31.3288006565 0.804669276923 1430786481.1
0.097 0.999828623048 0.0 17.134 1.0 0.2376 39.7102050781 31.3288006565 0.854345054377 1430786481.85
0.072 0.999817562099 0.0 17.1116 1.0 0.2684 39.7102050781 31.3288006565 0.829987864149 1430786482.64
0.075 0.99982588853 0.0 17.3076 1.0 0.2888 39.7102050781 31.3288006565 0.865433320369 1430786483.36
0.103 0.99981966821 0.0 17.5888 1.0 0.3088 39.7102050781 31.3288006565 0.826650849789 1430786484.02
0.063 0.999817091131 0.0 17.5632 1.0 0.3356 39.7102050781 31.3288006565 0.824085164618 1430786484.72
0.081 0.999817100117 0.0 17.482 1.0 0.3628 39.7102050781 31.3288006565 0.845354176324 1430786485.47
0.084 0.999817995411 0.0 17.6564 1.0 0.3864 39.7102050781 31.3288006565 0.841902425064 1430786486.16
0.07 0.999817807373 0.0 17.8224 1.0 0.4072 39.7102050781 31.3288006565 0.838516377365 1430786486.89
0.078 0.99981611809 0.0 17.8388 1.0 0.4328 39.7102050781 31.3288006565 0.865104216697 1430786487.61
0.076 0.999809164886 0.0 17.7224 1.0 0.4612 39.7102050781 31.3288006565 0.829187386137 1430786488.35
0.073 0.999806302994 0.0 17.8604 1.0 0.482 39.7102050781 31.3288006565 0.852208111322 1430786489.1
0.078 0.999821778949 3.76963224209e-155 18.0304 1.0 0.5048 39.7102050781 31.3288006565 0.852161591435 1430786489.84
0.094 0.999818752087 3.06801078281e-84 17.8688 1.0 0.5328 39.7102050781 31.3288006565 0.83971929561 1430786490.58
0.086 0.999815783638 2.91206091714e-80 17.7764 1.0 0.5596 39.7102050781 31.3288006565 0.848634469266 1430786491.32
0.077 0.999814308927 6.63874554611e-258 17.59 1.0 0.588 39.7102050781 31.3288006565 0.828742352144 1430786492.09
0.08 0.999814146187 0.0 17.664 1.0 0.6092 39.7102050781 31.3288006565 0.836761512453 1430786492.85
0.092 0.999814641236 0.0 17.5564 1.0 0.6332 39.7102050781 31.3288006565 0.82847940676 1430786493.63
0.089 0.999817748118 7.24721816202e-227 17.4776 1.0 0.6592 39.7102050781 31.3288006565 0.855192387652 1430786494.32
0.089 0.99981416343 2.12315360227e-12 17.4532 1.0 0.6828 39.7102050781 31.3288006565 0.826865995263 1430786495.04
0.08 0.999822059648 0.00168807806635 17.4436 1.0 0.7032 39.7102050781 31.3288006565 0.878376741902 1430786495.77
0.094 0.998970598326 0.00372639316653 17.3844 1.0 0.7256 39.7102050781 31.3288006565 0.842646672367 1430786496.53
0.09 0.996801519717 4.74779312054e-08 17.6724 1.0 0.7388 39.7102050781 31.3288006565 0.842730405737 1430786497.28
0.094 0.998545650512 1.07397902271e-123 17.636 1.0 0.7572 39.7102050781 31.3288006565 0.848749136003 1430786498.05
0.069 0.999765945252 0.0 17.7816 1.0 0.77 39.7102050781 31.3288006565 0.833212879988 1430786498.83
0.082 0.999448489683 0.0 17.7272 1.0 0.7868 39.7102050781 31.3288006565 0.856178686548 1430786499.59
0.082 0.999821790692 0.0 17.5292 1.0 0.8044 39.7102050781 31.3288006565 0.813657043632 1430786500.32
0.093 0.999644294227 0.0 17.4548 1.0 0.818 39.7102050781 31.3288006565 0.816612998662 1430786501.03
0.083 0.999691060431 0.0 17.6276 1.0 0.83 39.7102050781 31.3288006565 0.836855760046 1430786501.78
0.078 0.999805155781 0.0 17.7252 1.0 0.8396 39.7102050781 31.3288006565 0.800780094974 1430786502.55
0.074 0.999817387384 0.0 17.8332 1.0 0.8492 39.7102050781 31.3288006565 0.835254748384 1430786503.33
0.07 0.999837671847 0.0 17.9376 1.0 0.8596 39.7102050781 31.3288006565 0.883956892097 1430786504.09
0.084 0.99980133791 0.0 17.9812 1.0 0.8688 39.7102050781 31.3288006565 0.820166286853 1430786504.83
0.076 0.999766360051 0.0 17.9964 1.0 0.8784 39.7102050781 31.3288006565 0.843149016336 1430786505.6
0.078 0.999798336938 0.0 18.2712 1.0 0.884 39.7102050781 31.3288006565 0.847574825208 1430786506.34
0.087 0.999806714831 0.0 18.4152 1.0 0.8904 39.7102050781 31.3288006565 0.84817057758 1430786507.06
0.084 0.999816216438 0.0 18.5012 1.0 0.8964 39.7102050781 31.3288006565 0.868481040732 1430786507.76
0.071 0.999822158603 0.0 18.6196 1.0 0.044 39.8551025391 30.5426213633 0.857072546618 1430786508.5
0.072 0.999812651551 0.0 18.6816 1.0 0.106 39.8551025391 30.5426213633 0.850013192147 1430786509.21
0.084 0.999816339753 0.0 18.5704 1.0 0.146 39.8551025391 30.5426213633 0.843143108608 1430786509.97
0.102 0.999812925237 0.0 18.6584 1.0 0.174 39.8551025391 30.5426213633 0.837319159876 1430786510.7
0.076 0.999823948494 0.0 18.4504 1.0 0.2124 39.8551025391 30.5426213633 0.834190087535 1430786511.44
0.099 0.999818888544 0.0 18.4612 1.0 0.244 39.8551025391 30.5426213633 0.827128502894 1430786512.16
0.081 0.999825349099 0.0 18.398 1.0 0.2768 39.8551025391 30.5426213633 0.828078359442 1430786512.86
0.087 0.999815916941 0.0 18.2208 1.0 0.31 39.8551025391 30.5426213633 0.806192665188 1430786513.59
0.075 0.999812343992 0.0 17.8784 1.0 0.3468 39.8551025391 30.5426213633 0.801952259565 1430786514.31
0.092 0.999815750831 0.0 17.5236 1.0 0.3832 39.8551025391 30.5426213633 0.840081917908 1430786515.0
0.096 0.99981864598 0.0 17.288 1.0 0.414 39.8551025391 30.5426213633 0.789266102816 1430786515.7
0.103 0.999823679705 0.0 17.1716 1.0 0.4432 39.8551025391 30.5426213633 0.848408938577 1430786516.4
0.085 0.999822678054 0.0 17.0492 1.0 0.4708 39.8551025391 30.5426213633 0.769374545259 1430786517.13
0.09 0.999813379708 0.0 17.0952 1.0 0.4968 39.8551025391 30.5426213633 0.815804606651 1430786517.84
0.094 0.999816813613 0.0 17.388 1.0 0.5132 39.8551025391 30.5426213633 0.845357655422 1430786518.56
0.06 0.999794986506 0.0 17.2688 1.0 0.5392 39.8551025391 30.5426213633 0.819138740357 1430786519.25
0.083 0.99981291576 1.48219693752e-322 17.3632 1.0 0.5604 39.8551025391 30.5426213633 0.845320456497 1430786519.97
0.082 0.999819265482 2.96520977569e-14 17.5044 1.0 0.5784 39.8551025391 30.5426213633 0.851495041111 1430786520.69
0.091 0.999816915842 0.00229652465722 17.5776 1.0 0.598 39.8551025391 30.5426213633 0.844484342302 1430786521.41
0.068 0.999309863811 0.0178589418285 17.3404 1.0 0.6212 39.8551025391 30.5426213633 0.825351625622 1430786522.16
0.099 0.995695497856 0.0197233671693 17.2108 1.0 0.6444 39.8551025391 30.5426213633 0.844980092404 1430786522.85
0.097 0.988509605462 0.000933085078237 17.1396 1.0 0.664 39.8551025391 30.5426213633 0.673869148573 1430786523.57
0.106 0.989541661083 1.86093937007e-18 17.0188 1.0 0.6864 39.8551025391 30.5426213633 0.697030849599 1430786524.52
0.095 0.994826607785 0.0 16.7384 1.0 0.7108 39.8551025391 30.5426213633 0.796283271257 1430786525.41
0.103 0.999516039449 0.0 16.5724 1.0 0.7332 39.8551025391 30.5426213633 0.828099209087 1430786526.17
0.078 0.99927284488 0.0 16.5452 1.0 0.7504 39.8551025391 30.5426213633 0.880313998828 1430786526.88
0.089 0.999537330138 0.0 16.5324 1.0 0.7668 39.8551025391 30.5426213633 0.88114179388 1430786527.66
0.071 0.99978914716 0.0 16.4104 1.0 0.7856 39.8551025391 30.5426213633 0.880494634635 1430786528.37
0.093 0.999615592286 0.0 16.238 1.0 0.8052 39.8551025391 30.5426213633 0.889878461883 1430786529.11
0.078 0.999755862383 0.0 16.0732 1.0 0.8244 39.8551025391 30.5426213633 0.846610144339 1430786529.86
0.079 0.99981602912 0.0 15.9724 1.0 0.8424 39.8551025391 30.5426213633 0.849998585198 1430786530.59
0.081 0.999823534942 0.0 15.97 1.0 0.8572 39.8551025391 30.5426213633 0.831554912837 1430786531.3
0.07 0.999789147273 0.0 16.0744 1.0 0.8688 39.8551025391 30.5426213633 0.844733546498 1430786532.01
0.082 0.999766676812 0.0 16.196 1.0 0.8776 39.8551025391 30.5426213633 0.870505837966 1430786532.72
0.088 0.99980095789 0.0 16.2552 1.0 0.89 39.8551025391 30.5426213633 0.858600048937 1430786533.44
0.084 0.999815095459 0.0 16.4048 1.0 0.8992 39.8551025391 30.5426213633 0.847803356832 1430786534.26
0.079 0.999810763023 0.0 16.4884 1.0 0.0828 37.9275512695 28.4162607139 0.855062989923 1430786534.97
0.078 0.999816518539 0.0 16.5708 1.0 0.1232 37.9275512695 28.4162607139 0.837942008416 1430786535.75
0.082 0.999815056002 0.0 16.4588 1.0 0.1608 37.9275512695 28.4162607139 0.853625772626 1430786536.48
0.089 0.999825069263 0.0 16.4092 1.0 0.196 37.9275512695 28.4162607139 0.837744118654 1430786537.19
0.077 0.999818951184 0.0 16.5804 1.0 0.2212 37.9275512695 28.4162607139 0.860929287467 1430786537.91
0.083 0.999820428344 0.0 16.6376 1.0 0.2484 37.9275512695 28.4162607139 0.872392705417 1430786538.62
0.077 0.99982385007 1.01129666612e-197 16.6356 1.0 0.282 37.9275512695 28.4162607139 0.845270275582 1430786539.36
0.097 0.999822442705 4.38151619259e-05 16.9396 1.0 0.3052 37.9275512695 28.4162607139 0.863330161763 1430786540.07
0.071 0.999814400784 0.00208286875421 17.2368 1.0 0.3308 37.9275512695 28.4162607139 0.840292387062 1430786540.78
0.071 0.999327515599 1.08525170721e-05 17.2588 1.0 0.364 37.9275512695 28.4162607139 0.797984362103 1430786541.56
0.086 0.999673733906 3.36795338567e-10 17.488 1.0 0.388 37.9275512695 28.4162607139 0.831323205136 1430786542.45
0.096 0.999815235336 4.386211855e-123 17.7264 1.0 0.4136 37.9275512695 28.4162607139 0.831150724125 1430786543.24
0.07 0.999814872015 0.0 17.8864 1.0 0.4404 37.9275512695 28.4162607139 0.849655015529 1430786543.98
0.078 0.999817254704 0.0 18.2592 1.0 0.4608 37.9275512695 28.4162607139 0.857435479593 1430786544.68
0.086 0.999771584123 0.0 18.3288 1.0 0.4868 37.9275512695 28.4162607139 0.82610743713 1430786545.35
0.075 0.999795115724 0.0 18.4232 1.0 0.5108 37.9275512695 28.4162607139 0.845322710944 1430786546.06
0.085 0.999787792799 0.0 18.3932 1.0 0.5372 37.9275512695 28.4162607139 0.78989615188 1430786546.74
0.091 0.999805247699 0.0 18.552 1.0 0.5588 37.9275512695 28.4162607139 0.823552797643 1430786547.44
0.098 0.999818749971 0.0 18.7584 1.0 0.5768 37.9275512695 28.4162607139 0.868061130169 1430786548.19
0.07 0.999816536048 0.0 18.8104 1.0 0.5992 37.9275512695 28.4162607139 0.836815518341 1430786548.95
0.084 0.999820159895 0.0 18.66 1.0 0.6232 37.9275512695 28.4162607139 0.804875461342 1430786549.73
0.077 0.999818881936 0.0 18.5728 1.0 0.646 37.9275512695 28.4162607139 0.822744892476 1430786550.51
0.083 0.999815626316 0.0 18.464 1.0 0.6664 37.9275512695 28.4162607139 0.840028548688 1430786551.18
0.092 0.99981369664 0.0 18.5052 1.0 0.6856 37.9275512695 28.4162607139 0.860870766898 1430786551.87
0.098 0.99981444678 0.0 18.5168 1.0 0.7052 37.9275512695 28.4162607139 0.830292262559 1430786552.55
0.067 0.999818785335 0.0 18.6016 1.0 0.7196 37.9275512695 28.4162607139 0.820704448693 1430786553.28
0.086 0.999826650149 0.0 18.65 1.0 0.7348 37.9275512695 28.4162607139 0.818376052049 1430786553.98
0.082 0.999821679621 0.0 18.6696 1.0 0.7476 37.9275512695 28.4162607139 0.84141370572 1430786554.69
0.088 0.999823852043 0.0 18.7352 1.0 0.7604 37.9275512695 28.4162607139 0.802360447633 1430786555.44
0.073 0.999818064099 0.0 18.72 1.0 0.7732 37.9275512695 28.4162607139 0.798048153319 1430786556.19
0.068 0.999819096007 0.0 18.5948 1.0 0.788 37.9275512695 28.4162607139 0.814668478274 1430786556.91
0.082 0.999823331167 0.0 18.7216 1.0 0.7996 37.9275512695 28.4162607139 0.820866472619 1430786557.66
0.087 0.999819095944 0.0 18.446 1.0 0.8164 37.9275512695 28.4162607139 0.836529643823 1430786558.37
0.09 0.999815237875 0.0 18.3792 1.0 0.828 37.9275512695 28.4162607139 0.834503179776 1430786559.06
0.087 0.99981357811 0.0 18.4012 1.0 0.8384 37.9275512695 28.4162607139 0.862128477466 1430786559.78
0.064 0.999815835415 0.0 18.3836 1.0 0.8472 37.9275512695 28.4162607139 0.859689898652 1430786560.52
0.072 0.999815665396 0.0 18.4016 1.0 0.8532 37.9275512695 28.4162607139 0.853306427566 1430786561.32
0.075 0.999807196364 0.0 18.5268 1.0 0.8568 37.9275512695 28.4162607139 0.867393962627 1430786562.01
0.08 0.999820659921 0.0 18.4576 1.0 0.864 37.9275512695 28.4162607139 0.843631774447 1430786562.72
0.072 0.999813468713 0.0 18.5676 1.0 0.8704 37.9275512695 28.4162607139 0.824788203044 1430786563.45
0.082 0.999803925042 0.0 18.7372 1.0 0.874 37.9275512695 28.4162607139 0.808378284906 1430786564.26
0.07 0.999814844932 0.0 18.7312 1.0 0.8808 37.9275512695 28.4162607139 0.830646995421 1430786565.04
0.077 0.999818478688 0.0 18.9228 1.0 0.8856 37.9275512695 28.4162607139 0.849136328841 1430786565.83
0.086 0.999821984729 0.0 18.994 1.0 0.8936 37.9275512695 28.4162607139 0.783943425759 1430786566.58
0.089 0.99981879594 0.0 19.0512 1.0 0.0316 40.9637756348 30.510509369 0.843882129014 1430786567.31
0.078 0.999810239853 0.0 19.1636 1.0 0.0948 40.9637756348 30.510509369 0.81996068761 1430786568.04
0.083 0.999811924398 0.0 19.3988 1.0 0.126 40.9637756348 30.510509369 0.855641083955 1430786568.76
0.081 0.999820717304 0.0 19.5412 1.0 0.1584 40.9637756348 30.510509369 0.837130345604 1430786569.45
0.092 0.999807542154 0.0 19.3836 1.0 0.1904 40.9637756348 30.510509369 0.820888853986 1430786570.24
0.065 0.999823726262 0.0 19.3344 1.0 0.2224 40.9637756348 30.510509369 0.769252964276 1430786571.01
0.087 0.999823813603 0.0 19.4152 1.0 0.2468 40.9637756348 30.510509369 0.811036894495 1430786571.81
0.075 0.999816682062 0.0 19.4836 1.0 0.274 40.9637756348 30.510509369 0.840172618562 1430786572.55
0.072 0.999819006059 0.0 19.2648 1.0 0.3076 40.9637756348 30.510509369 0.843586903312 1430786573.35
0.074 0.999817506957 0.0 19.2064 1.0 0.3336 40.9637756348 30.510509369 0.856688338065 1430786574.25
0.093 0.999820704076 0.0 19.0368 1.0 0.3628 40.9637756348 30.510509369 0.840028833119 1430786575.06
0.083 0.999822738273 0.0 18.8524 1.0 0.3892 40.9637756348 30.510509369 0.854113687538 1430786575.86
0.074 0.999822225371 0.0 18.8408 1.0 0.4136 40.9637756348 30.510509369 0.834825194164 1430786576.59
0.085 0.999820310546 0.0 18.8652 1.0 0.4384 40.9637756348 30.510509369 0.862296119004 1430786577.34
0.085 0.999823154996 0.0 18.752 1.0 0.464 40.9637756348 30.510509369 0.821223586031 1430786578.07
0.075 0.999817522298 0.0 18.8724 1.0 0.4848 40.9637756348 30.510509369 0.816238191923 1430786578.85
0.092 0.999819133487 0.0 18.8328 1.0 0.5092 40.9637756348 30.510509369 0.873405686858 1430786579.64
0.095 0.999817563463 0.0 18.7384 1.0 0.5348 40.9637756348 30.510509369 0.836783466392 1430786580.41
0.074 0.999814405295 0.0 18.6324 1.0 0.5584 40.9637756348 30.510509369 0.848430243769 1430786581.2
0.075 0.999822316258 0.0 18.5964 1.0 0.5808 40.9637756348 30.510509369 0.858941868153 1430786581.92
0.089 0.999823152815 3.47076191212e-131 18.5436 1.0 0.6 40.9637756348 30.510509369 0.830605713693 1430786582.66
0.081 0.999817819958 0.0 18.5572 1.0 0.6192 40.9637756348 30.510509369 0.849871696268 1430786583.47
0.079 0.999816726591 6.5308076726e-24 18.4576 1.0 0.6388 40.9637756348 30.510509369 0.850358567835 1430786584.3
0.074 0.999825288241 0.00168807806635 18.27 1.0 0.6588 40.9637756348 30.510509369 0.840150718093 1430786585.08
0.077 0.99930356728 0.00217260859446 18.2224 1.0 0.6748 40.9637756348 30.510509369 0.855459109334 1430786585.78
0.084 0.998308441007 0.0133393094004 18.3876 1.0 0.69 40.9637756348 30.510509369 0.866719898946 1430786586.54
0.081 0.994684594755 0.00496522561488 18.1512 1.0 0.7104 40.9637756348 30.510509369 0.814065354953 1430786587.32
0.095 0.992592060345 8.72610372117e-07 17.7988 1.0 0.732 40.9637756348 30.510509369 0.776419657944 1430786588.04
0.083 0.997684106242 9.62280297941e-19 17.8076 1.0 0.7476 40.9637756348 30.510509369 0.847562930763 1430786588.76
0.077 0.999562001535 0.0 17.7424 1.0 0.7624 40.9637756348 30.510509369 0.809237274394 1430786589.45
0.069 0.999157681777 0.0 17.6768 1.0 0.7804 40.9637756348 30.510509369 0.798271431048 1430786590.19
0.067 0.999818386418 0.0 17.6448 1.0 0.7964 40.9637756348 30.510509369 0.806334839112 1430786590.93
0.084 0.999461801878 0.0 17.548 1.0 0.8112 40.9637756348 30.510509369 0.804107853197 1430786591.64
0.081 0.999584895244 0.0 17.6356 1.0 0.8224 40.9637756348 30.510509369 0.808853169772 1430786592.4
0.065 0.999805669998 0.0 17.6644 1.0 0.8356 40.9637756348 30.510509369 0.83524663344 1430786593.11
0.091 0.999828105058 0.0 17.7164 1.0 0.8468 40.9637756348 30.510509369 0.776496063431 1430786593.84
0.093 0.999832684341 0.0 17.8268 1.0 0.858 40.9637756348 30.510509369 0.794496615646 1430786594.58
0.09 0.999789144694 0.0 18.0104 1.0 0.8668 40.9637756348 30.510509369 0.842821730031 1430786595.27
0.09 0.999723705977 0.0 17.8972 1.0 0.8768 40.9637756348 30.510509369 0.827215797869 1430786595.99
0.081 0.999785474847 0.0 17.9676 1.0 0.8852 40.9637756348 30.510509369 0.815547881836 1430786596.7
0.085 0.999805819985 0.0 17.8732 1.0 0.8968 40.9637756348 30.510509369 0.790419190782 1430786597.54
0.087 0.999815938973 0.0 17.7888 1.0 0.0784 40.9818878174 30.607531725 0.834167526825 1430786598.33
0.086 0.999810284516 0.0 17.7168 1.0 0.1248 40.9818878174 30.607531725 0.783899235271 1430786599.03
0.076 0.999797042109 0.0 17.7116 1.0 0.158 40.9818878174 30.607531725 0.834312361735 1430786599.77
0.068 0.999785096996 0.0 17.6952 1.0 0.1896 40.9818878174 30.607531725 0.789292894606 1430786600.51
0.068 0.999811878172 0.0 17.6136 1.0 0.226 40.9818878174 30.607531725 0.812414262757 1430786601.27
0.085 0.999814322878 0.0 17.6924 1.0 0.2532 40.9818878174 30.607531725 0.817527398461 1430786601.97
0.059 0.999815388612 0.0 17.8388 1.0 0.2784 40.9818878174 30.607531725 0.795446155556 1430786602.72
0.088 0.999820453618 0.0 17.6648 1.0 0.312 40.9818878174 30.607531725 0.804105801558 1430786603.46
0.082 0.999820450205 0.0 17.8052 1.0 0.338 40.9818878174 30.607531725 0.812753896334 1430786604.18
0.079 0.999817737949 0.0 18.162 1.0 0.3536 40.9818878174 30.607531725 0.839042575771 1430786604.88
0.091 0.999813255615 0.0 18.1668 1.0 0.382 40.9818878174 30.607531725 0.765335783618 1430786605.63
0.091 0.999811327767 0.0 18.2236 1.0 0.4096 40.9818878174 30.607531725 0.827580142816 1430786606.37
0.073 0.999806136137 0.0 18.2192 1.0 0.4384 40.9818878174 30.607531725 0.777747435114 1430786607.06
0.073 0.999821598017 0.0 18.2652 1.0 0.4656 40.9818878174 30.607531725 0.811563502921 1430786607.84
0.075 0.999807729862 0.0 18.186 1.0 0.4964 40.9818878174 30.607531725 0.823452563449 1430786608.58
0.09 0.999833213346 0.0 18.2584 1.0 0.5192 40.9818878174 30.607531725 0.807720634954 1430786609.27
0.078 0.999823812918 0.0 18.1644 1.0 0.5448 40.9818878174 30.607531725 0.83766919583 1430786609.97
0.094 0.999818065617 0.0 18.2324 1.0 0.5692 40.9818878174 30.607531725 0.833411678483 1430786610.81
