0.142 0.975330187733 0.217287158566 0.8884 0.1272 0.1272 0 0 0.868848440867 1430780063.48
0.279 0.901971545011 0.115108816474 1.4432 0.2932 0.2932 0 0 0.557777230073 1430780064.15
0.281 0.875661067075 0.0793193064882 1.9548 0.3856 0.3856 0 0 0.494843603566 1430780064.83
0.246 0.907583824556 0.0950330372072 2.5804 0.4264 0.4264 0 0 0.547088498642 1430780065.53
0.223 0.93763145121 0.109600614009 3.216 0.4572 0.4572 0 0 0.600423794453 1430780066.2
0.213 0.943796314287 0.0973175294501 3.8116 0.4868 0.4868 0 0 0.621998438556 1430780066.9
0.211 0.939768273214 0.0803996319403 4.3804 0.5116 0.5116 0 0 0.627105837289 1430780067.59
0.23 0.940739178101 0.074947322341 4.9184 0.536 0.536 0 0 0.610443549803 1430780068.32
0.193 0.945386525016 0.0752194033209 5.3988 0.562 0.562 0 0 0.595857330575 1430780069.0
0.191 0.950212093858 0.077107212868 6.0096 0.5768 0.5768 0 0 0.639539212639 1430780069.67
0.173 0.950737358211 0.0810148111953 6.574 0.5972 0.5972 0 0 0.662245631245 1430780070.36
0.184 0.947495258951 0.0849486873694 7.0008 0.6208 0.6208 0 0 0.627427770918 1430780071.03
0.182 0.942425300469 0.0829417219609 7.4688 0.6352 0.6352 0 0 0.613878016364 1430780071.69
0.221 0.939708327495 0.0872907440816 7.7788 0.654 0.654 0 0 0.614875438403 1430780072.38
0.195 0.938643195366 0.0867666816843 8.116 0.6732 0.6732 0 0 0.62195716069 1430780073.04
0.193 0.937832932844 0.0905323383907 8.33 0.6956 0.6956 0 0 0.598543369072 1430780073.72
0.2 0.937975189258 0.0947757876648 8.4504 0.718 0.718 0 0 0.579733389866 1430780074.4
0.174 0.937839032183 0.0961159379874 8.6088 0.736 0.736 0 0 0.608567620313 1430780075.09
0.231 0.934007919146 0.103589416864 8.92 0.7484 0.7484 0 0 0.598619745487 1430780075.76
0.211 0.928629521619 0.106165086689 9.026 0.7648 0.7648 0 0 0.577695778662 1430780076.46
0.205 0.928366562298 0.10642991726 9.102 0.7828 0.7828 0 0 0.545092051412 1430780077.12
0.195 0.928335269095 0.109295795092 9.2448 0.7992 0.7992 0 0 0.563011081292 1430780077.84
0.226 0.927441660208 0.112032202389 9.4284 0.8152 0.8152 0 0 0.569690002617 1430780078.53
0.222 0.923812383236 0.114054129195 9.5604 0.828 0.828 0 0 0.57602861251 1430780079.16
0.186 0.921932312672 0.109642975885 9.4832 0.846 0.846 0 0 0.549316611971 1430780079.85
0.224 0.926339372178 0.111213305865 9.6972 0.854 0.854 0 0 0.54502212658 1430780080.54
0.211 0.928758803385 0.120272455556 9.758 0.8656 0.8656 0 0 0.547270511551 1430780081.22
0.22 0.925169934977 0.121362746717 9.8796 0.8792 0.8792 0 0 0.540938987648 1430780081.89
0.207 0.920106808789 0.124241646556 9.7592 0.8948 0.8948 0 0 0.538563658295 1430780082.57
0.221 0.914414994887 0.125035798704 9.6024 0.9124 0.1748 29 19.8156039715 0.536027256276 1430780083.22
0.246 0.913113854069 0.123168466037 9.648 0.9232 0.2616 29 19.8156039715 0.539503068696 1430780083.87
0.213 0.915636496007 0.124576706767 9.5244 0.9324 0.314 29 19.8156039715 0.524880818376 1430780084.53
0.226 0.916887673731 0.127228080355 9.3708 0.9436 0.368 29 19.8156039715 0.556609894054 1430780085.19
0.21 0.916278409838 0.115635369867 9.3956 0.9484 0.4128 29 19.8156039715 0.543683310591 1430780085.87
0.234 0.919599033941 0.109482143009 9.474 0.9512 0.45 29 19.8156039715 0.558044308048 1430780086.51
0.197 0.925239127961 0.103454662476 9.4648 0.9572 0.4864 29 19.8156039715 0.577771396512 1430780087.15
0.229 0.931910281194 0.100285912125 9.5288 0.9592 0.5224 29 19.8156039715 0.577730521157 1430780087.79
0.223 0.936488892799 0.0969272790663 9.584 0.9652 0.5512 29 19.8156039715 0.58826078867 1430780088.48
0.208 0.936513780083 0.0947612254667 9.6804 0.9712 0.5812 29 19.8156039715 0.603978958026 1430780089.13
0.228 0.937592047279 0.0981402780439 9.6676 0.9752 0.6136 29 19.8156039715 0.587080692331 1430780089.77
0.21 0.935001954172 0.0961813226358 9.624 0.978 0.6452 29 19.8156039715 0.583232787254 1430780090.41
0.225 0.933483569782 0.0978253804221 9.6136 0.9812 0.676 29 19.8156039715 0.581687484232 1430780091.08
0.202 0.931709036619 0.0947444388772 9.7496 0.982 0.6984 29 19.8156039715 0.567466442869 1430780091.77
0.209 0.93454255946 0.0959800902731 9.7868 0.9832 0.7236 29 19.8156039715 0.564028462008 1430780092.43
0.21 0.936104566708 0.0939449652019 9.9308 0.984 0.7448 29 19.8156039715 0.594695981648 1430780093.09
0.213 0.936719189873 0.0878998386007 9.9388 0.9852 0.7688 29 19.8156039715 0.57143941112 1430780093.74
0.193 0.938284823386 0.0910713468833 9.8056 0.9868 0.7948 29 19.8156039715 0.573202161758 1430780094.36
0.202 0.939660423376 0.0934168523453 9.8596 0.9888 0.8116 29 19.8156039715 0.598825919501 1430780095.01
0.203 0.937162794066 0.0933708708299 9.6532 0.9916 0.8336 29 19.8156039715 0.551696629891 1430780095.71
0.224 0.93041802126 0.0866673853769 9.6424 0.9916 0.8488 29 19.8156039715 0.559625835552 1430780096.42
0.223 0.932545672766 0.0896384631565 9.7536 0.9924 0.862 29 19.8156039715 0.568264514438 1430780097.11
0.186 0.938383822095 0.0981783624334 9.6056 0.994 0.8808 29 19.8156039715 0.606926346912 1430780097.76
0.181 0.936458798724 0.0977322582293 9.7548 0.9952 0.8908 29 19.8156039715 0.612126296229 1430780098.46
0.181 0.931658552229 0.0932292088631 9.8364 0.996 0.0552 26.5 17.9630585909 0.583945749796 1430780099.16
0.176 0.9304560354 0.0919240370106 10.1924 0.9972 0.1812 26.5 17.9630585909 0.606312034609 1430780099.82
0.206 0.932175567905 0.0928041732082 10.3484 0.9972 0.2348 26.5 17.9630585909 0.612170110271 1430780100.47
0.178 0.937166964228 0.0984173924631 10.4912 0.998 0.2744 26.5 17.9630585909 0.607293597244 1430780101.16
0.196 0.93694114033 0.0969905985937 10.5156 0.9992 0.3188 26.5 17.9630585909 0.599624021731 1430780101.81
0.19 0.93611216325 0.0962042615681 10.3096 1.0 0.3692 26.5 17.9630585909 0.630110867279 1430780102.43
0.191 0.934693903569 0.0940766623215 10.3076 1.0 0.41 26.5 17.9630585909 0.591864198425 1430780103.11
0.207 0.936061756002 0.0954195092916 10.0792 1.0 0.4572 26.5 17.9630585909 0.570898197976 1430780103.79
0.197 0.936085046331 0.0893914503458 9.9936 1.0 0.4972 26.5 17.9630585909 0.584600144463 1430780104.46
0.209 0.936400751044 0.0869073242357 10.0872 1.0 0.5316 26.5 17.9630585909 0.557216002701 1430780105.18
0.197 0.938117051542 0.0875263540844 10.214 1.0 0.5612 26.5 17.9630585909 0.572719243525 1430780105.86
0.184 0.938967568622 0.0840354593658 10.1944 1.0 0.5948 26.5 17.9630585909 0.557104517206 1430780106.56
0.193 0.941328600735 0.0830045754183 10.108 1.0 0.6312 26.5 17.9630585909 0.570544440677 1430780107.27
0.187 0.943836728975 0.0872470586077 10.196 1.0 0.6552 26.5 17.9630585909 0.558719772776 1430780107.91
0.175 0.943012689791 0.0921125740053 10.2672 1.0 0.6792 26.5 17.9630585909 0.54049820512 1430780108.54
0.191 0.938332374298 0.0938303288492 10.4116 1.0 0.6996 26.5 17.9630585909 0.559172008506 1430780109.23
0.182 0.934069991767 0.0937299476061 10.5128 1.0 0.724 26.5 17.9630585909 0.56574927149 1430780109.88
0.18 0.932614339899 0.0986049531239 10.4808 1.0 0.7512 26.5 17.9630585909 0.560786401451 1430780110.5
0.173 0.932901976031 0.103703302173 10.7696 1.0 0.7632 26.5 17.9630585909 0.554404425859 1430780111.18
0.225 0.92791448844 0.101553551299 10.7644 1.0 0.7864 26.5 17.9630585909 0.554410129177 1430780111.87
0.192 0.927588345443 0.101162975494 10.9312 1.0 0.7968 26.5 17.9630585909 0.534416726474 1430780112.51
0.194 0.931250556111 0.102451629926 10.74 1.0 0.8188 26.5 17.9630585909 0.584285811596 1430780113.22
0.221 0.931532817821 0.097986510137 10.5368 1.0 0.836 26.5 17.9630585909 0.55985104469 1430780113.95
0.228 0.933874870969 0.103590968259 10.1592 1.0 0.8588 26.5 17.9630585909 0.53412691199 1430780114.65
0.235 0.932585794914 0.108810019928 10.0836 1.0 0.8712 26.5 17.9630585909 0.535643556849 1430780115.33
0.212 0.929289943361 0.111735189469 9.856 1.0 0.8844 26.5 17.9630585909 0.517417688166 1430780116.03
0.219 0.926302871631 0.111821204971 9.6268 1.0 0.8964 26.5 17.9630585909 0.540141781619 1430780116.7
0.226 0.922105972827 0.111986949628 9.5144 1.0 0.17 26.75 17.9955157638 0.52948153921 1430780117.39
0.214 0.923167910022 0.117282277267 9.6008 1.0 0.266 26.75 17.9955157638 0.55461453017 1430780118.04
0.236 0.924826313128 0.122238311991 9.4132 1.0 0.3264 26.75 17.9955157638 0.525529132621 1430780118.68
0.216 0.921750438521 0.119055157737 9.2808 1.0 0.3784 26.75 17.9955157638 0.522697493694 1430780119.38
0.223 0.919448388898 0.115580458334 9.2412 1.0 0.42 26.75 17.9955157638 0.505736673911 1430780120.04
0.202 0.921217649171 0.113818311255 9.0912 1.0 0.4628 26.75 17.9955157638 0.553381336408 1430780120.7
0.222 0.924550059312 0.119770045254 8.97 1.0 0.504 26.75 17.9955157638 0.51835054664 1430780121.36
0.197 0.92450945325 0.123737264415 9.0156 1.0 0.5388 26.75 17.9955157638 0.533430609239 1430780122.04
0.206 0.921555441084 0.119652136509 9.112 1.0 0.5676 26.75 17.9955157638 0.542505030058 1430780122.71
0.209 0.921579134435 0.121751717943 9.2068 1.0 0.5976 26.75 17.9955157638 0.556612442269 1430780123.35
0.207 0.921934161672 0.12607221021 9.4184 1.0 0.6204 26.75 17.9955157638 0.559636019266 1430780124.04
0.219 0.920364422731 0.128190715508 9.158 1.0 0.6568 26.75 17.9955157638 0.5346443102 1430780124.7
0.204 0.917463565968 0.132322769913 9.1944 1.0 0.6804 26.75 17.9955157638 0.523133730306 1430780125.34
0.231 0.913066418737 0.131892603226 9.3184 1.0 0.7012 26.75 17.9955157638 0.536280131365 1430780126.1
0.236 0.909303646891 0.12721866722 9.5564 1.0 0.72 26.75 17.9955157638 0.541039388219 1430780126.74
0.226 0.910769759106 0.129524632127 9.6072 1.0 0.7428 26.75 17.9955157638 0.526919839112 1430780127.39
0.212 0.914044275314 0.135301052971 9.6424 1.0 0.7644 26.75 17.9955157638 0.531702076791 1430780128.05
0.231 0.916364331097 0.137421530006 9.7752 1.0 0.7832 26.75 17.9955157638 0.56090947888 1430780128.71
0.219 0.913456757849 0.129463352306 9.5064 1.0 0.8164 26.75 17.9955157638 0.529992957132 1430780129.39
0.226 0.91153492152 0.120885723442 9.4676 1.0 0.8392 26.75 17.9955157638 0.52019397767 1430780130.04
0.273 0.912780428384 0.117432180435 9.3404 1.0 0.864 26.75 17.9955157638 0.534077276287 1430780130.74
0.225 0.917083443793 0.123098077562 9.1628 1.0 0.8888 26.75 17.9955157638 0.528338549586 1430780131.43
0.209 0.918717573384 0.120925472204 9.1312 1.0 0.1184 24.375 16.4235273302 0.514629826438 1430780132.15
0.231 0.918927456774 0.123976822829 9.1384 1.0 0.2452 24.375 16.4235273302 0.553857975754 1430780132.78
0.239 0.914694272928 0.117443458192 8.7344 1.0 0.3164 24.375 16.4235273302 0.544727107002 1430780133.42
0.232 0.915615346952 0.116930051331 8.5548 1.0 0.3752 24.375 16.4235273302 0.525057017224 1430780134.09
0.225 0.921025167871 0.120089478428 8.5156 1.0 0.4204 24.375 16.4235273302 0.520663764498 1430780134.73
0.243 0.920200145242 0.114436783043 8.562 1.0 0.466 24.375 16.4235273302 0.529612862212 1430780135.4
0.218 0.920527079808 0.11311124277 8.532 1.0 0.5132 24.375 16.4235273302 0.538792723771 1430780136.05
0.205 0.921872418773 0.112451192934 8.6988 1.0 0.5472 24.375 16.4235273302 0.535283086666 1430780136.71
0.235 0.921654706811 0.10637723621 9.0032 1.0 0.5724 24.375 16.4235273302 0.560610846243 1430780137.37
0.233 0.92367325542 0.109176833758 9.124 1.0 0.6016 24.375 16.4235273302 0.526043651633 1430780138.07
0.224 0.925220020155 0.110302842839 9.2448 1.0 0.6308 24.375 16.4235273302 0.50675818044 1430780138.76
0.238 0.926521631527 0.112747771066 9.1856 1.0 0.6648 24.375 16.4235273302 0.506725826563 1430780139.44
0.212 0.92666231951 0.112511354037 8.9804 1.0 0.7044 24.375 16.4235273302 0.512969476736 1430780140.1
0.228 0.925321229764 0.110253588344 8.9072 1.0 0.7376 24.375 16.4235273302 0.535516360224 1430780140.75
0.216 0.92293175683 0.109949251322 8.8844 1.0 0.7648 24.375 16.4235273302 0.511856714503 1430780141.39
0.227 0.9238301764 0.114245292981 8.6516 1.0 0.7992 24.375 16.4235273302 0.515147184418 1430780142.03
0.23 0.924464695021 0.109435390773 8.524 1.0 0.8272 24.375 16.4235273302 0.54421590079 1430780142.75
0.215 0.925158190598 0.0990538614513 8.4676 1.0 0.8496 24.375 16.4235273302 0.504071668746 1430780143.43
0.215 0.92977815783 0.0939842057635 8.5652 1.0 0.866 24.375 16.4235273302 0.530864306666 1430780144.09
0.213 0.934101420594 0.0885231366506 8.4848 1.0 0.8832 24.375 16.4235273302 0.529805741455 1430780144.78
0.202 0.94120039362 0.0858995159008 8.4232 1.0 0.0872 22.1875 14.8921201676 0.533715805034 1430780145.43
0.197 0.942070154457 0.0821759443062 8.6244 1.0 0.2132 22.1875 14.8921201676 0.531985670032 1430780146.06
0.2 0.942747063861 0.0820413083209 8.824 1.0 0.2636 22.1875 14.8921201676 0.52365358152 1430780146.72
0.177 0.943834752546 0.0825452516208 8.8428 1.0 0.3156 22.1875 14.8921201676 0.535930241987 1430780147.36
0.21 0.943274644965 0.0809545073025 9.0492 1.0 0.3584 22.1875 14.8921201676 0.512117959302 1430780148.02
0.221 0.942048390622 0.0801839356738 9.1948 1.0 0.4036 22.1875 14.8921201676 0.534502798163 1430780148.67
0.208 0.941599843661 0.0831334158398 9.2856 1.0 0.4488 22.1875 14.8921201676 0.541696999776 1430780149.31
0.207 0.939614146808 0.0839681467508 9.3456 1.0 0.492 22.1875 14.8921201676 0.550062224089 1430780149.96
0.197 0.938146740503 0.0877057965236 9.4144 1.0 0.53 22.1875 14.8921201676 0.545152423164 1430780150.64
0.225 0.936503854758 0.0895006912 9.4532 1.0 0.5672 22.1875 14.8921201676 0.552031430162 1430780151.29
0.196 0.936614770643 0.0970426962168 9.6668 1.0 0.5944 22.1875 14.8921201676 0.574552424369 1430780151.95
0.212 0.934067108827 0.103873051092 9.6712 1.0 0.6288 22.1875 14.8921201676 0.527204764067 1430780152.61
0.216 0.931792019396 0.110318204087 9.8036 1.0 0.6568 22.1875 14.8921201676 0.528296907149 1430780153.25
0.201 0.926957683601 0.111190403144 9.8388 1.0 0.6836 22.1875 14.8921201676 0.517325325129 1430780153.89
0.192 0.922792222942 0.11291001339 9.8344 1.0 0.7096 22.1875 14.8921201676 0.516192688595 1430780154.57
0.21 0.918921979284 0.112224954859 9.8592 1.0 0.7344 22.1875 14.8921201676 0.532183258309 1430780155.23
0.208 0.92018339138 0.121203462183 9.646 1.0 0.7652 22.1875 14.8921201676 0.543741293673 1430780155.85
0.202 0.917692594272 0.126313005509 9.3092 1.0 0.7976 22.1875 14.8921201676 0.494892726994 1430780156.53
0.236 0.913009409741 0.128532984197 9.0896 1.0 0.824 22.1875 14.8921201676 0.504547412353 1430780157.14
0.233 0.912455865692 0.135556468284 8.9412 1.0 0.8468 22.1875 14.8921201676 0.500724677162 1430780157.78
0.226 0.91288475221 0.140562567606 9.0232 1.0 0.8632 22.1875 14.8921201676 0.549518311195 1430780158.46
0.224 0.908665979952 0.140257333099 8.9228 1.0 0.8848 22.1875 14.8921201676 0.530885220074 1430780159.11
0.215 0.906388903304 0.140255536375 8.8552 1.0 0.8992 22.1875 14.8921201676 0.517444642935 1430780159.77
0.199 0.902169111544 0.138336249855 8.926 1.0 0.1828 22.59375 14.8344196305 0.514222886032 1430780160.38
0.211 0.901196770539 0.145514669738 8.9508 1.0 0.2544 22.59375 14.8344196305 0.533100866523 1430780161.07
0.241 0.902409585027 0.153443985732 8.8024 1.0 0.31 22.59375 14.8344196305 0.525331153353 1430780161.75
0.205 0.900878881615 0.147124356818 8.7928 1.0 0.3572 22.59375 14.8344196305 0.565280940376 1430780162.41
0.21 0.899493850202 0.143857093253 8.646 1.0 0.4088 22.59375 14.8344196305 0.570661991375 1430780163.06
0.247 0.90352409332 0.141204984671 8.5988 1.0 0.4544 22.59375 14.8344196305 0.529321490675 1430780163.76
0.247 0.90872928897 0.130862566784 8.5332 1.0 0.4988 22.59375 14.8344196305 0.549311791497 1430780164.47
0.247 0.911146462955 0.122787702726 8.348 1.0 0.5456 22.59375 14.8344196305 0.536951921497 1430780165.12
0.23 0.91675084141 0.119219097601 8.4204 1.0 0.5812 22.59375 14.8344196305 0.584833032995 1430780165.76
0.202 0.920823409912 0.118364472632 8.4476 1.0 0.618 22.59375 14.8344196305 0.546878790911 1430780166.4
0.238 0.921413907693 0.116220858167 8.3604 1.0 0.6568 22.59375 14.8344196305 0.55651411209 1430780167.03
0.231 0.920704833822 0.108432704443 8.1856 1.0 0.6984 22.59375 14.8344196305 0.573657469282 1430780167.71
0.241 0.924061606514 0.104527966822 8.0868 1.0 0.7376 22.59375 14.8344196305 0.591422299253 1430780168.38
0.246 0.929118782637 0.10411733426 7.7896 1.0 0.7788 22.59375 14.8344196305 0.595952090473 1430780169.04
0.165 0.928585834527 0.102030105211 7.8768 1.0 0.804 22.59375 14.8344196305 0.59242023766 1430780169.73
0.205 0.927983201668 0.0992077247529 8.06 1.0 0.8236 22.59375 14.8344196305 0.592424893061 1430780170.39
0.203 0.929260090967 0.101485215237 8.0268 1.0 0.8512 22.59375 14.8344196305 0.585333844494 1430780171.04
0.216 0.930432070629 0.107073436732 8.1252 1.0 0.8744 22.59375 14.8344196305 0.580754279088 1430780171.68
0.192 0.931499915072 0.11321421241 8.3376 1.0 0.8872 22.59375 14.8344196305 0.575436725306 1430780172.37
0.231 0.92926707665 0.113081715775 8.2532 1.0 0.08 20.796875 13.8650068752 0.583571937809 1430780173.07
0.241 0.925171643679 0.111144838429 8.5184 1.0 0.22 20.796875 13.8650068752 0.568135676836 1430780173.72
0.221 0.923470225182 0.113529828234 8.53 1.0 0.2816 20.796875 13.8650068752 0.520780673766 1430780174.38
0.22 0.923394170681 0.1177155663 8.5772 1.0 0.3336 20.796875 13.8650068752 0.546002892239 1430780175.08
0.23 0.922286117145 0.11612340298 8.5 1.0 0.384 20.796875 13.8650068752 0.521167367349 1430780175.73
0.236 0.922297841001 0.114322070119 8.3052 1.0 0.4376 20.796875 13.8650068752 0.518900294916 1430780176.37
0.222 0.9217500536 0.114436483005 8.188 1.0 0.486 20.796875 13.8650068752 0.514095029103 1430780177.04
0.214 0.922626660463 0.113575360441 8.1884 1.0 0.5232 20.796875 13.8650068752 0.48918523291 1430780177.73
0.226 0.924112397287 0.111941741327 8.2568 1.0 0.5568 20.796875 13.8650068752 0.509766982199 1430780178.41
0.238 0.925425317961 0.113982091087 8.4048 1.0 0.5888 20.796875 13.8650068752 0.509118884456 1430780179.09
0.22 0.924656899515 0.112371696196 8.5148 1.0 0.6176 20.796875 13.8650068752 0.493986789796 1430780179.73
0.229 0.923423042327 0.114266677831 8.59 1.0 0.6484 20.796875 13.8650068752 0.523786525466 1430780180.37
0.242 0.923122319345 0.112840169361 8.5656 1.0 0.6812 20.796875 13.8650068752 0.458187830894 1430780181.01
0.235 0.924248771913 0.115431664853 8.58 1.0 0.7108 20.796875 13.8650068752 0.484352260337 1430780181.67
0.198 0.926747599925 0.117830268309 8.5588 1.0 0.7404 20.796875 13.8650068752 0.472774147257 1430780182.32
0.21 0.924468148139 0.114140448624 8.6468 1.0 0.7652 20.796875 13.8650068752 0.481325648607 1430780182.99
0.2 0.92184174817 0.116863842873 8.6284 1.0 0.786 20.796875 13.8650068752 0.475119746467 1430780183.67
0.242 0.9213404406 0.119808127334 8.5684 1.0 0.812 20.796875 13.8650068752 0.492172895242 1430780184.34
0.211 0.92094906947 0.122660945139 8.3468 1.0 0.844 20.796875 13.8650068752 0.505090462664 1430780185.02
0.224 0.919743657934 0.127065023005 8.3276 1.0 0.8656 20.796875 13.8650068752 0.50174619384 1430780185.69
0.238 0.91779434133 0.132343693607 8.2052 1.0 0.8868 20.796875 13.8650068752 0.497499255841 1430780186.34
0.24 0.914173054438 0.127074601248 8.1708 1.0 0.0728 20.8984375 13.9142359253 0.483611617211 1430780187.0
0.229 0.91006629189 0.114843332067 8.0744 1.0 0.2508 20.8984375 13.9142359253 0.450133292662 1430780187.67
0.246 0.91865141271 0.111549510856 7.9028 1.0 0.3156 20.8984375 13.9142359253 0.473230981718 1430780188.32
0.222 0.926078707493 0.109270239205 7.9024 1.0 0.3608 20.8984375 13.9142359253 0.500424903688 1430780188.97
0.21 0.928652495502 0.103778826619 7.8456 1.0 0.4084 20.8984375 13.9142359253 0.489302879685 1430780189.65
0.227 0.930438096209 0.0997017208344 8.1344 1.0 0.4388 20.8984375 13.9142359253 0.479024928193 1430780190.35
0.198 0.930782298598 0.0958032582341 8.2176 1.0 0.478 20.8984375 13.9142359253 0.486720017769 1430780191.03
0.194 0.933202963633 0.0868223015461 8.3108 1.0 0.5192 20.8984375 13.9142359253 0.524615234422 1430780191.69
0.214 0.936924981797 0.0845700894114 8.4308 1.0 0.5512 20.8984375 13.9142359253 0.564625211803 1430780192.35
0.21 0.940629643665 0.0864146342831 8.6368 1.0 0.5824 20.8984375 13.9142359253 0.586274017593 1430780193.01
0.196 0.939699512887 0.0828308824683 8.7948 1.0 0.6136 20.8984375 13.9142359253 0.584148359446 1430780193.64
0.201 0.940548653708 0.0826650271046 8.952 1.0 0.642 20.8984375 13.9142359253 0.59152104843 1430780194.35
0.202 0.940455947841 0.0851081169556 9.0344 1.0 0.6756 20.8984375 13.9142359253 0.57460919039 1430780194.99
0.203 0.938362902116 0.09111590918 9.282 1.0 0.6996 20.8984375 13.9142359253 0.607107503189 1430780195.68
0.181 0.935766838322 0.0923442921825 9.2668 1.0 0.7376 20.8984375 13.9142359253 0.615051747887 1430780196.36
0.196 0.933647877193 0.0935074675782 9.4124 1.0 0.7632 20.8984375 13.9142359253 0.584912554883 1430780197.08
0.202 0.931905997003 0.0992539523017 9.6076 1.0 0.7856 20.8984375 13.9142359253 0.60680772526 1430780197.78
0.191 0.928803855104 0.0982552985113 9.4936 1.0 0.8156 20.8984375 13.9142359253 0.574987806531 1430780198.45
0.216 0.927471757198 0.096613662624 9.2656 1.0 0.8484 20.8984375 13.9142359253 0.556221305519 1430780199.09
0.217 0.930002890482 0.0967518587734 9.4956 1.0 0.8616 20.8984375 13.9142359253 0.564434921123 1430780199.72
0.191 0.932628110989 0.100586860036 9.4228 1.0 0.882 20.8984375 13.9142359253 0.542823947277 1430780200.37
0.191 0.934188155297 0.106563031376 9.5 1.0 0.898 20.8984375 13.9142359253 0.573315170169 1430780201.07
0.194 0.93075177035 0.108156986627 9.5736 1.0 0.1764 21.44921875 14.1804235457 0.543453817146 1430780201.74
0.179 0.925807896455 0.109981880896 9.6264 1.0 0.2384 21.44921875 14.1804235457 0.534621491644 1430780202.39
0.199 0.923302167524 0.106608116676 9.63 1.0 0.288 21.44921875 14.1804235457 0.509818168743 1430780203.04
0.202 0.924065861981 0.104892573605 9.6596 1.0 0.3312 21.44921875 14.1804235457 0.522994708069 1430780203.68
0.218 0.928732942548 0.112519435797 9.6728 1.0 0.3728 21.44921875 14.1804235457 0.525825028165 1430780204.36
0.211 0.926471522845 0.117570831995 9.716 1.0 0.4124 21.44921875 14.1804235457 0.511771666872 1430780205.08
0.237 0.923056272578 0.119226025299 9.604 1.0 0.4584 21.44921875 14.1804235457 0.492227869971 1430780205.75
0.211 0.921194371923 0.120174021734 9.636 1.0 0.496 21.44921875 14.1804235457 0.509559283868 1430780206.41
0.213 0.921168962161 0.119859767152 9.7664 1.0 0.526 21.44921875 14.1804235457 0.518642931304 1430780207.06
0.225 0.920870882469 0.11510044863 9.8188 1.0 0.558 21.44921875 14.1804235457 0.50209703286 1430780207.73
0.226 0.922356331201 0.111740144192 9.8568 1.0 0.5912 21.44921875 14.1804235457 0.531637988692 1430780208.36
0.222 0.923837057128 0.109912018087 9.874 1.0 0.6224 21.44921875 14.1804235457 0.488415249654 1430780209.05
0.25 0.927106962562 0.113494541459 9.9444 1.0 0.6496 21.44921875 14.1804235457 0.448621577757 1430780209.73
0.224 0.925049167873 0.111899118099 9.9308 1.0 0.6776 21.44921875 14.1804235457 0.47157673515 1430780210.36
0.235 0.922604428389 0.108143586485 10.1128 1.0 0.7004 21.44921875 14.1804235457 0.518965896781 1430780211.03
0.235 0.924436632939 0.10663049127 10.036 1.0 0.7296 21.44921875 14.1804235457 0.48772939636 1430780211.67
0.225 0.925331034466 0.105937382863 10.062 1.0 0.7532 21.44921875 14.1804235457 0.494446788462 1430780212.35
0.259 0.925089607714 0.106973888867 10.054 1.0 0.7768 21.44921875 14.1804235457 0.510362945593 1430780213.04
0.207 0.924889961297 0.106106430475 9.9176 1.0 0.804 21.44921875 14.1804235457 0.478479230409 1430780213.68
0.197 0.92834446353 0.1057823396 9.7844 1.0 0.8288 21.44921875 14.1804235457 0.50124252816 1430780214.34
0.195 0.9305785623 0.106996421478 9.6968 1.0 0.8508 21.44921875 14.1804235457 0.559313182606 1430780215.03
0.217 0.92899233927 0.101085648472 9.6376 1.0 0.8704 21.44921875 14.1804235457 0.572270630506 1430780215.69
0.229 0.929864101199 0.100104715306 9.7156 1.0 0.8848 21.44921875 14.1804235457 0.539164845682 1430780216.36
0.224 0.931746374478 0.0947771366577 9.7944 1.0 0.8956 21.44921875 14.1804235457 0.503669582618 1430780217.07
0.196 0.935718966306 0.0964906049602 9.7004 1.0 0.1676 22.724609375 15.1314462661 0.544616932534 1430780217.76
0.217 0.937039050246 0.102371644572 9.6868 1.0 0.2532 22.724609375 15.1314462661 0.550987224453 1430780218.45
0.233 0.932376195066 0.0986147731472 9.768 1.0 0.3008 22.724609375 15.1314462661 0.562866646493 1430780219.15
0.227 0.928759796756 0.0985441788185 9.528 1.0 0.36 22.724609375 15.1314462661 0.518750584701 1430780219.8
0.223 0.927876323296 0.0987753025496 9.646 1.0 0.4004 22.724609375 15.1314462661 0.522863389447 1430780220.45
0.191 0.931145873811 0.0980331964682 9.8396 1.0 0.4364 22.724609375 15.1314462661 0.561424938489 1430780221.09
0.223 0.935100803261 0.102373507264 9.9728 1.0 0.468 22.724609375 15.1314462661 0.542207642682 1430780221.77
0.225 0.934182304342 0.103843199949 9.882 1.0 0.51 22.724609375 15.1314462661 0.569525490099 1430780222.42
0.208 0.932870220815 0.107402795284 9.8424 1.0 0.5484 22.724609375 15.1314462661 0.542182991318 1430780223.1
0.189 0.929101529909 0.111465337344 9.6256 1.0 0.592 22.724609375 15.1314462661 0.522847808568 1430780223.77
0.194 0.925820857944 0.111897762866 9.534 1.0 0.6316 22.724609375 15.1314462661 0.549847283819 1430780224.46
0.2 0.924973719046 0.110708160059 9.614 1.0 0.66 22.724609375 15.1314462661 0.581264975867 1430780225.15
0.222 0.9249894951 0.112489256512 9.6572 1.0 0.6884 22.724609375 15.1314462661 0.555930180204 1430780225.78
0.217 0.923571763218 0.113362088209 9.5804 1.0 0.7152 22.724609375 15.1314462661 0.521145914997 1430780226.42
0.198 0.925914526158 0.115651292846 9.6004 1.0 0.7384 22.724609375 15.1314462661 0.529241627526 1430780227.09
0.198 0.926603719519 0.11043337932 9.5276 1.0 0.7656 22.724609375 15.1314462661 0.534427520953 1430780227.72
0.208 0.927482816168 0.101278436425 9.3028 1.0 0.796 22.724609375 15.1314462661 0.504738954723 1430780228.4
0.214 0.930576817411 0.106875593503 9.196 1.0 0.8196 22.724609375 15.1314462661 0.544304336484 1430780229.08
0.21 0.929264077055 0.106281132398 9.164 1.0 0.8408 22.724609375 15.1314462661 0.549622608806 1430780229.76
0.206 0.924859043186 0.106441605675 8.8272 1.0 0.8704 22.724609375 15.1314462661 0.532750285102 1430780230.45
0.21 0.921778364413 0.105160575257 8.8212 1.0 0.8904 22.724609375 15.1314462661 0.555364733168 1430780231.13
0.211 0.922162232514 0.111819513 8.5612 1.0 0.1244 21.8623046875 14.6245312213 0.546285559366 1430780231.78
0.204 0.921633898722 0.117564146721 8.2592 1.0 0.242 21.8623046875 14.6245312213 0.540531225548 1430780232.47
0.204 0.919470747569 0.117162885432 8.4156 1.0 0.2896 21.8623046875 14.6245312213 0.541149165527 1430780233.17
0.216 0.917307451615 0.115067997912 8.466 1.0 0.3372 21.8623046875 14.6245312213 0.504921234428 1430780233.8
0.22 0.918016760564 0.115508416349 8.596 1.0 0.378 21.8623046875 14.6245312213 0.503472151444 1430780234.47
0.225 0.918335700319 0.117883890681 8.672 1.0 0.42 21.8623046875 14.6245312213 0.492277472111 1430780235.16
0.21 0.917086333032 0.111257960114 8.6416 1.0 0.4668 21.8623046875 14.6245312213 0.491714315322 1430780235.83
0.236 0.919814393865 0.116865206672 8.6408 1.0 0.5076 21.8623046875 14.6245312213 0.486508255705 1430780236.51
0.215 0.922146715499 0.123907261235 8.7372 1.0 0.5468 21.8623046875 14.6245312213 0.507856796337 1430780237.22
0.224 0.917050741227 0.116479305367 8.8552 1.0 0.5788 21.8623046875 14.6245312213 0.492408632173 1430780237.91
0.247 0.916508120657 0.115111451946 8.9796 1.0 0.6088 21.8623046875 14.6245312213 0.504679483359 1430780238.57
0.241 0.920411104113 0.120559696132 8.6936 1.0 0.6532 21.8623046875 14.6245312213 0.509360595278 1430780239.27
0.235 0.921834635369 0.122175977858 8.3636 1.0 0.7 21.8623046875 14.6245312213 0.506211374666 1430780239.92
0.242 0.920679256244 0.122552181737 8.1584 1.0 0.7404 21.8623046875 14.6245312213 0.507893819282 1430780240.58
0.258 0.918419202649 0.121105491046 8.0712 1.0 0.7724 21.8623046875 14.6245312213 0.521380665707 1430780241.23
0.221 0.919834081916 0.126585258073 8.1172 1.0 0.7984 21.8623046875 14.6245312213 0.520166085541 1430780241.9
0.237 0.919247508012 0.120225067659 8.2724 1.0 0.8192 21.8623046875 14.6245312213 0.51419270237 1430780242.59
0.239 0.918023803241 0.111784190641 8.162 1.0 0.8476 21.8623046875 14.6245312213 0.514645349165 1430780243.28
0.195 0.91980177369 0.115163947768 8.1544 1.0 0.8688 21.8623046875 14.6245312213 0.520981427729 1430780243.92
0.222 0.921528355068 0.118049964873 8.332 1.0 0.8796 21.8623046875 14.6245312213 0.53137407954 1430780244.57
0.191 0.921541783871 0.119035751387 8.574 1.0 0.8912 21.8623046875 14.6245312213 0.530185944142 1430780245.25
0.232 0.923607093437 0.123182580278 8.664 1.0 0.0696 21.4311523438 14.4499860763 0.497671319622 1430780245.94
0.216 0.921798891239 0.128131821492 8.89 1.0 0.212 21.4311523438 14.4499860763 0.531889591286 1430780246.64
0.196 0.919140591354 0.132537955593 9.0536 1.0 0.2692 21.4311523438 14.4499860763 0.513157186991 1430780247.3
0.198 0.917218360741 0.138251374048 8.9532 1.0 0.3248 21.4311523438 14.4499860763 0.503986543293 1430780247.96
0.206 0.914530952577 0.136967224144 8.8208 1.0 0.382 21.4311523438 14.4499860763 0.508041203651 1430780248.62
0.26 0.910106240547 0.134017335473 9.0476 1.0 0.414 21.4311523438 14.4499860763 0.52041799867 1430780249.26
0.231 0.910033300479 0.133084016499 9.2964 1.0 0.446 21.4311523438 14.4499860763 0.492943256133 1430780249.91
0.203 0.913743572119 0.131474422556 9.5172 1.0 0.4808 21.4311523438 14.4499860763 0.504768511472 1430780250.59
0.223 0.915714424373 0.132788986173 9.4968 1.0 0.5216 21.4311523438 14.4499860763 0.513972585579 1430780251.26
0.232 0.914488205545 0.132635941447 9.5896 1.0 0.5564 21.4311523438 14.4499860763 0.524121681955 1430780251.97
0.204 0.914137801725 0.128196338452 9.7584 1.0 0.5844 21.4311523438 14.4499860763 0.518751155661 1430780252.63
0.242 0.91060780684 0.126097074608 9.688 1.0 0.6188 21.4311523438 14.4499860763 0.527907793899 1430780253.29
0.22 0.911744203293 0.126766154036 9.5476 1.0 0.6588 21.4311523438 14.4499860763 0.55831347011 1430780253.96
0.207 0.913403698503 0.132309847409 9.5196 1.0 0.688 21.4311523438 14.4499860763 0.553320309598 1430780254.61
0.216 0.909720793877 0.134951524333 9.4872 1.0 0.7096 21.4311523438 14.4499860763 0.541365597276 1430780255.24
0.224 0.907497416906 0.132764436243 9.3772 1.0 0.7372 21.4311523438 14.4499860763 0.536911374002 1430780255.88
0.25 0.90719366432 0.132774867183 9.084 1.0 0.7684 21.4311523438 14.4499860763 0.536609609922 1430780256.52
0.236 0.910069927855 0.140717052943 9.0076 1.0 0.7916 21.4311523438 14.4499860763 0.564160929154 1430780257.17
0.245 0.911247585177 0.142660901362 8.8588 1.0 0.8132 21.4311523438 14.4499860763 0.556696418112 1430780257.81
0.227 0.909322636674 0.146660526253 8.7936 1.0 0.8304 21.4311523438 14.4499860763 0.562996199012 1430780258.5
0.223 0.905227165222 0.140890609265 8.5608 1.0 0.854 21.4311523438 14.4499860763 0.549104408894 1430780259.15
0.228 0.903425845365 0.133367584482 8.3536 1.0 0.8764 21.4311523438 14.4499860763 0.539225252374 1430780259.83
0.254 0.907909022823 0.129256047754 8.1824 1.0 0.8976 21.4311523438 14.4499860763 0.571845940764 1430780260.52
0.245 0.912822858842 0.129239032748 8.094 1.0 0.2016 22.2155761719 14.7217085838 0.533522970863 1430780261.24
0.232 0.914770394256 0.128444823205 8.2524 1.0 0.2732 22.2155761719 14.7217085838 0.535099129423 1430780261.9
0.255 0.912388119005 0.120152079265 8.168 1.0 0.3296 22.2155761719 14.7217085838 0.508016768579 1430780262.57
0.212 0.915385288373 0.115441456425 8.2476 1.0 0.3788 22.2155761719 14.7217085838 0.532402192777 1430780263.22
0.225 0.921119074534 0.117489050031 8.4152 1.0 0.4216 22.2155761719 14.7217085838 0.541609718903 1430780263.88
0.222 0.923932723945 0.118913071806 8.5476 1.0 0.46 22.2155761719 14.7217085838 0.522500150474 1430780264.53
0.191 0.92107041715 0.111367409579 8.4504 1.0 0.5072 22.2155761719 14.7217085838 0.52675832329 1430780265.21
0.224 0.920344396888 0.10599042302 8.542 1.0 0.5456 22.2155761719 14.7217085838 0.524870291044 1430780265.84
0.215 0.927019908498 0.110057365531 8.6512 1.0 0.5808 22.2155761719 14.7217085838 0.522260288638 1430780266.51
0.204 0.933294363095 0.112677618709 8.8412 1.0 0.6124 22.2155761719 14.7217085838 0.535835425936 1430780267.16
0.182 0.932787858299 0.108647945894 8.792 1.0 0.6484 22.2155761719 14.7217085838 0.539389646515 1430780267.84
0.217 0.928838120044 0.103198305484 8.7724 1.0 0.6856 22.2155761719 14.7217085838 0.534346314246 1430780268.52
0.26 0.929065462789 0.10119944727 8.7396 1.0 0.7172 22.2155761719 14.7217085838 0.520430042945 1430780269.17
0.199 0.930234191605 0.0967582225035 8.81 1.0 0.7436 22.2155761719 14.7217085838 0.572833886919 1430780269.82
0.225 0.931966554216 0.0958089116589 8.9136 1.0 0.7656 22.2155761719 14.7217085838 0.575836949783 1430780270.47
0.211 0.933354695458 0.101936013302 8.914 1.0 0.7916 22.2155761719 14.7217085838 0.590384890046 1430780271.13
0.221 0.931778976844 0.108792970387 8.7576 1.0 0.818 22.2155761719 14.7217085838 0.541737488764 1430780271.83
0.216 0.92774829592 0.114096828446 8.5856 1.0 0.8468 22.2155761719 14.7217085838 0.571181172202 1430780272.51
0.21 0.922436574186 0.111256823749 8.6088 1.0 0.868 22.2155761719 14.7217085838 0.554298247526 1430780273.14
0.25 0.92149913011 0.111473054088 8.6464 1.0 0.8848 22.2155761719 14.7217085838 0.545768736202 1430780273.83
0.249 0.922166204581 0.119649730215 8.7972 1.0 0.8988 22.2155761719 14.7217085838 0.565238414134 1430780274.45
0.218 0.920232280928 0.111793693339 8.9008 1.0 0.2064 21.6077880859 14.3070913792 0.550358204938 1430780275.11
0.215 0.922696017883 0.112338120109 8.8244 1.0 0.2792 21.6077880859 14.3070913792 0.589872119156 1430780275.76
0.222 0.925982276197 0.11658510599 8.8012 1.0 0.3292 21.6077880859 14.3070913792 0.567407036778 1430780276.45
0.183 0.926096209444 0.116230180496 8.8324 1.0 0.364 21.6077880859 14.3070913792 0.567677177574 1430780277.12
0.189 0.923292321653 0.118754002015 8.814 1.0 0.4044 21.6077880859 14.3070913792 0.55023534262 1430780277.78
0.209 0.92231996365 0.118869650008 8.7444 1.0 0.45 21.6077880859 14.3070913792 0.5267748093 1430780278.46
0.2 0.920551700481 0.121523601475 8.7876 1.0 0.4864 21.6077880859 14.3070913792 0.560796070387 1430780279.15
0.221 0.918160334288 0.122407714985 9.0832 1.0 0.5108 21.6077880859 14.3070913792 0.545100831413 1430780279.86
0.222 0.918209284346 0.128697125977 9.202 1.0 0.5436 21.6077880859 14.3070913792 0.535436524845 1430780280.55
0.222 0.91671921153 0.126925609681 9.1284 1.0 0.5808 21.6077880859 14.3070913792 0.503969034963 1430780281.27
0.208 0.915214341734 0.123467328456 8.8132 1.0 0.6288 21.6077880859 14.3070913792 0.502112302779 1430780281.95
0.221 0.916306730234 0.123755381677 8.8512 1.0 0.6608 21.6077880859 14.3070913792 0.489330531434 1430780282.62
0.223 0.917641885418 0.128236669827 8.9372 1.0 0.6888 21.6077880859 14.3070913792 0.504073985774 1430780283.28
0.219 0.915180266109 0.135343864554 9.0012 1.0 0.7164 21.6077880859 14.3070913792 0.48690342081 1430780283.91
0.236 0.911068760138 0.133199812488 9.0516 1.0 0.74 21.6077880859 14.3070913792 0.490530247121 1430780284.62
0.244 0.908446211554 0.127614884024 9.1308 1.0 0.7612 21.6077880859 14.3070913792 0.480113137635 1430780285.25
0.256 0.910872298597 0.13284271982 9.102 1.0 0.7884 21.6077880859 14.3070913792 0.500818082276 1430780285.91
0.222 0.914833967709 0.129681846785 8.8956 1.0 0.8176 21.6077880859 14.3070913792 0.489304896041 1430780286.58
0.212 0.914812953665 0.122029414144 8.7 1.0 0.8416 21.6077880859 14.3070913792 0.478128806603 1430780287.23
0.227 0.918816174688 0.118646940461 8.6988 1.0 0.8604 21.6077880859 14.3070913792 0.505738329293 1430780287.85
0.233 0.922097502472 0.115092380287 8.7772 1.0 0.8784 21.6077880859 14.3070913792 0.514323856851 1430780288.52
0.22 0.922029231038 0.106877752531 8.5684 1.0 0.8956 21.6077880859 14.3070913792 0.508879699933 1430780289.17
0.231 0.924367973788 0.106437748595 8.4792 1.0 0.1524 21.803894043 14.5826951981 0.537715073399 1430780289.85
0.22 0.92643958105 0.111811209758 8.3976 1.0 0.2688 21.803894043 14.5826951981 0.548672074408 1430780290.53
0.228 0.923979909695 0.112829791269 8.3248 1.0 0.328 21.803894043 14.5826951981 0.526773553934 1430780291.21
0.228 0.920837732952 0.1087682459 8.3452 1.0 0.384 21.803894043 14.5826951981 0.550738185977 1430780291.86
0.225 0.923528057847 0.107016013215 8.272 1.0 0.4324 21.803894043 14.5826951981 0.535161642813 1430780292.51
0.226 0.926346188664 0.105269529644 8.3972 1.0 0.4752 21.803894043 14.5826951981 0.537281723068 1430780293.21
0.205 0.928016330803 0.0998010217342 8.434 1.0 0.5176 21.803894043 14.5826951981 0.531928985913 1430780293.9
0.21 0.930563209401 0.101386772874 8.6044 1.0 0.5508 21.803894043 14.5826951981 0.530838005833 1430780294.59
0.209 0.932554633564 0.103839069397 8.558 1.0 0.5908 21.803894043 14.5826951981 0.514620363365 1430780295.23
0.19 0.932842776207 0.100818451338 8.5812 1.0 0.6248 21.803894043 14.5826951981 0.542217702089 1430780295.86
0.207 0.934044737044 0.0973799089509 8.6428 1.0 0.6584 21.803894043 14.5826951981 0.531569737695 1430780296.53
0.227 0.936138914479 0.0973384626007 8.688 1.0 0.6904 21.803894043 14.5826951981 0.542195856022 1430780297.21
0.227 0.93736354428 0.0976996405932 8.8132 1.0 0.7176 21.803894043 14.5826951981 0.540305073654 1430780297.87
0.207 0.934208647742 0.0909555477742 8.74 1.0 0.7484 21.803894043 14.5826951981 0.580750819136 1430780298.56
0.21 0.934336705329 0.090920018082 9.0648 1.0 0.7628 21.803894043 14.5826951981 0.554434369272 1430780299.25
0.195 0.935434017267 0.0963332300683 9.1832 1.0 0.7824 21.803894043 14.5826951981 0.574990099242 1430780299.91
0.231 0.933993599636 0.100780996928 9.3816 1.0 0.7972 21.803894043 14.5826951981 0.588957197058 1430780300.54
0.199 0.934091849794 0.102321448457 9.3612 1.0 0.8156 21.803894043 14.5826951981 0.590848378253 1430780301.24
0.2 0.929934464523 0.104451985031 9.2332 1.0 0.8384 21.803894043 14.5826951981 0.576721467135 1430780301.88
0.224 0.925509640486 0.10309070782 9.2212 1.0 0.858 21.803894043 14.5826951981 0.567751648837 1430780302.55
0.198 0.92466079261 0.104888015791 9.014 1.0 0.8772 21.803894043 14.5826951981 0.564049829993 1430780303.22
0.19 0.927720528662 0.115708067121 9.008 1.0 0.8956 21.803894043 14.5826951981 0.578292277179 1430780303.9
0.208 0.924216613452 0.118177998218 8.75 1.0 0.1824 21.9019470215 14.6027420521 0.587240938988 1430780304.6
0.206 0.919484772567 0.119285529223 8.68 1.0 0.2596 21.9019470215 14.6027420521 0.571609895121 1430780305.26
0.206 0.917517511381 0.122851315363 8.6076 1.0 0.3068 21.9019470215 14.6027420521 0.556242608552 1430780305.94
0.205 0.916094252071 0.124919156079 8.7772 1.0 0.3432 21.9019470215 14.6027420521 0.571958286388 1430780306.6
0.213 0.916279250685 0.124435762711 8.8132 1.0 0.3848 21.9019470215 14.6027420521 0.590342260204 1430780307.26
0.199 0.914726132645 0.122910124304 9.1196 1.0 0.4156 21.9019470215 14.6027420521 0.552620220826 1430780307.89
0.222 0.913446866322 0.116436606638 9.2056 1.0 0.4508 21.9019470215 14.6027420521 0.544531526688 1430780308.59
0.244 0.915589593178 0.112850135381 9.3168 1.0 0.4852 21.9019470215 14.6027420521 0.534308322395 1430780309.23
0.214 0.922239995055 0.109946894121 9.5328 1.0 0.5148 21.9019470215 14.6027420521 0.538028402394 1430780309.88
0.216 0.928558150479 0.108532399517 9.5908 1.0 0.5536 21.9019470215 14.6027420521 0.540474527455 1430780310.58
0.214 0.928295940866 0.106008863693 9.7024 1.0 0.5864 21.9019470215 14.6027420521 0.581994823102 1430780311.25
0.206 0.927037255217 0.102724448181 9.5892 1.0 0.624 21.9019470215 14.6027420521 0.545590599579 1430780311.91
0.219 0.926627483643 0.101569882644 9.6852 1.0 0.6508 21.9019470215 14.6027420521 0.571297599042 1430780312.57
0.21 0.928735520171 0.103644439876 9.7348 1.0 0.6796 21.9019470215 14.6027420521 0.578739909191 1430780313.24
0.193 0.929693578697 0.0996158734533 9.7108 1.0 0.7084 21.9019470215 14.6027420521 0.569144529553 1430780313.87
0.192 0.930949027088 0.0936643696385 9.5044 1.0 0.742 21.9019470215 14.6027420521 0.568162141592 1430780314.51
0.203 0.934928807979 0.0942000693068 9.4316 1.0 0.7716 21.9019470215 14.6027420521 0.593270781261 1430780315.16
0.183 0.938546688284 0.0974919440506 9.5308 1.0 0.7904 21.9019470215 14.6027420521 0.57617405723 1430780315.82
0.204 0.937905843966 0.0990665847891 9.3024 1.0 0.822 21.9019470215 14.6027420521 0.55811068944 1430780316.5
0.188 0.935170448634 0.101702572507 9.1652 1.0 0.848 21.9019470215 14.6027420521 0.537251368404 1430780317.16
0.232 0.929638066246 0.103130100089 9.1948 1.0 0.868 21.9019470215 14.6027420521 0.530011493948 1430780317.84
0.179 0.928301385649 0.100901913051 9.296 1.0 0.884 21.9019470215 14.6027420521 0.524482264156 1430780318.51
0.209 0.928449071571 0.093946313516 9.2788 1.0 0.0064 21.9509735107 14.7792815447 0.551181715118 1430780319.18
0.213 0.933844202063 0.0948674542544 9.2688 1.0 0.1976 21.9509735107 14.7792815447 0.553463274325 1430780319.86
0.207 0.937399072469 0.0960627795237 9.0376 1.0 0.2744 21.9509735107 14.7792815447 0.536252754147 1430780320.58
0.211 0.93826633681 0.0972875728224 9.2664 1.0 0.3124 21.9509735107 14.7792815447 0.586456902128 1430780321.28
0.178 0.935871956567 0.101218608133 9.2728 1.0 0.3548 21.9509735107 14.7792815447 0.527162541227 1430780321.99
0.18 0.93182327457 0.103764255614 9.2852 1.0 0.392 21.9509735107 14.7792815447 0.537315420955 1430780322.63
0.195 0.927820195732 0.109133656853 9.3464 1.0 0.4236 21.9509735107 14.7792815447 0.538481546936 1430780323.25
0.218 0.924747232754 0.118355216391 9.3012 1.0 0.4636 21.9509735107 14.7792815447 0.512798790656 1430780323.88
0.192 0.919327749961 0.117805042854 9.3696 1.0 0.4944 21.9509735107 14.7792815447 0.515393892362 1430780324.51
0.208 0.915041052454 0.124092971206 9.536 1.0 0.5232 21.9509735107 14.7792815447 0.521478036638 1430780325.14
0.208 0.9140146905 0.126542498418 9.656 1.0 0.554 21.9509735107 14.7792815447 0.49038544791 1430780325.79
0.194 0.916202417428 0.131307312109 9.7848 1.0 0.5848 21.9509735107 14.7792815447 0.511913167238 1430780326.47
0.224 0.915125605242 0.133715441118 9.6932 1.0 0.6196 21.9509735107 14.7792815447 0.498086032945 1430780327.08
0.211 0.914662805689 0.127840763195 9.6812 1.0 0.6504 21.9509735107 14.7792815447 0.502251905631 1430780327.72
0.231 0.916492209771 0.128096388558 9.47 1.0 0.6908 21.9509735107 14.7792815447 0.506760820356 1430780328.42
0.224 0.918011591909 0.125544801847 9.3104 1.0 0.7268 21.9509735107 14.7792815447 0.499982186938 1430780329.05
0.197 0.9190596347 0.123074175775 9.2232 1.0 0.7604 21.9509735107 14.7792815447 0.536472973903 1430780329.7
0.214 0.920039203404 0.117756293961 8.8716 1.0 0.802 21.9509735107 14.7792815447 0.494092039735 1430780330.36
0.217 0.922357738284 0.113073027478 8.7032 1.0 0.8356 21.9509735107 14.7792815447 0.550766513086 1430780331.05
0.21 0.923102570695 0.104159471246 8.9316 1.0 0.852 21.9509735107 14.7792815447 0.539884262777 1430780331.73
0.215 0.926407314624 0.102895368507 8.9696 1.0 0.8704 21.9509735107 14.7792815447 0.549842443858 1430780332.41
0.198 0.929579840977 0.0957630730862 9.2016 1.0 0.8796 21.9509735107 14.7792815447 0.520974157378 1430780333.13
0.179 0.934316255625 0.0888740311803 9.2304 1.0 0.8968 21.9509735107 14.7792815447 0.570195724894 1430780333.8
0.206 0.93628722405 0.0792273886504 9.3376 1.0 0.1248 22.4754867554 14.9072527528 0.548695459709 1430780334.51
0.212 0.943181942314 0.0752008366574 9.5056 1.0 0.212 22.4754867554 14.9072527528 0.627358422513 1430780335.17
0.194 0.948430663199 0.0789777760889 9.5952 1.0 0.264 22.4754867554 14.9072527528 0.609461904121 1430780335.83
0.18 0.948002585208 0.0798176644584 9.6344 1.0 0.306 22.4754867554 14.9072527528 0.613839141329 1430780336.48
0.196 0.943663353515 0.0763642987883 9.7376 1.0 0.35 22.4754867554 14.9072527528 0.592661627434 1430780337.14
0.199 0.94231876364 0.0750782744213 9.7776 1.0 0.3928 22.4754867554 14.9072527528 0.579909665551 1430780337.8
0.191 0.943907150491 0.0814514843439 9.8448 1.0 0.43 22.4754867554 14.9072527528 0.580202698972 1430780338.47
0.187 0.943842363163 0.0845532456069 9.7468 1.0 0.4732 22.4754867554 14.9072527528 0.602853957031 1430780339.09
0.205 0.940543986151 0.0804748144708 9.7268 1.0 0.5144 22.4754867554 14.9072527528 0.565369591608 1430780339.76
0.194 0.939900791843 0.0753406440667 9.772 1.0 0.548 22.4754867554 14.9072527528 0.55984610187 1430780340.42
0.198 0.943509485456 0.0783948271672 9.788 1.0 0.5824 22.4754867554 14.9072527528 0.562211598122 1430780341.06
0.179 0.946284096891 0.0792085394269 9.9004 1.0 0.6164 22.4754867554 14.9072527528 0.580990681658 1430780341.74
0.167 0.944891862083 0.0758293729739 10.038 1.0 0.6448 22.4754867554 14.9072527528 0.575434116204 1430780342.43
0.176 0.944522383337 0.0780616571999 10.2 1.0 0.67 22.4754867554 14.9072527528 0.562291919237 1430780343.1
0.183 0.941865412551 0.0772002923017 10.1752 1.0 0.7008 22.4754867554 14.9072527528 0.579263089632 1430780343.79
0.167 0.94112504015 0.0718826482796 10.4112 1.0 0.7204 22.4754867554 14.9072527528 0.580412289401 1430780344.46
0.164 0.944552442976 0.0746401745564 10.606 1.0 0.7376 22.4754867554 14.9072527528 0.592098260426 1430780345.11
0.149 0.945166775385 0.0788207398423 10.842 1.0 0.7544 22.4754867554 14.9072527528 0.559980750944 1430780345.75
0.184 0.941514092079 0.07920291121 11.0188 1.0 0.772 22.4754867554 14.9072527528 0.564326476188 1430780346.43
0.173 0.939623040265 0.0836934553431 11.3172 1.0 0.7868 22.4754867554 14.9072527528 0.554858051455 1430780347.12
0.191 0.939125293925 0.0786406787407 11.4284 1.0 0.8044 22.4754867554 14.9072527528 0.572956552266 1430780347.78
0.167 0.941029099344 0.0839013625677 11.412 1.0 0.8204 22.4754867554 14.9072527528 0.56938838417 1430780348.47
0.169 0.939365066737 0.0888862511302 11.416 1.0 0.834 22.4754867554 14.9072527528 0.576468220726 1430780349.1
0.177 0.939309637249 0.0871666833607 11.5876 1.0 0.8472 22.4754867554 14.9072527528 0.55623653762 1430780349.78
0.202 0.939451217101 0.0880419367052 11.6556 1.0 0.8548 22.4754867554 14.9072527528 0.553623817287 1430780350.44
0.194 0.937618942206 0.0873312351872 11.6272 1.0 0.866 22.4754867554 14.9072527528 0.575073381471 1430780351.08
0.193 0.938689931754 0.0908550331365 11.7872 1.0 0.8772 22.4754867554 14.9072527528 0.549112004642 1430780351.75
0.204 0.938129398847 0.0971045982044 11.4284 1.0 0.896 22.4754867554 14.9072527528 0.55522318333 1430780352.44
0.2 0.936336670353 0.0991922142597 11.2788 1.0 0.1336 25.2377433777 16.780517441 0.563495562598 1430780353.13
0.184 0.93128625802 0.100343180425 11.1404 1.0 0.2344 25.2377433777 16.780517441 0.570798031761 1430780353.81
0.21 0.928750955436 0.100530880019 11.0604 1.0 0.2912 25.2377433777 16.780517441 0.573270926863 1430780354.51
0.208 0.929761142552 0.108169528165 11.152 1.0 0.3332 25.2377433777 16.780517441 0.587520849114 1430780355.15
0.184 0.927571544381 0.110085632487 11.3056 1.0 0.372 25.2377433777 16.780517441 0.577965238038 1430780355.79
0.194 0.924317737016 0.110751357877 11.3564 1.0 0.4088 25.2377433777 16.780517441 0.557866475052 1430780356.5
0.206 0.922791580397 0.10876329796 11.2928 1.0 0.4548 25.2377433777 16.780517441 0.54446476663 1430780357.15
0.201 0.925222865018 0.113095562589 11.0916 1.0 0.4976 25.2377433777 16.780517441 0.560815756101 1430780357.79
0.202 0.927112147624 0.115717154731 10.9428 1.0 0.5388 25.2377433777 16.780517441 0.555441919807 1430780358.43
0.199 0.925329218028 0.113091487713 10.8476 1.0 0.5756 25.2377433777 16.780517441 0.543605272531 1430780359.11
0.215 0.923426350983 0.108622339782 10.742 1.0 0.6108 25.2377433777 16.780517441 0.554637916367 1430780359.79
0.204 0.923488697569 0.100187925398 10.6556 1.0 0.6396 25.2377433777 16.780517441 0.579885263639 1430780360.46
0.199 0.929237862571 0.102224127113 10.4896 1.0 0.672 25.2377433777 16.780517441 0.57295883828 1430780361.12
0.194 0.935800739087 0.10392419678 10.4948 1.0 0.7008 25.2377433777 16.780517441 0.594881367528 1430780361.82
0.211 0.934129000492 0.103807179744 10.3712 1.0 0.7276 25.2377433777 16.780517441 0.579741154397 1430780362.46
0.219 0.930308533052 0.0999123968436 10.1684 1.0 0.7572 25.2377433777 16.780517441 0.550032286689 1430780363.09
0.217 0.930252509628 0.0964475070184 10.248 1.0 0.7764 25.2377433777 16.780517441 0.572485817855 1430780363.73
0.216 0.931321394506 0.0992379787357 9.9796 1.0 0.804 25.2377433777 16.780517441 0.541338383443 1430780364.39
0.208 0.931777972047 0.0936460966561 9.746 1.0 0.8292 25.2377433777 16.780517441 0.536078909802 1430780365.05
0.193 0.935573327411 0.0952354678935 9.9548 1.0 0.842 25.2377433777 16.780517441 0.565398672649 1430780365.69
0.189 0.93666537974 0.090673279004 10.1444 1.0 0.8536 25.2377433777 16.780517441 0.579696530407 1430780366.36
0.195 0.935276772111 0.0854171767377 10.3676 1.0 0.8636 25.2377433777 16.780517441 0.570207242036 1430780367.03
0.184 0.939321456561 0.0851529139393 10.6444 1.0 0.8724 25.2377433777 16.780517441 0.580587598198 1430780367.7
0.192 0.943905141636 0.0874390917603 10.8932 1.0 0.884 25.2377433777 16.780517441 0.594404789702 1430780368.36
0.191 0.943499563634 0.0846178986419 11.0856 1.0 0.8924 25.2377433777 16.780517441 0.56563529939 1430780369.02
0.179 0.940781266731 0.0773697203383 10.9732 1.0 0.032 25.1188716888 16.7806046516 0.595114159438 1430780369.67
0.155 0.941879072414 0.0769919691574 11.1388 1.0 0.1768 25.1188716888 16.7806046516 0.609474320234 1430780370.32
0.166 0.944256180137 0.0787699398427 11.2704 1.0 0.2204 25.1188716888 16.7806046516 0.638857936099 1430780370.97
0.184 0.944957100644 0.0778520551062 11.1272 1.0 0.2684 25.1188716888 16.7806046516 0.631436602752 1430780371.63
0.166 0.945777372631 0.0760565228411 11.0884 1.0 0.3088 25.1188716888 16.7806046516 0.635824743552 1430780372.28
0.181 0.947998594124 0.0825549767549 11.1828 1.0 0.3408 25.1188716888 16.7806046516 0.611189358428 1430780372.94
0.162 0.946631961938 0.0878752882409 11.3096 1.0 0.3748 25.1188716888 16.7806046516 0.628393941077 1430780373.63
0.213 0.941788698122 0.0898949572153 11.0516 1.0 0.422 25.1188716888 16.7806046516 0.580541863717 1430780374.31
0.201 0.935403872859 0.0885391248215 10.87 1.0 0.4644 25.1188716888 16.7806046516 0.530224634409 1430780374.97
0.196 0.93410988519 0.0862596566417 10.7632 1.0 0.5096 25.1188716888 16.7806046516 0.538950654901 1430780375.67
0.185 0.936741592472 0.0887292072604 10.7656 1.0 0.542 25.1188716888 16.7806046516 0.522153379502 1430780376.33
0.203 0.939409140018 0.0988197484131 10.9236 1.0 0.568 25.1188716888 16.7806046516 0.569278417029 1430780377.01
0.205 0.936992033431 0.105107637264 10.9168 1.0 0.5972 25.1188716888 16.7806046516 0.552059858458 1430780377.67
0.196 0.931014954006 0.104142342074 10.8424 1.0 0.6268 25.1188716888 16.7806046516 0.561177792804 1430780378.34
0.189 0.927717897312 0.10371208418 10.6296 1.0 0.656 25.1188716888 16.7806046516 0.552002539333 1430780378.98
0.222 0.929609508781 0.112397782894 10.402 1.0 0.6852 25.1188716888 16.7806046516 0.569257745526 1430780379.65
0.219 0.928737760549 0.119577654899 10.3764 1.0 0.71 25.1188716888 16.7806046516 0.54398316414 1430780380.32
0.211 0.924575956284 0.120244066794 10.4312 1.0 0.7308 25.1188716888 16.7806046516 0.572864206383 1430780380.96
0.212 0.918934443142 0.11836083482 10.346 1.0 0.7528 25.1188716888 16.7806046516 0.565387499445 1430780381.56
0.253 0.916118809328 0.114127591276 10.4604 1.0 0.7684 25.1188716888 16.7806046516 0.540314311214 1430780382.19
0.23 0.917760009517 0.115866568994 10.4788 1.0 0.7868 25.1188716888 16.7806046516 0.529091173575 1430780382.83
0.244 0.92407584704 0.115439675476 10.2096 1.0 0.8136 25.1188716888 16.7806046516 0.514850981728 1430780383.55
0.24 0.928296943954 0.124637948621 10.1324 1.0 0.8316 25.1188716888 16.7806046516 0.52772125847 1430780384.19
0.234 0.925825202977 0.126514171957 9.8712 1.0 0.8512 25.1188716888 16.7806046516 0.56475578566 1430780384.89
0.248 0.919146634839 0.125836626802 9.4164 1.0 0.874 25.1188716888 16.7806046516 0.566355664381 1430780385.59
0.263 0.912533001424 0.124552280381 9.2748 1.0 0.8904 25.1188716888 16.7806046516 0.546541976227 1430780386.27
0.231 0.914028289099 0.124971513156 9.026 1.0 0.1072 25.5594358444 16.9552728191 0.54799316643 1430780386.92
0.242 0.913180304236 0.128992226529 8.8732 1.0 0.26 25.5594358444 16.9552728191 0.558045614438 1430780387.63
0.217 0.911349159242 0.127176352535 8.5816 1.0 0.3252 25.5594358444 16.9552728191 0.569388434208 1430780388.31
0.238 0.912828790178 0.124666881272 8.444 1.0 0.3764 25.5594358444 16.9552728191 0.574421444643 1430780388.93
0.22 0.916551997891 0.12618770101 8.4456 1.0 0.4148 25.5594358444 16.9552728191 0.627156610095 1430780389.59
0.211 0.915901125968 0.123736132442 8.5416 1.0 0.4496 25.5594358444 16.9552728191 0.601647898697 1430780390.26
0.207 0.91663204801 0.120425809477 8.4412 1.0 0.4892 25.5594358444 16.9552728191 0.581401917142 1430780390.93
0.226 0.918720601528 0.121834774119 8.502 1.0 0.5276 25.5594358444 16.9552728191 0.603297610997 1430780391.57
0.222 0.916488145599 0.119044460276 8.5496 1.0 0.564 25.5594358444 16.9552728191 0.594655192418 1430780392.21
0.221 0.915013435102 0.114491202485 8.59 1.0 0.596 25.5594358444 16.9552728191 0.556239215192 1430780392.84
0.238 0.915240022555 0.110882169381 8.382 1.0 0.6348 25.5594358444 16.9552728191 0.553059249822 1430780393.53
0.235 0.918767301003 0.11209244771 8.5324 1.0 0.6564 25.5594358444 16.9552728191 0.567781913593 1430780394.18
0.232 0.921386373914 0.109402123714 8.7144 1.0 0.676 25.5594358444 16.9552728191 0.59320556333 1430780394.87
0.241 0.922285975575 0.104050573467 8.8924 1.0 0.6984 25.5594358444 16.9552728191 0.573311060196 1430780395.56
0.224 0.926662031821 0.102262535122 9.0988 1.0 0.7192 25.5594358444 16.9552728191 0.583800059576 1430780396.2
0.234 0.929135533085 0.102957768183 9.0804 1.0 0.742 25.5594358444 16.9552728191 0.554027450206 1430780396.88
0.198 0.930641407255 0.103056757463 9.0068 1.0 0.77 25.5594358444 16.9552728191 0.564431083299 1430780397.55
0.195 0.929960215049 0.106265162333 9.0764 1.0 0.7884 25.5594358444 16.9552728191 0.587223156571 1430780398.23
0.189 0.930200257088 0.107828672717 9.0876 1.0 0.8128 25.5594358444 16.9552728191 0.607790066366 1430780398.93
0.211 0.929659011836 0.106241008807 9.0264 1.0 0.8428 25.5594358444 16.9552728191 0.586747779846 1430780399.6
0.216 0.928527208243 0.106162817185 8.974 1.0 0.8656 25.5594358444 16.9552728191 0.538885474569 1430780400.3
0.213 0.929074537745 0.107964255431 9.0524 1.0 0.8856 25.5594358444 16.9552728191 0.594265560811 1430780401.02
0.221 0.929631153049 0.116366999246 8.6948 1.0 0.1512 23.7797179222 15.792667342 0.582704571792 1430780401.71
0.205 0.924944672286 0.111843919551 8.582 1.0 0.2556 23.7797179222 15.792667342 0.56697825656 1430780402.39
0.248 0.923568123906 0.110627967438 8.6548 1.0 0.2916 23.7797179222 15.792667342 0.554260204797 1430780403.05
0.199 0.926149224642 0.113352661065 8.598 1.0 0.3352 23.7797179222 15.792667342 0.562008744455 1430780403.72
0.202 0.929150038884 0.119639557002 8.6448 1.0 0.3732 23.7797179222 15.792667342 0.593374444442 1430780404.44
0.199 0.928959334585 0.121677367562 8.758 1.0 0.4124 23.7797179222 15.792667342 0.581425809724 1430780405.09
0.205 0.923445511304 0.117768139566 8.7112 1.0 0.462 23.7797179222 15.792667342 0.568310013505 1430780405.73
0.219 0.920680965719 0.118388382786 8.7008 1.0 0.5008 23.7797179222 15.792667342 0.559016083452 1430780406.38
0.245 0.920794181051 0.120515230976 8.7204 1.0 0.5384 23.7797179222 15.792667342 0.521210226792 1430780407.04
0.217 0.921957519042 0.130741271226 8.7432 1.0 0.5764 23.7797179222 15.792667342 0.556911193649 1430780407.68
0.244 0.918934145716 0.129186546335 8.9288 1.0 0.604 23.7797179222 15.792667342 0.545254663058 1430780408.34
0.24 0.912836812424 0.122390346839 8.9552 1.0 0.6348 23.7797179222 15.792667342 0.528472459142 1430780409.04
0.248 0.913815325871 0.119936901856 8.8784 1.0 0.672 23.7797179222 15.792667342 0.531626030652 1430780409.7
0.201 0.918359933377 0.123385435724 8.9988 1.0 0.7 23.7797179222 15.792667342 0.553705493046 1430780410.33
0.197 0.919346929829 0.128032411078 8.7312 1.0 0.7408 23.7797179222 15.792667342 0.561916075975 1430780410.97
0.217 0.915619495153 0.126959558363 8.6228 1.0 0.7724 23.7797179222 15.792667342 0.558882404488 1430780411.64
0.231 0.911861111479 0.128711905391 8.5988 1.0 0.7996 23.7797179222 15.792667342 0.543932710837 1430780412.3
0.206 0.910543762393 0.127938444749 8.526 1.0 0.824 23.7797179222 15.792667342 0.51660495308 1430780413.02
0.214 0.910043775533 0.131980041061 8.3388 1.0 0.8528 23.7797179222 15.792667342 0.523347492976 1430780413.69
0.219 0.910804742118 0.138429430687 8.2088 1.0 0.876 23.7797179222 15.792667342 0.540670128511 1430780414.35
0.222 0.909327598551 0.133447935211 8.0844 1.0 0.896 23.7797179222 15.792667342 0.53569146518 1430780415.01
0.238 0.906976484277 0.128805692977 7.816 1.0 0.216 22.3898589611 14.8459071878 0.498633096177 1430780415.65
0.234 0.908648304076 0.122900369435 7.8696 1.0 0.292 22.3898589611 14.8459071878 0.511877931649 1430780416.29
0.236 0.913769589667 0.121013708244 7.8764 1.0 0.3464 22.3898589611 14.8459071878 0.531391648823 1430780416.93
0.235 0.917394392698 0.115644577381 7.9116 1.0 0.3976 22.3898589611 14.8459071878 0.519760214374 1430780417.58
0.264 0.918938942774 0.109467357986 7.9424 1.0 0.448 22.3898589611 14.8459071878 0.492760041105 1430780418.22
0.216 0.924746718416 0.108241460256 8.2444 1.0 0.4784 22.3898589611 14.8459071878 0.536494418944 1430780418.88
0.217 0.926327246396 0.101397230316 8.592 1.0 0.5048 22.3898589611 14.8459071878 0.541701903934 1430780419.53
0.208 0.927595430843 0.0985497317969 8.5816 1.0 0.5496 22.3898589611 14.8459071878 0.525226200194 1430780420.17
0.238 0.925838043926 0.0934949537756 8.5988 1.0 0.5852 22.3898589611 14.8459071878 0.519164959607 1430780420.83
0.207 0.930678530764 0.0935743035117 8.7264 1.0 0.6156 22.3898589611 14.8459071878 0.551310857478 1430780421.5
0.202 0.934555859621 0.0947951939325 8.6124 1.0 0.6552 22.3898589611 14.8459071878 0.535146357752 1430780422.16
0.203 0.935978995783 0.0991949890996 8.8652 1.0 0.6796 22.3898589611 14.8459071878 0.555706852843 1430780422.85
0.179 0.93538599596 0.0965542274565 8.9148 1.0 0.7108 22.3898589611 14.8459071878 0.567047722911 1430780423.54
0.198 0.932974345661 0.0916382518722 8.9956 1.0 0.7368 22.3898589611 14.8459071878 0.577704482656 1430780424.25
0.159 0.934747615181 0.100358285266 9.1404 1.0 0.7564 22.3898589611 14.8459071878 0.606178936607 1430780424.91
0.177 0.933758247568 0.110597551356 9.3332 1.0 0.7748 22.3898589611 14.8459071878 0.558346510288 1430780425.58
0.191 0.929412348042 0.11305765706 9.2768 1.0 0.8004 22.3898589611 14.8459071878 0.519024149064 1430780426.24
0.211 0.924201074621 0.111239831523 9.2444 1.0 0.8192 22.3898589611 14.8459071878 0.522822031715 1430780426.92
0.225 0.923958598929 0.10616780565 8.9852 1.0 0.8472 22.3898589611 14.8459071878 0.512133629814 1430780427.61
0.219 0.93036479333 0.111972770505 9.0024 1.0 0.8628 22.3898589611 14.8459071878 0.523159292842 1430780428.32
0.22 0.929620783977 0.108151577858 9.1188 1.0 0.876 22.3898589611 14.8459071878 0.542774336415 1430780428.99
0.213 0.929411281704 0.107415900253 8.9616 1.0 0.8932 22.3898589611 14.8459071878 0.55092967433 1430780429.68
0.228 0.92841474912 0.104719692328 8.96 1.0 0.1124 22.1949294806 14.8656315686 0.545010977003 1430780430.33
0.228 0.928763874103 0.107999692382 8.8888 1.0 0.246 22.1949294806 14.8656315686 0.545035619589 1430780431.04
0.218 0.92882250597 0.113591441273 8.84 1.0 0.3028 22.1949294806 14.8656315686 0.570415616006 1430780431.71
0.197 0.927119005021 0.114311751505 8.9764 1.0 0.3444 22.1949294806 14.8656315686 0.548961219257 1430780432.36
0.211 0.925576778731 0.109659691827 8.8636 1.0 0.3944 22.1949294806 14.8656315686 0.572967671946 1430780433.04
0.208 0.927667350142 0.110136308634 8.6004 1.0 0.4452 22.1949294806 14.8656315686 0.548146545881 1430780433.68
0.212 0.92780397464 0.108866428503 8.5396 1.0 0.4936 22.1949294806 14.8656315686 0.535242007313 1430780434.37
0.197 0.928016123127 0.111124841748 8.5984 1.0 0.53 22.1949294806 14.8656315686 0.613233309029 1430780435.05
0.197 0.925616809839 0.108677089741 8.6388 1.0 0.568 22.1949294806 14.8656315686 0.587713094611 1430780435.69
0.206 0.926483569028 0.108107889478 8.9052 1.0 0.5928 22.1949294806 14.8656315686 0.566979389602 1430780436.34
0.195 0.928657858847 0.108855145157 9.0688 1.0 0.6216 22.1949294806 14.8656315686 0.557366381022 1430780437.05
0.209 0.928448896817 0.110311223768 9.2328 1.0 0.6492 22.1949294806 14.8656315686 0.553704510225 1430780437.76
0.205 0.927692143611 0.111676845124 9.174 1.0 0.68 22.1949294806 14.8656315686 0.557341281292 1430780438.42
0.195 0.925913132694 0.104936982879 9.3992 1.0 0.7 22.1949294806 14.8656315686 0.596277924112 1430780439.05
0.2 0.927753798632 0.0979376047771 9.2844 1.0 0.732 22.1949294806 14.8656315686 0.587348875371 1430780439.72
0.215 0.931431647837 0.0961155271112 9.2512 1.0 0.7596 22.1949294806 14.8656315686 0.577420507916 1430780440.4
0.193 0.934594143328 0.0987106385899 9.124 1.0 0.7848 22.1949294806 14.8656315686 0.562080160479 1430780441.09
0.189 0.934998098114 0.0930058684861 8.9672 1.0 0.808 22.1949294806 14.8656315686 0.534912711332 1430780441.75
0.178 0.935588813886 0.0922826311904 8.7144 1.0 0.8408 22.1949294806 14.8656315686 0.586194316477 1430780442.44
0.197 0.935147670564 0.091007407287 8.7528 1.0 0.8616 22.1949294806 14.8656315686 0.571554861955 1430780443.13
0.198 0.933903977574 0.0911734959946 8.7368 1.0 0.884 22.1949294806 14.8656315686 0.583797843779 1430780443.8
0.175 0.934920164376 0.093164624137 8.9244 1.0 0.8992 22.1949294806 14.8656315686 0.565504346027 1430780444.45
0.187 0.935379048453 0.0999286822728 9.2324 1.0 0.17 22.0974647403 14.6985752524 0.60874484937 1430780445.11
0.2 0.932709268974 0.0997339307956 9.2356 1.0 0.2404 22.0974647403 14.6985752524 0.55244674635 1430780445.74
0.196 0.931195289597 0.101976225773 9.3252 1.0 0.2888 22.0974647403 14.6985752524 0.578610601944 1430780446.4
0.207 0.929233948192 0.0990117537887 9.1808 1.0 0.3464 22.0974647403 14.6985752524 0.536901493128 1430780447.04
0.215 0.930081257371 0.0970347320615 8.9448 1.0 0.4008 22.0974647403 14.6985752524 0.5355594253 1430780447.72
0.224 0.933052483061 0.104480722677 8.8192 1.0 0.4412 22.0974647403 14.6985752524 0.528561778601 1430780448.39
0.19 0.93470878436 0.108099944852 8.9716 1.0 0.4732 22.0974647403 14.6985752524 0.518842135298 1430780449.07
0.203 0.931711534909 0.105206405343 9.0768 1.0 0.5092 22.0974647403 14.6985752524 0.52837835394 1430780449.78
0.225 0.929740938357 0.104151564757 9.2504 1.0 0.536 22.0974647403 14.6985752524 0.520452069728 1430780450.43
0.205 0.930446292538 0.100703421552 9.2316 1.0 0.5716 22.0974647403 14.6985752524 0.550392572905 1430780451.08
0.23 0.931915782818 0.0939484234649 9.4392 1.0 0.5988 22.0974647403 14.6985752524 0.541041266395 1430780451.78
0.194 0.934274751733 0.0934164608131 9.5952 1.0 0.628 22.0974647403 14.6985752524 0.570970883006 1430780452.47
0.189 0.93617878506 0.0938077389198 9.4676 1.0 0.6656 22.0974647403 14.6985752524 0.56557547839 1430780453.14
0.177 0.935750674865 0.0925678586324 9.4864 1.0 0.6956 22.0974647403 14.6985752524 0.524770123731 1430780453.79
0.205 0.937748973624 0.0992095125418 9.3332 1.0 0.7316 22.0974647403 14.6985752524 0.568280063889 1430780454.44
0.204 0.935138582119 0.101960837727 9.1524 1.0 0.7628 22.0974647403 14.6985752524 0.552173316462 1430780455.11
0.227 0.929989038478 0.10017723672 9.2396 1.0 0.78 22.0974647403 14.6985752524 0.54509381279 1430780455.81
0.217 0.927585958406 0.0991834588169 9.1372 1.0 0.8036 22.0974647403 14.6985752524 0.538253689803 1430780456.46
0.239 0.929006885308 0.106316511085 9.31 1.0 0.8188 22.0974647403 14.6985752524 0.560732762824 1430780457.13
0.213 0.928271158213 0.110785458783 9.346 1.0 0.836 22.0974647403 14.6985752524 0.545780970209 1430780457.81
0.239 0.92466670707 0.113303179779 9.1704 1.0 0.8592 22.0974647403 14.6985752524 0.559771823981 1430780458.48
0.213 0.922614445835 0.118847771876 8.9984 1.0 0.8808 22.0974647403 14.6985752524 0.570494361465 1430780459.15
0.238 0.919745529501 0.123442191558 8.9476 1.0 0.8956 22.0974647403 14.6985752524 0.565763883447 1430780459.79
0.253 0.916542463807 0.130011628429 8.7188 1.0 0.2028 22.5487323701 15.0372996301 0.546430128599 1430780460.5
0.253 0.914079126219 0.129232089438 8.654 1.0 0.286 22.5487323701 15.0372996301 0.524605654222 1430780461.14
0.229 0.912073979589 0.125882800786 8.8156 1.0 0.328 22.5487323701 15.0372996301 0.548634001958 1430780461.82
0.227 0.914152918518 0.127325648933 8.7828 1.0 0.374 22.5487323701 15.0372996301 0.535988644788 1430780462.46
0.232 0.917525341343 0.122886036275 8.9228 1.0 0.4164 22.5487323701 15.0372996301 0.55359126487 1430780463.1
0.25 0.920500638914 0.121913096311 8.8036 1.0 0.462 22.5487323701 15.0372996301 0.530986205654 1430780463.82
0.247 0.920757062501 0.111651580484 8.578 1.0 0.5168 22.5487323701 15.0372996301 0.527313533193 1430780464.53
0.233 0.923437634535 0.107733683202 8.4672 1.0 0.5596 22.5487323701 15.0372996301 0.522755705644 1430780465.2
0.232 0.927959580637 0.108777879352 8.552 1.0 0.5936 22.5487323701 15.0372996301 0.512170866477 1430780465.89
0.238 0.930318610006 0.107792027242 8.3792 1.0 0.6392 22.5487323701 15.0372996301 0.525140716647 1430780466.59
0.229 0.926894962819 0.104764764886 8.3124 1.0 0.6744 22.5487323701 15.0372996301 0.554962928103 1430780467.26
0.239 0.924903038858 0.0996661407709 8.2472 1.0 0.708 22.5487323701 15.0372996301 0.525864046944 1430780467.97
0.207 0.929041103026 0.105224324293 8.2368 1.0 0.7372 22.5487323701 15.0372996301 0.536379455253 1430780468.63
0.187 0.929779458615 0.103119075149 8.4232 1.0 0.758 22.5487323701 15.0372996301 0.550029999147 1430780469.29
0.226 0.931136737885 0.0993115960559 8.3756 1.0 0.7876 22.5487323701 15.0372996301 0.541206354564 1430780469.96
0.205 0.93420516129 0.100352022139 8.4704 1.0 0.8096 22.5487323701 15.0372996301 0.536459798087 1430780470.61
0.215 0.932215004438 0.0917706500302 8.5172 1.0 0.8332 22.5487323701 15.0372996301 0.572234167463 1430780471.26
0.21 0.932463264099 0.0865463861658 8.5328 1.0 0.8544 22.5487323701 15.0372996301 0.590845607057 1430780471.93
0.198 0.937859198109 0.0896425094188 8.4984 1.0 0.874 22.5487323701 15.0372996301 0.556958036283 1430780472.61
0.192 0.941236351873 0.0887871313926 8.6256 1.0 0.8876 22.5487323701 15.0372996301 0.572399451945 1430780473.25
0.204 0.940189022392 0.0854938282335 8.74 1.0 0.0468 21.2743661851 14.3867148146 0.568264723981 1430780473.86
0.21 0.939486058325 0.0878579935772 8.8408 1.0 0.2136 21.2743661851 14.3867148146 0.515587079192 1430780474.52
0.203 0.939143006926 0.0895849802514 8.9308 1.0 0.2696 21.2743661851 14.3867148146 0.567998989419 1430780475.19
0.194 0.936743507084 0.0907416258691 9.0332 1.0 0.3196 21.2743661851 14.3867148146 0.562285445971 1430780475.86
0.23 0.934274340349 0.0872269983099 9.0268 1.0 0.3672 21.2743661851 14.3867148146 0.545456386929 1430780476.48
0.228 0.934880308602 0.0907421309735 9.0004 1.0 0.412 21.2743661851 14.3867148146 0.536339486283 1430780477.14
0.204 0.933742173161 0.0930567604934 9.0928 1.0 0.4512 21.2743661851 14.3867148146 0.554510202685 1430780477.8
0.218 0.934278735811 0.101624067316 9.1384 1.0 0.4908 21.2743661851 14.3867148146 0.562532005525 1430780478.48
0.223 0.930952312726 0.104481082761 9.0092 1.0 0.538 21.2743661851 14.3867148146 0.557399848802 1430780479.14
0.209 0.928822401866 0.106089384005 9.0844 1.0 0.5736 21.2743661851 14.3867148146 0.544187417974 1430780479.79
0.182 0.92926980205 0.108349071175 9.0988 1.0 0.608 21.2743661851 14.3867148146 0.582941937992 1430780480.47
0.207 0.928877077549 0.107210264331 9.0944 1.0 0.6432 21.2743661851 14.3867148146 0.541213867167 1430780481.13
0.218 0.927146065509 0.11024750612 9.1664 1.0 0.674 21.2743661851 14.3867148146 0.531165326915 1430780481.8
0.221 0.92654119759 0.115348406084 9.2264 1.0 0.704 21.2743661851 14.3867148146 0.550469396134 1430780482.46
0.22 0.925986474012 0.123640050769 9.0924 1.0 0.7332 21.2743661851 14.3867148146 0.54514781225 1430780483.12
0.233 0.923848859889 0.123817000512 9.2216 1.0 0.7528 21.2743661851 14.3867148146 0.537592279398 1430780483.83
0.213 0.920538806665 0.130780875598 9.256 1.0 0.7724 21.2743661851 14.3867148146 0.524802647413 1430780484.49
0.24 0.916677452297 0.122336960526 9.1108 1.0 0.7984 21.2743661851 14.3867148146 0.533631080382 1430780485.16
0.225 0.917622394256 0.116453959843 8.8288 1.0 0.8244 21.2743661851 14.3867148146 0.516293279353 1430780485.82
0.226 0.92194814173 0.114766980753 8.8372 1.0 0.8432 21.2743661851 14.3867148146 0.523910365031 1430780486.47
0.199 0.925339247879 0.111693829398 8.8652 1.0 0.856 21.2743661851 14.3867148146 0.507364779775 1430780487.16
0.202 0.928005573755 0.108469802251 8.8564 1.0 0.8704 21.2743661851 14.3867148146 0.533710036546 1430780487.86
0.193 0.927724766909 0.105027469056 8.9188 1.0 0.8844 21.2743661851 14.3867148146 0.582809115372 1430780488.53
0.194 0.927025057395 0.10334747474 8.9256 1.0 0.8972 21.2743661851 14.3867148146 0.588118596346 1430780489.18
0.182 0.929443046098 0.102950005377 8.778 1.0 0.1796 22.6371830925 15.0195528858 0.557697511926 1430780489.84
0.217 0.93112219627 0.103365493277 8.9644 1.0 0.2564 22.6371830925 15.0195528858 0.60472447463 1430780490.49
0.218 0.932937466415 0.103460537017 9.0756 1.0 0.3016 22.6371830925 15.0195528858 0.588773820628 1430780491.14
0.219 0.931897784751 0.106302641578 9.1644 1.0 0.3456 22.6371830925 15.0195528858 0.582985746048 1430780491.82
0.201 0.929496748203 0.102931921028 9.3312 1.0 0.3808 22.6371830925 15.0195528858 0.601459832452 1430780492.48
0.205 0.929938411049 0.107581181885 9.574 1.0 0.4124 22.6371830925 15.0195528858 0.558237180965 1430780493.14
0.206 0.927239446605 0.108675434092 9.6452 1.0 0.4464 22.6371830925 15.0195528858 0.561010198818 1430780493.79
0.202 0.924355000662 0.110493205793 9.7588 1.0 0.4816 22.6371830925 15.0195528858 0.513479606135 1430780494.46
0.204 0.921781683628 0.114586163679 9.6268 1.0 0.5284 22.6371830925 15.0195528858 0.526922400291 1430780495.11
0.23 0.920024423433 0.114141161552 9.7484 1.0 0.5604 22.6371830925 15.0195528858 0.529669586013 1430780495.76
0.256 0.920401967324 0.11431964739 9.6324 1.0 0.6 22.6371830925 15.0195528858 0.521139276012 1430780496.4
0.225 0.922537031713 0.117386525401 9.7904 1.0 0.6276 22.6371830925 15.0195528858 0.559331019942 1430780497.07
0.233 0.923923254838 0.117286953587 9.9044 1.0 0.6576 22.6371830925 15.0195528858 0.571396716591 1430780497.72
0.236 0.922263720867 0.118545988118 9.5708 1.0 0.7008 22.6371830925 15.0195528858 0.526561019936 1430780498.4
0.24 0.920153352817 0.121992503756 9.5748 1.0 0.7308 22.6371830925 15.0195528858 0.544068567566 1430780499.02
0.232 0.917823148767 0.120385479323 9.456 1.0 0.7644 22.6371830925 15.0195528858 0.516020103512 1430780499.65
0.235 0.917686636868 0.121790865919 9.1932 1.0 0.796 22.6371830925 15.0195528858 0.536598395671 1430780500.32
0.237 0.918520176835 0.124174321905 9.0628 1.0 0.8224 22.6371830925 15.0195528858 0.528264737242 1430780500.98
0.217 0.917038205927 0.12757105179 8.9216 1.0 0.85 22.6371830925 15.0195528858 0.548570482932 1430780501.66
0.221 0.915776676969 0.129219222907 8.7056 1.0 0.8728 22.6371830925 15.0195528858 0.543460845615 1430780502.31
0.263 0.914439958382 0.130703975627 8.6964 1.0 0.8896 22.6371830925 15.0195528858 0.554967842962 1430780502.99
0.202 0.91362094247 0.130188056541 8.3972 1.0 0.1324 21.8185915463 14.4917360243 0.515911959652 1430780503.64
0.216 0.910687356965 0.128767899106 8.4528 1.0 0.2728 21.8185915463 14.4917360243 0.552981645975 1430780504.28
0.242 0.911555265325 0.127684746196 8.5796 1.0 0.322 21.8185915463 14.4917360243 0.526639986036 1430780504.95
0.222 0.915406720753 0.126057165092 8.556 1.0 0.366 21.8185915463 14.4917360243 0.523975147622 1430780505.63
0.226 0.917052691678 0.118965344614 8.6996 1.0 0.4024 21.8185915463 14.4917360243 0.513742037244 1430780506.3
0.219 0.919012323554 0.110154917701 8.798 1.0 0.4428 21.8185915463 14.4917360243 0.543742977156 1430780506.91
0.202 0.925163199053 0.107399528643 8.7676 1.0 0.4824 21.8185915463 14.4917360243 0.527955275593 1430780507.59
0.226 0.930360330385 0.104149836153 8.8096 1.0 0.5196 21.8185915463 14.4917360243 0.5172298648 1430780508.25
0.206 0.931887098732 0.096130665149 8.8476 1.0 0.552 21.8185915463 14.4917360243 0.57086664341 1430780508.9
0.195 0.932277996136 0.0904333869787 8.8456 1.0 0.584 21.8185915463 14.4917360243 0.564044774225 1430780509.57
0.183 0.934350220082 0.081207652013 8.86 1.0 0.6152 21.8185915463 14.4917360243 0.561157614584 1430780510.24
0.215 0.938190642608 0.0772083422141 8.9784 1.0 0.642 21.8185915463 14.4917360243 0.573907803347 1430780510.91
0.188 0.942705697103 0.0737255340651 9.2152 1.0 0.6692 21.8185915463 14.4917360243 0.567283612367 1430780511.56
0.153 0.948053421756 0.0747789657113 9.4352 1.0 0.69 21.8185915463 14.4917360243 0.574542328491 1430780512.23
0.168 0.947773951099 0.0715555870781 9.5156 1.0 0.7168 21.8185915463 14.4917360243 0.569824628667 1430780512.92
0.179 0.948149081285 0.0742420116084 9.6104 1.0 0.7352 21.8185915463 14.4917360243 0.556880605959 1430780513.59
0.158 0.948497085012 0.0744901455839 9.5536 1.0 0.7644 21.8185915463 14.4917360243 0.562235151071 1430780514.26
0.182 0.946046807815 0.0718172526004 9.5348 1.0 0.7904 21.8185915463 14.4917360243 0.543411846829 1430780514.92
0.176 0.946684349696 0.0757104879345 9.7632 1.0 0.8072 21.8185915463 14.4917360243 0.558073000562 1430780515.57
0.17 0.946852653348 0.0809947351319 9.9988 1.0 0.8232 21.8185915463 14.4917360243 0.572079291964 1430780516.27
0.208 0.944958847094 0.0832491971318 10.218 1.0 0.84 21.8185915463 14.4917360243 0.598109490374 1430780516.91
0.159 0.944098258398 0.0854627921623 10.3848 1.0 0.8508 21.8185915463 14.4917360243 0.550174590035 1430780517.56
0.17 0.943113766942 0.0907970155854 10.5728 1.0 0.8644 21.8185915463 14.4917360243 0.540158280409 1430780518.2
0.167 0.941935976221 0.0922015060861 10.6824 1.0 0.8756 21.8185915463 14.4917360243 0.555267479026 1430780518.8
0.188 0.940189646698 0.0905514672132 10.562 1.0 0.8896 21.8185915463 14.4917360243 0.534039985057 1430780519.47
0.178 0.940789105695 0.0925161420007 10.5512 1.0 0.038 23.4092957731 15.5801414697 0.529648808731 1430780520.14
0.19 0.941399902434 0.0926531041444 10.6768 1.0 0.1956 23.4092957731 15.5801414697 0.586396191692 1430780520.83
0.206 0.941499707919 0.0966652566287 10.5176 1.0 0.2568 23.4092957731 15.5801414697 0.529804940852 1430780521.53
0.179 0.93901077402 0.104083293598 10.446 1.0 0.3064 23.4092957731 15.5801414697 0.552687733815 1430780522.25
0.182 0.935288958989 0.1048197888 10.526 1.0 0.3484 23.4092957731 15.5801414697 0.561857098771 1430780522.92
0.194 0.93093438856 0.107102326699 10.58 1.0 0.3864 23.4092957731 15.5801414697 0.557859393719 1430780523.59
0.214 0.927102526085 0.109742116138 10.276 1.0 0.438 23.4092957731 15.5801414697 0.502710921981 1430780524.32
0.225 0.924726137238 0.110745305595 10.2212 1.0 0.478 23.4092957731 15.5801414697 0.513862038438 1430780524.99
0.223 0.922924005313 0.111561710488 10.2028 1.0 0.5156 23.4092957731 15.5801414697 0.485633034561 1430780525.62
0.233 0.921140587066 0.113924725495 9.9624 1.0 0.558 23.4092957731 15.5801414697 0.512003835884 1430780526.28
0.224 0.922285353384 0.119112770759 10.0368 1.0 0.5868 23.4092957731 15.5801414697 0.507119715529 1430780526.94
0.222 0.919367067898 0.119309239799 9.8468 1.0 0.6244 23.4092957731 15.5801414697 0.496159693979 1430780527.6
0.229 0.917984255416 0.123614579089 9.762 1.0 0.6544 23.4092957731 15.5801414697 0.468448379916 1430780528.25
0.219 0.917161973036 0.125301069597 9.7928 1.0 0.678 23.4092957731 15.5801414697 0.468097295233 1430780528.93
0.224 0.915068631755 0.122581273835 9.842 1.0 0.7056 23.4092957731 15.5801414697 0.497007422251 1430780529.59
0.226 0.917479938834 0.119579556755 10.064 1.0 0.722 23.4092957731 15.5801414697 0.516259224048 1430780530.28
0.221 0.920372703041 0.115209453979 10.044 1.0 0.744 23.4092957731 15.5801414697 0.496429074997 1430780530.93
0.252 0.922867440713 0.110336409782 9.7528 1.0 0.7768 23.4092957731 15.5801414697 0.541961755472 1430780531.57
0.237 0.92434076395 0.107043374361 9.6588 1.0 0.8032 23.4092957731 15.5801414697 0.509969406964 1430780532.25
0.226 0.925651094974 0.100485663984 9.3456 1.0 0.8308 23.4092957731 15.5801414697 0.529467803244 1430780532.94
0.246 0.927533099632 0.101582315229 9.3144 1.0 0.8472 23.4092957731 15.5801414697 0.548474692655 1430780533.62
0.229 0.929093584122 0.101184776302 9.4188 1.0 0.8596 23.4092957731 15.5801414697 0.599798467984 1430780534.28
0.235 0.929978112426 0.0958458867658 9.18 1.0 0.8788 23.4092957731 15.5801414697 0.558851710306 1430780534.95
0.205 0.933298874017 0.0938615735173 9.1148 1.0 0.8928 23.4092957731 15.5801414697 0.57364594743 1430780535.62
0.204 0.936151857177 0.0905427465571 9.1432 1.0 0.0844 23.7046478866 15.8148967846 0.602197394481 1430780536.3
0.201 0.93828159107 0.0856096738008 9.0528 1.0 0.2208 23.7046478866 15.8148967846 0.592390154656 1430780536.97
0.207 0.940454583863 0.0860849036424 9.0708 1.0 0.2752 23.7046478866 15.8148967846 0.609823073034 1430780537.62
0.218 0.941790780735 0.0852889869057 9.0904 1.0 0.3236 23.7046478866 15.8148967846 0.586907044673 1430780538.29
0.194 0.940024359453 0.0816076079898 9.152 1.0 0.3664 23.7046478866 15.8148967846 0.611777542375 1430780538.94
0.195 0.940134646263 0.0801195397653 9.3828 1.0 0.3952 23.7046478866 15.8148967846 0.586115920027 1430780539.59
0.207 0.939875781261 0.0840478558742 9.5532 1.0 0.4304 23.7046478866 15.8148967846 0.59719632483 1430780540.25
0.21 0.939985948472 0.0857208722628 9.7816 1.0 0.4656 23.7046478866 15.8148967846 0.533934622595 1430780540.89
0.229 0.939781052315 0.0832330018181 9.8528 1.0 0.5036 23.7046478866 15.8148967846 0.545442133935 1430780541.55
0.21 0.941969932657 0.0864454529852 10.0092 1.0 0.5368 23.7046478866 15.8148967846 0.529168777247 1430780542.23
0.214 0.943239723349 0.086539760562 10.284 1.0 0.5588 23.7046478866 15.8148967846 0.532738144134 1430780542.87
0.191 0.942535406666 0.0865580257335 10.484 1.0 0.5848 23.7046478866 15.8148967846 0.553760853873 1430780543.53
0.179 0.942165450753 0.0876348940549 10.5464 1.0 0.6216 23.7046478866 15.8148967846 0.558773063857 1430780544.21
0.2 0.941571827311 0.089716819215 10.5196 1.0 0.6612 23.7046478866 15.8148967846 0.556476447142 1430780544.87
0.19 0.941091488994 0.0961181521931 10.4348 1.0 0.6944 23.7046478866 15.8148967846 0.524370679373 1430780545.53
0.211 0.938585532398 0.0985187838948 10.1988 1.0 0.728 23.7046478866 15.8148967846 0.507829555856 1430780546.19
0.187 0.936752173419 0.0997162965847 10.138 1.0 0.756 23.7046478866 15.8148967846 0.491098080082 1430780546.85
0.192 0.933815645023 0.0989667748818 10.2388 1.0 0.778 23.7046478866 15.8148967846 0.562167830213 1430780547.53
0.229 0.931142447565 0.0995989719223 10.192 1.0 0.8044 23.7046478866 15.8148967846 0.498729984771 1430780548.21
0.196 0.929491134545 0.102873167722 10.3084 1.0 0.8228 23.7046478866 15.8148967846 0.48646242359 1430780548.86
0.238 0.928873561698 0.111431227031 10.1724 1.0 0.8452 23.7046478866 15.8148967846 0.534253497047 1430780549.56
0.238 0.9246568868 0.115145545126 10.118 1.0 0.864 23.7046478866 15.8148967846 0.529775806665 1430780550.23
0.217 0.92077093794 0.1167024369 9.8588 1.0 0.8836 23.7046478866 15.8148967846 0.53367818481 1430780550.89
0.216 0.919867140706 0.126175077095 9.948 1.0 0.8944 23.7046478866 15.8148967846 0.511914205572 1430780551.52
0.22 0.915257446321 0.123226955957 9.982 1.0 0.1456 23.8523239433 15.7942869477 0.512731361086 1430780552.13
0.218 0.913742653781 0.118948063155 9.9 1.0 0.258 23.8523239433 15.7942869477 0.523656687706 1430780552.81
0.218 0.912693733882 0.105674117169 10.0264 1.0 0.3108 23.8523239433 15.7942869477 0.530409121921 1430780553.47
0.224 0.921500534084 0.106497408011 10.2584 1.0 0.3532 23.8523239433 15.7942869477 0.545950358227 1430780554.13
0.217 0.928384692434 0.107716504452 10.2908 1.0 0.3972 23.8523239433 15.7942869477 0.570855700867 1430780554.81
0.221 0.929426183521 0.100184416463 10.1292 1.0 0.4496 23.8523239433 15.7942869477 0.555395559958 1430780555.5
0.22 0.928028771657 0.0900690387429 10.162 1.0 0.4876 23.8523239433 15.7942869477 0.539881181292 1430780556.15
0.196 0.933955522016 0.0881975141558 10.1564 1.0 0.5252 23.8523239433 15.7942869477 0.572467030749 1430780556.83
0.188 0.940511229424 0.0897379106838 10.138 1.0 0.5604 23.8523239433 15.7942869477 0.605837534851 1430780557.5
0.183 0.941581643874 0.0927361837258 10.3784 1.0 0.5856 23.8523239433 15.7942869477 0.638123988767 1430780558.13
0.18 0.938938777454 0.0939365055868 10.4616 1.0 0.6132 23.8523239433 15.7942869477 0.620868386416 1430780558.75
0.209 0.935444046189 0.0927763551601 10.4336 1.0 0.6456 23.8523239433 15.7942869477 0.608348156294 1430780559.42
0.222 0.935662296116 0.0995352067789 10.48 1.0 0.676 23.8523239433 15.7942869477 0.611357105736 1430780560.09
0.186 0.935138225437 0.100303978779 10.2652 1.0 0.7104 23.8523239433 15.7942869477 0.592776077938 1430780560.81
0.191 0.934590250797 0.101373250187 10.2808 1.0 0.7332 23.8523239433 15.7942869477 0.63092944577 1430780561.49
0.191 0.934655447295 0.101126288306 10.2784 1.0 0.7604 23.8523239433 15.7942869477 0.577054591128 1430780562.13
0.213 0.93398527798 0.101405182834 10.3592 1.0 0.7828 23.8523239433 15.7942869477 0.608295513964 1430780562.8
