0.143 0.975300246949 0.21845449563 0.8904 0.1236 0.1236 0 0 0.869564311462 1430778051.65
0.289 0.901505538874 0.114969694848 1.4636 0.2824 0.2824 0 0 0.549789157876 1430778052.28
0.233 0.877197372768 0.0796009916107 2.0192 0.358 0.358 0 0 0.498489349291 1430778052.93
0.272 0.907593009312 0.096389187754 2.6668 0.396 0.396 0 0 0.568946717888 1430778053.63
0.207 0.936221841739 0.11073699491 3.3256 0.4228 0.4228 0 0 0.634502757252 1430778054.3
0.194 0.942170848014 0.103394898156 3.9076 0.456 0.456 0 0 0.633903194072 1430778054.96
0.184 0.937813840911 0.0853121383889 4.4056 0.4968 0.4968 0 0 0.590083871495 1430778055.61
0.208 0.939298042763 0.0752480172354 4.974 0.518 0.518 0 0 0.588825189614 1430778056.3
0.193 0.945512028944 0.0752710906154 5.5296 0.5376 0.5376 0 0 0.585629604282 1430778056.98
0.201 0.949777211835 0.0767830822014 6.152 0.5492 0.5492 0 0 0.626683452606 1430778057.64
0.189 0.949925805688 0.0789840158301 6.7304 0.5648 0.5648 0 0 0.651128120459 1430778058.31
0.203 0.944596643116 0.0787587157405 7.18 0.5868 0.5868 0 0 0.657350720731 1430778058.95
0.187 0.94314168793 0.0819559975744 7.606 0.6052 0.6052 0 0 0.629774440005 1430778059.61
0.175 0.942883647716 0.0917245943809 7.9748 0.6256 0.6256 0 0 0.645662179179 1430778060.31
0.184 0.938659081883 0.0980075293724 8.3216 0.6424 0.6424 0 0 0.632276599118 1430778060.99
0.217 0.930676361732 0.102569763967 8.544 0.6632 0.6632 0 0 0.623439801242 1430778061.65
0.227 0.924082818057 0.106069728461 8.8352 0.676 0.676 0 0 0.569696249264 1430778062.32
0.236 0.921156908204 0.109727612855 9.044 0.6912 0.6912 0 0 0.581353938002 1430778063.0
0.225 0.922558006093 0.118636925554 9.4124 0.7012 0.7012 0 0 0.551419496011 1430778063.67
0.216 0.920393374746 0.12060954744 9.4768 0.7208 0.7208 0 0 0.58359673985 1430778064.32
0.244 0.917958636461 0.119788894437 9.4748 0.7424 0.7424 0 0 0.563626533463 1430778064.98
0.247 0.918003703725 0.120138205574 9.6108 0.7608 0.7608 0 0 0.571254075434 1430778065.67
0.252 0.917905872413 0.125330437512 9.5792 0.778 0.778 0 0 0.542739137281 1430778066.36
0.274 0.916612711183 0.130527548069 9.6864 0.7908 0.7908 0 0 0.527831118941 1430778067.02
0.247 0.91466134908 0.123201263485 9.6516 0.8048 0.8048 0 0 0.498693068644 1430778067.67
0.23 0.915627717796 0.11809861775 9.5268 0.822 0.822 0 0 0.49997381717 1430778068.31
0.253 0.92265051962 0.123336833968 9.5292 0.836 0.836 0 0 0.527774287835 1430778068.98
0.227 0.92390618363 0.120545372831 9.5116 0.8532 0.8532 0 0 0.537870587052 1430778069.66
0.216 0.922261464604 0.109744347595 9.3592 0.8724 0.8724 0 0 0.505696975745 1430778070.29
0.217 0.923029726987 0.101353700848 9.198 0.8884 0.8884 0 0 0.517698477877 1430778070.9
0.219 0.928931557314 0.101423631711 8.9948 0.9032 0.0524 30 20.2248280048 0.540841271262 1430778071.59
0.218 0.934706874824 0.105589218598 9.064 0.9116 0.2172 30 20.2248280048 0.551135790583 1430778072.22
0.214 0.932448236834 0.106218869491 9.2056 0.9188 0.2768 30 20.2248280048 0.546406574701 1430778072.89
0.218 0.929376134333 0.106212785443 9.154 0.9272 0.3268 30 20.2248280048 0.544832995646 1430778073.56
0.208 0.927764242502 0.11237624399 9.2476 0.9328 0.3672 30 20.2248280048 0.578229950553 1430778074.25
0.239 0.923701382442 0.119130438016 9.2 0.9392 0.412 30 20.2248280048 0.565522163916 1430778074.9
0.232 0.920012381606 0.124842422397 9.1628 0.9424 0.4564 30 20.2248280048 0.544888146056 1430778075.61
0.204 0.9167081799 0.12907280779 8.8892 0.9548 0.5032 30 20.2248280048 0.55194482866 1430778076.29
0.224 0.913722269174 0.12887367238 8.8596 0.9632 0.5392 30 20.2248280048 0.577596137515 1430778076.94
0.218 0.913021023074 0.128517421295 8.888 0.9672 0.5732 30 20.2248280048 0.539488352436 1430778077.63
0.203 0.913162585681 0.131150625984 8.8788 0.974 0.606 30 20.2248280048 0.52683504004 1430778078.28
0.232 0.913951553782 0.135958388557 8.9444 0.9776 0.6384 30 20.2248280048 0.54061579862 1430778078.94
0.213 0.913951664811 0.135351218853 8.8784 0.9828 0.6728 30 20.2248280048 0.542583169896 1430778079.6
0.22 0.913624962757 0.135086693387 8.8588 0.9876 0.7012 30 20.2248280048 0.549819358874 1430778080.22
0.223 0.914674154875 0.136593469899 8.91 0.9908 0.7292 30 20.2248280048 0.574792867798 1430778080.87
0.235 0.912883934342 0.140461065621 8.9812 0.9912 0.756 30 20.2248280048 0.54127282876 1430778081.52
0.249 0.908292121002 0.137385923073 9.0264 0.9924 0.7832 30 20.2248280048 0.56001153948 1430778082.16
0.251 0.907653683377 0.136227329512 8.9048 0.9948 0.8116 30 20.2248280048 0.52115709023 1430778082.79
0.252 0.909602884846 0.137774532287 8.8696 0.9972 0.834 30 20.2248280048 0.531936478833 1430778083.48
0.266 0.912077155019 0.136180385214 8.8536 0.9972 0.8548 30 20.2248280048 0.563023699119 1430778084.14
0.231 0.910738515121 0.134839741403 8.5004 0.9984 0.882 30 20.2248280048 0.53867270541 1430778084.81
0.231 0.910068007354 0.130781352811 8.2792 0.9992 0.0676 25.5 17.0548740625 0.551524698669 1430778085.46
0.254 0.910391185148 0.123345142572 8.0236 1.0 0.2544 25.5 17.0548740625 0.529940677809 1430778086.13
0.237 0.916230230252 0.120584050666 7.918 1.0 0.3164 25.5 17.0548740625 0.523959228739 1430778086.78
0.239 0.921196087338 0.121034709745 8.0868 1.0 0.3508 25.5 17.0548740625 0.534181817909 1430778087.45
0.216 0.923482653077 0.121196943047 8.094 1.0 0.396 25.5 17.0548740625 0.527171468212 1430778088.12
0.251 0.923110468852 0.118260602071 8.3824 1.0 0.4264 25.5 17.0548740625 0.532094743861 1430778088.8
0.218 0.924740505475 0.112196753517 8.4764 1.0 0.474 25.5 17.0548740625 0.538431668311 1430778089.5
0.224 0.92611781775 0.10549963867 8.5028 1.0 0.5188 25.5 17.0548740625 0.533611265441 1430778090.21
0.222 0.929801544764 0.105644261783 8.5908 1.0 0.562 25.5 17.0548740625 0.527933512284 1430778090.85
0.206 0.932255428003 0.0996666438871 8.6904 1.0 0.596 25.5 17.0548740625 0.550834968895 1430778091.5
0.239 0.935108071681 0.0958164775967 8.6228 1.0 0.6376 25.5 17.0548740625 0.553200006987 1430778092.2
0.203 0.938347983077 0.0961990482816 8.5616 1.0 0.6752 25.5 17.0548740625 0.538424475669 1430778092.87
0.207 0.938483415364 0.0932347053717 8.6552 1.0 0.7004 25.5 17.0548740625 0.547834372018 1430778093.51
0.205 0.938779179522 0.091399845643 8.7096 1.0 0.7284 25.5 17.0548740625 0.522545433813 1430778094.18
0.22 0.938647016832 0.0883043543651 8.864 1.0 0.7528 25.5 17.0548740625 0.531472031686 1430778094.84
0.212 0.939992137366 0.088501392146 9.0304 1.0 0.7716 25.5 17.0548740625 0.563597042728 1430778095.53
0.204 0.939713908483 0.0964867373271 8.9584 1.0 0.7984 25.5 17.0548740625 0.508654059646 1430778096.21
0.237 0.93490609333 0.0970533647722 9.1552 1.0 0.8164 25.5 17.0548740625 0.530993856537 1430778096.83
0.19 0.931578779984 0.0998690884867 9.414 1.0 0.8268 25.5 17.0548740625 0.534364597686 1430778097.45
0.19 0.930456264897 0.106071801854 9.498 1.0 0.8432 25.5 17.0548740625 0.526983847901 1430778098.0
0.212 0.929789307805 0.108944350664 9.63 1.0 0.8596 25.5 17.0548740625 0.557653393438 1430778098.69
0.174 0.927784102758 0.1107405443 9.596 1.0 0.8792 25.5 17.0548740625 0.537092499482 1430778099.35
0.197 0.924773868813 0.110998609022 9.5888 1.0 0.8952 25.5 17.0548740625 0.544915941669 1430778099.98
0.193 0.926120233832 0.117403496833 9.3892 1.0 0.1748 24.25 15.9657124877 0.551540046227 1430778100.62
0.207 0.923642852316 0.118024152502 9.348 1.0 0.2476 24.25 15.9657124877 0.581754038654 1430778101.29
0.189 0.922304080777 0.114639309271 9.3008 1.0 0.3 24.25 15.9657124877 0.568783681023 1430778101.94
0.212 0.922308779733 0.112068650357 9.2316 1.0 0.3508 24.25 15.9657124877 0.576536524279 1430778102.62
0.234 0.921464140741 0.10655598458 9.2956 1.0 0.3908 24.25 15.9657124877 0.542074183673 1430778103.31
0.232 0.926959837457 0.107505201505 9.3036 1.0 0.4332 24.25 15.9657124877 0.566520793385 1430778103.97
0.204 0.929086285279 0.103806518001 9.3884 1.0 0.4732 24.25 15.9657124877 0.603765715452 1430778104.63
0.223 0.931710331429 0.0969413199026 9.4368 1.0 0.5088 24.25 15.9657124877 0.566755468327 1430778105.31
0.203 0.93508517253 0.0949042116122 9.458 1.0 0.5432 24.25 15.9657124877 0.596001942007 1430778105.94
0.203 0.937433196996 0.0933600731174 9.1708 1.0 0.5872 24.25 15.9657124877 0.618381294123 1430778106.6
0.236 0.937863048128 0.0906210095251 9.0916 1.0 0.6256 24.25 15.9657124877 0.611011491173 1430778107.25
0.209 0.937139205145 0.0891754730218 8.642 1.0 0.6728 24.25 15.9657124877 0.624643715871 1430778107.94
0.206 0.936433968201 0.0882632508204 8.6416 1.0 0.7036 24.25 15.9657124877 0.629467235036 1430778108.59
0.196 0.93685733663 0.0872000596721 8.6648 1.0 0.7316 24.25 15.9657124877 0.606286174284 1430778109.23
0.195 0.938294659145 0.0920146591856 8.6688 1.0 0.758 24.25 15.9657124877 0.629552805155 1430778109.85
0.215 0.937269074799 0.095773089065 8.6848 1.0 0.7864 24.25 15.9657124877 0.635038769719 1430778110.53
0.19 0.934976767298 0.0971034347505 8.7492 1.0 0.8104 24.25 15.9657124877 0.612161502249 1430778111.17
0.201 0.933359417432 0.0955231861415 8.6852 1.0 0.84 24.25 15.9657124877 0.588060016728 1430778111.84
0.211 0.93291408908 0.0986943638094 8.7868 1.0 0.8568 24.25 15.9657124877 0.601254226094 1430778112.5
0.189 0.930624651055 0.099530975777 8.8864 1.0 0.8736 24.25 15.9657124877 0.577530734345 1430778113.14
0.21 0.928847072533 0.0986780939313 8.894 1.0 0.8916 24.25 15.9657124877 0.550467812911 1430778113.79
0.214 0.929567238328 0.104977162553 8.7724 1.0 0.0616 22.625 15.0368957222 0.561071878473 1430778114.47
0.209 0.925387344627 0.108005255172 8.9036 1.0 0.2236 22.625 15.0368957222 0.568609538719 1430778115.14
0.214 0.922500722302 0.110779934047 8.8764 1.0 0.2916 22.625 15.0368957222 0.545007969621 1430778115.83
0.238 0.923013201195 0.113898608338 8.928 1.0 0.3408 22.625 15.0368957222 0.541623656418 1430778116.49
0.224 0.922671781223 0.118881139075 8.8676 1.0 0.3948 22.625 15.0368957222 0.523234098792 1430778117.13
0.2 0.922417090985 0.121767905006 8.7424 1.0 0.4448 22.625 15.0368957222 0.53349428464 1430778117.8
0.197 0.920025805865 0.124168642246 8.564 1.0 0.4936 22.625 15.0368957222 0.539263265871 1430778118.44
0.21 0.918265795526 0.125249416815 8.3832 1.0 0.5384 22.625 15.0368957222 0.567107407669 1430778119.11
0.197 0.918513010239 0.12689845048 8.3132 1.0 0.5804 22.625 15.0368957222 0.561894178897 1430778119.8
0.199 0.91859713467 0.128219897271 8.114 1.0 0.6224 22.625 15.0368957222 0.548180624816 1430778120.48
0.226 0.917891557865 0.12946515387 8.1276 1.0 0.6536 22.625 15.0368957222 0.516368419152 1430778121.18
0.232 0.916294381954 0.127178485748 8.36 1.0 0.6756 22.625 15.0368957222 0.522511899069 1430778121.85
0.234 0.913855498357 0.126442657947 8.3984 1.0 0.6996 22.625 15.0368957222 0.513450212699 1430778122.53
0.234 0.911492973493 0.128316893907 8.42 1.0 0.7208 22.625 15.0368957222 0.508448178604 1430778123.26
0.221 0.910079497944 0.12803902124 8.494 1.0 0.7428 22.625 15.0368957222 0.487262227092 1430778123.94
0.242 0.910724419609 0.126690280965 8.384 1.0 0.7708 22.625 15.0368957222 0.502680926074 1430778124.63
0.235 0.914231676455 0.123867963651 8.382 1.0 0.7916 22.625 15.0368957222 0.540550724107 1430778125.29
0.239 0.917907956121 0.120212618984 8.398 1.0 0.812 22.625 15.0368957222 0.544160838874 1430778125.96
0.252 0.920626462933 0.114375553398 8.2708 1.0 0.8316 22.625 15.0368957222 0.546219386781 1430778126.64
0.223 0.92313587903 0.108438822985 8.2072 1.0 0.8512 22.625 15.0368957222 0.544615040639 1430778127.31
0.227 0.925049133301 0.106441452513 8.0628 1.0 0.8776 22.625 15.0368957222 0.567220107863 1430778128.0
0.249 0.927008453524 0.10850381856 8.1168 1.0 0.8952 22.625 15.0368957222 0.561038788926 1430778128.64
0.221 0.926671051497 0.111578324041 8.0328 1.0 0.1832 22.3125 14.7973499149 0.546652860696 1430778129.3
0.224 0.922727165956 0.102110812335 8.1064 1.0 0.2672 22.3125 14.7973499149 0.557536327419 1430778129.95
0.213 0.919279828829 0.0979424358559 8.0696 1.0 0.3256 22.3125 14.7973499149 0.554809947276 1430778130.57
0.215 0.924915319106 0.104044430393 8.1644 1.0 0.3716 22.3125 14.7973499149 0.578707639901 1430778131.22
0.216 0.929899884621 0.106811744047 8.1992 1.0 0.418 22.3125 14.7973499149 0.615027243849 1430778131.86
0.188 0.929076679651 0.10412712069 8.186 1.0 0.4644 22.3125 14.7973499149 0.59928793672 1430778132.51
0.198 0.926842769281 0.101792688261 8.328 1.0 0.498 22.3125 14.7973499149 0.633098614225 1430778133.19
0.202 0.924750794996 0.0999639011327 8.35 1.0 0.5384 22.3125 14.7973499149 0.623095911311 1430778133.87
0.191 0.927163810885 0.105430396983 8.4172 1.0 0.5712 22.3125 14.7973499149 0.588936864802 1430778134.53
0.207 0.929821866295 0.10457145396 8.478 1.0 0.6056 22.3125 14.7973499149 0.585904288919 1430778135.16
0.188 0.93106869696 0.101202000756 8.6736 1.0 0.6344 22.3125 14.7973499149 0.599574459103 1430778135.82
0.218 0.929729633057 0.0969911489993 8.6208 1.0 0.6704 22.3125 14.7973499149 0.579069817521 1430778136.5
0.209 0.930365893162 0.0961328207752 8.7652 1.0 0.6968 22.3125 14.7973499149 0.573678265239 1430778137.17
0.197 0.931575612879 0.0985527783919 8.856 1.0 0.7228 22.3125 14.7973499149 0.559870297058 1430778137.83
0.201 0.932811049398 0.102713633033 9.0036 1.0 0.7472 22.3125 14.7973499149 0.552631677023 1430778138.51
0.181 0.932176556833 0.107421068853 8.9604 1.0 0.7756 22.3125 14.7973499149 0.522193978916 1430778139.18
0.226 0.930386893194 0.105678254755 9.0028 1.0 0.7996 22.3125 14.7973499149 0.546740683412 1430778139.81
0.204 0.92795856143 0.102645779285 8.96 1.0 0.8252 22.3125 14.7973499149 0.544153126617 1430778140.45
0.205 0.928906550958 0.108836883648 8.832 1.0 0.8484 22.3125 14.7973499149 0.5344734988 1430778141.11
0.214 0.930037918425 0.110617585723 8.9032 1.0 0.8632 22.3125 14.7973499149 0.512446949375 1430778141.8
0.217 0.92762917769 0.109740508678 9.0252 1.0 0.8768 22.3125 14.7973499149 0.538734885107 1430778142.45
0.195 0.92393798836 0.109243473067 9.1388 1.0 0.8908 22.3125 14.7973499149 0.545546930574 1430778143.12
0.183 0.924463906906 0.112860823339 9.0928 1.0 0.1172 22.15625 14.7076029703 0.51831992839 1430778143.8
0.21 0.923926100251 0.11757692866 9.0012 1.0 0.2356 22.15625 14.7076029703 0.521234383297 1430778144.49
0.194 0.922279359901 0.129376318212 8.7548 1.0 0.292 22.15625 14.7076029703 0.51252548485 1430778145.12
0.194 0.917759359132 0.135166489996 8.5284 1.0 0.3464 22.15625 14.7076029703 0.508538134474 1430778145.77
0.241 0.911118748349 0.127039489952 8.3876 1.0 0.3912 22.15625 14.7076029703 0.500964678748 1430778146.45
0.221 0.91143792054 0.129078239722 8.08 1.0 0.4416 22.15625 14.7076029703 0.506283126879 1430778147.07
0.216 0.91398497536 0.130320718902 8.1236 1.0 0.4784 22.15625 14.7076029703 0.509760854965 1430778147.66
0.219 0.919248947713 0.139834897632 8.31 1.0 0.51 22.15625 14.7076029703 0.476920145592 1430778148.26
0.24 0.918918642577 0.135901231344 8.3872 1.0 0.5444 22.15625 14.7076029703 0.496253034482 1430778148.87
0.25 0.910994221392 0.120184097398 8.456 1.0 0.5824 22.15625 14.7076029703 0.462934970109 1430778149.51
0.228 0.912337310765 0.114417709103 8.4976 1.0 0.6204 22.15625 14.7076029703 0.482802487574 1430778150.17
0.222 0.916310310685 0.111870621754 8.7336 1.0 0.6472 22.15625 14.7076029703 0.510200977105 1430778150.84
0.196 0.925026223143 0.114678333161 8.9264 1.0 0.674 22.15625 14.7076029703 0.514475038748 1430778151.52
0.216 0.928302208612 0.111911306896 8.9232 1.0 0.7052 22.15625 14.7076029703 0.571323331166 1430778152.23
0.218 0.928681709531 0.108166265173 8.954 1.0 0.7328 22.15625 14.7076029703 0.573727338908 1430778152.9
0.227 0.92792916644 0.104452267185 8.944 1.0 0.7608 22.15625 14.7076029703 0.553782735722 1430778153.58
0.207 0.927323465468 0.0990684045283 9.246 1.0 0.7728 22.15625 14.7076029703 0.572694721599 1430778154.24
0.218 0.928170724833 0.0953401647407 9.372 1.0 0.792 22.15625 14.7076029703 0.590097645589 1430778154.88
0.229 0.929893749901 0.0933521686954 9.4436 1.0 0.8112 22.15625 14.7076029703 0.581281350361 1430778155.55
0.177 0.934237076038 0.0935417040279 9.7084 1.0 0.8228 22.15625 14.7076029703 0.55711253392 1430778156.23
0.186 0.935267115057 0.0914537096802 10.108 1.0 0.8292 22.15625 14.7076029703 0.578810777471 1430778156.91
0.182 0.937481598702 0.09318774254 10.4552 1.0 0.8364 22.15625 14.7076029703 0.585738089346 1430778157.57
0.205 0.936256159972 0.0920324225243 10.552 1.0 0.8428 22.15625 14.7076029703 0.54126437608 1430778158.26
0.233 0.93288588653 0.0906018924155 10.7076 1.0 0.8476 22.15625 14.7076029703 0.539069583331 1430778158.92
0.227 0.934906677358 0.096198570208 10.8116 1.0 0.8544 22.15625 14.7076029703 0.546805942584 1430778159.59
0.205 0.934929740791 0.100309948733 10.9396 1.0 0.8612 22.15625 14.7076029703 0.526245798602 1430778160.23
0.205 0.934257627206 0.0998429550634 10.9736 1.0 0.8692 22.15625 14.7076029703 0.533086622348 1430778160.88
0.238 0.932714337335 0.0962554494207 11.2484 1.0 0.8732 22.15625 14.7076029703 0.55887849206 1430778161.5
0.2 0.932938008175 0.0931930379031 11.5452 1.0 0.8768 22.15625 14.7076029703 0.546857463184 1430778162.12
0.204 0.935511753937 0.0920337177646 11.7516 1.0 0.8856 22.15625 14.7076029703 0.567184294129 1430778162.82
0.208 0.937065822042 0.0939649992772 11.666 1.0 0.8932 22.15625 14.7076029703 0.51257131143 1430778163.44
0.227 0.939177762528 0.0926379111055 11.738 1.0 0.8996 22.15625 14.7076029703 0.5402737721 1430778164.05
0.209 0.938722621719 0.0876214326816 11.7504 1.0 0.1924 27.078125 17.7593635283 0.555677866044 1430778164.68
0.198 0.940756612115 0.0884714793905 11.7356 1.0 0.2636 27.078125 17.7593635283 0.554969362266 1430778165.31
0.183 0.939936074683 0.085958308858 11.7288 1.0 0.312 27.078125 17.7593635283 0.547896503293 1430778165.98
0.22 0.93684155178 0.0838121894085 11.5652 1.0 0.3564 27.078125 17.7593635283 0.539970404164 1430778166.65
0.236 0.93922784951 0.086833534651 11.5252 1.0 0.3992 27.078125 17.7593635283 0.594530245397 1430778167.3
0.184 0.940501372509 0.0947482340308 11.4148 1.0 0.4416 27.078125 17.7593635283 0.583809064285 1430778167.95
0.205 0.937757829993 0.103617562273 11.4808 1.0 0.474 27.078125 17.7593635283 0.578393636257 1430778168.61
0.218 0.931149258657 0.106999709576 11.376 1.0 0.5092 27.078125 17.7593635283 0.571862486504 1430778169.26
0.223 0.927419103672 0.11467380984 11.4616 1.0 0.54 27.078125 17.7593635283 0.586338822214 1430778169.9
0.221 0.923180282051 0.115631399126 11.1564 1.0 0.5848 27.078125 17.7593635283 0.585145543965 1430778170.59
0.229 0.918038826125 0.112224557605 10.7848 1.0 0.6276 27.078125 17.7593635283 0.567056860084 1430778171.22
0.259 0.917776464545 0.119118408175 10.7692 1.0 0.658 27.078125 17.7593635283 0.569602144833 1430778171.86
0.217 0.916906129343 0.125201217233 10.534 1.0 0.6872 27.078125 17.7593635283 0.599833000486 1430778172.53
0.214 0.915793664398 0.126791320055 10.646 1.0 0.7088 27.078125 17.7593635283 0.60389722896 1430778173.2
0.217 0.916000663735 0.121435754104 10.3924 1.0 0.7376 27.078125 17.7593635283 0.572788201898 1430778173.86
0.222 0.914530323534 0.112159658533 10.39 1.0 0.758 27.078125 17.7593635283 0.564891446538 1430778174.48
0.23 0.918887364526 0.105971701513 10.09 1.0 0.7856 27.078125 17.7593635283 0.537715206419 1430778175.09
0.214 0.927377829687 0.105941112518 10.0184 1.0 0.804 27.078125 17.7593635283 0.565656485485 1430778175.71
0.228 0.931222440762 0.102305501511 9.9532 1.0 0.8244 27.078125 17.7593635283 0.559234571848 1430778176.4
0.217 0.932519893321 0.0986679170502 9.712 1.0 0.8472 27.078125 17.7593635283 0.569649450552 1430778177.04
0.219 0.933280245313 0.0927863706176 9.774 1.0 0.8644 27.078125 17.7593635283 0.586916737238 1430778177.71
0.205 0.933082803175 0.0912758746585 9.6656 1.0 0.8808 27.078125 17.7593635283 0.599427157083 1430778178.4
0.19 0.934788972014 0.0964127454988 9.5464 1.0 0.898 27.078125 17.7593635283 0.547629861529 1430778179.06
0.192 0.936236255607 0.101591531012 9.4348 1.0 0.1668 25.0390625 16.3958093505 0.599093473142 1430778179.72
0.229 0.934279454384 0.0966797717124 9.4084 1.0 0.2548 25.0390625 16.3958093505 0.606842457975 1430778180.34
0.208 0.934589212866 0.0923651971151 9.3872 1.0 0.3068 25.0390625 16.3958093505 0.589762363252 1430778181.04
0.204 0.938598094621 0.0925856114345 9.5932 1.0 0.344 25.0390625 16.3958093505 0.622182081995 1430778181.68
0.178 0.939498542193 0.0909660472157 9.5052 1.0 0.3956 25.0390625 16.3958093505 0.607224897146 1430778182.32
0.188 0.940126324561 0.0880253195982 9.662 1.0 0.4312 25.0390625 16.3958093505 0.62329764687 1430778183.01
0.176 0.940600854788 0.0883773185857 9.788 1.0 0.4712 25.0390625 16.3958093505 0.641209060072 1430778183.66
0.175 0.940864346761 0.0867827982452 9.9152 1.0 0.508 25.0390625 16.3958093505 0.651551789895 1430778184.35
0.186 0.940413852301 0.0908943420856 10.0448 1.0 0.5432 25.0390625 16.3958093505 0.627794030323 1430778185.03
0.181 0.938017319172 0.0946469831413 9.9332 1.0 0.5892 25.0390625 16.3958093505 0.585193514235 1430778185.67
0.22 0.934300738799 0.0941614422564 9.8852 1.0 0.6256 25.0390625 16.3958093505 0.578836286512 1430778186.35
0.234 0.930479847024 0.0963138949655 9.9428 1.0 0.6568 25.0390625 16.3958093505 0.576762156173 1430778186.98
0.214 0.927030483854 0.0925501544553 9.9604 1.0 0.688 25.0390625 16.3958093505 0.611713976623 1430778187.62
0.214 0.930764243105 0.101885123963 10.0124 1.0 0.7176 25.0390625 16.3958093505 0.624707097795 1430778188.28
0.197 0.931565049171 0.107980371262 10.104 1.0 0.742 25.0390625 16.3958093505 0.587893758225 1430778188.92
0.196 0.926506403186 0.107037359854 9.9508 1.0 0.7712 25.0390625 16.3958093505 0.588580683427 1430778189.58
0.239 0.923596704319 0.112045403307 9.876 1.0 0.7964 25.0390625 16.3958093505 0.571292522043 1430778190.22
0.22 0.921135169752 0.113569148286 9.6552 1.0 0.8244 25.0390625 16.3958093505 0.576456389919 1430778190.89
0.229 0.920871913421 0.114575412333 9.3316 1.0 0.8536 25.0390625 16.3958093505 0.570374404052 1430778191.56
0.218 0.920630250402 0.120290972263 8.8664 1.0 0.886 25.0390625 16.3958093505 0.576068133181 1430778192.25
0.235 0.918524040633 0.124900854949 8.544 1.0 0.0512 22.51953125 14.9091397217 0.577447715826 1430778192.9
0.234 0.915944068964 0.124563266657 8.636 1.0 0.2316 22.51953125 14.9091397217 0.585590287153 1430778193.59
0.22 0.914508504386 0.122007196193 8.7488 1.0 0.2868 22.51953125 14.9091397217 0.576796159429 1430778194.26
0.21 0.913506750286 0.121849348344 8.934 1.0 0.3216 22.51953125 14.9091397217 0.583282929174 1430778194.95
0.211 0.916458964142 0.125345979965 8.9916 1.0 0.366 22.51953125 14.9091397217 0.602906934586 1430778195.6
0.21 0.918980619969 0.119967046708 9.1768 1.0 0.402 22.51953125 14.9091397217 0.591605474643 1430778196.28
0.208 0.921969857979 0.112712567444 9.364 1.0 0.4396 22.51953125 14.9091397217 0.587492790743 1430778196.98
0.2 0.925033212945 0.106964917078 9.3916 1.0 0.478 22.51953125 14.9091397217 0.596272202934 1430778197.65
0.192 0.929624963735 0.104790819102 9.4468 1.0 0.5184 22.51953125 14.9091397217 0.596648061266 1430778198.3
0.186 0.93302327188 0.10577683857 9.71 1.0 0.546 22.51953125 14.9091397217 0.576366029673 1430778198.96
0.21 0.932782988501 0.0998435778216 9.8192 1.0 0.5844 22.51953125 14.9091397217 0.585014740003 1430778199.61
0.206 0.931796844343 0.0993230858145 9.8592 1.0 0.6172 22.51953125 14.9091397217 0.605080994468 1430778200.25
0.218 0.931450313277 0.097362716957 9.8524 1.0 0.6472 22.51953125 14.9091397217 0.60727115011 1430778200.88
0.21 0.931390189587 0.0990040353889 9.6956 1.0 0.6848 22.51953125 14.9091397217 0.574135002615 1430778201.5
0.214 0.932172449424 0.102690047535 9.6464 1.0 0.7136 22.51953125 14.9091397217 0.53635520806 1430778202.17
0.239 0.932249302096 0.10603243149 9.4736 1.0 0.7448 22.51953125 14.9091397217 0.544490518151 1430778202.84
0.228 0.930208046719 0.103573924174 9.4264 1.0 0.77 22.51953125 14.9091397217 0.577710157653 1430778203.49
0.212 0.93020211949 0.103605020973 9.216 1.0 0.7984 22.51953125 14.9091397217 0.569774911216 1430778204.16
0.192 0.929721836824 0.0995554588571 9.1332 1.0 0.8224 22.51953125 14.9091397217 0.554369216277 1430778204.84
0.209 0.930843511013 0.10122418207 9.2076 1.0 0.8404 22.51953125 14.9091397217 0.583067618915 1430778205.48
0.225 0.931149467722 0.104188110706 9.2336 1.0 0.8624 22.51953125 14.9091397217 0.590849519907 1430778206.13
0.223 0.929785017059 0.107451358139 9.246 1.0 0.8808 22.51953125 14.9091397217 0.582286526673 1430778206.78
0.227 0.925652712102 0.102994732612 9.2432 1.0 0.8936 22.51953125 14.9091397217 0.576621639299 1430778207.42
0.2 0.926829977202 0.105419638321 9.2436 1.0 0.1116 22.759765625 14.9915028061 0.566977168406 1430778208.14
0.233 0.9294100417 0.114324661702 9.1496 1.0 0.2384 22.759765625 14.9915028061 0.59906807409 1430778208.82
0.195 0.925315815103 0.123404739835 9.064 1.0 0.294 22.759765625 14.9915028061 0.605526227741 1430778209.5
0.196 0.917874571334 0.127417111328 9.1712 1.0 0.3372 22.759765625 14.9915028061 0.574177900565 1430778210.13
0.215 0.91032283636 0.130006983024 9.0676 1.0 0.3872 22.759765625 14.9915028061 0.567255009975 1430778210.78
0.234 0.906645402305 0.133911717936 8.8144 1.0 0.4468 22.759765625 14.9915028061 0.577299305837 1430778211.46
0.244 0.906852900026 0.134291199728 8.7484 1.0 0.4908 22.759765625 14.9915028061 0.565717830329 1430778212.12
0.253 0.909243479245 0.134031433462 8.6024 1.0 0.5388 22.759765625 14.9915028061 0.582233337463 1430778212.79
0.226 0.91066369432 0.135068407384 8.5336 1.0 0.578 22.759765625 14.9915028061 0.617904499998 1430778213.49
0.259 0.912395814608 0.136541778828 8.6436 1.0 0.6064 22.759765625 14.9915028061 0.579836496182 1430778214.14
0.273 0.90865253607 0.129027162906 8.3712 1.0 0.656 22.759765625 14.9915028061 0.577681328556 1430778214.83
0.229 0.909231454256 0.126750904143 8.1488 1.0 0.6976 22.759765625 14.9915028061 0.585161390146 1430778215.53
0.223 0.912557241647 0.121328702422 8.274 1.0 0.724 22.759765625 14.9915028061 0.607121283483 1430778216.17
0.222 0.919341689134 0.125397623176 8.2076 1.0 0.7536 22.759765625 14.9915028061 0.61777745618 1430778216.82
0.222 0.919902731156 0.123839318057 8.4112 1.0 0.7724 22.759765625 14.9915028061 0.587944308844 1430778217.45
0.22 0.918428829831 0.117331940419 8.4312 1.0 0.7988 22.759765625 14.9915028061 0.58732314354 1430778218.07
0.245 0.918770414132 0.118096882474 8.4716 1.0 0.8212 22.759765625 14.9915028061 0.568906801888 1430778218.75
0.205 0.920356698714 0.121225435266 8.5792 1.0 0.842 22.759765625 14.9915028061 0.603480007726 1430778219.43
0.214 0.920682879163 0.12045207164 8.5332 1.0 0.8676 22.759765625 14.9915028061 0.580263075538 1430778220.13
0.211 0.922257847985 0.12924509329 8.7964 1.0 0.8824 22.759765625 14.9915028061 0.642661053527 1430778220.82
0.201 0.91954639801 0.128740566363 8.8724 1.0 0.8964 22.759765625 14.9915028061 0.613376963616 1430778221.45
0.213 0.918090732924 0.128578942728 8.8248 1.0 0.1476 21.8798828125 14.4612329227 0.586961023339 1430778222.12
0.212 0.916953552761 0.124186841518 8.8684 1.0 0.246 21.8798828125 14.4612329227 0.591878428595 1430778222.77
0.208 0.917625190402 0.125591814828 8.598 1.0 0.3036 21.8798828125 14.4612329227 0.622765430354 1430778223.42
0.223 0.918180519031 0.121211889556 8.4656 1.0 0.3496 21.8798828125 14.4612329227 0.627501269851 1430778224.11
0.232 0.919620733184 0.119843498283 8.5844 1.0 0.3856 21.8798828125 14.4612329227 0.615295536644 1430778224.73
0.223 0.921492611599 0.113192794459 8.688 1.0 0.4208 21.8798828125 14.4612329227 0.607789103796 1430778225.38
0.192 0.921914412012 0.105572672692 8.724 1.0 0.4616 21.8798828125 14.4612329227 0.597103395052 1430778226.02
0.205 0.92679822315 0.102834505052 8.638 1.0 0.508 21.8798828125 14.4612329227 0.584880151091 1430778226.71
0.2 0.929893737668 0.0962093695845 8.7236 1.0 0.54 21.8798828125 14.4612329227 0.614251461136 1430778227.32
0.216 0.933691231907 0.0946835866656 8.7956 1.0 0.5744 21.8798828125 14.4612329227 0.598144210707 1430778227.97
0.199 0.935380579994 0.0943603015497 8.86 1.0 0.606 21.8798828125 14.4612329227 0.575107780632 1430778228.63
0.216 0.933777887227 0.0924242054903 8.9524 1.0 0.6348 21.8798828125 14.4612329227 0.611406296545 1430778229.28
0.178 0.934364780858 0.0911948755279 9.082 1.0 0.6632 21.8798828125 14.4612329227 0.598922373384 1430778229.92
0.21 0.934441856532 0.088008508971 9.0608 1.0 0.698 21.8798828125 14.4612329227 0.572025336186 1430778230.58
0.233 0.93752954237 0.092196468919 9.0552 1.0 0.7296 21.8798828125 14.4612329227 0.594865995239 1430778231.24
0.2 0.939743964229 0.094430636372 8.872 1.0 0.7656 21.8798828125 14.4612329227 0.58067527665 1430778231.9
0.191 0.938446338178 0.0932379676422 8.7968 1.0 0.7948 21.8798828125 14.4612329227 0.583880948138 1430778232.56
0.187 0.935734525105 0.0938333876082 8.67 1.0 0.8292 21.8798828125 14.4612329227 0.556833260956 1430778233.24
0.211 0.935381294322 0.0980814300586 8.7044 1.0 0.856 21.8798828125 14.4612329227 0.595822050598 1430778233.91
0.196 0.932421211391 0.100567912467 8.6884 1.0 0.8804 21.8798828125 14.4612329227 0.551435815106 1430778234.55
0.232 0.93021502871 0.106272513691 8.8304 1.0 0.8968 21.8798828125 14.4612329227 0.575137066849 1430778235.21
0.237 0.92688643654 0.108627529279 8.7968 1.0 0.1776 21.4399414062 14.0918533913 0.537710703163 1430778235.89
0.229 0.926697516115 0.112632280024 8.8256 1.0 0.266 21.4399414062 14.0918533913 0.537093361908 1430778236.56
0.203 0.92507564707 0.110447593435 8.7064 1.0 0.3272 21.4399414062 14.0918533913 0.504106463122 1430778237.22
0.219 0.924789520964 0.115407410603 8.8372 1.0 0.3676 21.4399414062 14.0918533913 0.524855917514 1430778237.91
0.218 0.922071581597 0.120808575592 8.6024 1.0 0.4204 21.4399414062 14.0918533913 0.559449837396 1430778238.57
0.231 0.916637906079 0.120840941611 8.4832 1.0 0.468 21.4399414062 14.0918533913 0.516553542459 1430778239.22
0.219 0.915517530236 0.128557256932 8.2572 1.0 0.518 21.4399414062 14.0918533913 0.52261270283 1430778239.87
0.251 0.915161732 0.130891246203 8.152 1.0 0.5608 21.4399414062 14.0918533913 0.529336872274 1430778240.58
0.208 0.916374264896 0.127258333404 8.1512 1.0 0.5968 21.4399414062 14.0918533913 0.536208712263 1430778241.28
0.232 0.917516132588 0.128561557462 8.0996 1.0 0.636 21.4399414062 14.0918533913 0.512489889453 1430778241.95
0.227 0.915197702181 0.125242065509 8.0216 1.0 0.676 21.4399414062 14.0918533913 0.522808198061 1430778242.57
0.222 0.914233181282 0.125873383884 8.1952 1.0 0.7016 21.4399414062 14.0918533913 0.537103240831 1430778243.23
0.225 0.915755329355 0.123801008247 8.3816 1.0 0.7236 21.4399414062 14.0918533913 0.522813248376 1430778243.89
0.248 0.917225634313 0.124147784901 8.4368 1.0 0.7452 21.4399414062 14.0918533913 0.519368291106 1430778244.57
0.24 0.917286774106 0.123258132821 8.3532 1.0 0.7744 21.4399414062 14.0918533913 0.494288520102 1430778245.26
0.23 0.91951554124 0.123461259309 8.514 1.0 0.7932 21.4399414062 14.0918533913 0.529216285057 1430778245.9
0.244 0.920626742223 0.121374060526 8.6296 1.0 0.8128 21.4399414062 14.0918533913 0.516563623348 1430778246.6
0.211 0.922108060473 0.119169334776 8.6452 1.0 0.8332 21.4399414062 14.0918533913 0.512086009818 1430778247.27
0.229 0.922587510933 0.11148090021 8.6452 1.0 0.8512 21.4399414062 14.0918533913 0.545208675096 1430778247.94
0.23 0.924555921591 0.109516732212 8.6172 1.0 0.8712 21.4399414062 14.0918533913 0.547230420674 1430778248.59
0.216 0.929294554607 0.111861631024 8.5776 1.0 0.8892 21.4399414062 14.0918533913 0.554817617051 1430778249.26
0.198 0.928632966803 0.110955280214 8.66 1.0 0.0544 21.2199707031 14.1740902718 0.539295385608 1430778249.93
0.216 0.922369913749 0.104622490996 8.6668 1.0 0.2144 21.2199707031 14.1740902718 0.527822983445 1430778250.57
0.198 0.923568999523 0.104565421847 8.7196 1.0 0.2752 21.2199707031 14.1740902718 0.511743454227 1430778251.2
0.234 0.923939953462 0.107692748101 8.6388 1.0 0.3324 21.2199707031 14.1740902718 0.531833774582 1430778251.88
0.188 0.92366171688 0.111969118371 8.2968 1.0 0.3944 21.2199707031 14.1740902718 0.518176420806 1430778252.58
0.22 0.922407303439 0.113945907155 8.0892 1.0 0.45 21.2199707031 14.1740902718 0.495202844663 1430778253.2
0.216 0.921820305513 0.121224277331 8.0024 1.0 0.496 21.2199707031 14.1740902718 0.509883960924 1430778253.82
0.205 0.92038015378 0.128025744975 7.868 1.0 0.5444 21.2199707031 14.1740902718 0.506636982215 1430778254.49
0.244 0.917487338579 0.129148264466 7.6868 1.0 0.5916 21.2199707031 14.1740902718 0.475798691246 1430778255.11
0.232 0.913558480069 0.127202364329 7.706 1.0 0.628 21.2199707031 14.1740902718 0.504443286295 1430778255.79
0.219 0.91410853961 0.127927754909 7.7264 1.0 0.6672 21.2199707031 14.1740902718 0.495213027494 1430778256.44
0.197 0.917054179899 0.135534247923 7.7032 1.0 0.7024 21.2199707031 14.1740902718 0.476484970081 1430778257.11
0.213 0.913674859897 0.143169948774 7.7696 1.0 0.7316 21.2199707031 14.1740902718 0.500112594445 1430778257.75
0.236 0.909489957996 0.139671109652 7.9668 1.0 0.7564 21.2199707031 14.1740902718 0.516863079731 1430778258.42
0.224 0.905497995939 0.131644003581 8.0852 1.0 0.782 21.2199707031 14.1740902718 0.498409517054 1430778259.08
0.23 0.910231418625 0.130193048449 8.3084 1.0 0.8012 21.2199707031 14.1740902718 0.492454547865 1430778259.75
0.224 0.917928639836 0.131987411672 8.3592 1.0 0.824 21.2199707031 14.1740902718 0.510878217238 1430778260.42
0.212 0.920301825813 0.128961768762 8.3828 1.0 0.848 21.2199707031 14.1740902718 0.51575368031 1430778261.06
0.201 0.919032016111 0.123534877153 8.4516 1.0 0.8612 21.2199707031 14.1740902718 0.548200497315 1430778261.77
0.201 0.916432777909 0.119601229731 8.434 1.0 0.876 21.2199707031 14.1740902718 0.513100647451 1430778262.44
0.226 0.917911856713 0.116690786403 8.5856 1.0 0.8876 21.2199707031 14.1740902718 0.534058727959 1430778263.09
0.227 0.920651891865 0.116005792261 8.6056 1.0 0.0872 21.1099853516 13.9975566296 0.48637551168 1430778263.76
0.263 0.92434236476 0.112509035643 8.4448 1.0 0.2596 21.1099853516 13.9975566296 0.499785994341 1430778264.42
0.237 0.924539304755 0.11147468279 8.3964 1.0 0.3268 21.1099853516 13.9975566296 0.499741935405 1430778265.09
0.245 0.924162035758 0.109097210693 8.512 1.0 0.3688 21.1099853516 13.9975566296 0.52167263304 1430778265.76
0.241 0.927329383251 0.109858725134 8.5072 1.0 0.4152 21.1099853516 13.9975566296 0.560328441033 1430778266.42
0.22 0.926717383766 0.104244642614 8.2616 1.0 0.4692 21.1099853516 13.9975566296 0.524005870041 1430778267.06
0.232 0.926213901515 0.0972994624091 8.1104 1.0 0.5136 21.1099853516 13.9975566296 0.510744738811 1430778267.72
0.214 0.930123783881 0.103326099296 8.2352 1.0 0.5484 21.1099853516 13.9975566296 0.512361186613 1430778268.38
0.218 0.932605426322 0.109061054665 8.2352 1.0 0.586 21.1099853516 13.9975566296 0.50376370486 1430778269.05
0.199 0.930491856939 0.105477799411 8.2136 1.0 0.624 21.1099853516 13.9975566296 0.527140545886 1430778269.71
0.216 0.927501301692 0.10296655136 8.2068 1.0 0.6564 21.1099853516 13.9975566296 0.529048470564 1430778270.36
0.216 0.928951656686 0.105522802395 8.3916 1.0 0.6808 21.1099853516 13.9975566296 0.527272720434 1430778271.06
0.195 0.930778462407 0.113819909097 8.5268 1.0 0.706 21.1099853516 13.9975566296 0.527981915189 1430778271.73
0.177 0.927514385264 0.114768548611 8.7588 1.0 0.7244 21.1099853516 13.9975566296 0.510528626269 1430778272.41
0.193 0.924294375983 0.120440598447 8.9452 1.0 0.7444 21.1099853516 13.9975566296 0.510564529269 1430778273.03
0.195 0.920137960863 0.119193927895 9.2092 1.0 0.7596 21.1099853516 13.9975566296 0.522218715075 1430778273.67
0.212 0.919201484413 0.121180736638 9.4908 1.0 0.7748 21.1099853516 13.9975566296 0.510170318737 1430778274.3
0.206 0.917689369649 0.114585695122 9.638 1.0 0.7876 21.1099853516 13.9975566296 0.490103659486 1430778274.96
0.227 0.91712934303 0.114178044649 9.566 1.0 0.8016 21.1099853516 13.9975566296 0.481010308808 1430778275.63
0.241 0.918644536159 0.116199605071 9.4548 1.0 0.8216 21.1099853516 13.9975566296 0.522736678182 1430778276.27
0.221 0.922233983485 0.120378556697 9.308 1.0 0.844 21.1099853516 13.9975566296 0.544484182468 1430778276.93
0.224 0.921518961871 0.118745072971 8.8892 1.0 0.8708 21.1099853516 13.9975566296 0.529889081622 1430778277.61
0.222 0.920959624737 0.118373266592 8.7984 1.0 0.8904 21.1099853516 13.9975566296 0.516484821423 1430778278.27
0.208 0.923049080899 0.122008665854 8.6124 1.0 0.1444 22.0549926758 14.5300688459 0.51708754373 1430778278.93
0.22 0.924133079451 0.120966980766 8.4156 1.0 0.252 22.0549926758 14.5300688459 0.527866624046 1430778279.58
0.201 0.924160346498 0.121281647783 8.09 1.0 0.318 22.0549926758 14.5300688459 0.503661462545 1430778280.23
0.23 0.922206337298 0.120361270008 8.2768 1.0 0.3512 22.0549926758 14.5300688459 0.521204465554 1430778280.89
0.205 0.921921694711 0.117403998735 8.3552 1.0 0.39 22.0549926758 14.5300688459 0.506672794751 1430778281.53
0.226 0.92459900171 0.111203694714 8.5248 1.0 0.4296 22.0549926758 14.5300688459 0.544406985078 1430778282.18
0.222 0.924943726999 0.100332376487 8.478 1.0 0.4796 22.0549926758 14.5300688459 0.536484663214 1430778282.86
0.23 0.929098964156 0.0902933641833 8.4732 1.0 0.524 22.0549926758 14.5300688459 0.540630977441 1430778283.54
0.212 0.936894278678 0.0891478433576 8.444 1.0 0.5676 22.0549926758 14.5300688459 0.524397460378 1430778284.19
0.214 0.940869882786 0.0919565620477 8.4844 1.0 0.608 22.0549926758 14.5300688459 0.547981773288 1430778284.84
0.208 0.93965772263 0.0953398703782 8.5284 1.0 0.642 22.0549926758 14.5300688459 0.526933525855 1430778285.49
0.21 0.934184273298 0.0905928737923 8.5352 1.0 0.6788 22.0549926758 14.5300688459 0.550637839627 1430778286.16
0.211 0.931133412328 0.0897502117362 8.4456 1.0 0.718 22.0549926758 14.5300688459 0.52616144363 1430778286.84
0.213 0.9345217462 0.0887958717914 8.4504 1.0 0.7532 22.0549926758 14.5300688459 0.555879306076 1430778287.52
0.187 0.937142648479 0.091674862862 8.5 1.0 0.7836 22.0549926758 14.5300688459 0.573436314731 1430778288.21
0.194 0.937440093322 0.0872052498393 8.6476 1.0 0.8076 22.0549926758 14.5300688459 0.550542225413 1430778288.91
0.205 0.938103211362 0.0835743860886 8.5836 1.0 0.8332 22.0549926758 14.5300688459 0.571919173055 1430778289.56
0.184 0.940684560483 0.0787676424839 8.7924 1.0 0.8488 22.0549926758 14.5300688459 0.562178985953 1430778290.25
0.198 0.942604874387 0.0797803452429 8.8108 1.0 0.8672 22.0549926758 14.5300688459 0.56092125184 1430778290.91
0.231 0.942952130169 0.075624048132 8.85 1.0 0.8856 22.0549926758 14.5300688459 0.564255888503 1430778291.58
0.191 0.943675708531 0.0770841977435 8.8912 1.0 0.0656 21.0274963379 13.974236951 0.557590256272 1430778292.21
0.211 0.944169009747 0.0790020582516 8.8232 1.0 0.2108 21.0274963379 13.974236951 0.570853402862 1430778292.87
0.188 0.94317888654 0.0828644715089 9.0316 1.0 0.2548 21.0274963379 13.974236951 0.583262752801 1430778293.54
0.188 0.942220407552 0.085069640998 9.2404 1.0 0.2928 21.0274963379 13.974236951 0.606670086008 1430778294.24
0.186 0.939090297325 0.0841515880914 9.4208 1.0 0.3296 21.0274963379 13.974236951 0.56183489569 1430778294.9
0.194 0.937649179781 0.0872654128293 9.6356 1.0 0.3632 21.0274963379 13.974236951 0.560236302519 1430778295.57
0.182 0.937689876619 0.094564955471 9.8744 1.0 0.396 21.0274963379 13.974236951 0.575552826819 1430778296.23
0.176 0.93640786394 0.0993149147028 9.994 1.0 0.4324 21.0274963379 13.974236951 0.56894713319 1430778296.93
0.215 0.932481341969 0.105579764254 10.1324 1.0 0.4708 21.0274963379 13.974236951 0.564875004512 1430778297.6
0.211 0.928247875176 0.104187661187 10.3384 1.0 0.504 21.0274963379 13.974236951 0.563179779987 1430778298.26
0.21 0.927831203386 0.109770245239 10.3712 1.0 0.5436 21.0274963379 13.974236951 0.563998690397 1430778298.91
0.227 0.927578091421 0.113849589745 10.3884 1.0 0.5836 21.0274963379 13.974236951 0.563934604013 1430778299.58
0.202 0.925452058141 0.116398040471 10.224 1.0 0.624 21.0274963379 13.974236951 0.556429055768 1430778300.24
0.215 0.921194869556 0.114411765102 10.1972 1.0 0.6584 21.0274963379 13.974236951 0.553016283846 1430778300.91
0.226 0.922289372522 0.121715334381 10.2448 1.0 0.6876 21.0274963379 13.974236951 0.576611980111 1430778301.57
0.235 0.921710253726 0.124340530475 10.1216 1.0 0.722 21.0274963379 13.974236951 0.550457276591 1430778302.22
0.22 0.916866683496 0.121222947391 10.0396 1.0 0.7512 21.0274963379 13.974236951 0.536525535323 1430778302.84
0.209 0.916283090177 0.122331243872 9.7624 1.0 0.7864 21.0274963379 13.974236951 0.557987694789 1430778303.49
0.225 0.916224324556 0.123357851025 9.9312 1.0 0.8024 21.0274963379 13.974236951 0.565464541005 1430778304.16
0.228 0.916187584654 0.125619089833 9.8504 1.0 0.8276 21.0274963379 13.974236951 0.548162756288 1430778304.82
0.215 0.915608470073 0.126145332609 9.912 1.0 0.8436 21.0274963379 13.974236951 0.541121726607 1430778305.47
0.204 0.917241934271 0.130794243678 10.1848 1.0 0.8544 21.0274963379 13.974236951 0.574225923297 1430778306.08
0.212 0.915064700624 0.123402306414 10.3776 1.0 0.8676 21.0274963379 13.974236951 0.538148646675 1430778306.74
0.208 0.916906124795 0.112382644238 10.47 1.0 0.8788 21.0274963379 13.974236951 0.556739029856 1430778307.4
0.215 0.922024975954 0.110915413925 10.5116 1.0 0.89 21.0274963379 13.974236951 0.574077692069 1430778308.04
0.209 0.928984995845 0.116920706639 10.6416 1.0 0.8988 21.0274963379 13.974236951 0.598174830013 1430778308.7
0.197 0.930611902281 0.111600120733 10.6856 1.0 0.0768 23.5137481689 15.5486245084 0.571001184732 1430778309.42
0.215 0.928579587487 0.103626487816 10.8868 1.0 0.214 23.5137481689 15.5486245084 0.570045846299 1430778310.06
0.194 0.930240178984 0.0985132382008 10.8248 1.0 0.2648 23.5137481689 15.5486245084 0.557922655613 1430778310.73
0.2 0.932370666648 0.0912198546799 10.766 1.0 0.3172 23.5137481689 15.5486245084 0.557899502361 1430778311.39
0.211 0.935374288053 0.091679119316 10.5444 1.0 0.3632 23.5137481689 15.5486245084 0.577288177772 1430778312.07
0.183 0.936761428096 0.0930443874566 10.6412 1.0 0.398 23.5137481689 15.5486245084 0.557156370044 1430778312.76
0.207 0.935894780828 0.0935300922379 10.546 1.0 0.4412 23.5137481689 15.5486245084 0.574838638675 1430778313.43
0.188 0.934753734959 0.0938875459079 10.3432 1.0 0.4848 23.5137481689 15.5486245084 0.559374092133 1430778314.04
0.198 0.931663863742 0.0952310517828 10.3452 1.0 0.5216 23.5137481689 15.5486245084 0.554012223794 1430778314.72
0.225 0.932502212546 0.0984957481965 10.0228 1.0 0.5688 23.5137481689 15.5486245084 0.542652546824 1430778315.4
0.22 0.93191921013 0.102627557359 9.9924 1.0 0.5992 23.5137481689 15.5486245084 0.560702212496 1430778316.07
0.211 0.930491473193 0.107654834087 9.8976 1.0 0.6336 23.5137481689 15.5486245084 0.543639577476 1430778316.74
0.19 0.925705946645 0.106583738239 9.7836 1.0 0.6668 23.5137481689 15.5486245084 0.548835839454 1430778317.39
0.221 0.922823301974 0.105986366676 9.7916 1.0 0.6908 23.5137481689 15.5486245084 0.545849535966 1430778318.04
0.218 0.926978267053 0.106108491784 10.0732 1.0 0.7048 23.5137481689 15.5486245084 0.568842850134 1430778318.7
0.222 0.932061122406 0.10921628168 9.9828 1.0 0.726 23.5137481689 15.5486245084 0.586796056149 1430778319.37
0.206 0.932599684176 0.107971424151 10.0208 1.0 0.7432 23.5137481689 15.5486245084 0.61022730804 1430778320.04
0.196 0.931521524166 0.112222331624 10.0548 1.0 0.7636 23.5137481689 15.5486245084 0.617671404492 1430778320.71
0.195 0.92620375469 0.109170568507 9.9564 1.0 0.7864 23.5137481689 15.5486245084 0.584594928848 1430778321.39
0.232 0.925713332539 0.108868256948 9.9772 1.0 0.8028 23.5137481689 15.5486245084 0.626470241019 1430778322.05
0.194 0.925341598827 0.114967471374 10.0132 1.0 0.8184 23.5137481689 15.5486245084 0.602315296129 1430778322.72
0.241 0.923448046573 0.118215827027 9.8652 1.0 0.8392 23.5137481689 15.5486245084 0.592966308151 1430778323.36
0.201 0.91995392435 0.118232909501 9.6212 1.0 0.8628 23.5137481689 15.5486245084 0.617029227055 1430778324.06
0.2 0.919226696324 0.122076140588 9.4232 1.0 0.8848 23.5137481689 15.5486245084 0.591608761531 1430778324.76
0.208 0.918906710753 0.121736372614 9.3884 1.0 0.0344 23.7568740845 15.8422007525 0.559206294201 1430778325.44
0.257 0.917409760113 0.12368336787 9.2244 1.0 0.222 23.7568740845 15.8422007525 0.551999627813 1430778326.1
0.216 0.918658145758 0.128350901586 9.3804 1.0 0.2692 23.7568740845 15.8422007525 0.598674523152 1430778326.75
0.2 0.916078713928 0.128564543343 9.4208 1.0 0.3144 23.7568740845 15.8422007525 0.594298351107 1430778327.38
0.189 0.915733568245 0.125818547256 9.4192 1.0 0.362 23.7568740845 15.8422007525 0.576613040088 1430778328.03
0.218 0.915217835807 0.122349914585 9.4992 1.0 0.398 23.7568740845 15.8422007525 0.577916415076 1430778328.67
0.226 0.91619538442 0.112956264556 9.502 1.0 0.4412 23.7568740845 15.8422007525 0.55550081114 1430778329.3
0.24 0.920368114663 0.105454098604 9.4616 1.0 0.484 23.7568740845 15.8422007525 0.565748375725 1430778329.98
0.225 0.926428525163 0.10637961012 9.3112 1.0 0.528 23.7568740845 15.8422007525 0.556977194991 1430778330.64
0.217 0.929406829618 0.105351098556 8.9268 1.0 0.5804 23.7568740845 15.8422007525 0.547196716295 1430778331.32
0.232 0.930937541371 0.108971688611 8.8828 1.0 0.6164 23.7568740845 15.8422007525 0.538965544991 1430778331.99
0.192 0.929961898691 0.109783242457 8.7836 1.0 0.6532 23.7568740845 15.8422007525 0.54223018361 1430778332.66
0.204 0.928379022449 0.107307847086 8.6548 1.0 0.6912 23.7568740845 15.8422007525 0.535537726768 1430778333.32
0.225 0.927973571214 0.104043374889 8.3236 1.0 0.734 23.7568740845 15.8422007525 0.552013952011 1430778333.96
0.212 0.930650600127 0.105784574036 8.5108 1.0 0.7552 23.7568740845 15.8422007525 0.587309021414 1430778334.61
0.208 0.933124801137 0.107940849739 8.578 1.0 0.7796 23.7568740845 15.8422007525 0.568805750652 1430778335.29
0.224 0.933291531755 0.106446467161 8.7972 1.0 0.8016 23.7568740845 15.8422007525 0.553086600862 1430778335.92
0.211 0.932357381473 0.104617149953 8.9916 1.0 0.8216 23.7568740845 15.8422007525 0.574166061214 1430778336.59
0.214 0.931730907678 0.103488531798 9.1692 1.0 0.8376 23.7568740845 15.8422007525 0.550817854778 1430778337.26
0.185 0.932477920207 0.107393099952 9.3028 1.0 0.8536 23.7568740845 15.8422007525 0.574326680155 1430778337.92
0.217 0.932040531937 0.109656356798 9.3576 1.0 0.8716 23.7568740845 15.8422007525 0.544701341434 1430778338.59
0.195 0.927828614571 0.11476932551 9.3612 1.0 0.8872 23.7568740845 15.8422007525 0.510184407993 1430778339.26
0.206 0.925186238651 0.114100096919 9.4108 1.0 0.03 22.8784370422 15.1792808753 0.543012286914 1430778339.91
0.202 0.923850782372 0.110796690066 9.6424 1.0 0.2084 22.8784370422 15.1792808753 0.554862724267 1430778340.59
0.22 0.925802092197 0.106456737848 9.6736 1.0 0.2724 22.8784370422 15.1792808753 0.535384975107 1430778341.3
0.233 0.928969157149 0.103647666016 9.7904 1.0 0.3156 22.8784370422 15.1792808753 0.525564989944 1430778341.98
0.2 0.932490859963 0.104267608394 9.8404 1.0 0.362 22.8784370422 15.1792808753 0.614615143238 1430778342.6
0.208 0.931580573191 0.100246620136 10.0616 1.0 0.398 22.8784370422 15.1792808753 0.599275958775 1430778343.28
0.199 0.931310445535 0.105573220401 9.8576 1.0 0.448 22.8784370422 15.1792808753 0.633992491718 1430778343.94
0.216 0.927922925992 0.101203150628 9.7508 1.0 0.4944 22.8784370422 15.1792808753 0.615838390262 1430778344.59
0.224 0.924762274554 0.0948090075114 9.3732 1.0 0.5488 22.8784370422 15.1792808753 0.57892638076 1430778345.26
0.199 0.928611702033 0.0965317576887 9.3084 1.0 0.5876 22.8784370422 15.1792808753 0.582151420137 1430778345.91
0.187 0.934690924747 0.095018619088 9.1936 1.0 0.6244 22.8784370422 15.1792808753 0.63101897561 1430778346.56
0.188 0.936949091877 0.0863658235782 9.292 1.0 0.6516 22.8784370422 15.1792808753 0.620000064425 1430778347.16
0.192 0.938742144006 0.0858637754626 9.4348 1.0 0.6792 22.8784370422 15.1792808753 0.642967127189 1430778347.79
0.219 0.937990330149 0.0847746205395 9.292 1.0 0.7148 22.8784370422 15.1792808753 0.611333343877 1430778348.49
0.211 0.938167883091 0.0865798339933 9.3192 1.0 0.7408 22.8784370422 15.1792808753 0.605239698617 1430778349.12
0.198 0.937092124557 0.0787691435577 9.4668 1.0 0.76 22.8784370422 15.1792808753 0.626700398316 1430778349.82
0.195 0.939133416494 0.0778127212717 9.3756 1.0 0.7856 22.8784370422 15.1792808753 0.579791741249 1430778350.48
0.213 0.944414569475 0.0826846252664 9.368 1.0 0.8112 22.8784370422 15.1792808753 0.620122633127 1430778351.15
0.177 0.944530536128 0.0793897970229 9.51 1.0 0.828 22.8784370422 15.1792808753 0.605288578683 1430778351.83
0.151 0.944310948401 0.0764461997246 9.614 1.0 0.8444 22.8784370422 15.1792808753 0.595991929881 1430778352.49
0.189 0.943066802777 0.0718160445143 9.7112 1.0 0.8592 22.8784370422 15.1792808753 0.614467596539 1430778353.12
0.189 0.945246031063 0.0711167541218 9.6472 1.0 0.8732 22.8784370422 15.1792808753 0.583889368503 1430778353.8
0.182 0.949351979071 0.073968000466 9.882 1.0 0.8788 22.8784370422 15.1792808753 0.601471074566 1430778354.49
0.205 0.949968732194 0.0740552773484 9.9912 1.0 0.8888 22.8784370422 15.1792808753 0.55713152719 1430778355.15
0.174 0.948136256763 0.0760938354996 9.926 1.0 0.8988 22.8784370422 15.1792808753 0.565485272923 1430778355.82
0.189 0.945605375181 0.0785825217382 10.1456 1.0 0.1448 23.9392185211 15.7247939697 0.595460759723 1430778356.5
0.192 0.941974481286 0.0794594327938 10.1428 1.0 0.2268 23.9392185211 15.7247939697 0.576481087414 1430778357.18
0.19 0.940873948944 0.0816743922886 9.8624 1.0 0.29 23.9392185211 15.7247939697 0.553724388462 1430778357.86
0.215 0.940294859319 0.0848315016994 9.9316 1.0 0.3316 23.9392185211 15.7247939697 0.555490148246 1430778358.49
0.2 0.939188725998 0.0956870078037 9.9044 1.0 0.3748 23.9392185211 15.7247939697 0.565884750754 1430778359.16
0.199 0.935412869978 0.100427850723 9.6936 1.0 0.4272 23.9392185211 15.7247939697 0.5796566797 1430778359.83
0.196 0.931145411658 0.10299319244 9.5996 1.0 0.4708 23.9392185211 15.7247939697 0.567559882922 1430778360.55
0.213 0.927412653061 0.104732754837 9.5672 1.0 0.5088 23.9392185211 15.7247939697 0.569607760098 1430778361.21
0.215 0.926863195752 0.108354654631 9.454 1.0 0.5468 23.9392185211 15.7247939697 0.586761355688 1430778361.87
0.219 0.925714000418 0.114068585906 8.9724 1.0 0.5972 23.9392185211 15.7247939697 0.567860441514 1430778362.55
0.225 0.923862653385 0.118413988717 8.768 1.0 0.6392 23.9392185211 15.7247939697 0.564687625292 1430778363.21
0.228 0.923708099649 0.125038819053 8.6016 1.0 0.6764 23.9392185211 15.7247939697 0.547034182512 1430778363.87
0.23 0.918779243299 0.123823807337 8.4552 1.0 0.71 23.9392185211 15.7247939697 0.556272581488 1430778364.55
0.244 0.914941904528 0.118331406277 8.2772 1.0 0.7468 23.9392185211 15.7247939697 0.54230942303 1430778365.22
0.21 0.918529707493 0.123515913144 8.1412 1.0 0.778 23.9392185211 15.7247939697 0.539625581495 1430778365.91
0.239 0.920416697017 0.127363100031 8.1184 1.0 0.8096 23.9392185211 15.7247939697 0.554215534123 1430778366.56
0.236 0.91883653207 0.128036648062 8.2672 1.0 0.8312 23.9392185211 15.7247939697 0.568758961423 1430778367.21
0.22 0.916961463831 0.123035243784 8.48 1.0 0.85 23.9392185211 15.7247939697 0.53181437439 1430778367.85
0.228 0.918515926061 0.117967963661 8.6096 1.0 0.8656 23.9392185211 15.7247939697 0.563679868233 1430778368.51
0.213 0.922134510105 0.11927166133 8.9236 1.0 0.8772 23.9392185211 15.7247939697 0.57151476824 1430778369.2
0.202 0.924487415324 0.119011699389 9.0136 1.0 0.8936 23.9392185211 15.7247939697 0.541083550851 1430778369.88
0.175 0.92447034106 0.11134646776 9.28 1.0 0.136 22.4696092606 14.9280114467 0.553995331144 1430778370.54
0.217 0.926834762734 0.106010791978 9.474 1.0 0.2288 22.4696092606 14.9280114467 0.569700845379 1430778371.21
0.199 0.931611254398 0.0971136680338 9.5876 1.0 0.2816 22.4696092606 14.9280114467 0.558658758704 1430778371.86
0.203 0.93703694432 0.0942233373686 9.6856 1.0 0.3328 22.4696092606 14.9280114467 0.563179182388 1430778372.55
0.193 0.939674617741 0.0884131259566 9.8284 1.0 0.3764 22.4696092606 14.9280114467 0.545821620023 1430778373.22
0.182 0.942574087004 0.0857419931903 9.7992 1.0 0.4276 22.4696092606 14.9280114467 0.558245848853 1430778373.92
0.182 0.943870681733 0.084688642497 9.7192 1.0 0.4764 22.4696092606 14.9280114467 0.565523304582 1430778374.58
0.193 0.943415105298 0.0829838550803 9.6408 1.0 0.5164 22.4696092606 14.9280114467 0.543611081236 1430778375.21
0.174 0.941423390189 0.0817442036152 9.2752 1.0 0.5684 22.4696092606 14.9280114467 0.569908646485 1430778375.84
0.173 0.944318267695 0.0878879571865 9.2384 1.0 0.6024 22.4696092606 14.9280114467 0.575489004023 1430778376.49
0.152 0.944076879355 0.0868778212531 9.3036 1.0 0.634 22.4696092606 14.9280114467 0.58598564169 1430778377.18
0.19 0.942098150706 0.0819189165662 9.4388 1.0 0.6616 22.4696092606 14.9280114467 0.607195256415 1430778377.85
0.176 0.939595585504 0.0787559384431 9.3224 1.0 0.6948 22.4696092606 14.9280114467 0.57533887476 1430778378.53
0.176 0.938916053306 0.0778772564329 9.436 1.0 0.7196 22.4696092606 14.9280114467 0.597743385302 1430778379.17
0.187 0.93969673395 0.0790452848919 9.6304 1.0 0.7408 22.4696092606 14.9280114467 0.595062785993 1430778379.78
0.214 0.942946166024 0.0873663841518 9.8992 1.0 0.758 22.4696092606 14.9280114467 0.584087496832 1430778380.4
0.204 0.940996234403 0.0853653515812 10.138 1.0 0.7752 22.4696092606 14.9280114467 0.563121026062 1430778381.03
0.195 0.937700513252 0.0816870715868 10.294 1.0 0.7932 22.4696092606 14.9280114467 0.597154189985 1430778381.69
0.194 0.938424496154 0.0840010782989 10.5732 1.0 0.804 22.4696092606 14.9280114467 0.603686604317 1430778382.37
0.187 0.939731208289 0.093624435754 10.6852 1.0 0.8192 22.4696092606 14.9280114467 0.580143169572 1430778383.02
0.181 0.935883852748 0.0991351688949 10.8044 1.0 0.8312 22.4696092606 14.9280114467 0.576860058649 1430778383.69
0.201 0.929158885709 0.101118747274 10.7116 1.0 0.8484 22.4696092606 14.9280114467 0.541014711697 1430778384.33
0.234 0.925971288359 0.100297146501 10.4236 1.0 0.866 22.4696092606 14.9280114467 0.559426090397 1430778384.97
0.204 0.927360955834 0.106645779586 10.4788 1.0 0.874 22.4696092606 14.9280114467 0.578730598751 1430778385.63
0.197 0.926803840727 0.109265506083 10.6304 1.0 0.882 22.4696092606 14.9280114467 0.572081714386 1430778386.28
0.219 0.926461568139 0.113253078668 10.6176 1.0 0.892 22.4696092606 14.9280114467 0.557252899853 1430778386.96
0.222 0.926001726988 0.120225110057 10.6616 1.0 0.8992 22.4696092606 14.9280114467 0.572471859352 1430778387.61
0.217 0.921402291485 0.119748396653 10.4316 1.0 0.2096 24.7348046303 16.2496897129 0.529726493916 1430778388.26
0.226 0.919541073795 0.120593100847 10.3112 1.0 0.2684 24.7348046303 16.2496897129 0.550399877107 1430778388.9
0.242 0.921695304564 0.126158349884 10.2832 1.0 0.3168 24.7348046303 16.2496897129 0.587453231942 1430778389.5
0.221 0.921499137021 0.123522461914 9.95 1.0 0.3688 24.7348046303 16.2496897129 0.586470127846 1430778390.14
0.234 0.919180816835 0.119033070088 9.758 1.0 0.4064 24.7348046303 16.2496897129 0.565900795383 1430778390.79
0.254 0.918557158461 0.117160246744 9.458 1.0 0.4508 24.7348046303 16.2496897129 0.563003055667 1430778391.46
0.246 0.921633256008 0.117648552947 9.124 1.0 0.498 24.7348046303 16.2496897129 0.53911118665 1430778392.12
0.233 0.922470884421 0.120363876492 9.0172 1.0 0.5312 24.7348046303 16.2496897129 0.539742087109 1430778392.75
0.202 0.920841197774 0.120260327459 8.9764 1.0 0.5656 24.7348046303 16.2496897129 0.554686037749 1430778393.36
0.217 0.919691909923 0.11948503853 9.05 1.0 0.5944 24.7348046303 16.2496897129 0.551929400993 1430778394.01
0.212 0.919208860033 0.123417630197 9.0608 1.0 0.6224 24.7348046303 16.2496897129 0.540690745682 1430778394.69
0.221 0.918240244176 0.125734526082 9.09 1.0 0.6516 24.7348046303 16.2496897129 0.535857650295 1430778395.32
0.209 0.915393940402 0.12967983998 9.0088 1.0 0.6832 24.7348046303 16.2496897129 0.536215769451 1430778395.9
0.196 0.914458007382 0.133118809539 9.128 1.0 0.7064 24.7348046303 16.2496897129 0.540697434452 1430778396.59
0.215 0.911285895368 0.129618973824 9.0552 1.0 0.7404 24.7348046303 16.2496897129 0.519147749444 1430778397.23
0.177 0.913073102462 0.131137235967 9.084 1.0 0.764 24.7348046303 16.2496897129 0.541120510355 1430778397.83
0.193 0.914616695229 0.128389398765 9.0592 1.0 0.788 24.7348046303 16.2496897129 0.526240631444 1430778398.46
0.199 0.915817255101 0.130577712675 9.144 1.0 0.8084 24.7348046303 16.2496897129 0.502344734667 1430778399.1
0.208 0.917655438148 0.132095401362 9.0996 1.0 0.8292 24.7348046303 16.2496897129 0.537288588008 1430778399.77
0.221 0.914552360907 0.123792299609 8.98 1.0 0.848 24.7348046303 16.2496897129 0.523658953228 1430778400.46
0.242 0.914902644311 0.121702280143 8.8144 1.0 0.8696 24.7348046303 16.2496897129 0.499146644375 1430778401.1
0.227 0.915872857106 0.123846281087 8.7864 1.0 0.886 24.7348046303 16.2496897129 0.520605748393 1430778401.77
0.218 0.915019159356 0.118126868685 8.6508 1.0 0.0276 23.3674023151 15.3968969061 0.502618571791 1430778402.44
0.24 0.915238993729 0.115287642899 8.5252 1.0 0.2392 23.3674023151 15.3968969061 0.540683549412 1430778403.09
0.21 0.918377975518 0.113686786562 8.6804 1.0 0.2864 23.3674023151 15.3968969061 0.543771630902 1430778403.75
0.206 0.921536549234 0.109116727037 8.7912 1.0 0.3352 23.3674023151 15.3968969061 0.540107692697 1430778404.45
0.202 0.925594749178 0.106431347687 8.9008 1.0 0.3796 23.3674023151 15.3968969061 0.544403063087 1430778405.12
0.231 0.926258004216 0.105489060438 9.0644 1.0 0.4176 23.3674023151 15.3968969061 0.544019177351 1430778405.79
0.212 0.927312025978 0.10293635117 9.2592 1.0 0.4548 23.3674023151 15.3968969061 0.548216298556 1430778406.44
0.214 0.928983936018 0.0991040073581 9.3752 1.0 0.496 23.3674023151 15.3968969061 0.548354610539 1430778407.1
0.219 0.928943027073 0.0980401031586 9.422 1.0 0.536 23.3674023151 15.3968969061 0.522639302848 1430778407.72
0.23 0.92957534472 0.100955749613 9.448 1.0 0.5748 23.3674023151 15.3968969061 0.556710072508 1430778408.35
0.192 0.931329553972 0.106083798689 9.5832 1.0 0.6036 23.3674023151 15.3968969061 0.529031930388 1430778409.03
0.209 0.930361322358 0.105238176038 9.5488 1.0 0.6372 23.3674023151 15.3968969061 0.546888535447 1430778409.71
0.211 0.928103289152 0.103611855092 9.5332 1.0 0.6696 23.3674023151 15.3968969061 0.549916422404 1430778410.36
0.219 0.926701386474 0.103065589768 9.4364 1.0 0.7016 23.3674023151 15.3968969061 0.567427183926 1430778411.02
0.235 0.928662613525 0.0989224467676 9.464 1.0 0.7268 23.3674023151 15.3968969061 0.576073310082 1430778411.71
0.228 0.930804219823 0.101066058559 9.392 1.0 0.7548 23.3674023151 15.3968969061 0.584888050645 1430778412.38
0.197 0.933226021291 0.100468459279 9.1424 1.0 0.786 23.3674023151 15.3968969061 0.559942889622 1430778413.08
0.194 0.9325591197 0.0997708822931 9.2068 1.0 0.8036 23.3674023151 15.3968969061 0.60091813798 1430778413.73
0.216 0.93100818706 0.099420613811 9.1084 1.0 0.8264 23.3674023151 15.3968969061 0.582386610341 1430778414.42
0.203 0.930169951679 0.104738829414 8.9748 1.0 0.8512 23.3674023151 15.3968969061 0.5627360135 1430778415.1
0.212 0.926267202 0.104729623866 8.7156 1.0 0.8732 23.3674023151 15.3968969061 0.592418433614 1430778415.78
0.231 0.926050433184 0.111662201519 8.7068 1.0 0.8868 23.3674023151 15.3968969061 0.607439956011 1430778416.43
0.211 0.923921441666 0.110904639967 8.588 1.0 0.0664 22.6837011576 14.9876984693 0.602065480822 1430778417.11
0.185 0.925126344677 0.123531024037 8.636 1.0 0.2172 22.6837011576 14.9876984693 0.630382171734 1430778417.79
0.242 0.919478363071 0.128840703756 8.2764 1.0 0.2984 22.6837011576 14.9876984693 0.573076055042 1430778418.43
0.221 0.913198408197 0.128355094254 8.1288 1.0 0.3572 22.6837011576 14.9876984693 0.568824313755 1430778419.1
0.229 0.912023217718 0.128683938236 7.9292 1.0 0.406 22.6837011576 14.9876984693 0.541402163059 1430778419.75
0.221 0.913686563367 0.134965466836 7.9584 1.0 0.4464 22.6837011576 14.9876984693 0.533197807264 1430778420.41
0.229 0.915643475897 0.139369640596 7.8296 1.0 0.4964 22.6837011576 14.9876984693 0.583112989918 1430778421.02
0.241 0.914718119122 0.137495201816 7.7156 1.0 0.5472 22.6837011576 14.9876984693 0.548922989648 1430778421.7
0.245 0.911557855146 0.133235132456 7.4796 1.0 0.5948 22.6837011576 14.9876984693 0.539286363677 1430778422.35
0.237 0.911450751093 0.125973111822 7.5364 1.0 0.6284 22.6837011576 14.9876984693 0.54903600921 1430778423.04
0.216 0.916762508471 0.126842657575 7.7708 1.0 0.6568 22.6837011576 14.9876984693 0.563264858986 1430778423.72
0.24 0.920198958991 0.130270107895 7.9 1.0 0.684 22.6837011576 14.9876984693 0.537541930192 1430778424.37
0.239 0.918508838465 0.128335125619 8.0908 1.0 0.7076 22.6837011576 14.9876984693 0.543641850459 1430778425.04
0.217 0.915430319577 0.128872154222 8.0244 1.0 0.738 22.6837011576 14.9876984693 0.541361061363 1430778425.73
0.208 0.913083350301 0.13273238973 8.0856 1.0 0.7652 22.6837011576 14.9876984693 0.508976545624 1430778426.39
0.234 0.912279334521 0.133889656458 8.1848 1.0 0.7864 22.6837011576 14.9876984693 0.515496696725 1430778427.03
0.232 0.911764448631 0.136019265466 8.438 1.0 0.8012 22.6837011576 14.9876984693 0.526831354686 1430778427.7
0.218 0.910292266818 0.132184885871 8.2868 1.0 0.8272 22.6837011576 14.9876984693 0.534085370147 1430778428.37
0.246 0.910621419366 0.133843980806 8.2168 1.0 0.85 22.6837011576 14.9876984693 0.517799766663 1430778429.02
0.214 0.909809209071 0.133244862554 8.1888 1.0 0.87 22.6837011576 14.9876984693 0.483843762621 1430778429.71
0.228 0.911115997579 0.12826770077 8.2712 1.0 0.8852 22.6837011576 14.9876984693 0.495446562924 1430778430.35
0.227 0.915981799054 0.123668970271 8.2608 1.0 0.0416 21.8418505788 14.4766706992 0.541242480269 1430778431.0
0.22 0.919288481537 0.113185833537 8.3308 1.0 0.2088 21.8418505788 14.4766706992 0.535897891377 1430778431.66
0.203 0.925642623126 0.11233605983 8.3568 1.0 0.2648 21.8418505788 14.4766706992 0.511089590341 1430778432.34
0.209 0.927223353709 0.108855650589 8.4668 1.0 0.3028 21.8418505788 14.4766706992 0.57583023048 1430778432.99
0.221 0.928140865763 0.104026158961 8.3288 1.0 0.3592 21.8418505788 14.4766706992 0.514554187077 1430778433.64
0.2 0.927767219253 0.102291750867 8.3472 1.0 0.4032 21.8418505788 14.4766706992 0.51532077622 1430778434.31
0.206 0.92909164755 0.100646917947 8.4972 1.0 0.4352 21.8418505788 14.4766706992 0.521408417181 1430778435.0
0.196 0.928071435409 0.0940782916871 8.4396 1.0 0.476 21.8418505788 14.4766706992 0.531569637767 1430778435.64
0.203 0.931147694207 0.0930522542061 8.598 1.0 0.5068 21.8418505788 14.4766706992 0.564449621401 1430778436.27
0.202 0.935244227668 0.0871424780304 8.5976 1.0 0.5484 21.8418505788 14.4766706992 0.564083211762 1430778436.94
0.181 0.939139059417 0.0837306499714 8.7696 1.0 0.5788 21.8418505788 14.4766706992 0.598852112224 1430778437.61
0.179 0.941815776817 0.0824340362856 8.7448 1.0 0.6164 21.8418505788 14.4766706992 0.568745280346 1430778438.28
0.189 0.94414466312 0.0810945138793 8.6612 1.0 0.6552 21.8418505788 14.4766706992 0.57193369059 1430778438.96
0.176 0.945452350887 0.082172624368 8.6064 1.0 0.6936 21.8418505788 14.4766706992 0.556783650233 1430778439.63
0.178 0.945652187591 0.0803880735063 8.6384 1.0 0.7272 21.8418505788 14.4766706992 0.541487478906 1430778440.28
0.187 0.946027718758 0.0810866420101 8.5544 1.0 0.7628 21.8418505788 14.4766706992 0.580213299838 1430778440.98
0.187 0.9435901424 0.0781285078949 8.5888 1.0 0.792 21.8418505788 14.4766706992 0.577059203008 1430778441.65
0.175 0.943073667632 0.0854019771692 8.8808 1.0 0.8116 21.8418505788 14.4766706992 0.571860998841 1430778442.29
0.202 0.939184609148 0.0872794346828 8.9448 1.0 0.834 21.8418505788 14.4766706992 0.537555568719 1430778442.95
0.214 0.933811187512 0.0851626032827 9.0332 1.0 0.8532 21.8418505788 14.4766706992 0.514587048601 1430778443.58
0.218 0.934771767838 0.0896050658441 8.9632 1.0 0.876 21.8418505788 14.4766706992 0.475751427743 1430778444.24
0.23 0.933895809194 0.095190631793 8.7428 1.0 0.8996 21.8418505788 14.4766706992 0.474412715463 1430778444.85
0.243 0.930244572891 0.0978731234817 8.7912 1.0 0.2008 21.9209252894 14.324042418 0.508536044028 1430778445.5
0.235 0.927803106268 0.0991915539428 8.916 1.0 0.27 21.9209252894 14.324042418 0.457885114257 1430778446.14
0.226 0.931541296679 0.10211390621 8.86 1.0 0.3276 21.9209252894 14.324042418 0.483416289211 1430778446.81
0.227 0.931723351597 0.109078108841 8.8552 1.0 0.3732 21.9209252894 14.324042418 0.505581168946 1430778447.46
0.225 0.927615683193 0.11435526649 8.816 1.0 0.4224 21.9209252894 14.324042418 0.492712685213 1430778448.11
0.221 0.924795937567 0.118989835982 8.9072 1.0 0.46 21.9209252894 14.324042418 0.489802986941 1430778448.77
0.227 0.919989526816 0.11574938516 8.7468 1.0 0.512 21.9209252894 14.324042418 0.482792240581 1430778449.45
0.238 0.920777113397 0.116410036573 8.732 1.0 0.5508 21.9209252894 14.324042418 0.472954909621 1430778450.08
0.221 0.922381786789 0.116936631981 8.7192 1.0 0.5932 21.9209252894 14.324042418 0.485440561083 1430778450.82
0.213 0.92336244176 0.116599290526 8.4912 1.0 0.64 21.9209252894 14.324042418 0.489403015575 1430778451.48
0.222 0.924066194126 0.112747320483 8.4856 1.0 0.6696 21.9209252894 14.324042418 0.507235210277 1430778452.17
0.218 0.925791160949 0.111750031394 8.4028 1.0 0.7008 21.9209252894 14.324042418 0.524936971782 1430778452.85
0.203 0.926640312469 0.106937522702 8.3772 1.0 0.7328 21.9209252894 14.324042418 0.53228926266 1430778453.48
0.208 0.931422800881 0.105782940443 8.448 1.0 0.7576 21.9209252894 14.324042418 0.535971572907 1430778454.18
0.212 0.930686223951 0.100996770303 8.7316 1.0 0.7768 21.9209252894 14.324042418 0.536186605222 1430778454.88
0.2 0.93037951144 0.0925251774304 8.8344 1.0 0.7976 21.9209252894 14.324042418 0.561100904293 1430778455.64
0.205 0.936320856973 0.0903957535071 9.0232 1.0 0.8176 21.9209252894 14.324042418 0.536788090128 1430778456.31
0.198 0.941454978009 0.0947595662064 8.9992 1.0 0.8388 21.9209252894 14.324042418 0.542354483739 1430778456.99
0.215 0.94053262397 0.0967501717517 9.2 1.0 0.8504 21.9209252894 14.324042418 0.521443926076 1430778457.65
0.212 0.937337255532 0.0910603053234 9.2776 1.0 0.8652 21.9209252894 14.324042418 0.531533261639 1430778458.27
0.221 0.935480200607 0.0874431295417 9.3332 1.0 0.8836 21.9209252894 14.324042418 0.542539561709 1430778458.96
0.223 0.936323012766 0.079608359942 9.2756 1.0 0.0248 21.4604626447 14.3898346913 0.555682289579 1430778459.64
0.168 0.941914321094 0.0801827058437 9.4548 1.0 0.1896 21.4604626447 14.3898346913 0.540069678218 1430778460.31
0.208 0.94693127131 0.0859393783906 9.5112 1.0 0.2544 21.4604626447 14.3898346913 0.528909370501 1430778460.97
0.206 0.946769383322 0.0847914193949 9.7532 1.0 0.2928 21.4604626447 14.3898346913 0.54749177621 1430778461.64
0.196 0.942599832488 0.0812343235703 9.8304 1.0 0.3348 21.4604626447 14.3898346913 0.549262269533 1430778462.33
0.201 0.941604973584 0.0861422906809 9.6088 1.0 0.3896 21.4604626447 14.3898346913 0.542259795621 1430778462.99
0.204 0.940900774485 0.0924724272335 9.692 1.0 0.426 21.4604626447 14.3898346913 0.585715311248 1430778463.64
0.194 0.938220131829 0.0969327239648 9.8172 1.0 0.4636 21.4604626447 14.3898346913 0.582651948232 1430778464.32
0.223 0.934762049784 0.0979894915619 10.0004 1.0 0.496 21.4604626447 14.3898346913 0.577611440468 1430778464.95
0.206 0.930821121106 0.103202527013 10.1396 1.0 0.5288 21.4604626447 14.3898346913 0.538707786428 1430778465.59
0.21 0.929102040995 0.105117888516 10.1828 1.0 0.562 21.4604626447 14.3898346913 0.559997827523 1430778466.24
0.198 0.928393857399 0.106145883237 10.1768 1.0 0.5972 21.4604626447 14.3898346913 0.561722093399 1430778466.93
0.234 0.928127420537 0.108290769912 10.0456 1.0 0.6348 21.4604626447 14.3898346913 0.570653497737 1430778467.56
0.206 0.928140063349 0.116230806065 9.9416 1.0 0.6696 21.4604626447 14.3898346913 0.591344832264 1430778468.19
0.209 0.924952481794 0.121928459101 9.9796 1.0 0.6988 21.4604626447 14.3898346913 0.58477603251 1430778468.84
0.21 0.920280240803 0.130955887986 9.9652 1.0 0.7296 21.4604626447 14.3898346913 0.573183683942 1430778469.49
0.237 0.913442474894 0.137528329488 9.7036 1.0 0.7652 21.4604626447 14.3898346913 0.54572948746 1430778470.15
0.248 0.907671253609 0.141917078033 9.3816 1.0 0.8012 21.4604626447 14.3898346913 0.511580631799 1430778470.82
0.229 0.904942132297 0.143641406161 9.0652 1.0 0.8316 21.4604626447 14.3898346913 0.542342788065 1430778471.5
0.265 0.903060235846 0.145759210533 8.8648 1.0 0.856 21.4604626447 14.3898346913 0.546165971256 1430778472.16
0.262 0.899335709587 0.137496601081 8.668 1.0 0.88 21.4604626447 14.3898346913 0.513659471179 1430778472.8
0.271 0.902731170885 0.138200105552 8.3772 1.0 0.016 21.2302313223 14.1282699353 0.517659962197 1430778473.43
0.249 0.909737508436 0.13413645329 8.3848 1.0 0.2336 21.2302313223 14.1282699353 0.513883591337 1430778474.09
0.229 0.911514494704 0.131094134916 8.31 1.0 0.3056 21.2302313223 14.1282699353 0.527029289853 1430778474.78
0.246 0.910266951344 0.12436980231 8.0192 1.0 0.3692 21.2302313223 14.1282699353 0.504125643093 1430778475.44
0.238 0.910834247669 0.120211305822 8.0532 1.0 0.4156 21.2302313223 14.1282699353 0.509925465817 1430778476.13
0.23 0.911054610454 0.119783573627 7.9664 1.0 0.4628 21.2302313223 14.1282699353 0.525340806105 1430778476.81
0.243 0.915332619927 0.118504862138 7.906 1.0 0.5092 21.2302313223 14.1282699353 0.527414598314 1430778477.49
0.234 0.919686789417 0.119133025091 7.8732 1.0 0.5556 21.2302313223 14.1282699353 0.517809658579 1430778478.16
0.244 0.921786143753 0.115052587899 8.0472 1.0 0.5856 21.2302313223 14.1282699353 0.546612788905 1430778478.81
0.221 0.922807678224 0.111422647505 7.98 1.0 0.6228 21.2302313223 14.1282699353 0.545774888278 1430778479.45
0.247 0.924390725764 0.103644464328 8.0704 1.0 0.6504 21.2302313223 14.1282699353 0.543776825813 1430778480.09
0.205 0.928224116879 0.100291153449 7.8432 1.0 0.6892 21.2302313223 14.1282699353 0.56239248511 1430778480.77
0.216 0.929643163179 0.100160477691 7.78 1.0 0.7212 21.2302313223 14.1282699353 0.538524910675 1430778481.44
0.219 0.932578215311 0.10684773153 7.8964 1.0 0.7464 21.2302313223 14.1282699353 0.588640278417 1430778482.09
0.218 0.929954627776 0.108541994212 7.914 1.0 0.7748 21.2302313223 14.1282699353 0.533960578698 1430778482.74
0.222 0.92750893007 0.109023676257 7.8536 1.0 0.8044 21.2302313223 14.1282699353 0.54434519529 1430778483.36
0.233 0.927412912667 0.114942940411 8.04 1.0 0.8212 21.2302313223 14.1282699353 0.543118992844 1430778484.03
0.222 0.923863266747 0.113897370131 8.188 1.0 0.8404 21.2302313223 14.1282699353 0.541306182707 1430778484.68
0.222 0.922065335928 0.112600104285 8.4204 1.0 0.852 21.2302313223 14.1282699353 0.529357579619 1430778485.34
0.239 0.9210257237 0.115461193485 8.4552 1.0 0.868 21.2302313223 14.1282699353 0.549322600161 1430778486.01
0.231 0.921361145582 0.11203166202 8.404 1.0 0.8828 21.2302313223 14.1282699353 0.520983171924 1430778486.67
0.244 0.924410598919 0.112531579708 8.376 1.0 0.8984 21.2302313223 14.1282699353 0.558778743983 1430778487.32
0.234 0.925875058201 0.112956881935 8.4488 1.0 0.2136 21.6151156612 14.1381149414 0.574217175477 1430778487.97
0.26 0.924947851381 0.107048000684 8.266 1.0 0.2924 21.6151156612 14.1381149414 0.554503401412 1430778488.6
0.21 0.928014020258 0.110682003162 8.0904 1.0 0.3484 21.6151156612 14.1381149414 0.524873343944 1430778489.27
0.204 0.929413889559 0.112655568048 8.106 1.0 0.3948 21.6151156612 14.1381149414 0.561412869457 1430778489.91
0.22 0.927915457641 0.115960077109 8.0744 1.0 0.4388 21.6151156612 14.1381149414 0.518126978365 1430778490.55
0.213 0.925478881599 0.119610369574 8.0648 1.0 0.4788 21.6151156612 14.1381149414 0.530006687114 1430778491.18
0.239 0.922592445474 0.118288514943 8.21 1.0 0.5104 21.6151156612 14.1381149414 0.524124160424 1430778491.84
0.212 0.92232867455 0.121517121236 8.396 1.0 0.5348 21.6151156612 14.1381149414 0.534198118939 1430778492.47
0.203 0.923891728195 0.118938869768 8.364 1.0 0.57 21.6151156612 14.1381149414 0.523384471816 1430778493.13
0.245 0.926877663632 0.112733381873 8.3716 1.0 0.606 21.6151156612 14.1381149414 0.551071176883 1430778493.79
0.213 0.929001220622 0.107481738717 8.4764 1.0 0.6372 21.6151156612 14.1381149414 0.56804353113 1430778494.45
0.204 0.931132226032 0.106859673185 8.52 1.0 0.67 21.6151156612 14.1381149414 0.549018276113 1430778495.09
0.194 0.929087040498 0.100055511914 8.6088 1.0 0.698 21.6151156612 14.1381149414 0.568354803995 1430778495.76
0.205 0.928071260985 0.0974403017242 8.7832 1.0 0.7232 21.6151156612 14.1381149414 0.560716983074 1430778496.42
0.238 0.931736740574 0.100484381274 8.676 1.0 0.7568 21.6151156612 14.1381149414 0.566513649954 1430778497.06
0.201 0.932866371177 0.101678771759 8.9672 1.0 0.7716 21.6151156612 14.1381149414 0.558937724025 1430778497.79
0.188 0.93273327803 0.100529945299 9.2012 1.0 0.7872 21.6151156612 14.1381149414 0.562229229795 1430778498.5
0.206 0.930517476997 0.105078675247 9.1456 1.0 0.8096 21.6151156612 14.1381149414 0.561099159492 1430778499.19
0.198 0.928213204563 0.103586507616 9.134 1.0 0.8268 21.6151156612 14.1381149414 0.538975846478 1430778499.89
0.2 0.928392101818 0.102986422677 9.4188 1.0 0.8384 21.6151156612 14.1381149414 0.567534754241 1430778500.63
0.217 0.93086811432 0.104536225163 9.5292 1.0 0.8532 21.6151156612 14.1381149414 0.564610775595 1430778501.26
0.215 0.932171780662 0.100104835193 9.7272 1.0 0.8636 21.6151156612 14.1381149414 0.56510575717 1430778501.89
0.217 0.933279216502 0.0938120255115 9.6636 1.0 0.8772 21.6151156612 14.1381149414 0.532839780909 1430778502.55
0.225 0.936538457682 0.0911111190273 9.4284 1.0 0.8948 21.6151156612 14.1381149414 0.548030938709 1430778503.18
0.204 0.94128478368 0.0937740459258 9.1476 1.0 0.1088 22.8075578306 15.0943685831 0.567563292135 1430778503.86
0.195 0.940170646719 0.0888142069516 8.7168 1.0 0.24 22.8075578306 15.0943685831 0.582087421539 1430778504.54
0.193 0.937554204973 0.0905127801704 8.4988 1.0 0.3036 22.8075578306 15.0943685831 0.606154601126 1430778505.24
0.209 0.935341973421 0.0930011873304 8.6704 1.0 0.3412 22.8075578306 15.0943685831 0.598407637854 1430778505.9
0.207 0.932736489438 0.0886178961847 8.568 1.0 0.3876 22.8075578306 15.0943685831 0.597009932359 1430778506.58
0.194 0.931657519485 0.08958425475 8.3776 1.0 0.4356 22.8075578306 15.0943685831 0.593786884037 1430778507.2
0.223 0.934867577073 0.0964802599084 8.2124 1.0 0.4764 22.8075578306 15.0943685831 0.564655641502 1430778507.89
0.217 0.933511306916 0.102790946243 8.3924 1.0 0.504 22.8075578306 15.0943685831 0.557703551666 1430778508.52
0.22 0.92832807404 0.098921452913 8.6396 1.0 0.5336 22.8075578306 15.0943685831 0.532142224313 1430778509.16
0.201 0.927447598193 0.0959040477074 8.9936 1.0 0.5572 22.8075578306 15.0943685831 0.573853105005 1430778509.73
0.196 0.931011596774 0.0943963153782 9.002 1.0 0.5928 22.8075578306 15.0943685831 0.565116417776 1430778510.39
0.196 0.936644667924 0.0997411180527 9.0676 1.0 0.6184 22.8075578306 15.0943685831 0.581928476303 1430778511.06
0.211 0.937001981135 0.0976311139415 9.1908 1.0 0.6464 22.8075578306 15.0943685831 0.576777249292 1430778511.72
0.189 0.934138266838 0.0937540668334 9.3092 1.0 0.6724 22.8075578306 15.0943685831 0.570003184709 1430778512.36
0.204 0.934066333023 0.0919667403803 9.2932 1.0 0.702 22.8075578306 15.0943685831 0.562227269852 1430778513.01
0.209 0.935536931648 0.0941738680704 9.3204 1.0 0.7272 22.8075578306 15.0943685831 0.590889092173 1430778513.73
0.217 0.935069002622 0.095126485271 9.3772 1.0 0.7516 22.8075578306 15.0943685831 0.580331497611 1430778514.38
0.193 0.934972504843 0.0912632251211 9.3244 1.0 0.7772 22.8075578306 15.0943685831 0.559992818171 1430778515.05
0.214 0.935567319848 0.0863464045781 9.3604 1.0 0.7996 22.8075578306 15.0943685831 0.57676524111 1430778515.68
0.187 0.937908970341 0.0798869654145 9.3748 1.0 0.822 22.8075578306 15.0943685831 0.595529715116 1430778516.34
0.19 0.942604150531 0.0837855639011 9.4792 1.0 0.8396 22.8075578306 15.0943685831 0.59072347768 1430778517.0
0.192 0.94472595804 0.0879146160173 9.4476 1.0 0.8612 22.8075578306 15.0943685831 0.557796890203 1430778517.7
0.186 0.940920932192 0.087259145753 9.6168 1.0 0.878 22.8075578306 15.0943685831 0.584143440482 1430778518.37
0.191 0.938119592058 0.0901576854134 9.4844 1.0 0.896 22.8075578306 15.0943685831 0.578344292241 1430778519.04
0.195 0.937821049427 0.0922755788072 9.7148 1.0 0.0856 23.4037789153 15.4841007621 0.552486587324 1430778519.71
0.187 0.937262730805 0.0949475310276 9.9944 1.0 0.2088 23.4037789153 15.4841007621 0.58118380902 1430778520.4
0.189 0.936832154004 0.102461215568 10.0936 1.0 0.2664 23.4037789153 15.4841007621 0.572423591563 1430778521.06
0.234 0.934989356194 0.107057899493 10.1372 1.0 0.3164 23.4037789153 15.4841007621 0.573913999056 1430778521.72
0.202 0.929996842656 0.10961926303 10.172 1.0 0.36 23.4037789153 15.4841007621 0.610533557068 1430778522.4
0.225 0.925349847832 0.107907031809 10.1824 1.0 0.4044 23.4037789153 15.4841007621 0.578116282887 1430778523.05
0.21 0.924977217302 0.100001291234 9.994 1.0 0.4536 23.4037789153 15.4841007621 0.581078318546 1430778523.74
0.221 0.92805416004 0.0997760175309 9.8228 1.0 0.4968 23.4037789153 15.4841007621 0.565178362837 1430778524.41
0.231 0.930660226186 0.100346704183 9.6328 1.0 0.536 23.4037789153 15.4841007621 0.58124820698 1430778525.12
0.205 0.930741045258 0.0967503050031 9.4428 1.0 0.576 23.4037789153 15.4841007621 0.567508172176 1430778525.79
0.206 0.93297030716 0.0961602593558 9.2476 1.0 0.6104 23.4037789153 15.4841007621 0.541413028674 1430778526.47
0.209 0.933354000975 0.097343762104 9.304 1.0 0.6376 23.4037789153 15.4841007621 0.559068576339 1430778527.11
0.21 0.931507715386 0.0960021504203 9.1692 1.0 0.6704 23.4037789153 15.4841007621 0.586840490237 1430778527.78
0.204 0.932775692052 0.0924113525303 9.0276 1.0 0.704 23.4037789153 15.4841007621 0.534281657985 1430778528.44
0.204 0.934155441095 0.0941181730609 8.9904 1.0 0.7312 23.4037789153 15.4841007621 0.526187427299 1430778529.07
0.205 0.935507359563 0.0911694239801 8.9168 1.0 0.7588 23.4037789153 15.4841007621 0.553118208789 1430778529.7
0.202 0.935384200812 0.0901760691884 8.9624 1.0 0.786 23.4037789153 15.4841007621 0.579252121507 1430778530.34
0.187 0.93620482706 0.0958682967007 8.9672 1.0 0.81 23.4037789153 15.4841007621 0.574503770101 1430778530.98
0.185 0.937021197161 0.0996368026984 8.9832 1.0 0.8352 23.4037789153 15.4841007621 0.627991942116 1430778531.64
0.202 0.934212698589 0.0967560507434 8.8416 1.0 0.8628 23.4037789153 15.4841007621 0.564319746544 1430778532.31
0.201 0.93501332255 0.096115923034 8.688 1.0 0.8868 23.4037789153 15.4841007621 0.573423023219 1430778532.97
0.202 0.935822344725 0.102614583607 8.5996 1.0 0.1228 22.2018894576 14.6739167884 0.567320554872 1430778533.62
0.203 0.933283777338 0.100548261973 8.7324 1.0 0.2356 22.2018894576 14.6739167884 0.553162814088 1430778534.26
0.217 0.931518961222 0.100556753041 8.98 1.0 0.2832 22.2018894576 14.6739167884 0.579084750991 1430778534.92
0.202 0.928734542377 0.0952529392929 8.9312 1.0 0.3356 22.2018894576 14.6739167884 0.579598799291 1430778535.53
0.191 0.930420188792 0.097346206316 8.9432 1.0 0.3752 22.2018894576 14.6739167884 0.5865692446 1430778536.17
0.2 0.933721979569 0.0999714075896 9.0784 1.0 0.41 22.2018894576 14.6739167884 0.618334112962 1430778536.82
0.202 0.932596770723 0.0954691209501 8.7804 1.0 0.4604 22.2018894576 14.6739167884 0.594262806491 1430778537.49
0.225 0.930553842604 0.0953894128228 8.8068 1.0 0.4992 22.2018894576 14.6739167884 0.567875532498 1430778538.18
0.217 0.930274387258 0.10049282355 8.736 1.0 0.5424 22.2018894576 14.6739167884 0.565597344037 1430778538.84
0.203 0.932507770063 0.106396798254 8.7696 1.0 0.5784 22.2018894576 14.6739167884 0.578649226639 1430778539.52
0.216 0.931627500684 0.110092939422 8.7648 1.0 0.6152 22.2018894576 14.6739167884 0.593708549323 1430778540.17
0.216 0.92961894783 0.110925299632 8.8232 1.0 0.6464 22.2018894576 14.6739167884 0.583092837309 1430778540.81
0.228 0.92633802095 0.108072791073 8.8468 1.0 0.68 22.2018894576 14.6739167884 0.565042412414 1430778541.49
0.214 0.924612301432 0.110567767432 8.7044 1.0 0.7176 22.2018894576 14.6739167884 0.557819926775 1430778542.14
0.216 0.925134798016 0.116293692762 8.7348 1.0 0.7444 22.2018894576 14.6739167884 0.585624783126 1430778542.84
0.215 0.92426257596 0.120234964399 8.8076 1.0 0.7672 22.2018894576 14.6739167884 0.594058190731 1430778543.46
0.222 0.920646944846 0.118553529252 8.8324 1.0 0.79 22.2018894576 14.6739167884 0.585419570072 1430778544.12
0.245 0.920233773862 0.114218536177 8.824 1.0 0.8124 22.2018894576 14.6739167884 0.561805754405 1430778544.74
0.232 0.921571414903 0.105841384919 8.824 1.0 0.8316 22.2018894576 14.6739167884 0.547595401854 1430778545.38
0.23 0.92773559165 0.105689795692 9.056 1.0 0.8472 22.2018894576 14.6739167884 0.530064120722 1430778546.05
0.203 0.932948009481 0.111852303625 9.1496 1.0 0.8616 22.2018894576 14.6739167884 0.55706773951 1430778546.75
