0.056 0.97596993911 0.0512935868668 0.9596 0.0416 0.0416 0 0 0.903693958734 1430780563.01
0.08 0.938422411794 0.0163516156647 1.8436 0.0824 0.0824 0 0 0.687508762911 1430780563.26
0.066 0.955349473358 0.0181061763692 2.7612 0.0936 0.0936 0 0 0.756409930584 1430780563.49
0.057 0.982365605699 0.0246876686277 3.6888 0.1024 0.1024 0 0 0.849936392577 1430780563.72
0.038 0.991119418223 0.0245003820919 4.6044 0.1124 0.1124 0 0 0.874130440763 1430780563.94
0.033 0.988105864643 0.0141339279247 5.518 0.1188 0.1188 0 0 0.833952133813 1430780564.15
0.044 0.987894793147 0.00768179595549 6.428 0.126 0.126 0 0 0.838117184778 1430780564.38
0.031 0.991651470474 0.0129264926576 7.3392 0.1308 0.1308 0 0 0.872514241579 1430780564.61
0.034 0.99271435631 0.017953407572 8.2232 0.1372 0.1372 0 0 0.872899299972 1430780564.85
0.037 0.990909049844 0.0186012000233 9.1132 0.1428 0.1428 0 0 0.853974457909 1430780565.06
0.042 0.985090878719 0.0188514620953 9.9688 0.1508 0.1508 0 0 0.846710541655 1430780565.28
0.053 0.9816650587 0.027927303801 10.8028 0.1592 0.1592 0 0 0.835787519312 1430780565.51
0.061 0.974487774362 0.0270807575162 11.5184 0.1728 0.1728 0 0 0.785052655881 1430780565.74
0.056 0.970424433862 0.0229931428586 12.2676 0.1848 0.1848 0 0 0.761599323693 1430780565.97
0.068 0.976274188491 0.026291696806 13.046 0.1964 0.1964 0 0 0.801504443458 1430780566.18
0.043 0.980890188571 0.0289644797883 13.8532 0.2044 0.2044 0 0 0.828289811772 1430780566.41
0.04 0.982009389744 0.0296531047677 14.6376 0.2132 0.2132 0 0 0.852354064541 1430780566.62
0.053 0.97741623442 0.026707356399 15.3904 0.2216 0.2216 0 0 0.774032081687 1430780566.84
0.051 0.979010033974 0.0322102273201 16.1356 0.2296 0.2296 0 0 0.803439121315 1430780567.05
0.053 0.97546214648 0.0345930511127 16.8176 0.2392 0.2392 0 0 0.815415654525 1430780567.27
0.058 0.968487181595 0.0340985345268 17.4084 0.2516 0.2516 0 0 0.717276687251 1430780567.51
0.05 0.966177257567 0.0344693890417 18.1756 0.2588 0.2588 0 0 0.718914840273 1430780567.73
0.041 0.966675417557 0.0384441911709 18.7228 0.274 0.274 0 0 0.716228271177 1430780567.97
0.058 0.964189134884 0.0334632782922 19.3296 0.284 0.284 0 0 0.680761168481 1430780568.16
0.052 0.966747282989 0.0286943584719 19.9884 0.292 0.292 0 0 0.714140987576 1430780568.4
0.05 0.974210372515 0.0296612138393 20.6888 0.2988 0.2988 0 0 0.740956984998 1430780568.62
0.041 0.980396997485 0.0336534775495 21.428 0.3044 0.3044 0 0 0.753294374504 1430780568.84
0.043 0.980192213343 0.0332763704803 22.1496 0.3108 0.3108 0 0 0.800337233705 1430780569.06
0.047 0.978339022126 0.0265078542736 22.724 0.3196 0.3196 0 0 0.760886344422 1430780569.29
0.047 0.978839795082 0.0256034107264 23.3976 0.3248 0.3248 0 0 0.779720347674 1430780569.51
0.043 0.983099170637 0.0299687303832 24.1188 0.3292 0.3292 0 0 0.766215757517 1430780569.74
0.033 0.979346496853 0.0258497065312 24.826 0.334 0.334 0 0 0.759579448799 1430780569.97
0.04 0.976135161908 0.0243216372172 25.5224 0.3384 0.3384 0 0 0.73938689283 1430780570.17
0.036 0.977767410524 0.0284237933526 26.1164 0.3476 0.3476 0 0 0.757626480394 1430780570.4
0.045 0.979560033988 0.0389533243079 26.708 0.3564 0.3564 0 0 0.760542369433 1430780570.63
0.036 0.973995853171 0.0415156171193 27.42 0.3616 0.3616 0 0 0.754240173375 1430780570.88
0.042 0.967956414633 0.0356281265145 28.0312 0.3676 0.3676 0 0 0.731760326174 1430780571.11
0.045 0.966229172987 0.0354566821767 28.7232 0.3728 0.3728 0 0 0.736654673332 1430780571.32
0.049 0.969366937589 0.0471224226081 29.3112 0.3792 0.3792 0 0 0.707515692256 1430780571.55
0.057 0.967294985377 0.0491435555039 30.0032 0.3828 0.3828 0 0 0.719077789652 1430780571.8
0.054 0.964609783952 0.047067667785 30.5968 0.3892 0.3892 0 0 0.743668961656 1430780572.02
0.051 0.96582388402 0.0492914616816 31.076 0.3976 0.3976 0 0 0.698786837557 1430780572.24
0.058 0.963561172154 0.0521424161054 31.4832 0.406 0.406 0 0 0.670603518206 1430780572.5
0.063 0.96137555457 0.0510498400301 31.8616 0.414 0.414 0 0 0.676084802642 1430780572.73
0.056 0.962183351899 0.0536770631409 32.0948 0.4268 0.4268 0 0 0.593237570653 1430780572.95
0.062 0.960678059286 0.0588279067274 32.6056 0.4344 0.4344 0 0 0.643636046489 1430780573.18
0.054 0.957190178438 0.0618443569042 33.2612 0.4392 0.4392 0 0 0.572717910268 1430780573.41
0.064 0.954100851676 0.0596416149599 33.3776 0.4536 0.4536 0 0 0.606673931033 1430780573.65
0.061 0.953134201361 0.0669665741906 33.5532 0.466 0.466 0 0 0.612167067844 1430780573.89
0.061 0.948841259873 0.0837495355127 33.6016 0.482 0.482 0 0 0.56933903345 1430780574.08
0.07 0.939852948247 0.0917047325476 33.652 0.4936 0.4936 0 0 0.514518827212 1430780574.32
0.065 0.929439622905 0.104635842115 33.75 0.5068 0.5068 0 0 0.535420739532 1430780574.56
0.07 0.926691092245 0.123181943291 34.06 0.5148 0.5148 0 0 0.532787432368 1430780574.8
0.072 0.918205971287 0.127895732427 33.7864 0.5324 0.5324 0 0 0.459093104592 1430780575.03
0.08 0.910359577516 0.118243468945 33.9664 0.5432 0.5432 0 0 0.502878792155 1430780575.25
0.077 0.913705313617 0.132023654431 34.2932 0.5492 0.5492 0 0 0.490031361754 1430780575.5
0.079 0.915641530206 0.135267473769 34.2744 0.5636 0.5636 0 0 0.483027645965 1430780575.72
0.093 0.913917633059 0.131948458021 34.3672 0.5744 0.5744 0 0 0.470065392809 1430780575.97
0.082 0.914702263345 0.12369512812 34.6564 0.5832 0.5832 0 0 0.529614747848 1430780576.24
0.085 0.916032322037 0.120876581424 34.5224 0.5984 0.5984 0 0 0.495662447467 1430780576.46
0.088 0.917701271928 0.122967709211 34.3764 0.6136 0.6136 0 0 0.542938407331 1430780576.7
0.082 0.92149423282 0.135791327179 34.6092 0.6228 0.6228 0 0 0.544757926915 1430780576.93
0.064 0.91534586554 0.139131643497 34.7036 0.6328 0.6328 0 0 0.540352996392 1430780577.17
0.088 0.91037467032 0.132152483837 34.602 0.6472 0.6472 0 0 0.501490984974 1430780577.4
0.079 0.913568388858 0.137298220767 34.9404 0.6552 0.6552 0 0 0.527546587414 1430780577.64
0.07 0.914625603939 0.135651073376 35.2144 0.6628 0.6628 0 0 0.552280671636 1430780577.88
0.093 0.91463719 0.138237674333 35.3172 0.6732 0.6732 0 0 0.564067086542 1430780578.12
0.092 0.912290230864 0.126285246892 35.3588 0.6824 0.6824 0 0 0.571314832008 1430780578.38
0.067 0.909605793449 0.11895281574 35.1212 0.6972 0.6972 0 0 0.504120294892 1430780578.58
0.067 0.919563220163 0.120446271753 35.422 0.7036 0.7036 0 0 0.570959834029 1430780578.83
0.077 0.922758997516 0.123268201791 35.248 0.7148 0.7148 0 0 0.537917775293 1430780579.08
0.074 0.924394414922 0.134123893069 35.5428 0.7204 0.7204 0 0 0.61441327804 1430780579.32
0.066 0.918266341861 0.136512180962 35.5516 0.7308 0.7308 0 0 0.573946371129 1430780579.56
0.083 0.907057365334 0.1317302731 35.7516 0.7364 0.7364 0 0 0.512375803449 1430780579.79
0.078 0.90198125051 0.12879971446 35.8644 0.7436 0.7436 0 0 0.541720676072 1430780580.03
0.077 0.906343093742 0.14002068496 35.9928 0.75 0.75 0 0 0.527239126456 1430780580.26
0.084 0.905528355538 0.145917775979 36.0088 0.7584 0.7584 0 0 0.508010895773 1430780580.52
0.074 0.902889679984 0.13883462459 35.9196 0.766 0.766 0 0 0.51201474347 1430780580.74
0.078 0.90625711182 0.135214279225 36.1384 0.772 0.772 0 0 0.528495870723 1430780581.0
0.07 0.9125833893 0.139453748453 36.3052 0.7776 0.7776 0 0 0.553951621755 1430780581.24
0.078 0.910216142462 0.128809801337 36.1624 0.7856 0.7856 0 0 0.52679024569 1430780581.5
0.091 0.908717224035 0.128395618826 36.7488 0.7872 0.7872 0 0 0.556235272424 1430780581.74
0.085 0.909540998986 0.13141448635 36.9896 0.7912 0.7912 0 0 0.560698411272 1430780581.99
0.085 0.912483169444 0.139249050586 37.3112 0.7944 0.7944 0 0 0.552542525984 1430780582.23
0.083 0.910248118391 0.150732026383 37.3288 0.8032 0.8032 0 0 0.641036025694 1430780582.45
0.088 0.903117742159 0.151576957828 37.78 0.8048 0.8048 0 0 0.517999323898 1430780582.69
0.064 0.894276270671 0.149162519026 37.8396 0.8112 0.8112 0 0 0.54697647163 1430780582.93
0.087 0.896032134685 0.156532135253 38.4128 0.8116 0.8116 0 0 0.503635401956 1430780583.16
0.083 0.896780230522 0.181419088046 38.7388 0.814 0.814 0 0 0.561536587159 1430780583.39
0.085 0.891188466717 0.169066063183 38.7736 0.82 0.82 0 0 0.556791764941 1430780583.61
0.099 0.885534964963 0.181117682079 39.0248 0.8224 0.8224 0 0 0.526114667935 1430780583.84
0.127 0.885406690489 0.183859881914 39.0388 0.826 0.826 0 0 0.507815240062 1430780584.11
0.112 0.880214220762 0.181253750889 39.2804 0.8264 0.8264 0 0 0.518021679925 1430780584.34
0.099 0.879299805026 0.16629259403 39.4068 0.8284 0.8284 0 0 0.510918783463 1430780584.56
0.09 0.887948307986 0.158198058436 39.6928 0.8312 0.8312 0 0 0.505700584714 1430780584.79
0.093 0.898577044285 0.156607762285 39.672 0.8364 0.8364 0 0 0.578162902019 1430780585.02
0.063 0.903536058433 0.154580936594 40.1924 0.8364 0.8364 0 0 0.550432393458 1430780585.24
0.078 0.903463610698 0.146095152888 40.4828 0.8372 0.8372 0 0 0.58140836818 1430780585.46
0.076 0.902852689485 0.140585014777 40.7612 0.8372 0.8372 0 0 0.533695238784 1430780585.7
0.078 0.900530915745 0.121849620422 40.8508 0.8372 0.8372 0 0 0.565868536557 1430780585.96
0.057 0.91034058956 0.112266824088 41.2836 0.8372 0.8372 0 0 0.564672548442 1430780586.21
0.069 0.921058986695 0.117310640334 41.3168 0.8372 0.8372 0 0 0.616522605721 1430780586.45
0.075 0.922726270028 0.114777621158 41.7976 0.838 0.838 0 0 0.641713982225 1430780586.7
0.086 0.918114216779 0.106930169853 41.5944 0.8412 0.8412 0 0 0.583909136596 1430780586.92
0.083 0.922912133715 0.112522272523 41.9432 0.8428 0.8428 0 0 0.582935904024 1430780587.17
0.087 0.925725526348 0.11973282124 42.0004 0.8428 0.8428 0 0 0.543961876423 1430780587.39
0.077 0.923673724364 0.120537381468 42.1936 0.844 0.844 0 0 0.589922749352 1430780587.63
0.08 0.92364485281 0.122715950214 42.2656 0.8452 0.8452 0 0 0.608336558585 1430780587.86
0.076 0.923693975792 0.117008051757 41.9888 0.8492 0.8492 0 0 0.561952994238 1430780588.11
0.079 0.923299093112 0.114375412739 42.0768 0.8512 0.8512 0 0 0.579274115109 1430780588.34
0.079 0.923532377013 0.11220589633 41.836 0.852 0.852 0 0 0.584774312593 1430780588.57
0.088 0.922111363141 0.11412095468 41.8336 0.854 0.854 0 0 0.550717710318 1430780588.81
0.051 0.921215852727 0.0994084534721 41.4788 0.856 0.856 0 0 0.512661784767 1430780589.05
0.071 0.926935685946 0.0945791506392 41.7208 0.8572 0.8572 0 0 0.58507994958 1430780589.28
0.076 0.931916568432 0.0949567186699 41.6976 0.8588 0.8588 0 0 0.55866039395 1430780589.53
0.074 0.939486483474 0.0887913087281 41.5312 0.8588 0.8588 0 0 0.5905295764 1430780589.78
0.058 0.939551002026 0.0827875390019 40.824 0.8612 0.8612 0 0 0.586571696544 1430780590.0
0.054 0.942146212489 0.0788508780722 40.9472 0.862 0.862 0 0 0.559616126999 1430780590.24
0.054 0.944735627646 0.0743748866179 40.2892 0.8668 0.8668 0 0 0.622291664324 1430780590.47
0.07 0.94670662804 0.0766966740973 39.9292 0.8704 0.8704 0 0 0.559998396701 1430780590.72
0.065 0.946982065764 0.073088303119 39.5756 0.8756 0.8756 0 0 0.638609596687 1430780590.94
0.052 0.946591964415 0.0778134636894 39.7352 0.8772 0.8772 0 0 0.626501453046 1430780591.18
0.078 0.943675691851 0.0733063553608 39.7584 0.8812 0.8812 0 0 0.625366790808 1430780591.39
0.066 0.945652308663 0.0852153917155 39.4376 0.8856 0.8856 0 0 0.596213951806 1430780591.63
0.089 0.943455030757 0.0874391487882 39.8928 0.886 0.886 0 0 0.588547730336 1430780591.86
0.094 0.938349099694 0.0861169912805 39.6032 0.8884 0.8884 0 0 0.575535691691 1430780592.08
0.089 0.936038228282 0.089600230895 39.1032 0.8956 0.8956 0 0 0.545917717126 1430780592.35
0.069 0.93253513214 0.0947120436005 39.0504 0.898 0.898 0 0 0.526434810608 1430780592.57
0.076 0.934837542318 0.0930532313931 38.274 0.904 0.0464 128 29.8571109772 0.536211268075 1430780592.84
0.077 0.940175550052 0.0958286249078 38.216 0.9068 0.0932 128 29.8571109772 0.522636983094 1430780593.06
0.084 0.940698688268 0.111094639033 37.7692 0.9104 0.1196 128 29.8571109772 0.503526175434 1430780593.29
0.075 0.934322239784 0.112227541519 37.6504 0.9116 0.1416 128 29.8571109772 0.497591798973 1430780593.51
0.081 0.921945703985 0.110612835087 37.526 0.9128 0.1644 128 29.8571109772 0.451463825492 1430780593.75
0.078 0.917793855825 0.116006686073 36.9452 0.9184 0.1892 128 29.8571109772 0.488056860241 1430780593.96
0.097 0.9147847205 0.119061538164 37.052 0.9192 0.2092 128 29.8571109772 0.448276450774 1430780594.21
0.105 0.913064944011 0.130687195129 36.964 0.9192 0.2268 128 29.8571109772 0.451036186914 1430780594.44
0.092 0.910767478033 0.125938093156 36.484 0.9216 0.2472 128 29.8571109772 0.455023259317 1430780594.68
0.093 0.915749143688 0.119308495244 35.9668 0.922 0.2724 128 29.8571109772 0.49620889795 1430780594.94
0.089 0.922667277477 0.118038235191 35.8872 0.9244 0.2864 128 29.8571109772 0.555880362929 1430780595.17
0.075 0.927788506247 0.112928748416 35.8736 0.9244 0.3024 128 29.8571109772 0.484452213639 1430780595.41
0.084 0.931044122623 0.10194939557 35.7304 0.9248 0.3232 128 29.8571109772 0.524045135297 1430780595.65
0.074 0.93311775627 0.0942805475588 35.2016 0.928 0.3448 128 29.8571109772 0.570786877673 1430780595.88
0.079 0.935576795887 0.0795191737547 35.192 0.9284 0.3608 128 29.8571109772 0.526447938231 1430780596.1
0.064 0.940662387041 0.0801448388977 35.0656 0.93 0.378 128 29.8571109772 0.5622538563 1430780596.32
0.07 0.944097441045 0.0847318244604 35.1292 0.9304 0.3948 128 29.8571109772 0.585991380963 1430780596.54
0.065 0.944919442431 0.0714160774414 34.9632 0.9332 0.4096 128 29.8571109772 0.597376713429 1430780596.78
0.07 0.946880353339 0.0649976491144 34.7508 0.9348 0.4264 128 29.8571109772 0.566014755298 1430780597.01
0.087 0.948434937439 0.0695053378913 34.2056 0.938 0.4456 128 29.8571109772 0.600037447642 1430780597.25
0.067 0.951256274214 0.0727294864739 34.0048 0.9388 0.4608 128 29.8571109772 0.627999912012 1430780597.47
0.082 0.951333297941 0.0729980423802 33.6264 0.9424 0.476 128 29.8571109772 0.616216368948 1430780597.69
0.062 0.950342849094 0.0779032546733 34.1612 0.9432 0.482 128 29.8571109772 0.640992203644 1430780597.91
0.068 0.943882701104 0.0820789113443 34.3672 0.944 0.492 128 29.8571109772 0.580203345508 1430780598.12
0.079 0.937630495573 0.0837306967943 33.8156 0.9464 0.5088 128 29.8571109772 0.527164902355 1430780598.37
0.063 0.936610315987 0.0947706609508 33.79 0.948 0.522 128 29.8571109772 0.482576798372 1430780598.61
0.068 0.936365304443 0.0844218776003 33.8984 0.9488 0.5332 128 29.8571109772 0.495063099782 1430780598.85
0.07 0.936100720485 0.086756379159 33.9644 0.9504 0.5436 128 29.8571109772 0.534224931247 1430780599.1
0.055 0.938840775574 0.105170334934 33.6928 0.9524 0.56 128 29.8571109772 0.574062387613 1430780599.34
0.068 0.933965510723 0.104136241112 33.5536 0.9544 0.5752 128 29.8571109772 0.607687958826 1430780599.57
0.053 0.928859575838 0.0959350538599 33.4964 0.9576 0.586 128 29.8571109772 0.581513894112 1430780599.81
0.069 0.928747651091 0.0966032116593 33.6788 0.9588 0.5956 128 29.8571109772 0.626983464974 1430780600.07
0.073 0.934762342671 0.102350773999 33.8588 0.9592 0.606 128 29.8571109772 0.609700568633 1430780600.31
0.062 0.930443778483 0.108203663633 33.5392 0.962 0.6188 128 29.8571109772 0.594447498662 1430780600.55
0.068 0.925295384991 0.105600778476 33.1012 0.966 0.632 128 29.8571109772 0.599114657385 1430780600.78
0.084 0.921083746471 0.106347811325 32.5888 0.9684 0.6464 128 29.8571109772 0.504166922485 1430780601.02
0.08 0.922177694693 0.112583672577 32.714 0.9688 0.6556 128 29.8571109772 0.468303548495 1430780601.26
0.061 0.921364829593 0.103934549769 32.5532 0.9696 0.6696 128 29.8571109772 0.529420244695 1430780601.48
0.072 0.921394043104 0.0927692222033 33.0312 0.9696 0.6744 128 29.8571109772 0.548672893124 1430780601.7
0.068 0.9297451839 0.0950832756936 33.3592 0.9712 0.6792 128 29.8571109772 0.542809463049 1430780601.94
0.071 0.930509319671 0.0903903657981 33.2516 0.9728 0.69 128 29.8571109772 0.54673513466 1430780602.16
0.065 0.934565681147 0.0841013585974 33.9016 0.9728 0.6924 128 29.8571109772 0.585947027938 1430780602.42
0.067 0.94087801449 0.0791956715543 33.6188 0.9772 0.6996 128 29.8571109772 0.602203009537 1430780602.66
0.053 0.947162148347 0.0696412602295 33.7972 0.978 0.7056 128 29.8571109772 0.580395556953 1430780602.9
0.07 0.949871099376 0.0630718227278 33.9212 0.9788 0.7116 128 29.8571109772 0.648859655357 1430780603.13
0.062 0.951929949629 0.0677271173475 33.9244 0.9788 0.72 128 29.8571109772 0.603878469348 1430780603.36
0.069 0.952346325952 0.0725919460033 34.038 0.9788 0.7288 128 29.8571109772 0.635262621119 1430780603.59
0.079 0.949822195275 0.0756024519644 33.5832 0.9812 0.74 128 29.8571109772 0.65322172215 1430780603.82
0.066 0.945214175675 0.07160641105 33.9284 0.9816 0.7448 128 29.8571109772 0.597927328815 1430780604.04
0.067 0.944847359541 0.0654181934368 33.7448 0.9852 0.7532 128 29.8571109772 0.641418039663 1430780604.26
0.068 0.948575613531 0.0616388934721 34.1424 0.9856 0.7592 128 29.8571109772 0.600713729881 1430780604.48
0.053 0.954515706326 0.0669179881129 33.762 0.99 0.7704 128 29.8571109772 0.666074436842 1430780604.72
0.058 0.95422639167 0.0735982721797 33.922 0.9916 0.7768 128 29.8571109772 0.657966876657 1430780604.96
0.059 0.950874839306 0.0748917954559 33.7776 0.9924 0.7876 128 29.8571109772 0.628101446406 1430780605.2
0.068 0.946838197612 0.076590340268 34.0632 0.9924 0.7948 128 29.8571109772 0.662430712843 1430780605.42
0.068 0.945688959829 0.0810340062071 34.4208 0.9924 0.8008 128 29.8571109772 0.606608553337 1430780605.64
0.063 0.945933195352 0.089775034778 34.5792 0.9924 0.8076 128 29.8571109772 0.584526405014 1430780605.85
0.062 0.944616175846 0.0939644888903 34.6296 0.9924 0.8172 128 29.8571109772 0.603171945318 1430780606.07
0.067 0.938864275596 0.0894990165013 34.954 0.9924 0.8212 128 29.8571109772 0.586967883824 1430780606.29
0.065 0.939644150246 0.0892443678789 35.012 0.9924 0.8264 128 29.8571109772 0.54083005168 1430780606.54
0.065 0.942669813498 0.0939698936439 35.278 0.9924 0.8324 128 29.8571109772 0.676898862478 1430780606.75
0.083 0.941167218599 0.0977854528154 35.4832 0.9924 0.8396 128 29.8571109772 0.58789837021 1430780606.98
0.057 0.938128896055 0.107734580144 35.4708 0.9924 0.8468 128 29.8571109772 0.603835414515 1430780607.23
0.067 0.930240356149 0.109099758395 35.206 0.9924 0.8548 128 29.8571109772 0.524747817022 1430780607.46
0.087 0.923877867542 0.109724985751 34.4636 0.9944 0.8676 128 29.8571109772 0.615921792373 1430780607.7
0.089 0.922133509135 0.107673937785 34.428 0.9944 0.8748 128 29.8571109772 0.596150090314 1430780607.92
0.073 0.923459732789 0.098508213696 34.2716 0.9944 0.884 128 29.8571109772 0.595301108658 1430780608.17
0.089 0.930337775586 0.0947664668532 34.252 0.9944 0.892 128 29.8571109772 0.619726902171 1430780608.38
0.073 0.9326892742 0.0922548603689 34.168 0.9944 0.8988 128 29.8571109772 0.618866943496 1430780608.63
0.069 0.933185054675 0.0963117682908 34.6112 0.9944 0.0392 98.5 22.9378819466 0.636539559153 1430780608.84
0.07 0.932363406907 0.101257822235 34.5048 0.9944 0.0756 98.5 22.9378819466 0.63759923927 1430780609.07
0.071 0.931846897776 0.103623991493 34.4128 0.9944 0.0976 98.5 22.9378819466 0.631119434826 1430780609.29
0.063 0.928032491663 0.100385810727 34.5516 0.9944 0.1116 98.5 22.9378819466 0.62935669152 1430780609.51
0.067 0.924472368014 0.102183046188 34.7244 0.9944 0.13 98.5 22.9378819466 0.59191619287 1430780609.76
0.08 0.925605503083 0.112272317489 34.5744 0.9944 0.1504 98.5 22.9378819466 0.547583854197 1430780609.99
0.075 0.923739947188 0.111315807367 34.7444 0.9944 0.1644 98.5 22.9378819466 0.581648567973 1430780610.22
0.089 0.920259767418 0.115898010178 34.5364 0.9944 0.1828 98.5 22.9378819466 0.575768533477 1430780610.43
0.07 0.919667457551 0.119936605016 34.3492 0.9944 0.206 98.5 22.9378819466 0.534303058535 1430780610.66
0.083 0.918801348816 0.126632505735 34.232 0.9944 0.2244 98.5 22.9378819466 0.567207379408 1430780610.88
0.085 0.916570997223 0.129866819714 34.0688 0.9944 0.2468 98.5 22.9378819466 0.518740139948 1430780611.13
0.093 0.911132126488 0.128005055885 34.0184 0.9944 0.2644 98.5 22.9378819466 0.518407395428 1430780611.36
0.077 0.913409330401 0.130668462625 33.7432 0.9944 0.286 98.5 22.9378819466 0.539238928514 1430780611.59
0.09 0.919194969482 0.134890858012 34.1316 0.9944 0.2956 98.5 22.9378819466 0.567516479115 1430780611.83
0.088 0.91770363086 0.131367714604 34.5428 0.9944 0.3032 98.5 22.9378819466 0.56203018078 1430780612.07
0.06 0.919464314338 0.13278557776 34.4332 0.9944 0.3184 98.5 22.9378819466 0.520924337396 1430780612.33
0.065 0.921927042967 0.131306087758 34.3504 0.9944 0.3324 98.5 22.9378819466 0.559917112846 1430780612.55
0.076 0.918785592355 0.133093325048 34.716 0.9944 0.3428 98.5 22.9378819466 0.57287011049 1430780612.77
0.093 0.91695446321 0.134008606197 35.0764 0.9944 0.3536 98.5 22.9378819466 0.552314623252 1430780612.99
0.079 0.919008687443 0.139629105466 35.3656 0.9944 0.3656 98.5 22.9378819466 0.592758030356 1430780613.21
0.072 0.915708190497 0.133982547297 35.5612 0.9944 0.3756 98.5 22.9378819466 0.582263964964 1430780613.45
0.086 0.914268044381 0.136324648067 35.8716 0.9948 0.3848 98.5 22.9378819466 0.548566055447 1430780613.66
0.083 0.913944012126 0.130660570055 36.016 0.9952 0.3956 98.5 22.9378819466 0.509665601698 1430780613.88
0.091 0.915240399583 0.133754722016 36.2776 0.9956 0.4052 98.5 22.9378819466 0.548290923936 1430780614.11
0.069 0.917405032162 0.135414726122 36.2712 0.9956 0.4192 98.5 22.9378819466 0.570782201217 1430780614.33
0.085 0.916098751303 0.144699243298 36.2692 0.996 0.4312 98.5 22.9378819466 0.591848778692 1430780614.54
0.099 0.910147323268 0.149109419216 36.3252 0.996 0.4456 98.5 22.9378819466 0.556851758577 1430780614.77
0.089 0.903302981933 0.142451636329 35.9328 0.996 0.4628 98.5 22.9378819466 0.553825391463 1430780615.0
0.092 0.902407818735 0.145053765555 35.5052 0.996 0.48 98.5 22.9378819466 0.538928320518 1430780615.25
0.09 0.909420022794 0.152048598727 35.2376 0.996 0.4976 98.5 22.9378819466 0.579014471645 1430780615.49
0.096 0.909339536034 0.15912928428 34.7468 0.9968 0.5148 98.5 22.9378819466 0.522983266666 1430780615.72
0.101 0.900652189038 0.154796030097 34.0184 0.998 0.534 98.5 22.9378819466 0.530488597407 1430780615.96
0.085 0.889894495356 0.156919506337 32.826 0.9992 0.56 98.5 22.9378819466 0.546264630072 1430780616.2
0.099 0.890573382272 0.169288908783 32.3372 0.9996 0.576 98.5 22.9378819466 0.577423377665 1430780616.43
0.099 0.889994850512 0.175521483011 31.7416 1.0 0.5944 98.5 22.9378819466 0.538272591983 1430780616.67
0.099 0.886088573814 0.186353332621 31.0552 1.0 0.6136 98.5 22.9378819466 0.494949544541 1430780616.89
0.089 0.879676799242 0.195168418682 30.6896 1.0 0.6304 98.5 22.9378819466 0.48684006713 1430780617.14
0.116 0.875424975987 0.189109410645 30.1544 1.0 0.6492 98.5 22.9378819466 0.458525182953 1430780617.37
0.108 0.872987166767 0.179342721735 29.916 1.0 0.6628 98.5 22.9378819466 0.504893144286 1430780617.6
0.109 0.874414849926 0.16353628622 29.9028 1.0 0.674 98.5 22.9378819466 0.499027983036 1430780617.83
0.096 0.888518621882 0.164820668405 30.0112 1.0 0.6852 98.5 22.9378819466 0.470701959545 1430780618.06
0.093 0.900670972177 0.157636246755 29.8564 1.0 0.6992 98.5 22.9378819466 0.529934385311 1430780618.31
0.086 0.904747300609 0.151579714312 29.6936 1.0 0.712 98.5 22.9378819466 0.508293840276 1430780618.57
0.095 0.902901875996 0.141525399901 30.0112 1.0 0.7212 98.5 22.9378819466 0.522064623657 1430780618.81
0.089 0.904275522282 0.136473516588 29.9948 1.0 0.7316 98.5 22.9378819466 0.490084665961 1430780619.03
0.085 0.907054735013 0.125706886635 30.25 1.0 0.7384 98.5 22.9378819466 0.491107706649 1430780619.27
0.077 0.910886905088 0.104138547073 30.572 1.0 0.744 98.5 22.9378819466 0.428452026254 1430780619.5
0.08 0.92595687002 0.0944021519393 30.6684 1.0 0.752 98.5 22.9378819466 0.433634571665 1430780619.75
0.083 0.938030802057 0.0873712715701 30.616 1.0 0.764 98.5 22.9378819466 0.525398482823 1430780619.98
0.068 0.94287896285 0.0804076147878 30.9836 1.0 0.7696 98.5 22.9378819466 0.463472813681 1430780620.24
0.079 0.94767698758 0.0708138004918 31.2416 1.0 0.7768 98.5 22.9378819466 0.492286555308 1430780620.46
0.069 0.951248741585 0.0628323442907 31.0332 1.0 0.7888 98.5 22.9378819466 0.566212913439 1430780620.71
0.061 0.951878826878 0.057592478329 31.1484 1.0 0.7972 98.5 22.9378819466 0.501018549794 1430780620.96
0.07 0.954205215388 0.0598657137074 31.058 1.0 0.8064 98.5 22.9378819466 0.547059500364 1430780621.19
0.05 0.954459809712 0.0719125347029 31.3556 1.0 0.8132 98.5 22.9378819466 0.566307198396 1430780621.42
0.071 0.949523550172 0.0645491296591 31.4108 1.0 0.8216 98.5 22.9378819466 0.592160614393 1430780621.64
0.046 0.947483636257 0.0583128454263 31.05 1.0 0.834 98.5 22.9378819466 0.569842156225 1430780621.86
0.062 0.954146563947 0.0700481840802 31.2756 1.0 0.8376 98.5 22.9378819466 0.563024034968 1430780622.12
0.077 0.954422007483 0.0743350758453 31.4912 1.0 0.8436 98.5 22.9378819466 0.579164067771 1430780622.37
0.065 0.952185212579 0.072605231306 31.5396 1.0 0.85 98.5 22.9378819466 0.564522670573 1430780622.58
0.073 0.949913336207 0.0684483423026 31.4032 1.0 0.8564 98.5 22.9378819466 0.579946370203 1430780622.82
0.086 0.952106944445 0.0721513198674 31.494 1.0 0.862 98.5 22.9378819466 0.555894088593 1430780623.05
0.065 0.950904894042 0.0683038703026 31.5856 1.0 0.866 98.5 22.9378819466 0.601198405443 1430780623.29
0.074 0.950591450874 0.0615242047135 31.4344 1.0 0.8724 98.5 22.9378819466 0.548945174623 1430780623.53
0.056 0.953454809734 0.0590955841268 31.3272 1.0 0.88 98.5 22.9378819466 0.534243214295 1430780623.77
0.078 0.956831771226 0.0624678449754 31.56 1.0 0.8836 98.5 22.9378819466 0.572036146525 1430780624.0
0.06 0.959706477308 0.0651767198515 31.5472 1.0 0.8896 98.5 22.9378819466 0.595745431926 1430780624.23
0.054 0.956931372529 0.0632703044306 31.5812 1.0 0.8936 98.5 22.9378819466 0.561347889345 1430780624.46
0.074 0.953314935 0.0630859707865 31.5816 1.0 0.8976 98.5 22.9378819466 0.550001819151 1430780624.7
0.053 0.951707434335 0.0625245947194 31.9396 1.0 0.8992 98.5 22.9378819466 0.635464573961 1430780624.92
0.062 0.953241892145 0.0608813273572 32.0644 1.0 0.0596 84.25 19.6011805534 0.545691392793 1430780625.17
0.065 0.956312639083 0.0624219532787 32.414 1.0 0.0808 84.25 19.6011805534 0.573261921248 1430780625.41
0.065 0.959757534497 0.08060991506 32.8164 1.0 0.0964 84.25 19.6011805534 0.596259300851 1430780625.61
0.059 0.952627783275 0.0885768651811 32.5496 1.0 0.122 84.25 19.6011805534 0.574597493209 1430780625.82
0.068 0.942399052878 0.0852284145315 32.3428 1.0 0.144 84.25 19.6011805534 0.526589322201 1430780626.06
0.068 0.937190559849 0.0818916379525 32.5512 1.0 0.16 84.25 19.6011805534 0.567861075628 1430780626.29
0.065 0.938987494152 0.0798288919781 32.3212 1.0 0.1836 84.25 19.6011805534 0.501598681076 1430780626.5
0.059 0.945875981858 0.0852391804578 32.5852 1.0 0.196 84.25 19.6011805534 0.560030643752 1430780626.74
0.067 0.944182014112 0.084043815065 33.0196 1.0 0.2072 84.25 19.6011805534 0.616802620557 1430780626.97
0.067 0.937956376938 0.0795911515936 33.2572 1.0 0.2208 84.25 19.6011805534 0.627143900528 1430780627.21
0.056 0.934071232354 0.0830866419858 33.3908 1.0 0.2352 84.25 19.6011805534 0.590211670145 1430780627.44
0.067 0.939884143119 0.095834161206 33.7592 1.0 0.2488 84.25 19.6011805534 0.595989173512 1430780627.68
0.071 0.938585514526 0.103637889548 33.8668 1.0 0.264 84.25 19.6011805534 0.605615492074 1430780627.92
0.073 0.933540101988 0.09559835711 34.1988 1.0 0.2752 84.25 19.6011805534 0.615155522655 1430780628.18
0.071 0.928620083571 0.089138617563 34.5892 1.0 0.2868 84.25 19.6011805534 0.578742498541 1430780628.4
0.073 0.932290508279 0.0893474838894 34.9928 1.0 0.2964 84.25 19.6011805534 0.599698190223 1430780628.65
0.07 0.936102366018 0.0918263709907 35.3948 1.0 0.3092 84.25 19.6011805534 0.51618595454 1430780628.88
0.067 0.934612753323 0.0926857388399 35.8316 1.0 0.32 84.25 19.6011805534 0.542895420435 1430780629.1
0.067 0.935147738873 0.0985519063635 36.2396 1.0 0.3292 84.25 19.6011805534 0.618461830986 1430780629.35
0.073 0.933741596361 0.102982476728 36.3516 1.0 0.3436 84.25 19.6011805534 0.551500401767 1430780629.58
0.07 0.930024502772 0.0985249077011 36.7204 1.0 0.3552 84.25 19.6011805534 0.571425320195 1430780629.8
0.063 0.927618811983 0.0991779191586 36.6844 1.0 0.3724 84.25 19.6011805534 0.503050065679 1430780630.03
0.079 0.932077433588 0.122450146175 36.8368 1.0 0.3868 84.25 19.6011805534 0.507321864021 1430780630.27
0.062 0.932864764545 0.13678009969 37.0704 1.0 0.3988 84.25 19.6011805534 0.510445308423 1430780630.48
0.082 0.922113883282 0.123094991003 37.1096 1.0 0.4144 84.25 19.6011805534 0.506813156697 1430780630.72
0.079 0.909554307768 0.110749063214 37.3048 1.0 0.426 84.25 19.6011805534 0.437172136306 1430780630.96
0.069 0.913775755878 0.12204625061 37.71 1.0 0.434 84.25 19.6011805534 0.537989399784 1430780631.2
0.071 0.919022602658 0.13016161343 37.8756 1.0 0.4456 84.25 19.6011805534 0.531590352687 1430780631.42
0.091 0.920144324929 0.126627153361 38.3336 1.0 0.4528 84.25 19.6011805534 0.504693248275 1430780631.64
0.065 0.918964920896 0.124843920903 38.7272 1.0 0.4616 84.25 19.6011805534 0.514281570404 1430780631.84
0.08 0.917497022029 0.119497405316 39.2836 1.0 0.4672 84.25 19.6011805534 0.573792015783 1430780632.07
0.069 0.921416073079 0.118413712213 39.754 1.0 0.4744 84.25 19.6011805534 0.598035422246 1430780632.32
0.086 0.924257449668 0.125528581519 39.8924 1.0 0.4856 84.25 19.6011805534 0.541234503233 1430780632.54
0.074 0.922290842413 0.125892879936 39.9276 1.0 0.4996 84.25 19.6011805534 0.525139474375 1430780632.78
0.079 0.919080994588 0.13233876409 40.134 1.0 0.5088 84.25 19.6011805534 0.53739136049 1430780633.0
0.096 0.91661068658 0.13891887685 39.8848 1.0 0.5252 84.25 19.6011805534 0.506630708819 1430780633.26
0.091 0.913700849933 0.139718762953 39.8456 1.0 0.5392 84.25 19.6011805534 0.48718375143 1430780633.5
0.085 0.90950761875 0.147001964114 39.5772 1.0 0.5568 84.25 19.6011805534 0.505255048251 1430780633.76
0.091 0.906524838464 0.156284589552 39.2004 1.0 0.5752 84.25 19.6011805534 0.467124310279 1430780633.98
0.096 0.90259559084 0.160098798015 38.3432 1.0 0.6008 84.25 19.6011805534 0.451751055899 1430780634.21
0.103 0.899238636886 0.164141720423 38.0552 1.0 0.616 84.25 19.6011805534 0.491708054756 1430780634.44
0.118 0.896353599487 0.157854290646 37.6604 1.0 0.6328 84.25 19.6011805534 0.454385512869 1430780634.66
0.103 0.899065775727 0.157438251039 37.6408 1.0 0.646 84.25 19.6011805534 0.492432483345 1430780634.89
0.098 0.898703680616 0.161104348133 36.3732 1.0 0.674 84.25 19.6011805534 0.440304054647 1430780635.13
0.08 0.89295587056 0.16184286173 35.5452 1.0 0.6912 84.25 19.6011805534 0.440783150441 1430780635.37
0.108 0.892134483045 0.160419945777 34.5044 1.0 0.7128 84.25 19.6011805534 0.449919008304 1430780635.6
0.097 0.895113200835 0.162351495321 33.7212 1.0 0.7288 84.25 19.6011805534 0.507882122761 1430780635.85
0.098 0.895873306076 0.169675069454 33.628 1.0 0.7404 84.25 19.6011805534 0.5070835338 1430780636.08
0.108 0.893801581588 0.172808624807 33.0536 1.0 0.754 84.25 19.6011805534 0.476764964155 1430780636.32
0.084 0.890219960188 0.178146165425 32.3724 1.0 0.7696 84.25 19.6011805534 0.517166883312 1430780636.57
0.098 0.885490129311 0.160347979838 31.2488 1.0 0.7892 84.25 19.6011805534 0.470409861441 1430780636.79
0.095 0.890612307275 0.151901186701 31.028 1.0 0.8004 84.25 19.6011805534 0.478760565377 1430780637.0
0.081 0.899444313679 0.143528055945 30.6 1.0 0.8128 84.25 19.6011805534 0.455411835268 1430780637.23
0.094 0.909465160128 0.153854354874 30.0252 1.0 0.8236 84.25 19.6011805534 0.382987985079 1430780637.48
0.1 0.914911409029 0.159543025819 29.9336 1.0 0.8328 84.25 19.6011805534 0.443272125284 1430780637.71
0.111 0.911193564205 0.149564982791 29.8952 1.0 0.8404 84.25 19.6011805534 0.440501694491 1430780637.94
0.101 0.90589515073 0.142626688361 30.1132 1.0 0.844 84.25 19.6011805534 0.463139545885 1430780638.16
0.101 0.905234416096 0.137649291519 30.3 1.0 0.8484 84.25 19.6011805534 0.462251576907 1430780638.4
0.093 0.905156977354 0.140838812097 30.1728 1.0 0.8552 84.25 19.6011805534 0.482928229521 1430780638.65
0.091 0.907092740617 0.150383504828 30.5024 1.0 0.858 84.25 19.6011805534 0.510178179817 1430780638.88
0.076 0.904656222845 0.160580957647 30.4276 1.0 0.864 84.25 19.6011805534 0.485016919203 1430780639.12
0.099 0.895419702191 0.144976147444 30.738 1.0 0.8668 84.25 19.6011805534 0.496382603508 1430780639.36
0.069 0.893973842985 0.132711025402 30.8824 1.0 0.87 84.25 19.6011805534 0.450212607159 1430780639.59
0.075 0.902261840727 0.136199381797 30.5804 1.0 0.8772 84.25 19.6011805534 0.416266733046 1430780639.82
0.084 0.91165737412 0.141157795659 30.8692 1.0 0.88 84.25 19.6011805534 0.43365010268 1430780640.05
0.081 0.911417494865 0.1317039628 31.3548 1.0 0.8808 84.25 19.6011805534 0.430069708388 1430780640.26
0.092 0.909436620824 0.129623007678 31.8096 1.0 0.8836 84.25 19.6011805534 0.474563294145 1430780640.5
0.061 0.913509852651 0.139294010108 31.8088 1.0 0.8896 84.25 19.6011805534 0.480661451987 1430780640.75
0.094 0.911816786069 0.139958568519 32.0124 1.0 0.8944 84.25 19.6011805534 0.473225837871 1430780641.0
0.089 0.90569646321 0.136387371481 32.1688 1.0 0.8976 84.25 19.6011805534 0.416977838777 1430780641.26
0.092 0.906483672529 0.136091302621 31.9996 1.0 0.0372 77.125 18.0139918327 0.467232692368 1430780641.49
0.088 0.907050052575 0.141940130825 31.776 1.0 0.096 77.125 18.0139918327 0.491777420119 1430780641.71
0.076 0.907618899315 0.147531499865 31.4168 1.0 0.1224 77.125 18.0139918327 0.562589555627 1430780641.96
0.091 0.906988088369 0.152901074686 31.8824 1.0 0.1336 77.125 18.0139918327 0.461975728352 1430780642.2
0.072 0.906696174127 0.154450861024 31.9084 1.0 0.1532 77.125 18.0139918327 0.53379700447 1430780642.45
0.08 0.904790048647 0.15081375315 32.1296 1.0 0.172 77.125 18.0139918327 0.544590871841 1430780642.68
0.106 0.902616495942 0.147639968469 32.1312 1.0 0.194 77.125 18.0139918327 0.508375355673 1430780642.93
0.085 0.901679357462 0.131979459321 32.168 1.0 0.2128 77.125 18.0139918327 0.548345291179 1430780643.18
0.091 0.908934028371 0.124158691306 32.1372 1.0 0.232 77.125 18.0139918327 0.572111795701 1430780643.43
0.078 0.920265689611 0.118153622734 32.1764 1.0 0.25 77.125 18.0139918327 0.568208670888 1430780643.68
0.088 0.923564487014 0.112450634546 32.1504 1.0 0.2692 77.125 18.0139918327 0.576105626171 1430780643.9
0.057 0.924999432142 0.10974205035 32.118 1.0 0.286 77.125 18.0139918327 0.565648963103 1430780644.15
0.087 0.924002909789 0.104278681913 32.0692 1.0 0.3044 77.125 18.0139918327 0.519473795525 1430780644.41
0.078 0.924706750485 0.101392867874 32.204 1.0 0.3212 77.125 18.0139918327 0.561999897545 1430780644.65
0.085 0.928713264009 0.101650004652 32.4528 1.0 0.3364 77.125 18.0139918327 0.549302549542 1430780644.88
0.071 0.930547623832 0.0999686179691 32.3656 1.0 0.3536 77.125 18.0139918327 0.52605089501 1430780645.1
0.09 0.933128305567 0.0919459889046 32.206 1.0 0.3736 77.125 18.0139918327 0.537921077951 1430780645.33
0.078 0.935692323665 0.082613681513 32.4592 1.0 0.384 77.125 18.0139918327 0.559932978015 1430780645.57
0.073 0.941870965869 0.0752074349894 32.6936 1.0 0.398 77.125 18.0139918327 0.57206726082 1430780645.78
0.061 0.949969288729 0.0719691035363 32.9816 1.0 0.41 77.125 18.0139918327 0.629957855323 1430780646.01
0.061 0.953818222996 0.0582118644591 33.1676 1.0 0.4232 77.125 18.0139918327 0.630084271096 1430780646.25
0.047 0.959798068391 0.0542934221938 33.4856 1.0 0.4356 77.125 18.0139918327 0.595779309212 1430780646.5
0.054 0.963274346751 0.0619945397825 33.5212 1.0 0.4516 77.125 18.0139918327 0.61657944947 1430780646.76
0.071 0.958051909585 0.0435266901564 33.8184 1.0 0.4624 77.125 18.0139918327 0.63320257143 1430780646.99
0.058 0.962983737245 0.0404581354076 33.5588 1.0 0.4816 77.125 18.0139918327 0.568866014265 1430780647.25
0.07 0.966120551231 0.0422197240855 33.5712 1.0 0.4972 77.125 18.0139918327 0.564497828071 1430780647.48
0.053 0.967970276129 0.0425112640481 33.6028 1.0 0.5104 77.125 18.0139918327 0.649198411854 1430780647.71
0.058 0.967783326031 0.0423604561871 33.6628 1.0 0.5236 77.125 18.0139918327 0.626305646594 1430780647.92
0.057 0.964526607466 0.0448571368563 33.5596 1.0 0.5404 77.125 18.0139918327 0.623513367867 1430780648.15
0.052 0.962960626352 0.0503691679405 33.2676 1.0 0.5604 77.125 18.0139918327 0.581387811787 1430780648.38
0.078 0.958790144303 0.0522810439225 32.9372 1.0 0.5784 77.125 18.0139918327 0.589941549795 1430780648.61
0.055 0.95402571146 0.0549205672213 32.424 1.0 0.5968 77.125 18.0139918327 0.589752146944 1430780648.84
0.066 0.953486952469 0.0591583565121 32.2604 1.0 0.6128 77.125 18.0139918327 0.599953911894 1430780649.07
0.052 0.954530936173 0.0716612439732 32.212 1.0 0.6244 77.125 18.0139918327 0.605046129868 1430780649.3
0.055 0.952416929846 0.0930943083301 32.1056 1.0 0.6372 77.125 18.0139918327 0.540727032183 1430780649.52
0.079 0.94339322862 0.100745553544 31.9904 1.0 0.6504 77.125 18.0139918327 0.541941403132 1430780649.75
0.071 0.929798346345 0.106421951156 30.858 1.0 0.6744 77.125 18.0139918327 0.496506990404 1430780649.99
0.061 0.920032789636 0.101423337928 30.3752 1.0 0.6888 77.125 18.0139918327 0.503921598578 1430780650.21
0.064 0.924950978255 0.0989394893836 29.992 1.0 0.702 77.125 18.0139918327 0.474292543242 1430780650.45
0.075 0.930808935781 0.110257133672 30.5008 1.0 0.706 77.125 18.0139918327 0.522739597051 1430780650.68
0.067 0.92798921327 0.112837419421 30.6912 1.0 0.7136 77.125 18.0139918327 0.504469523391 1430780650.91
0.066 0.922685460656 0.105625630351 30.494 1.0 0.7256 77.125 18.0139918327 0.512027248291 1430780651.14
0.079 0.923883397455 0.105252797342 30.3504 1.0 0.736 77.125 18.0139918327 0.500489290853 1430780651.38
0.074 0.92843797602 0.102802260314 30.6008 1.0 0.7428 77.125 18.0139918327 0.516550117751 1430780651.59
0.063 0.934414872714 0.103515379525 31.0524 1.0 0.748 77.125 18.0139918327 0.53920652152 1430780651.84
0.072 0.933876158013 0.0953806534262 31.2944 1.0 0.7548 77.125 18.0139918327 0.54399965106 1430780652.06
0.058 0.93216851224 0.0905168922719 31.6308 1.0 0.7584 77.125 18.0139918327 0.513355587663 1430780652.31
0.056 0.932310039773 0.100302991626 31.8048 1.0 0.7636 77.125 18.0139918327 0.508130297389 1430780652.55
0.085 0.933490493687 0.110354125848 31.846 1.0 0.77 77.125 18.0139918327 0.470225454463 1430780652.78
0.081 0.926691323802 0.100362557943 31.8452 1.0 0.776 77.125 18.0139918327 0.466547340713 1430780653.04
0.074 0.923953643563 0.089519206751 31.8132 1.0 0.7824 77.125 18.0139918327 0.473877897421 1430780653.28
0.081 0.933598518969 0.0847779278269 32.1588 1.0 0.7868 77.125 18.0139918327 0.492022393901 1430780653.52
0.074 0.942021417564 0.08056656227 32.2688 1.0 0.7936 77.125 18.0139918327 0.524007717028 1430780653.76
0.067 0.945225359235 0.0676095252679 32.5292 1.0 0.7972 77.125 18.0139918327 0.536015840095 1430780654.01
0.057 0.948984599024 0.0600066825939 32.7896 1.0 0.8004 77.125 18.0139918327 0.516246005245 1430780654.26
0.072 0.952032861765 0.0604810719296 33.0332 1.0 0.8064 77.125 18.0139918327 0.556925235651 1430780654.51
0.059 0.954022231687 0.0515355399768 33.446 1.0 0.8088 77.125 18.0139918327 0.530695043157 1430780654.76
0.07 0.956956843031 0.0493230632614 33.7796 1.0 0.8136 77.125 18.0139918327 0.586249436556 1430780655.0
0.061 0.960134690871 0.0527497989805 34.1572 1.0 0.8184 77.125 18.0139918327 0.62857572261 1430780655.23
0.064 0.963600753491 0.048334615391 34.394 1.0 0.8228 77.125 18.0139918327 0.616254755815 1430780655.47
0.069 0.966259950259 0.0530290280547 34.6408 1.0 0.8276 77.125 18.0139918327 0.60397743446 1430780655.71
0.054 0.964820439695 0.0509291811445 34.6712 1.0 0.8332 77.125 18.0139918327 0.601220330695 1430780655.96
0.056 0.962285811606 0.0604283786111 34.9356 1.0 0.8384 77.125 18.0139918327 0.593534926404 1430780656.2
0.063 0.959373957659 0.0710565580932 34.946 1.0 0.8452 77.125 18.0139918327 0.574637003375 1430780656.43
0.076 0.953044170586 0.0780772262956 34.8912 1.0 0.8524 77.125 18.0139918327 0.58017916663 1430780656.67
0.066 0.944576871216 0.0744326727332 34.646 1.0 0.8616 77.125 18.0139918327 0.526845880891 1430780656.91
0.08 0.946104740796 0.0842259719113 34.8692 1.0 0.8664 77.125 18.0139918327 0.525329861258 1430780657.16
0.058 0.942872655385 0.0900296836028 34.6316 1.0 0.8724 77.125 18.0139918327 0.577260547198 1430780657.38
0.061 0.935023971436 0.0909696124351 34.7268 1.0 0.8768 77.125 18.0139918327 0.596499314807 1430780657.64
0.09 0.931783548351 0.103061690978 34.7672 1.0 0.8804 77.125 18.0139918327 0.58790226423 1430780657.88
0.098 0.927167240788 0.117906496164 34.1756 1.0 0.8888 77.125 18.0139918327 0.549335681301 1430780658.11
0.064 0.921172938966 0.136468736528 33.8916 1.0 0.894 77.125 18.0139918327 0.601151105549 1430780658.34
0.083 0.908208333448 0.138311389789 33.3932 1.0 0.0188 74.5625 17.5646284819 0.558860699603 1430780658.61
0.072 0.902900069977 0.139825698257 32.7708 1.0 0.0872 74.5625 17.5646284819 0.5800598077 1430780658.85
0.092 0.902734832839 0.146081104012 32.4572 1.0 0.1108 74.5625 17.5646284819 0.549023042979 1430780659.07
0.082 0.901621555556 0.145473474753 32.2908 1.0 0.1284 74.5625 17.5646284819 0.509655667286 1430780659.3
0.08 0.901162260281 0.136967305187 32.1856 1.0 0.1464 74.5625 17.5646284819 0.527085039101 1430780659.56
0.07 0.90833436262 0.128685543742 32.258 1.0 0.162 74.5625 17.5646284819 0.480487636614 1430780659.79
0.074 0.916138640619 0.124794868572 32.6652 1.0 0.1716 74.5625 17.5646284819 0.530352876323 1430780660.02
0.077 0.92452210445 0.127905678771 32.7028 1.0 0.188 74.5625 17.5646284819 0.544511143766 1430780660.25
0.065 0.924119794833 0.118641980435 32.3232 1.0 0.2088 74.5625 17.5646284819 0.541637600677 1430780660.48
0.064 0.926107442296 0.118696418839 32.6224 1.0 0.2208 74.5625 17.5646284819 0.54306864511 1430780660.71
0.084 0.927380951806 0.112905545587 32.166 1.0 0.2436 74.5625 17.5646284819 0.538078219865 1430780660.93
0.08 0.929546336459 0.106132738844 32.3316 1.0 0.2584 74.5625 17.5646284819 0.520063587807 1430780661.16
0.077 0.933521195127 0.10311655582 32.0508 1.0 0.2776 74.5625 17.5646284819 0.553026968775 1430780661.41
0.089 0.935586088807 0.104145186174 31.7552 1.0 0.2952 74.5625 17.5646284819 0.609115516175 1430780661.64
0.059 0.93399605897 0.0970134220328 31.6164 1.0 0.3116 74.5625 17.5646284819 0.6036357691 1430780661.89
0.074 0.934289930094 0.10475721745 31.4076 1.0 0.328 74.5625 17.5646284819 0.590955443965 1430780662.1
0.074 0.934543211351 0.105561655753 31.2148 1.0 0.344 74.5625 17.5646284819 0.586191486867 1430780662.34
0.079 0.932269635902 0.102014399512 30.8292 1.0 0.3636 74.5625 17.5646284819 0.543498262243 1430780662.57
0.071 0.928857663361 0.0986259164393 30.6516 1.0 0.3836 74.5625 17.5646284819 0.499380962039 1430780662.78
0.078 0.93265445145 0.113270391258 30.2532 1.0 0.4036 74.5625 17.5646284819 0.560791195871 1430780663.01
0.073 0.93162488118 0.0999636854578 30.2908 1.0 0.4164 74.5625 17.5646284819 0.525754763539 1430780663.24
0.082 0.932949840228 0.105074612183 30.4868 1.0 0.4276 74.5625 17.5646284819 0.561856829555 1430780663.48
0.077 0.932378665941 0.117177334402 30.6272 1.0 0.438 74.5625 17.5646284819 0.561689938984 1430780663.72
0.08 0.925776329557 0.128144527446 30.7308 1.0 0.4484 74.5625 17.5646284819 0.597240863855 1430780663.96
0.083 0.914128457552 0.133355378185 30.508 1.0 0.4624 74.5625 17.5646284819 0.542296716458 1430780664.21
0.096 0.903532016847 0.133495615808 30.456 1.0 0.4732 74.5625 17.5646284819 0.559323537234 1430780664.42
0.073 0.903503961824 0.145170415512 30.784 1.0 0.4796 74.5625 17.5646284819 0.517431328006 1430780664.68
0.074 0.904584525541 0.146205150082 30.9456 1.0 0.4896 74.5625 17.5646284819 0.510742777128 1430780664.9
0.063 0.903410505345 0.131816334913 31.468 1.0 0.4952 74.5625 17.5646284819 0.533607607599 1430780665.13
0.092 0.91223284471 0.140559246969 31.7156 1.0 0.5052 74.5625 17.5646284819 0.598410225406 1430780665.37
0.091 0.915852774787 0.147065254888 31.7792 1.0 0.5176 74.5625 17.5646284819 0.590058120536 1430780665.59
0.077 0.913823871784 0.147606020104 31.7764 1.0 0.5296 74.5625 17.5646284819 0.571461090702 1430780665.81
0.075 0.905134619537 0.13550254782 31.2348 1.0 0.5456 74.5625 17.5646284819 0.510165748361 1430780666.04
0.09 0.903408874662 0.132875641667 30.692 1.0 0.5648 74.5625 17.5646284819 0.508176184959 1430780666.26
0.093 0.906417190565 0.13683783007 30.5588 1.0 0.578 74.5625 17.5646284819 0.488692554143 1430780666.49
0.092 0.910245178639 0.142073754092 30.5892 1.0 0.5896 74.5625 17.5646284819 0.49586377463 1430780666.73
0.09 0.906960281878 0.144077813158 30.7176 1.0 0.5992 74.5625 17.5646284819 0.478501493592 1430780666.96
0.082 0.901040025837 0.124700562312 30.314 1.0 0.6172 74.5625 17.5646284819 0.507868966506 1430780667.19
0.106 0.908266111455 0.114185426672 30.4232 1.0 0.6276 74.5625 17.5646284819 0.499236957875 1430780667.42
0.096 0.915858634306 0.100706034993 30.2684 1.0 0.6416 74.5625 17.5646284819 0.491560658837 1430780667.66
0.095 0.928230386428 0.0919974549164 30.3124 1.0 0.6548 74.5625 17.5646284819 0.465655491534 1430780667.91
0.073 0.938442735309 0.0866747645306 30.0896 1.0 0.6704 74.5625 17.5646284819 0.498785568119 1430780668.13
0.064 0.943564486125 0.0812469369288 30.2312 1.0 0.6816 74.5625 17.5646284819 0.473293766217 1430780668.37
0.067 0.942432686201 0.0701031948771 29.768 1.0 0.7012 74.5625 17.5646284819 0.537869969556 1430780668.59
0.072 0.945516481389 0.0638729077023 29.7336 1.0 0.7124 74.5625 17.5646284819 0.514105513534 1430780668.83
0.059 0.950870264319 0.0663049960345 29.8648 1.0 0.7244 74.5625 17.5646284819 0.575555599092 1430780669.07
0.057 0.953487130534 0.0617110018256 30.0344 1.0 0.734 74.5625 17.5646284819 0.555811365272 1430780669.31
0.051 0.95527567907 0.0628380093773 30.2348 1.0 0.7452 74.5625 17.5646284819 0.559703203901 1430780669.55
0.057 0.953066767503 0.0662639028325 30.47 1.0 0.7552 74.5625 17.5646284819 0.592791855468 1430780669.79
0.068 0.950002265564 0.0675648857713 30.1256 1.0 0.77 74.5625 17.5646284819 0.59114921443 1430780670.02
0.075 0.94785570587 0.0663169016529 30.256 1.0 0.778 74.5625 17.5646284819 0.522707665943 1430780670.27
0.073 0.947938920403 0.060215481487 30.1356 1.0 0.7876 74.5625 17.5646284819 0.559718851748 1430780670.5
0.048 0.952330556847 0.057430521274 30.1784 1.0 0.7956 74.5625 17.5646284819 0.574063109888 1430780670.75
0.066 0.958537569573 0.0679386541702 30.2528 1.0 0.8032 74.5625 17.5646284819 0.541944780523 1430780670.98
0.065 0.957205937147 0.0809910891036 29.914 1.0 0.8172 74.5625 17.5646284819 0.588449880304 1430780671.2
0.074 0.949099670655 0.0826119229495 30.214 1.0 0.8216 74.5625 17.5646284819 0.540267764312 1430780671.44
0.079 0.941957271388 0.0795207581773 30.4152 1.0 0.8276 74.5625 17.5646284819 0.547297842039 1430780671.68
0.067 0.940138228721 0.0864064238744 30.3616 1.0 0.8356 74.5625 17.5646284819 0.510324531781 1430780671.91
0.078 0.938681864739 0.090232749771 30.404 1.0 0.842 74.5625 17.5646284819 0.488923441785 1430780672.16
0.07 0.936321295187 0.0824485414271 30.6724 1.0 0.8468 74.5625 17.5646284819 0.459979910199 1430780672.41
0.06 0.938869550221 0.0834064469343 30.8724 1.0 0.8528 74.5625 17.5646284819 0.50149277716 1430780672.65
0.06 0.941381399902 0.0813749220311 30.9608 1.0 0.8596 74.5625 17.5646284819 0.534640857095 1430780672.9
0.078 0.942140548656 0.081560563589 30.972 1.0 0.8676 74.5625 17.5646284819 0.502067017338 1430780673.13
0.068 0.942303221159 0.080889989885 30.6456 1.0 0.8776 74.5625 17.5646284819 0.495097273484 1430780673.35
0.081 0.941090711625 0.0819398818841 30.812 1.0 0.8828 74.5625 17.5646284819 0.432907988439 1430780673.59
0.088 0.940712959722 0.076572737095 31.0956 1.0 0.8868 74.5625 17.5646284819 0.482234990492 1430780673.81
0.07 0.943423724595 0.0868118676637 31.0192 1.0 0.8936 74.5625 17.5646284819 0.511542808961 1430780674.03
0.076 0.93926109692 0.0901732021946 31.1488 1.0 0.0164 70.78125 16.6183542609 0.491682084751 1430780674.27
0.049 0.934846472711 0.0971557918451 31.2052 1.0 0.0716 70.78125 16.6183542609 0.570340975124 1430780674.49
0.076 0.932488024972 0.101959764508 31.6984 1.0 0.0872 70.78125 16.6183542609 0.585870235377 1430780674.73
0.07 0.928441439357 0.108399692161 31.9628 1.0 0.1036 70.78125 16.6183542609 0.599108258663 1430780674.98
0.072 0.92653770971 0.112602061623 32.1068 1.0 0.1192 70.78125 16.6183542609 0.608909561515 1430780675.21
0.054 0.924348664499 0.112736040831 32.4444 1.0 0.1332 70.78125 16.6183542609 0.605571062284 1430780675.44
0.083 0.924866738085 0.115068109633 32.6352 1.0 0.1524 70.78125 16.6183542609 0.572517244303 1430780675.64
0.073 0.926369543624 0.118613858503 33.1052 1.0 0.1644 70.78125 16.6183542609 0.564670223499 1430780675.88
0.089 0.925794988476 0.11265609608 33.2908 1.0 0.1836 70.78125 16.6183542609 0.598408243248 1430780676.11
0.068 0.927903471656 0.107328367858 33.8024 1.0 0.1948 70.78125 16.6183542609 0.548694320734 1430780676.33
0.073 0.928100242139 0.0941617082886 34.4392 1.0 0.2048 70.78125 16.6183542609 0.581627032798 1430780676.56
0.067 0.930168235122 0.081216973259 34.9244 1.0 0.2176 70.78125 16.6183542609 0.600255269844 1430780676.79
0.064 0.939627949245 0.0672062974043 35.406 1.0 0.2312 70.78125 16.6183542609 0.619292339765 1430780677.0
0.063 0.951022824061 0.0680687935814 35.8744 1.0 0.2432 70.78125 16.6183542609 0.603984087618 1430780677.24
0.054 0.956104738612 0.0749590761476 36.298 1.0 0.2564 70.78125 16.6183542609 0.567834205113 1430780677.48
0.058 0.954444110251 0.0652903879378 36.7908 1.0 0.266 70.78125 16.6183542609 0.62000550094 1430780677.73
0.07 0.953915625372 0.0569191425256 37.1928 1.0 0.2768 70.78125 16.6183542609 0.661199160105 1430780677.96
0.06 0.957249469546 0.0490653806751 37.6156 1.0 0.2832 70.78125 16.6183542609 0.585965373213 1430780678.2
0.058 0.963277302123 0.0485994765025 37.8364 1.0 0.2948 70.78125 16.6183542609 0.613171722289 1430780678.43
0.039 0.968419805157 0.0424771071147 38.3868 1.0 0.3008 70.78125 16.6183542609 0.650731859585 1430780678.67
0.047 0.971165885586 0.0471997532028 38.8512 1.0 0.3088 70.78125 16.6183542609 0.677890346761 1430780678.89
0.045 0.970265371225 0.0449617807821 39.3944 1.0 0.3144 70.78125 16.6183542609 0.633441115285 1430780679.12
0.056 0.972411742253 0.0435909387076 39.896 1.0 0.3228 70.78125 16.6183542609 0.662786283091 1430780679.34
0.045 0.973238049824 0.0460807416895 40.3392 1.0 0.3328 70.78125 16.6183542609 0.698067930062 1430780679.57
0.04 0.972332571091 0.0435853525688 40.684 1.0 0.3424 70.78125 16.6183542609 0.667470854318 1430780679.82
0.048 0.969689172771 0.0415602648098 41.2288 1.0 0.3492 70.78125 16.6183542609 0.633102402033 1430780680.07
0.046 0.969782128004 0.0422390136937 41.6612 1.0 0.3572 70.78125 16.6183542609 0.66688585405 1430780680.3
0.051 0.971437938096 0.0503292364332 42.0196 1.0 0.3664 70.78125 16.6183542609 0.68301943542 1430780680.54
0.048 0.968949467767 0.0551259010132 42.1884 1.0 0.378 70.78125 16.6183542609 0.696793099619 1430780680.79
0.055 0.96156764337 0.0502307690095 42.3068 1.0 0.39 70.78125 16.6183542609 0.624701445388 1430780681.03
0.067 0.960305194487 0.05036914764 42.3152 1.0 0.4052 70.78125 16.6183542609 0.629233787386 1430780681.28
0.068 0.959419115934 0.0543711504122 42.0864 1.0 0.4188 70.78125 16.6183542609 0.560185859749 1430780681.5
0.061 0.95649728341 0.0480930018767 41.4056 1.0 0.4356 70.78125 16.6183542609 0.628993289974 1430780681.72
0.061 0.958194639476 0.0417699630072 41.462 1.0 0.4476 70.78125 16.6183542609 0.619989280441 1430780681.97
0.066 0.960620749372 0.0453564494686 41.8128 1.0 0.454 70.78125 16.6183542609 0.592856238696 1430780682.2
0.061 0.96426118299 0.0489255866006 42.1664 1.0 0.4612 70.78125 16.6183542609 0.631819594495 1430780682.44
0.058 0.963081188597 0.0486794658247 42.4196 1.0 0.4692 70.78125 16.6183542609 0.682048447855 1430780682.67
0.053 0.959617379984 0.0449175714549 42.534 1.0 0.48 70.78125 16.6183542609 0.618220602244 1430780682.89
0.064 0.960933975273 0.0508220978624 42.5976 1.0 0.4916 70.78125 16.6183542609 0.589164412956 1430780683.13
0.053 0.959644804552 0.0586304970612 41.9844 1.0 0.5112 70.78125 16.6183542609 0.589399101068 1430780683.37
0.085 0.952511027636 0.0589934272306 41.3516 1.0 0.5296 70.78125 16.6183542609 0.573225859317 1430780683.6
0.064 0.949774342836 0.0644389747141 41.5176 1.0 0.5388 70.78125 16.6183542609 0.614805240524 1430780683.84
0.065 0.952010827508 0.0638866576816 41.6536 1.0 0.5456 70.78125 16.6183542609 0.599569795739 1430780684.06
0.061 0.955345957508 0.0710278973801 41.8024 1.0 0.5536 70.78125 16.6183542609 0.643184882363 1430780684.28
0.066 0.955259672887 0.079228593057 41.9656 1.0 0.5624 70.78125 16.6183542609 0.633500874322 1430780684.48
0.055 0.951273814189 0.0819713328134 41.4648 1.0 0.5784 70.78125 16.6183542609 0.603978281609 1430780684.71
0.059 0.944463530471 0.0857397681435 41.4148 1.0 0.5896 70.78125 16.6183542609 0.573223125434 1430780684.92
0.062 0.940013332899 0.0990785432433 41.1188 1.0 0.6016 70.78125 16.6183542609 0.5237507367 1430780685.15
0.062 0.929205300109 0.109937352586 40.8056 1.0 0.6144 70.78125 16.6183542609 0.520975835095 1430780685.39
0.075 0.91914521376 0.124697028344 40.6284 1.0 0.6252 70.78125 16.6183542609 0.540300285918 1430780685.61
0.068 0.907271578554 0.125417487605 40.4736 1.0 0.6368 70.78125 16.6183542609 0.528700987256 1430780685.88
0.071 0.90584277305 0.137176113942 40.1916 1.0 0.6496 70.78125 16.6183542609 0.531577394543 1430780686.09
0.089 0.90605418115 0.148379362309 40.3588 1.0 0.656 70.78125 16.6183542609 0.580483898791 1430780686.32
0.07 0.899961766201 0.151150264943 40.4432 1.0 0.6632 70.78125 16.6183542609 0.633083968544 1430780686.54
0.083 0.892731195478 0.138636969981 40.1556 1.0 0.6728 70.78125 16.6183542609 0.568372143092 1430780686.76
0.08 0.898567136064 0.140616071706 40.1368 1.0 0.6812 70.78125 16.6183542609 0.57087263609 1430780686.96
0.079 0.904517808859 0.154203933766 40.0236 1.0 0.6908 70.78125 16.6183542609 0.603366400538 1430780687.18
0.093 0.903336359957 0.155621576181 40.1016 1.0 0.6976 70.78125 16.6183542609 0.608648237551 1430780687.41
0.086 0.893928587312 0.151362751922 39.7468 1.0 0.7084 70.78125 16.6183542609 0.548227349453 1430780687.63
0.083 0.895309187678 0.157024068276 39.664 1.0 0.7164 70.78125 16.6183542609 0.579763542007 1430780687.86
0.07 0.897721251546 0.152923757527 38.9052 1.0 0.728 70.78125 16.6183542609 0.547805871644 1430780688.09
0.09 0.90341312327 0.155001854634 38.5396 1.0 0.7388 70.78125 16.6183542609 0.552668221169 1430780688.31
0.096 0.905938734461 0.153630776952 38.0896 1.0 0.75 70.78125 16.6183542609 0.537172136587 1430780688.53
0.065 0.903874849771 0.152963955009 37.756 1.0 0.7588 70.78125 16.6183542609 0.590296686125 1430780688.75
0.058 0.901901499772 0.152464468308 37.9652 1.0 0.7648 70.78125 16.6183542609 0.583727674958 1430780688.98
0.08 0.902179100217 0.158453222009 38.0032 1.0 0.7716 70.78125 16.6183542609 0.554889443949 1430780689.22
0.065 0.901535829338 0.14757973407 37.4528 1.0 0.7828 70.78125 16.6183542609 0.489129890144 1430780689.45
0.074 0.900482708743 0.151258270088 37.2188 1.0 0.792 70.78125 16.6183542609 0.482300055954 1430780689.67
0.097 0.900637590248 0.151511610368 36.3092 1.0 0.8072 70.78125 16.6183542609 0.498964118564 1430780689.92
0.088 0.902438541612 0.141346754146 35.5848 1.0 0.822 70.78125 16.6183542609 0.49204133354 1430780690.17
0.076 0.902687120502 0.124828374339 35.2124 1.0 0.832 70.78125 16.6183542609 0.468306089941 1430780690.42
0.088 0.910790253347 0.123988047493 35.3428 1.0 0.8372 70.78125 16.6183542609 0.536520432072 1430780690.64
0.095 0.918074966905 0.120291142362 35.5528 1.0 0.8436 70.78125 16.6183542609 0.57710075739 1430780690.88
0.08 0.918437524079 0.121661586694 35.6064 1.0 0.85 70.78125 16.6183542609 0.558301866551 1430780691.12
0.104 0.918245981959 0.122955693336 35.7136 1.0 0.8556 70.78125 16.6183542609 0.522413248744 1430780691.36
0.107 0.918927566886 0.128304715308 35.63 1.0 0.8632 70.78125 16.6183542609 0.523359401027 1430780691.61
0.098 0.912721793142 0.127366477169 35.2376 1.0 0.8712 70.78125 16.6183542609 0.51496463278 1430780691.84
0.093 0.909332293319 0.120712927019 35.0228 1.0 0.8792 70.78125 16.6183542609 0.517642633203 1430780692.07
0.074 0.912989978648 0.116051492433 34.626 1.0 0.8868 70.78125 16.6183542609 0.537309298421 1430780692.31
0.081 0.919308665303 0.102447813135 34.5192 1.0 0.8928 70.78125 16.6183542609 0.55047482092 1430780692.54
0.075 0.927079066002 0.110274290939 34.6496 1.0 0.8952 70.78125 16.6183542609 0.523393482955 1430780692.77
0.08 0.929623002021 0.117095931214 34.6072 1.0 0.0208 75.890625 17.6778106391 0.570109212095 1430780693.02
0.08 0.92596199776 0.113688605052 34.3852 1.0 0.0876 75.890625 17.6778106391 0.521188875555 1430780693.26
0.094 0.919287310479 0.0995243240667 33.7944 1.0 0.118 75.890625 17.6778106391 0.470005951515 1430780693.49
0.098 0.92147557291 0.0848226845074 33.796 1.0 0.1396 75.890625 17.6778106391 0.467131067803 1430780693.71
0.09 0.933383415348 0.0788882187151 33.6576 1.0 0.1632 75.890625 17.6778106391 0.487862384555 1430780693.92
0.064 0.941258098224 0.0728044140662 33.8832 1.0 0.178 75.890625 17.6778106391 0.51432370698 1430780694.16
0.069 0.943399026213 0.0653871589019 34.2884 1.0 0.1876 75.890625 17.6778106391 0.605203474762 1430780694.39
0.069 0.948159490169 0.0613994150803 34.5788 1.0 0.2004 75.890625 17.6778106391 0.558004734397 1430780694.62
0.068 0.953413139829 0.0574998399181 34.5708 1.0 0.2124 75.890625 17.6778106391 0.562337816098 1430780694.84
0.071 0.960846976089 0.0588691532579 35.06 1.0 0.2212 75.890625 17.6778106391 0.574359013081 1430780695.05
0.05 0.961851052405 0.0547625340669 35.3472 1.0 0.2324 75.890625 17.6778106391 0.52265389906 1430780695.26
0.055 0.961218015456 0.0497720478814 35.4496 1.0 0.2452 75.890625 17.6778106391 0.543467754963 1430780695.47
0.048 0.96267959052 0.0449235800801 35.3988 1.0 0.26 75.890625 17.6778106391 0.50453960189 1430780695.68
0.046 0.965040220577 0.0429216384402 35.1536 1.0 0.2808 75.890625 17.6778106391 0.465624764193 1430780695.88
0.052 0.966819581449 0.0430780726609 35.4624 1.0 0.2944 75.890625 17.6778106391 0.57556203676 1430780696.11
0.059 0.966663230954 0.0536098026376 35.3068 1.0 0.3156 75.890625 17.6778106391 0.465426796771 1430780696.33
0.048 0.963205330588 0.0648652990161 35.656 1.0 0.3296 75.890625 17.6778106391 0.528756155888 1430780696.55
0.064 0.955652327622 0.0602896952693 35.7844 1.0 0.3464 75.890625 17.6778106391 0.489609393673 1430780696.79
0.067 0.950934830286 0.0523888515094 35.8328 1.0 0.362 75.890625 17.6778106391 0.528241708959 1430780697.03
0.062 0.953562884045 0.0620637398774 35.7568 1.0 0.378 75.890625 17.6778106391 0.474654267786 1430780697.26
0.061 0.956214351056 0.0725718873046 36.0296 1.0 0.39 75.890625 17.6778106391 0.533676062369 1430780697.5
0.054 0.954183103731 0.0866549150497 35.9444 1.0 0.4092 75.890625 17.6778106391 0.537017496399 1430780697.72
0.066 0.947992191029 0.0956051646445 35.9536 1.0 0.4256 75.890625 17.6778106391 0.540326041936 1430780697.95
0.074 0.935416384141 0.0897230461398 36.0032 1.0 0.4388 75.890625 17.6778106391 0.487931767373 1430780698.18
0.08 0.929994664464 0.0887114840249 36.2316 1.0 0.4512 75.890625 17.6778106391 0.533682380745 1430780698.42
0.07 0.932268262093 0.0834135054539 36.7632 1.0 0.458 75.890625 17.6778106391 0.549708290855 1430780698.63
0.072 0.939570926478 0.0860755925813 37.264 1.0 0.4652 75.890625 17.6778106391 0.522584170451 1430780698.85
0.068 0.945815720259 0.0933927438756 37.5308 1.0 0.4768 75.890625 17.6778106391 0.612757500078 1430780699.11
0.07 0.940142592131 0.094372148039 37.8596 1.0 0.4852 75.890625 17.6778106391 0.611618009758 1430780699.33
0.063 0.931212936916 0.100453383518 37.9084 1.0 0.4984 75.890625 17.6778106391 0.557970164137 1430780699.57
0.049 0.92877132484 0.103427817395 38.2912 1.0 0.5068 75.890625 17.6778106391 0.602600375423 1430780699.8
0.064 0.928704770778 0.108800365428 38.3252 1.0 0.5188 75.890625 17.6778106391 0.615732070255 1430780700.03
0.056 0.924642974138 0.11199752343 38.7364 1.0 0.5264 75.890625 17.6778106391 0.618315946849 1430780700.27
0.068 0.919302884401 0.10131894296 38.816 1.0 0.5404 75.890625 17.6778106391 0.496497611447 1430780700.5
0.068 0.920656856826 0.0965082985684 39.2964 1.0 0.546 75.890625 17.6778106391 0.552020603653 1430780700.73
0.078 0.925779695587 0.0878009263904 39.0756 1.0 0.5592 75.890625 17.6778106391 0.585712310055 1430780700.95
0.085 0.93550168857 0.0936899056187 39.3288 1.0 0.5672 75.890625 17.6778106391 0.584612369494 1430780701.18
0.073 0.934135823621 0.0958050317396 39.6148 1.0 0.574 75.890625 17.6778106391 0.597595562113 1430780701.41
0.082 0.930302323353 0.085844934615 39.698 1.0 0.5824 75.890625 17.6778106391 0.536510155647 1430780701.64
0.07 0.932241347466 0.081396555515 39.2348 1.0 0.5956 75.890625 17.6778106391 0.474839249056 1430780701.87
0.071 0.934590152567 0.0689714796968 39.4864 1.0 0.602 75.890625 17.6778106391 0.560404613635 1430780702.11
0.067 0.945551122618 0.0641858047461 39.8128 1.0 0.608 75.890625 17.6778106391 0.516412131271 1430780702.34
0.072 0.953966760081 0.0684649817688 40.1708 1.0 0.614 75.890625 17.6778106391 0.579130875429 1430780702.59
0.064 0.954493735386 0.0821516860807 40.432 1.0 0.6208 75.890625 17.6778106391 0.61175972838 1430780702.8
0.059 0.948674198921 0.085569855733 40.0552 1.0 0.634 75.890625 17.6778106391 0.511189124733 1430780703.03
0.065 0.938491178964 0.0758794716932 39.7192 1.0 0.6476 75.890625 17.6778106391 0.542166725305 1430780703.27
0.083 0.940017805808 0.0798431447831 39.6844 1.0 0.6592 75.890625 17.6778106391 0.54054403987 1430780703.5
0.065 0.943079934179 0.0829425425161 39.688 1.0 0.6688 75.890625 17.6778106391 0.583010929541 1430780703.74
0.062 0.939795033352 0.0838842686157 39.2432 1.0 0.6812 75.890625 17.6778106391 0.543197589081 1430780703.99
0.055 0.939586850822 0.0938520814003 39.4604 1.0 0.6884 75.890625 17.6778106391 0.598319467398 1430780704.22
0.074 0.934444733376 0.0948510639497 39.6184 1.0 0.6972 75.890625 17.6778106391 0.529073754441 1430780704.44
0.077 0.930858885118 0.0894747165839 39.0372 1.0 0.7088 75.890625 17.6778106391 0.564927205764 1430780704.66
0.077 0.932754394775 0.0926001748142 38.5616 1.0 0.7176 75.890625 17.6778106391 0.534827068088 1430780704.92
0.082 0.934053127129 0.0885970616963 38.4464 1.0 0.7252 75.890625 17.6778106391 0.51598279081 1430780705.15
0.086 0.934898029349 0.0859745177415 38.042 1.0 0.7364 75.890625 17.6778106391 0.533870956573 1430780705.4
0.068 0.940654085052 0.081969512728 38.0448 1.0 0.7448 75.890625 17.6778106391 0.571235470924 1430780705.63
0.063 0.945662578232 0.0858605326604 37.6052 1.0 0.7588 75.890625 17.6778106391 0.568880676902 1430780705.86
0.081 0.94332528302 0.0871440806821 37.6972 1.0 0.766 75.890625 17.6778106391 0.537561938944 1430780706.08
0.056 0.939040921797 0.0893627206932 37.0184 1.0 0.78 75.890625 17.6778106391 0.567603807593 1430780706.31
0.069 0.932744411119 0.0881072050783 36.7328 1.0 0.7896 75.890625 17.6778106391 0.532433045584 1430780706.56
0.081 0.935983921203 0.0955030957966 36.7012 1.0 0.7956 75.890625 17.6778106391 0.492104908692 1430780706.8
0.068 0.938289701873 0.0982489703107 36.722 1.0 0.8028 75.890625 17.6778106391 0.527731104637 1430780707.05
0.079 0.937413334989 0.0922032112208 36.2288 1.0 0.8152 75.890625 17.6778106391 0.506959170036 1430780707.28
0.089 0.935635148059 0.0916656412259 35.9544 1.0 0.822 75.890625 17.6778106391 0.515042029892 1430780707.54
0.057 0.936268886464 0.0956876373747 35.7564 1.0 0.8304 75.890625 17.6778106391 0.598635620058 1430780707.76
0.078 0.934095928341 0.101845431742 35.0932 1.0 0.8412 75.890625 17.6778106391 0.524974646495 1430780708.01
0.076 0.930371049536 0.105220291036 34.7352 1.0 0.85 75.890625 17.6778106391 0.542823405565 1430780708.27
0.093 0.929049717568 0.115947649871 34.894 1.0 0.8544 75.890625 17.6778106391 0.572307387531 1430780708.51
0.081 0.925624363898 0.113506319765 35.1208 1.0 0.8576 75.890625 17.6778106391 0.570081589556 1430780708.73
0.093 0.925420693912 0.119590123756 34.8748 1.0 0.8632 75.890625 17.6778106391 0.5259017644 1430780708.98
0.075 0.923060941388 0.119633304604 34.7592 1.0 0.8684 75.890625 17.6778106391 0.494144047798 1430780709.21
0.085 0.92159064468 0.118988198546 34.6676 1.0 0.8756 75.890625 17.6778106391 0.463633928545 1430780709.44
0.086 0.922465678167 0.107867478085 34.4948 1.0 0.882 75.890625 17.6778106391 0.511226876991 1430780709.7
0.079 0.928338103999 0.103785506344 34.8008 1.0 0.8848 75.890625 17.6778106391 0.50148764211 1430780709.93
0.083 0.934338385404 0.117827839623 35.152 1.0 0.8872 75.890625 17.6778106391 0.599319549573 1430780710.16
0.066 0.930270459509 0.115606233837 35.3144 1.0 0.8916 75.890625 17.6778106391 0.559294388905 1430780710.38
0.065 0.927106555789 0.120256312101 35.1416 1.0 0.8996 75.890625 17.6778106391 0.492637552356 1430780710.6
0.079 0.92816270902 0.128772292059 34.7188 1.0 0.0724 76.4453125 17.7081863731 0.513636834197 1430780710.82
0.092 0.925047625616 0.128711137817 34.5072 1.0 0.0996 76.4453125 17.7081863731 0.474460607662 1430780711.07
0.056 0.923022128676 0.133518106243 34.2164 1.0 0.1216 76.4453125 17.7081863731 0.476702457823 1430780711.3
0.077 0.922558059437 0.138018259338 34.2992 1.0 0.1384 76.4453125 17.7081863731 0.500004224075 1430780711.54
0.069 0.918312936023 0.129703362681 34.3716 1.0 0.1568 76.4453125 17.7081863731 0.5316903302 1430780711.76
0.071 0.919210020835 0.12145931419 34.5396 1.0 0.1716 76.4453125 17.7081863731 0.516454093293 1430780712.01
0.067 0.924618436021 0.123778717725 34.8356 1.0 0.184 76.4453125 17.7081863731 0.622491708055 1430780712.27
0.059 0.927165487365 0.123552675188 35.1084 1.0 0.1964 76.4453125 17.7081863731 0.605616451824 1430780712.5
0.079 0.923614150037 0.11732344355 35.0848 1.0 0.2112 76.4453125 17.7081863731 0.545035352281 1430780712.74
0.082 0.920440141914 0.102282439144 34.8808 1.0 0.2344 76.4453125 17.7081863731 0.491598793563 1430780712.97
0.061 0.927508624379 0.0977336577157 35.0632 1.0 0.2508 76.4453125 17.7081863731 0.536306448028 1430780713.2
0.066 0.934988081347 0.105434385962 35.6436 1.0 0.2608 76.4453125 17.7081863731 0.565009998901 1430780713.43
0.059 0.932858141228 0.107168694852 35.8304 1.0 0.2724 76.4453125 17.7081863731 0.58000107719 1430780713.67
0.056 0.927350928197 0.105810754919 36.0164 1.0 0.2856 76.4453125 17.7081863731 0.583947687528 1430780713.89
0.078 0.922344767366 0.0961255399749 36.0352 1.0 0.2996 76.4453125 17.7081863731 0.540092940335 1430780714.15
0.063 0.928692230259 0.104719170704 36.0932 1.0 0.3112 76.4453125 17.7081863731 0.526532125373 1430780714.37
0.063 0.935916470301 0.119178007835 36.3028 1.0 0.3236 76.4453125 17.7081863731 0.54937013175 1430780714.6
0.072 0.933716297054 0.112706587254 36.2292 1.0 0.334 76.4453125 17.7081863731 0.55050372229 1430780714.82
0.061 0.930536421086 0.106224346671 36.1632 1.0 0.3452 76.4453125 17.7081863731 0.488353615359 1430780715.06
0.083 0.933136374109 0.102580038953 36.0388 1.0 0.3576 76.4453125 17.7081863731 0.529846530842 1430780715.29
0.064 0.932456862689 0.0908129492074 35.7944 1.0 0.3732 76.4453125 17.7081863731 0.519420811805 1430780715.5
0.082 0.939756963965 0.0980501834846 35.7632 1.0 0.3852 76.4453125 17.7081863731 0.542406168244 1430780715.73
0.077 0.942704477259 0.10421739608 35.4936 1.0 0.4016 76.4453125 17.7081863731 0.551533753316 1430780715.96
0.073 0.939548201609 0.100578450768 35.0152 1.0 0.418 76.4453125 17.7081863731 0.524033253187 1430780716.19
0.077 0.93201530956 0.0845580240955 34.3784 1.0 0.4376 76.4453125 17.7081863731 0.502660141543 1430780716.41
0.072 0.932384862247 0.0754786399365 34.3132 1.0 0.4512 76.4453125 17.7081863731 0.515794455889 1430780716.66
0.076 0.940095801401 0.0825985691859 34.1104 1.0 0.4656 76.4453125 17.7081863731 0.529773271832 1430780716.88
0.057 0.942236582499 0.0800627048531 34.134 1.0 0.4768 76.4453125 17.7081863731 0.505613956381 1430780717.13
0.068 0.943311972566 0.0842361440924 33.7628 1.0 0.4916 76.4453125 17.7081863731 0.567995225055 1430780717.36
0.076 0.944326381654 0.0886807783602 33.6428 1.0 0.5032 76.4453125 17.7081863731 0.528241992118 1430780717.59
0.058 0.944191692609 0.0903514769034 33.5552 1.0 0.514 76.4453125 17.7081863731 0.536456664105 1430780717.82
0.055 0.943252520453 0.0989043082061 33.3456 1.0 0.5268 76.4453125 17.7081863731 0.589219302186 1430780718.03
0.057 0.938577850536 0.0942511835115 33.6616 1.0 0.536 76.4453125 17.7081863731 0.556914807205 1430780718.29
0.06 0.935521970931 0.0849328464491 33.2604 1.0 0.5552 76.4453125 17.7081863731 0.567100272669 1430780718.5
0.048 0.943024758167 0.0972916506004 33.516 1.0 0.5644 76.4453125 17.7081863731 0.590423749308 1430780718.73
0.066 0.937191399538 0.103633921423 33.5776 1.0 0.5784 76.4453125 17.7081863731 0.531412386467 1430780718.97
0.061 0.931268566996 0.106622403266 33.5432 1.0 0.5924 76.4453125 17.7081863731 0.488326687779 1430780719.2
0.072 0.926689797722 0.105685717136 33.7004 1.0 0.604 76.4453125 17.7081863731 0.442880525089 1430780719.44
0.066 0.927649645422 0.107350013687 33.9124 1.0 0.614 76.4453125 17.7081863731 0.518279081494 1430780719.67
0.073 0.926981258793 0.108925186476 33.9544 1.0 0.6268 76.4453125 17.7081863731 0.500181157167 1430780719.91
0.065 0.926318036485 0.105230075245 33.7476 1.0 0.6428 76.4453125 17.7081863731 0.496776286672 1430780720.15
0.083 0.926812649327 0.104725769576 34.0508 1.0 0.6516 76.4453125 17.7081863731 0.571454836773 1430780720.39
0.075 0.925191605947 0.104774014676 33.6736 1.0 0.67 76.4453125 17.7081863731 0.479489347135 1430780720.62
0.091 0.92356231762 0.106387006206 33.5816 1.0 0.6832 76.4453125 17.7081863731 0.517621860145 1430780720.84
0.078 0.924616493913 0.112980242653 33.1744 1.0 0.7016 76.4453125 17.7081863731 0.498114001889 1430780721.06
0.07 0.923845844822 0.120429299869 32.7824 1.0 0.7164 76.4453125 17.7081863731 0.54349805351 1430780721.3
0.069 0.919370520459 0.135184993912 32.474 1.0 0.7308 76.4453125 17.7081863731 0.542279065811 1430780721.53
0.075 0.912035985545 0.135953907387 32.2536 1.0 0.744 76.4453125 17.7081863731 0.492027952567 1430780721.75
0.075 0.90720668961 0.126866836196 32.098 1.0 0.756 76.4453125 17.7081863731 0.466110552136 1430780721.98
0.075 0.907718613427 0.128196481631 31.6032 1.0 0.7704 76.4453125 17.7081863731 0.514099307914 1430780722.22
0.095 0.910170124033 0.132120606206 31.0256 1.0 0.7844 76.4453125 17.7081863731 0.445542365406 1430780722.45
0.094 0.911861797373 0.135421492116 30.5332 1.0 0.8 76.4453125 17.7081863731 0.508256095888 1430780722.68
0.081 0.910615507973 0.129156194534 30.41 1.0 0.8104 76.4453125 17.7081863731 0.487386730954 1430780722.91
0.121 0.910930664604 0.119577213649 30.7052 1.0 0.8164 76.4453125 17.7081863731 0.527818078583 1430780723.14
0.089 0.916927228348 0.117988247689 30.8592 1.0 0.8244 76.4453125 17.7081863731 0.543237033995 1430780723.37
0.079 0.921625398402 0.113774814032 30.8216 1.0 0.8348 76.4453125 17.7081863731 0.500503583856 1430780723.61
0.076 0.923561654024 0.109769599159 30.3776 1.0 0.848 76.4453125 17.7081863731 0.491781967795 1430780723.83
0.085 0.926571995037 0.110160926276 30.3124 1.0 0.86 76.4453125 17.7081863731 0.50140674161 1430780724.06
0.072 0.928006447785 0.110612598915 30.4828 1.0 0.8676 76.4453125 17.7081863731 0.506343756285 1430780724.3
0.068 0.923518299892 0.105551812071 30.494 1.0 0.8768 76.4453125 17.7081863731 0.521984652412 1430780724.52
0.067 0.926114625626 0.098134456125 30.548 1.0 0.8848 76.4453125 17.7081863731 0.532005393052 1430780724.77
0.07 0.926282272092 0.10062670367 30.4764 1.0 0.8928 76.4453125 17.7081863731 0.565956076131 1430780725.0
0.071 0.928110848951 0.102049110969 30.3312 1.0 0.0388 69.22265625 16.0766072199 0.554203925447 1430780725.26
0.076 0.929699989922 0.11657832155 30.304 1.0 0.084 69.22265625 16.0766072199 0.570324403079 1430780725.49
0.082 0.924979160168 0.118186488663 30.4944 1.0 0.1036 69.22265625 16.0766072199 0.541386146502 1430780725.73
0.085 0.921520444672 0.119010282876 30.1336 1.0 0.132 69.22265625 16.0766072199 0.525870921079 1430780725.96
0.08 0.919855490833 0.123191482678 29.8688 1.0 0.1536 69.22265625 16.0766072199 0.505091780475 1430780726.21
0.081 0.916348577824 0.122308824208 29.282 1.0 0.1804 69.22265625 16.0766072199 0.544645347288 1430780726.44
0.095 0.916111367719 0.123885771088 28.874 1.0 0.2052 69.22265625 16.0766072199 0.524111124105 1430780726.65
0.089 0.91346219952 0.109773516848 28.3388 1.0 0.2284 69.22265625 16.0766072199 0.467983400482 1430780726.91
0.082 0.915155513945 0.111338327695 27.522 1.0 0.2544 69.22265625 16.0766072199 0.533362041577 1430780727.14
0.068 0.918792869667 0.122778400636 27.308 1.0 0.272 69.22265625 16.0766072199 0.509809372442 1430780727.37
0.075 0.914488594828 0.127338477181 27.474 1.0 0.282 69.22265625 16.0766072199 0.574552770018 1430780727.6
0.081 0.901267854427 0.123012111377 27.632 1.0 0.2976 69.22265625 16.0766072199 0.551550005977 1430780727.83
0.069 0.89918243673 0.131577994632 27.6284 1.0 0.3148 69.22265625 16.0766072199 0.539914449929 1430780728.07
0.101 0.904804000664 0.150431302302 27.78 1.0 0.3288 69.22265625 16.0766072199 0.546197312507 1430780728.32
0.096 0.903485891083 0.143587853432 27.7656 1.0 0.3432 69.22265625 16.0766072199 0.573837329506 1430780728.56
0.087 0.900272114123 0.147482375843 27.4916 1.0 0.3608 69.22265625 16.0766072199 0.482251606384 1430780728.8
0.08 0.899802276006 0.131764043832 27.7408 1.0 0.3716 69.22265625 16.0766072199 0.53997786381 1430780729.04
0.087 0.906225776545 0.124063081979 27.5488 1.0 0.3912 69.22265625 16.0766072199 0.565940872685 1430780729.3
0.083 0.914071169538 0.128348192875 27.6032 1.0 0.4076 69.22265625 16.0766072199 0.552355166556 1430780729.54
0.084 0.915212252653 0.127947813516 27.8776 1.0 0.42 69.22265625 16.0766072199 0.585905961419 1430780729.78
0.098 0.911647603156 0.128686090076 27.8532 1.0 0.4412 69.22265625 16.0766072199 0.535392796145 1430780730.02
0.119 0.908458648832 0.123221598022 27.9436 1.0 0.4588 69.22265625 16.0766072199 0.549884313522 1430780730.25
0.092 0.913715450212 0.128253859706 28.042 1.0 0.4788 69.22265625 16.0766072199 0.564361468945 1430780730.48
0.076 0.921608533852 0.134831518371 28.3844 1.0 0.4896 69.22265625 16.0766072199 0.610270417349 1430780730.71
0.071 0.918242392443 0.125503644103 28.556 1.0 0.502 69.22265625 16.0766072199 0.627874379629 1430780730.93
0.105 0.914102780426 0.11649070361 28.2572 1.0 0.5204 69.22265625 16.0766072199 0.538340793648 1430780731.17
0.094 0.914978658252 0.112496669121 28.694 1.0 0.5276 69.22265625 16.0766072199 0.553334940706 1430780731.41
0.078 0.921839727765 0.112322513043 29.1116 1.0 0.536 69.22265625 16.0766072199 0.551812120579 1430780731.62
0.077 0.925714910966 0.110915395715 29.3932 1.0 0.5452 69.22265625 16.0766072199 0.581146003045 1430780731.84
0.073 0.929500256943 0.117676726369 29.8288 1.0 0.5528 69.22265625 16.0766072199 0.625422454361 1430780732.07
0.07 0.92897213362 0.124948148658 30.3124 1.0 0.5604 69.22265625 16.0766072199 0.615153463485 1430780732.3
0.074 0.925832353674 0.12262964524 30.7232 1.0 0.5688 69.22265625 16.0766072199 0.578517518426 1430780732.52
0.082 0.92413218361 0.12356721858 31.3216 1.0 0.5728 69.22265625 16.0766072199 0.587926136193 1430780732.76
0.069 0.921660256804 0.123765492145 31.7296 1.0 0.58 69.22265625 16.0766072199 0.588252139944 1430780732.99
0.079 0.918443076227 0.125319347288 32.0528 1.0 0.586 69.22265625 16.0766072199 0.537834192864 1430780733.22
0.093 0.915607841426 0.134870934662 32.384 1.0 0.592 69.22265625 16.0766072199 0.506759200191 1430780733.46
0.088 0.909922022169 0.141528355759 32.3556 1.0 0.604 69.22265625 16.0766072199 0.529329119042 1430780733.68
0.078 0.905701906107 0.145696431921 32.3964 1.0 0.6156 69.22265625 16.0766072199 0.553101537685 1430780733.91
0.079 0.904109254642 0.145949418658 32.3556 1.0 0.6232 69.22265625 16.0766072199 0.50211792729 1430780734.15
0.084 0.900993738259 0.155851569158 32.3552 1.0 0.634 69.22265625 16.0766072199 0.504730785041 1430780734.39
0.09 0.899208669636 0.15919281291 32.3832 1.0 0.6428 69.22265625 16.0766072199 0.554043372198 1430780734.63
0.08 0.89589707246 0.159893363332 32.3772 1.0 0.6544 69.22265625 16.0766072199 0.508539885444 1430780734.88
0.101 0.897654964617 0.159961789418 32.3692 1.0 0.666 69.22265625 16.0766072199 0.517764486623 1430780735.13
0.101 0.902254769929 0.154897753376 32.2908 1.0 0.676 69.22265625 16.0766072199 0.532898444076 1430780735.36
0.091 0.904354035173 0.15924583903 32.3364 1.0 0.6848 69.22265625 16.0766072199 0.524720862511 1430780735.61
0.088 0.9059012637 0.164980502241 32.2968 1.0 0.694 69.22265625 16.0766072199 0.498564106687 1430780735.84
0.105 0.902348567926 0.171489556666 32.2296 1.0 0.7 69.22265625 16.0766072199 0.495615985618 1430780736.08
0.103 0.892208174967 0.18467830927 32.0872 1.0 0.7112 69.22265625 16.0766072199 0.475543877929 1430780736.32
0.097 0.880163748738 0.180646821549 31.3836 1.0 0.7304 69.22265625 16.0766072199 0.459443247198 1430780736.54
0.103 0.875256047988 0.175316525277 31.4896 1.0 0.7392 69.22265625 16.0766072199 0.495434856009 1430780736.75
0.102 0.881496009887 0.173367556582 31.4824 1.0 0.7512 69.22265625 16.0766072199 0.469032985363 1430780736.97
0.089 0.887819233472 0.166492979616 31.5332 1.0 0.7624 69.22265625 16.0766072199 0.537446739173 1430780737.23
0.085 0.892883640826 0.166181943839 31.4476 1.0 0.7724 69.22265625 16.0766072199 0.519911910075 1430780737.46
0.085 0.894157158878 0.171293203362 31.2304 1.0 0.7848 69.22265625 16.0766072199 0.528055260034 1430780737.72
